0 5468.75 0.72773565 1.4668605202499285
1 3125.0 0.7941552142857142 1.093598286739602
2 292.969 2.30196 -0.010922575244905704
3 5468.75 2.30196 0.7462199684286783
4 3125.0 2.30196 0.40336295095924474
5 5468.75 1.9877654285714288 0.8900503883643925
6 3125.0 1.8785322 0.5971976121042448
7 1757.81 0.9358631538461537 0.8287276421360001
8 5468.75 0.7281014857142857 1.4666930498058213
9 292.969 2.30196 -0.010922575244905704
10 5468.75 1.8620994 0.9475771545936783
11 5468.75 1.9345478666666667 0.914412057765345
12 5468.75 2.3019624999999997 0.7462188239911784
13 5468.75 1.9877668571428573 0.8900497344001068
14 1757.81 2.0210421666666663 0.33195981954209003
15 292.969 2.30196 -0.010922575244905704
16 5468.75 0.7453505714285713 1.4587968495929642
17 292.969 2.30196 -0.010922575244905704
18 5468.75 1.5680066333333331 1.082205470854512
19 292.969 2.30196 -0.010922575244905704
20 5468.75 1.4868541375 1.1193550546346158
21 976.562 2.019921428571428 0.21818748550514794
22 5468.75 2.30196 0.7462199684286783
23 5468.75 1.8621003999999999 0.9475766968186784
24 1757.81 2.30196 0.20336265838792317
25 5468.75 0.7292029642857143 1.4661888204527855
26 5468.75 0.7281019142857144 1.4666928536165356
27 1757.81 1.6442106666666667 0.5044638594545898
28 5468.75 0.7288327714285715 1.466358285487964
29 292.969 2.3019616666666667 -0.010923338203239104
30 976.562 2.3019624999999997 0.08907613403193365
31 292.969 2.30196 -0.010922575244905704
32 5468.75 0.7281054857142857 1.4666912187058212
33 976.562 1.9648594 0.24339350563443357
34 5468.75 0.7281016571428571 1.466692971330107
35 3125.0 1.8785359999999998 0.5971958725592448
36 1757.81 1.738174857142857 0.46144940215935176
37 3125.0 1.8785371999999998 0.5971953232292448
38 5468.75 0.728837357142857 1.4663561862626069
39 292.969 2.301961428571428 -0.010923229209191317
