0 292.969 2.30195 -0.010917997494905747
1 5468.75 1.2001803 1.2505871705961784
2 5468.75 0.7277347428571429 1.4668609355172497
3 5468.75 1.3593972857142858 1.1777016149608213
4 292.969 2.30196 -0.010922575244905704
5 5468.75 1.672849442857143 1.0342110537247498
6 5468.75 0.7284670928571428 1.4665256839959997
7 3125.0 0.7941544285714286 1.093598646419959
8 3125.0 0.7831478571428571 1.0986371796556733
9 1757.81 1.1247304545454544 0.7422689135583778
10 5468.75 1.4772232499999998 1.1237638341599285
11 3125.0 1.6956045714285712 0.6809373072735305
12 5468.75 1.3704109285714285 1.1726598446018928
13 5468.75 0.7347066857142857 1.4636693543758212
14 3125.0 0.7831457142857142 1.0986381606021018
15 5468.75 0.7295636571428572 1.466023704280107
16 3125.0 2.30196 0.40336295095924474
17 5468.75 1.3711427142857142 1.1723248513965356
18 5468.75 0.7281007142857143 1.4666934029465355
19 5468.75 1.8620999999999999 0.9475768799286783
20 5468.75 0.7288334000000001 1.4663579977436783
21 5468.75 0.7281006000000001 1.4666934552636783
22 3125.0 1.717620571428571 0.6708589328735306
23 5468.75 0.7284669928571429 1.4665257297734997
24 5468.75 0.7281007142857143 1.4666934029465355
25 5468.75 0.8000234285714285 1.4337689824143927
26 5468.75 0.7277351928571428 1.4668607295184999
27 5468.75 0.7358004071428572 1.463168676048857
28 3125.0 1.7381737142857143 0.6614502179021018
29 5468.75 0.7515852 1.4559427924986785
