0 292.969 2.30196 -0.010922575244905704
1 3125.0 1.6202316666666665 0.7154411387509114
2 976.562 1.2906575999999998 0.5520262346294336
4 292.969 2.30196 -0.010922575244905704
5 292.969 2.30196 -0.010922575244905704
6 3125.0 2.30196 0.40336295095924474
7 976.562 1.9648591999999998 0.2433935971894336
8 3125.0 0.7941558571428571 1.0935979924556734
9 976.562 1.4431648888888888 0.48221221045832247
10 1757.81 2.3019624999999997 0.2033615139504233
11 976.562 1.740127 0.3462703800444335
12 1757.81 2.3019624999999997 0.2033615139504233
13 976.562 1.2906575999999998 0.5520262346294336
14 5468.75 0.7284673428571429 1.4665255695522499
15 1757.81 1.973085 0.35391341151292316
16 5468.75 1.5680073166666666 1.082205158041595
17 1757.81 1.6442118333333333 0.5044633253837565
18 537.109 1.9729166666666664 0.17541941789628906
19 976.562 2.30196 0.08907727846943353
20 3125.0 1.878538 0.5971949570092447
21 1757.81 1.9073102 0.38402347058292313
22 292.969 2.30196 -0.010922575244905704
23 292.969 2.30196 -0.010922575244905704
24 292.969 2.30196 -0.010922575244905704
25 292.969 2.30196 -0.010922575244905704
26 292.969 2.30196 -0.010922575244905704
27 5468.75 1.3594032857142857 1.1776988683108214
28 5468.75 1.9877654285714288 0.8900503883643925
29 5468.75 0.7281050571428571 1.466691414895107
30 5468.75 0.7288366 1.4663565328636783
31 3125.0 2.020060857142857 0.5324093310806732
32 292.969 2.30196 -0.010922575244905704
33 292.969 2.301965 -0.010924864119905682
34 292.969 2.30196 -0.010922575244905704
35 5468.75 0.7295687142857142 1.4660213892465355
36 5468.75 1.3594032857142857 1.1776988683108214
37 1757.81 2.30196 0.20336265838792317
38 292.969 2.30196 -0.010922575244905704
39 976.562 2.30196 0.08907727846943353
40 292.969 2.30196 -0.010922575244905704
41 3125.0 1.5945463333333334 0.7271992422175781
42 5468.75 1.9877742857142855 0.8900463337858213
43 5468.75 0.7281020285714286 1.4666928012993927
44 5468.75 1.5945453333333333 1.0700567174620117
45 5468.75 0.72846995 1.4665243760674285
46 5468.75 0.7299342928571428 1.4658540365159998
47 5468.75 2.30196 0.7462199684286783
48 5468.75 1.3594024285714283 1.1776992606893928
49 5468.75 0.7284716285714286 1.4665236076593926
50 5468.75 0.7358004071428572 1.463168676048857
51 5468.75 1.935403 0.9140205991036783
52 5468.75 1.5680063499999999 1.0822056005574283
53 292.969 2.301963333333333 -0.010924101161572282
54 5468.75 0.7295693142857143 1.4660211145815356
55 5468.75 1.47657675 1.1240597856974284
56 5468.75 0.7291986428571429 1.4661907986947498
57 976.562 1.443164 0.4822126173694336
58 5468.75 0.7284708642857142 1.4665239575302855
59 5468.75 0.7288369714285714 1.466356362832964
