0 292.969 2.30195 -0.010917997494905747
1 5468.75 1.5680065999999997 1.0822054861136785
2 3125.0 1.949105833333333 0.5648907671050782
3 5468.75 0.7350719285714284 1.4635021553268928
4 292.969 2.30196 -0.010922575244905704
5 3125.0 1.7176125714285715 0.6708625950735305
6 5468.75 2.30195 0.7462245461786783
7 976.562 2.30196 0.08907727846943353
8 292.969 2.30196 -0.010922575244905704
9 292.969 2.30196 -0.010922575244905704
10 292.969 2.30196 -0.010922575244905704
11 5468.75 1.3586657 1.1780365166111784
12 5468.75 1.6728570857142857 1.0342075550158212
13 976.562 2.30196 0.08907727846943353
14 5468.75 1.8621001999999998 0.9475767883736784
15 1757.81 1.64421 0.5044641646379231
16 5468.75 2.30196 0.7462199684286783
17 292.969 2.30195 -0.010917997494905747
18 3125.0 1.9730801666666666 0.5539159166634113
19 292.969 2.30197 -0.01092715299490566
20 292.969 2.30196 -0.010922575244905704
21 292.969 2.301965 -0.010924864119905682
22 292.969 2.30196 -0.010922575244905704
24 5468.75 1.862095 0.9475791688036783
25 5468.75 2.30196 0.7462199684286783
26 5468.75 2.30196 0.7462199684286783
27 5468.75 0.7299342 1.4658540790236785
28 292.969 2.30196 -0.010922575244905704
29 5468.75 0.7347067714285714 1.463669315137964
30 5468.75 1.9877742857142855 0.8900463337858213
31 1757.81 2.3019619999999996 0.20336174283792335
32 5468.75 1.8620999999999999 0.9475768799286783
33 5468.75 2.30196 0.7462199684286783
34 5468.75 0.7781862461538461 1.4437654985956014
35 5468.75 0.7288380285714284 1.4663558788993927
36 5468.75 1.4765755125000002 1.124060352193991
37 292.969 2.30196 -0.010922575244905704
38 5468.75 0.7284680928571429 1.4665252262209998
39 5468.75 1.8620916 0.9475807252386783
40 5468.75 0.7281054857142857 1.4666912187058212
41 5468.75 1.3704120857142856 1.1726593148908213
42 5468.75 0.7284728071428571 1.466523068138857
43 5468.75 1.8620999999999999 0.9475768799286783
44 5468.75 0.7295649142857143 1.4660231287915355
45 5468.75 1.3704117142857142 1.1726594849215355
46 5468.75 1.3586718857142854 1.1780336849458215
47 5468.75 1.4868475625000002 1.1193580645052408
48 5468.75 0.7281054571428571 1.466691231785107
49 5468.75 0.7288369285714286 1.4663563824518926
50 5468.75 1.8621005999999998 0.9475766052636784
51 5468.75 0.7281006571428572 1.4666934291051068
52 5468.75 1.3586722571428569 1.178033514915107
53 5468.75 0.7284664285714287 1.4665259880893926
54 5468.75 0.7762130307692309 1.4446687872682937
55 5468.75 0.7277351928571428 1.4668607295184999
56 5468.75 1.3594024285714283 1.1776992606893928
57 5468.75 0.7519502642857142 1.4557756751952855
58 5468.75 1.5680066666666665 1.082205455595345
59 5468.75 0.7281013142857143 1.4666931282815354
