0 292.969 2.30196 -0.010922575244905704
1 292.969 2.30196 -0.010922575244905704
2 292.969 2.301964 -0.010924406344905775
3 1757.81 2.30196 0.20336265838792317
4 292.969 2.30196 -0.010922575244905704
5 292.969 2.30196 -0.010922575244905704
6 292.969 2.30196 -0.010922575244905704
7 5468.75 1.9877654285714288 0.8900503883643925
8 292.969 2.3019624999999997 -0.010923719682405582
9 292.969 2.30196 -0.010922575244905704
10 5468.75 2.30196 0.7462199684286783
11 292.969 2.30196 -0.010922575244905704
12 292.969 2.30196 -0.010922575244905704
13 292.969 2.301962857142857 -0.010923883173477152
14 292.969 2.30197 -0.01092715299490566
15 292.969 2.301963333333333 -0.010924101161572282
16 292.969 2.30196 -0.010922575244905704
17 292.969 2.3019666666666665 -0.010925627078239082
18 5468.75 0.7281013142857143 1.4666931282815354
19 5468.75 1.8620997999999997 0.9475769714836785
20 5468.75 0.7288329000000001 1.4663582266311783
21 5468.75 0.7288328142857143 1.4663582658690355
22 5468.75 0.7277395428571428 1.4668587381972498
23 5468.75 0.7281009428571429 1.4666932983122498
24 5468.75 1.4874941249999998 1.1190620843568033
25 3125.0 1.9491068333333332 0.5648903093300781
26 5468.75 0.7284727071428571 1.466523113916357
27 5468.75 0.7281058285714285 1.4666910617543927
28 5468.75 0.7622232571428571 1.451072955890107
29 5468.75 1.9345479 0.9144120425061782
30 5468.75 1.987767 0.8900496690036783
31 5468.75 1.9354101666666665 0.9140173183828451
32 976.562 1.2906581999999998 0.5520259599644337
33 292.969 2.30196 -0.010922575244905704
34 3125.0 2.30196 0.40336295095924474
35 1757.81 2.30196 0.20336265838792317
36 292.969 2.30196 -0.010922575244905704
37 5468.75 0.7780081428571428 1.4438470298322499
38 5468.75 2.30196 0.7462199684286783
39 3125.0 1.6956054285714284 0.6809369148949591
40 1757.81 0.9358652307692308 0.8287266913725386
41 3125.0 1.9995139999999998 0.5418151686092447
42 5468.75 1.9491059999999998 0.9077477082786785
43 292.969 2.30197 -0.01092715299490566
44 5468.75 0.7281006571428572 1.4666934291051068
45 5468.75 1.6728569285714285 1.0342076269518925
46 1757.81 2.30196 0.20336265838792317
47 5468.75 0.7354390571428571 1.4633340930451069
48 5468.75 0.7762126461538462 1.4446689633356014
49 5468.75 1.9345478833333336 0.9144120501357615
