0 292.969 2.30196 -0.010922575244905704
1 292.969 2.30196 -0.010922575244905704
2 292.969 2.30196 -0.010922575244905704
3 292.969 2.30196 -0.010922575244905704
4 1757.81 1.6442106666666667 0.5044638594545898
5 5468.75 1.9354101666666665 0.9140173183828451
6 5468.75 0.7291991785714286 1.4661905534581428
8 5468.75 2.30196 0.7462199684286783
9 292.969 2.30196 -0.010922575244905704
10 292.969 2.30196 -0.010922575244905704
11 1757.81 1.64421 0.5044641646379231
12 1757.81 2.3019624999999997 0.2033615139504233
13 292.969 2.30195 -0.010917997494905747
14 292.969 2.30196 -0.010922575244905704
15 292.969 2.30196 -0.010922575244905704
17 5468.75 2.301952 0.7462236306286782
18 292.969 2.301963333333333 -0.010924101161572282
19 292.969 2.301963333333333 -0.010924101161572282
20 5468.75 2.30195 0.7462245461786783
21 292.969 2.30196 -0.010922575244905704
22 3125.0 2.30196 0.40336295095924474
23 292.969 2.30196 -0.010922575244905704
24 5468.75 1.9354103333333332 0.9140172420870117
25 3125.0 0.7941551428571428 1.0935983194378163
26 292.969 2.30196 -0.010922575244905704
27 292.969 2.30196 -0.010922575244905704
28 292.969 2.30196 -0.010922575244905704
29 292.969 2.30196 -0.010922575244905704
30 5468.75 1.8785359999999998 0.9400528900286784
31 292.969 2.30196 -0.010922575244905704
32 5468.75 2.30196 0.7462199684286783
33 5468.75 1.9354101666666665 0.9140173183828451
34 292.969 2.30195 -0.010917997494905747
35 3125.0 2.30196 0.40336295095924474
36 5468.75 1.9877742857142855 0.8900463337858213
37 292.969 2.30196 -0.010922575244905704
38 5468.75 0.7281019714285714 1.466692827457964
39 3125.0 1.6442093333333332 0.7044647623925782
40 292.969 2.30196 -0.010922575244905704
41 5468.75 1.5680070333333331 1.0822052877445119
44 292.969 2.30195 -0.010917997494905747
45 5468.75 2.30195 0.7462245461786783
46 292.969 2.30196 -0.010922575244905704
47 292.969 2.30196 -0.010922575244905704
48 292.969 2.30196 -0.010922575244905704
49 5468.75 2.3019525 0.7462234017411782
50 5468.75 1.568006933333333 1.0822053335220119
51 5468.75 0.7288369714285714 1.466356362832964
52 537.109 2.3019624999999997 0.02479046154212243
53 5468.75 0.8331995833333332 1.4185817681682618
54 3125.0 0.7831478571428571 1.0986371796556733
55 5468.75 0.7288392857142857 1.4663553034108212
56 5468.75 2.3019514285714284 0.7462238922143927
57 5468.75 1.5679990666666666 1.0822089346853452
58 3125.0 0.7941572857142856 1.0935973384913877
59 5468.75 0.7413079714285714 1.460647450807964
