0 537.109 1.9729149999999998 0.17542018085462247
1 537.109 2.30196 0.024791605979622308
2 5468.75 0.7306664071428571 1.465518892898857
3 292.969 2.3019619999999996 -0.010923490794905517
4 976.562 2.30196 0.08907727846943353
5 976.562 2.0611737142857143 0.1993032204122907
6 976.562 1.9201534285714283 0.2638587817051479
7 537.109 1.9729133333333333 0.17542094381295564
8 292.969 2.301964 -0.010924406344905775
9 292.969 2.3019666666666665 -0.010925627078239082
10 5468.75 0.7299342428571428 1.4658540594047498
11 537.109 2.1609399999999996 0.08934703647962243
12 5468.75 0.7288333571428572 1.466358017362607
13 537.109 2.104532 0.11516920867962237
14 5468.75 0.7343425214285714 1.4638360596817142
15 3125.0 1.5945456666666666 0.7271995474009114
16 1757.81 1.9073102 0.38402347058292313
17 5468.75 0.7614953214285715 1.451406186661714
18 3125.0 1.6956051428571428 0.6809370456878161
19 5468.75 0.7288372714285714 1.466356225500464
20 3125.0 1.695604857142857 0.6809371764806733
21 5468.75 0.7288335714285715 1.466357919267964
22 5468.75 0.7357996285714287 1.4631690324593927
23 5468.75 0.7291991785714286 1.4661905534581428
24 5468.75 0.7303000571428571 1.465686598770107
25 5468.75 0.7409429142857142 1.4608145648415356
26 5468.75 0.7684579285714286 1.4482188791768926
27 1757.81 1.6442103333333333 0.5044640120462565
28 5468.75 0.7339757142857143 1.4640039748215354
29 1757.81 1.3472502222222222 0.6404049269101455
