0 1757.81 1.7381739999999997 0.4614497945379233
1 5468.75 1.4772228749999998 1.1237640058255534
2 5468.75 0.7299352714285714 1.465853588550464
3 5468.75 1.4772224999999999 1.1237641774911784
4 1757.81 1.1247304545454544 0.7422689135583778
5 3125.0 0.7941551428571428 1.0935983194378163
6 292.969 2.30196 -0.010922575244905704
7 5468.75 0.7773985769230769 1.4441260738777169
8 537.109 2.104532 0.11516920867962237
9 292.969 2.30196 -0.010922575244905704
10 5468.75 0.7358046714285713 1.4631667239654642
11 5468.75 1.8621001999999998 0.9475767883736784
12 976.562 2.30196 0.08907727846943353
13 976.562 1.443167111111111 0.4822111931805447
14 5468.75 0.7853399999999999 1.4404906889286784
15 3125.0 1.8785353999999999 0.5971961472242449
16 5468.75 0.8599873076923076 1.4063190176498324
17 1757.81 1.6442109999999996 0.5044637068629234
18 537.109 1.8789057142857142 0.21845528162247946
19 3125.0 0.8758023076923076 1.0562222885553987
20 5468.75 1.486848375 1.1193576925630533
21 5468.75 0.7567192571428573 1.453592549490107
22 5468.75 0.7339754285714285 1.4640041056143926
23 5468.75 1.6956042857142855 1.0237944555358212
24 976.562 1.2906592 0.5520255021894336
25 5468.75 2.30196 0.7462199684286783
26 3125.0 0.7831464285714286 1.0986378336199591
27 5468.75 0.7284677071428572 1.466525402791357
28 3125.0 0.7831472142857142 1.0986374739396019
29 1757.81 2.0200674285714286 0.3324060302736374
