0 292.969 2.30196 -0.010922575244905704
1 292.969 2.30196 -0.010922575244905704
2 1757.81 1.7401256666666665 0.4605563703295899
3 292.969 2.30196 -0.010922575244905704
4 537.109 2.104536 0.1151673775796223
5 292.969 2.3019624999999997 -0.010923719682405582
6 292.969 2.301965 -0.010924864119905682
7 292.969 2.30196 -0.010922575244905704
8 5468.75 0.9265359999999999 1.3758546900286786
9 5468.75 2.30196 0.7462199684286783
10 5468.75 1.3586718999999998 1.1780336784061785
11 292.969 2.3019675 -0.010926008557405782
12 292.969 2.30196 -0.010922575244905704
13 976.562 2.3019642857142855 0.08907531657657647
14 5468.75 2.301955 0.7462222573036783
15 5468.75 2.30196 0.7462199684286783
16 292.969 2.301963333333333 -0.010924101161572282
17 5468.75 0.7277351928571428 1.4668607295184999
18 5468.75 0.7281013142857143 1.4666931282815354
19 292.969 2.30196 -0.010922575244905704
20 3125.0 1.9073034 0.5840268760242446
21 5468.75 0.7670016571428571 1.448885523830107
22 5468.75 1.6728577428571427 1.0342072541922498
23 5468.75 0.7559934714285713 1.4539247960454642
24 5468.75 1.8764893999999999 0.9409897723436784
25 292.969 2.30196 -0.010922575244905704
26 292.969 2.3019624999999997 -0.010923719682405582
27 5468.75 1.4772241249999998 1.1237634336068034
28 5468.75 0.7281017142857144 1.4666929451715354
29 3125.0 1.620232 0.7154409861592448
30 1757.81 1.9648594 0.3576788855529232
31 5468.75 0.7762122153846154 1.444669160530986
32 5468.75 0.7295679142857142 1.4660217554665356
33 976.562 1.9648636 0.24339158297943358
34 5468.75 1.4868561624999999 1.119354127640241
35 5468.75 0.7288335285714286 1.4663579388868926
36 5468.75 0.7442549142857142 1.4592984140415355
37 292.969 2.30196 -0.010922575244905704
38 976.562 2.30196 0.08907727846943353
39 5468.75 1.999513857142857 0.884672251475107
