0 976.562 1.9648587999999996 0.24339378029943376
1 5468.75 0.8331999999999998 1.4185815774286785
2 3125.0 0.7831465714285714 1.0986377682235304
3 292.969 2.30196 -0.010922575244905704
5 5468.75 1.9491059999999998 0.9077477082786785
7 5468.75 0.7277351928571428 1.4668607295184999
8 1757.81 2.0210421666666663 0.33195981954209003
10 5468.75 0.7762119538461539 1.4446692802567553
11 292.969 2.301956666666667 -0.010921049328239125
12 5468.75 2.30196 0.7462199684286783
13 292.969 2.30196 -0.010922575244905704
14 292.969 2.30196 -0.010922575244905704
15 5468.75 1.9877654285714288 0.8900503883643925
16 3125.0 1.6956045714285712 0.6809373072735305
17 5468.75 1.3594028571428571 1.177699064500107
18 292.969 2.30196 -0.010922575244905704
19 5468.75 0.7281028642857142 1.4666924187302857
20 1757.81 2.301965 0.2033603695129232
21 5468.75 0.72919925 1.4661905207599284
22 5468.75 1.9354013333333333 0.9140213620620117
23 5468.75 1.4765824875 1.1240571592133657
24 5468.75 0.7350725714285714 1.463501861042964
25 292.969 2.30195 -0.010917997494905747
26 5468.75 0.7284673785714286 1.4665255532031427
27 5468.75 0.7354389214285714 1.463334155171714
28 5468.75 0.7281020714285714 1.466692781680464
29 5468.75 0.7281051714285713 1.466691362577964
30 5468.75 0.7281014857142857 1.4666930498058213
31 292.969 2.30196 -0.010922575244905704
32 5468.75 1.4765821499999998 1.1240573137124286
33 5468.75 0.7295644714285715 1.466023331520464
34 5468.75 1.9995151428571425 0.8846716629072499
35 5468.75 0.7295684285714286 1.4660215200393927
36 5468.75 0.72993015 1.4658559330124283
37 5468.75 1.4868546125 1.1193548371914908
38 5468.75 1.4868487625 1.1193575151752408
39 5468.75 1.9354015000000002 0.9140212857661782
40 5468.75 1.9877655714285716 0.8900503229679639
41 5468.75 0.7288365571428571 1.466356552482607
42 5468.75 2.30196 0.7462199684286783
43 5468.75 0.7288371857142856 1.4663562647383213
44 292.969 2.3019624999999997 -0.010923719682405582
45 5468.75 1.3594032857142857 1.1776988683108214
46 976.562 2.30196 0.08907727846943353
47 3125.0 1.6202313333333331 0.7154412913425783
48 5468.75 1.695604857142857 1.023794193950107
49 292.969 2.30196 -0.010922575244905704
50 5468.75 0.72774215 1.4668575447124284
51 292.969 2.30195 -0.010917997494905747
52 292.969 2.30196 -0.010922575244905704
53 5468.75 1.8620999999999999 0.9475768799286783
54 5468.75 0.7841113076923077 1.441053153549832
55 292.969 2.30196 -0.010922575244905704
56 292.969 2.30196 -0.010922575244905704
57 5468.75 0.7281061999999999 1.4666908917236785
58 5468.75 0.728837857142857 1.466355957375107
59 5468.75 0.728467292857143 1.4665255924409997
