0 5468.75 1.8620936000000001 0.9475798096886783
1 5468.75 1.5945453333333333 1.0700567174620117
2 5468.75 0.7281011428571429 1.4666932067572498
3 5468.75 0.7339762 1.4640037524736784
4 5468.75 0.7292027857142857 1.4661889021983212
5 5468.75 0.7277351285714285 1.4668607589468927
6 5468.75 0.7288323571428572 1.4663584751376069
7 5468.75 1.6728574857142855 1.0342073719058211
8 3125.0 2.30195 0.4033675287092447
9 3125.0 1.5945456666666666 0.7271995474009114
10 1757.81 0.9358652307692308 0.8287266913725386
11 3125.0 0.7941553571428571 1.0935982213431734
12 5468.75 1.5680072833333332 1.0822051733007618
13 1757.81 0.9358645384615384 0.8287270082936924
14 1757.81 1.9073099999999996 0.3840235621379234
15 3125.0 0.7831464285714285 1.0986378336199591
16 1757.81 1.6442103333333333 0.5044640120462565
17 5468.75 0.7288370571428571 1.466356323595107
18 5468.75 0.7350719285714284 1.4635021553268928
19 976.562 1.7401239999999998 0.34627175336943367
20 5468.75 0.9000735 1.3879685609661783
21 5468.75 1.6955985714285713 1.023797071392964
22 1757.81 0.9358652307692308 0.8287266913725386
23 5468.75 0.7394817214285714 1.4614834624017141
24 3125.0 1.2331075999999999 0.8926568583692449
25 3125.0 0.7941565714285713 1.0935976654735304
26 1757.81 0.9358645384615384 0.8287270082936924
27 292.969 2.30196 -0.010922575244905704
28 3125.0 1.6202313333333331 0.7154412913425783
29 5468.75 0.7512144285714285 1.4561125223893927
