0 5468.75 0.7288321857142858 1.4663585536133212
1 5468.75 2.3019525 0.7462234017411782
2 5468.75 1.5680032 1.0822070425486783
3 292.969 2.30196 -0.010922575244905704
4 3125.0 2.30196 0.40336295095924474
5 3125.0 0.7831465 1.0986378009217448
6 5468.75 2.3019514285714284 0.7462238922143927
7 292.969 2.301955 -0.010920286369905725
8 292.969 2.30196 -0.010922575244905704
9 5468.75 1.5679989666666667 1.082208980462845
10 5468.75 1.5945446666666665 1.070057022645345
11 5468.75 0.728832942857143 1.4663582070122498
12 5468.75 0.7281011428571429 1.4666932067572498
13 5468.75 0.7413044428571428 1.4606490660997498
14 5468.75 1.8620944000000001 0.9475794434686783
15 5468.75 0.7284708785714284 1.4665239509906427
16 5468.75 1.8620944000000001 0.9475794434686783
17 1757.81 2.0611657142857145 0.31359226253078015
18 5468.75 0.7281020857142858 1.4666927751408212
19 292.969 2.30196 -0.010922575244905704
20 5468.75 1.999513714285714 0.8846723168715356
21 5468.75 0.7292026785714285 1.4661889512456427
22 5468.75 0.7303000714285713 1.465686592230464
23 5468.75 0.7277347428571429 1.4668609355172497
24 1757.81 1.7381739999999997 0.4614497945379233
25 5468.75 1.4772224999999999 1.1237641774911784
26 292.969 2.30196 -0.010922575244905704
27 1757.81 1.9730851666666664 0.35391333521708995
28 5468.75 0.8344806583333333 1.4179953240601368
29 292.969 2.30196 -0.010922575244905704
30 5468.75 0.735437657142857 1.463334733930107
31 3125.0 1.6442103333333333 0.704464304617578
32 3125.0 0.7831485714285714 1.0986368526735304
33 3125.0 0.7831464285714285 1.0986378336199591
34 5468.75 1.487487875 1.1190649454505532
35 1757.81 1.7381662857142859 0.461453325945066
36 5468.75 0.7339768571428571 1.464003451650107
37 3125.0 0.7831465 1.0986378009217448
38 292.969 2.30196 -0.010922575244905704
39 292.969 2.30196 -0.010922575244905704
