0 292.969 2.301965 -0.010924864119905682
1 5468.75 1.9877745714285713 0.8900462029929641
2 1757.81 0.9358643846153846 0.8287270787206156
3 292.969 2.30196 -0.010922575244905704
4 292.969 2.3019624999999997 -0.010923719682405582
5 5468.75 0.8344805666666666 1.417995366022845
6 292.969 2.30196 -0.010922575244905704
7 292.969 2.301955 -0.010920286369905725
8 292.969 2.30196 -0.010922575244905704
10 5468.75 1.3586652714285716 1.178036712800464
11 292.969 2.30196 -0.010922575244905704
12 292.969 2.301963333333333 -0.010924101161572282
13 5468.75 1.8620999999999999 0.9475768799286783
14 5468.75 0.7405773428571427 1.4609819143022498
15 5468.75 2.3019624999999997 0.7462188239911784
16 5468.75 0.7284665785714287 1.4665259194231426
17 1757.81 1.6921663333333334 0.4825109541462565
18 5468.75 0.72919925 1.4661905207599284
19 292.969 2.30195 -0.010917997494905747
20 5468.75 0.7299313857142857 1.4658553673333212
21 5468.75 1.93455655 0.9144080827524284
22 5468.75 2.301955714285714 0.7462219303215356
23 5468.75 0.7574542857142857 1.4532560717858212
24 5468.75 0.7288339214285715 1.466357759046714
25 5468.75 1.4772224999999999 1.1237641774911784
26 5468.75 1.9877665714285715 0.890049865192964
27 5468.75 0.728466992857143 1.4665257297734997
28 5468.75 1.8621001999999998 0.9475767883736784
29 5468.75 0.7770004153846154 1.4443083422759861
30 5468.75 0.7284713785714285 1.4665237221031426
31 5468.75 0.7277364928571428 1.4668601344109997
32 5468.75 0.7281021285714286 1.4666927555218927
33 5468.75 0.7358003642857144 1.4631686956677856
34 5468.75 0.7284708642857142 1.4665239575302855
35 5468.75 1.6728569285714285 1.0342076269518925
36 292.969 2.30196 -0.010922575244905704
37 5468.75 2.30196 0.7462199684286783
38 5468.75 1.5680067333333332 1.082205425077012
39 3125.0 2.30196 0.40336295095924474
40 292.969 2.30196 -0.010922575244905704
41 292.969 2.30196 -0.010922575244905704
42 292.969 2.30195 -0.010917997494905747
43 5468.75 0.7762164153846154 1.444667237875986
44 1757.81 1.9730851666666664 0.35391333521708995
45 3125.0 2.30196 0.40336295095924474
46 1757.81 1.7381739999999997 0.4614497945379233
47 1757.81 1.7381751428571428 0.46144927136649466
48 292.969 2.30196 -0.010922575244905704
49 5468.75 1.4765828374999999 1.1240569989921159
