0 5468.75 1.477223 1.1237639486036783
1 537.109 2.30196 0.024791605979622308
2 292.969 2.30196 -0.010922575244905704
3 5468.75 0.7299342857142858 1.4658540397858213
4 3125.0 1.7381745714285712 0.6614498255235306
5 537.109 2.30196 0.024791605979622308
6 3125.0 1.6202316666666665 0.7154411387509114
7 3125.0 1.64421 0.7044644572092447
8 292.969 2.30196 -0.010922575244905704
9 5468.75 0.7288377285714285 1.4663560162318927
10 5468.75 0.7284669428571429 1.4665257526622497
11 3125.0 0.7831464285714285 1.0986378336199591
12 5468.75 0.7288364285714285 1.4663566113393927
13 5468.75 1.47657605 1.1240601061399285
14 5468.75 0.7354345285714287 1.4633361661118927
15 3125.0 1.6202309999999998 0.7154414439342449
16 976.562 1.4431664444444445 0.48221149836387794
17 3125.0 1.6956054285714284 0.6809369148949591
18 976.562 1.2906585 0.5520258226319337
19 537.109 2.30196 0.024791605979622308
20 537.109 2.1609399999999996 0.08934703647962243
21 1757.81 1.738175714285714 0.46144900978078046
22 5468.75 0.7299349142857142 1.4658537520415356
23 5468.75 0.7833274153846154 1.441411999850986
24 5468.75 1.47721675 1.1237668096974285
25 5468.75 0.7281006571428572 1.4666934291051068
26 5468.75 0.7288327785714286 1.4663582822181427
27 1757.81 1.9073102 0.38402347058292313
28 5468.75 0.7299349571428572 1.465853732422607
29 5468.75 0.7295685142857142 1.4660214808015355
