0 5468.75 0.7284670928571428 1.4665256839959997
1 5468.75 0.7680979857142857 1.4483836520183213
2 5468.75 0.8939776153846153 1.3907591045459862
3 5468.75 0.7288371428571427 1.46635628435725
4 5468.75 0.7413080142857142 1.4606474311890356
5 5468.75 0.735434 1.4633364080786784
6 5468.75 0.7515796571428571 1.455945329880107
7 1757.81 1.8203865714285712 0.42381493465220904
8 3125.0 1.9073099999999996 0.5840238547092449
9 976.562 2.3019616666666667 0.08907651551110013
10 976.562 1.9648584 0.24339396340943348
11 292.969 2.30196 -0.010922575244905704
12 5468.75 0.7358040214285714 1.463167021519214
13 5468.75 0.7281019142857144 1.4666928536165356
14 3125.0 1.7381734285714285 0.661450348694959
15 537.109 1.8789042857142857 0.21845593558676518
16 292.969 2.30196 -0.010922575244905704
17 976.562 1.7791335714285714 0.3284141468087192
18 3125.0 0.7941565714285713 1.0935976654735304
19 292.969 2.301965 -0.010924864119905682
