0 537.109 2.3019624999999997 0.02479046154212243
1 1757.81 2.30196 0.20336265838792317
2 292.969 2.30196 -0.010922575244905704
3 292.969 2.301965 -0.010924864119905682
4 5468.75 1.8620998 0.9475769714836784
5 292.969 2.30196 -0.010922575244905704
7 292.969 2.30196 -0.010922575244905704
8 292.969 2.30196 -0.010922575244905704
10 292.969 2.301963333333333 -0.010924101161572282
11 976.562 1.9201532857142856 0.2638588471015764
12 292.969 2.301962857142857 -0.010923883173477152
13 5468.75 0.7361696857142856 1.4629996295508212
14 5468.75 1.5680003166666667 1.082208362466595
15 5468.75 0.7288337428571429 1.4663578407922497
16 5468.75 0.7281019142857144 1.4666928536165356
17 5468.75 0.7295686214285714 1.4660214317542142
18 5468.75 1.9354099999999999 0.9140173946786784
19 5468.75 0.73653615 1.4628318713624284
20 5468.75 0.7281014857142857 1.4666930498058213
21 5468.75 1.4765767 1.1240598085861784
22 5468.75 1.8621005999999998 0.9475766052636784
23 292.969 2.30195 -0.010917997494905747
24 3125.0 2.3019514285714284 0.4033668747449591
25 5468.75 1.3593962857142858 1.1777020727358212
26 5468.75 0.7629575857142857 1.4507367986283213
27 5468.75 0.7288370142857142 1.4663563432140356
28 5468.75 0.7769999230769231 1.4443085676421399
29 3125.0 0.7831485714285714 1.0986368526735304
30 5468.75 0.7291997857142858 1.4661902755233212
31 5468.75 0.7303001857142857 1.4656865399133212
32 292.969 2.3019624999999997 -0.010923719682405582
33 5468.75 0.7339775142857142 1.4640031508265356
34 5468.75 1.4772228749999998 1.1237640058255534
35 5468.75 0.7762167384615384 1.4446670899794476
36 3125.0 2.0200671428571426 0.5324064536378164
37 5468.75 0.7277408428571428 1.4668581430897498
38 5468.75 0.7358046499999998 1.4631667337749286
39 976.562 1.8789014285714285 0.28274291600514784
