0 1757.81 2.30196 0.20336265838792317
1 3125.0 2.30196 0.40336295095924474
2 292.969 2.30196 -0.010922575244905704
3 5468.75 0.7777930307692308 1.4439455027682937
4 5468.75 1.6202316666666665 1.058298156220345
5 3125.0 1.740125 0.6605569680842447
6 1757.81 0.9358666153846152 0.8287260575302309
7 292.969 2.3019666666666665 -0.010925627078239082
8 5468.75 0.901009809090909 1.3875399420720875
9 292.969 2.30197 -0.01092715299490566
10 292.969 2.30197 -0.01092715299490566
11 292.969 2.30197 -0.01092715299490566
13 292.969 2.301965 -0.010924864119905682
14 5468.75 0.7354397714285713 1.4633337660629642
15 292.969 2.301965 -0.010924864119905682
16 292.969 2.30197 -0.01092715299490566
17 292.969 2.30197 -0.01092715299490566
18 3125.0 1.1868250999999999 0.9138438298067448
19 292.969 2.30196 -0.010922575244905704
20 1757.81 0.935865923076923 0.8287263744513849
21 5468.75 1.8785356 0.9400530731386784
22 5468.75 1.9354103333333332 0.9140172420870117
23 3125.0 1.717624 0.6708573633592447
24 5468.75 1.672857157142857 1.0342075223176068
25 3125.0 2.30196 0.40336295095924474
26 5468.75 1.8620999999999999 0.9475768799286783
27 292.969 2.30197 -0.01092715299490566
28 292.969 2.30197 -0.01092715299490566
29 3125.0 0.7831478571428571 1.0986371796556733
