0 292.969 2.30196 -0.010922575244905704
1 292.969 2.30196 -0.010922575244905704
2 292.969 2.30196 -0.010922575244905704
3 292.969 2.3019624999999997 -0.010923719682405582
4 5468.75 0.778580723076923 1.44358491692214
5 292.969 2.301963333333333 -0.010924101161572282
6 292.969 2.30196 -0.010922575244905704
7 292.969 2.30196 -0.010922575244905704
8 976.562 1.9648587999999996 0.24339378029943376
9 292.969 2.30196 -0.010922575244905704
10 1757.81 2.30196 0.20336265838792317
11 5468.75 0.7523167285714285 1.4556079170068927
12 292.969 2.301965 -0.010924864119905682
13 3125.0 2.30196 0.40336295095924474
14 3125.0 2.30196 0.40336295095924474
15 292.969 2.30196 -0.010922575244905704
17 3125.0 2.30196 0.40336295095924474
18 292.969 2.30196 -0.010922575244905704
19 292.969 2.30196 -0.010922575244905704
20 292.969 2.30196 -0.010922575244905704
21 5468.75 1.5680070166666666 1.082205295374095
22 976.562 2.0210445 0.2176733714819336
23 292.969 2.30196 -0.010922575244905704
24 3125.0 1.9073103999999996 0.5840236715992448
25 292.969 2.30196 -0.010922575244905704
26 5468.75 0.7288385285714286 1.4663556500118926
27 292.969 2.30196 -0.010922575244905704
28 292.969 2.30196 -0.010922575244905704
29 976.562 2.30196 0.08907727846943353
30 292.969 2.30196 -0.010922575244905704
31 1757.81 0.9358652307692308 0.8287266913725386
32 5468.75 2.301954 0.7462227150786784
33 292.969 2.30196 -0.010922575244905704
34 5468.75 1.8620914 0.9475808167936783
35 5468.75 0.7762124615384616 1.4446690478479092
36 1757.81 2.301965 0.2033603695129232
37 292.969 2.3019619999999996 -0.010923490794905517
38 292.969 2.301963333333333 -0.010924101161572282
39 292.969 2.30196 -0.010922575244905704
40 1757.81 1.973085333333333 0.35391325892125663
41 5468.75 1.8610674200000001 0.9480495692381783
42 292.969 2.30196 -0.010922575244905704
43 5468.75 0.9466528583333332 1.3666456952051367
44 292.969 2.3019666666666665 -0.010925627078239082
45 5468.75 1.4765821625 1.124057307990241
46 292.969 2.30196 -0.010922575244905704
47 292.969 2.30196 -0.010922575244905704
48 292.969 2.30196 -0.010922575244905704
49 976.562 2.30196 0.08907727846943353
