0 5468.75 0.7673646571428571 1.448719351505107
1 5468.75 0.7762114615384615 1.444669505622909
2 5468.75 0.8821222 1.3961862173236783
3 5468.75 1.4772224999999999 1.1237641774911784
4 5468.75 1.47721675 1.1237668096974285
5 5468.75 0.7291993928571429 1.4661904553635
6 5468.75 0.7519503499999999 1.4557756359574285
7 5468.75 0.8599843076923077 1.406320390974832
8 1757.81 2.30196 0.20336265838792317
9 5468.75 0.776212076923077 1.4446692239152168
10 3125.0 1.9995135714285712 0.5418153647985304
11 5468.75 0.7622231857142857 1.4510729885883213
12 5468.75 0.7306656928571428 1.4655192198809999
13 3125.0 1.9491059999999998 0.5648906908092448
14 5468.75 0.72773565 1.4668605202499285
15 5468.75 1.5679993 1.0822088278711783
16 3125.0 1.8785353999999999 0.5971961472242449
17 5468.75 0.7281015428571429 1.4666930236472497
18 5468.75 2.30196 0.7462199684286783
19 292.969 2.30196 -0.010922575244905704
20 5468.75 1.9877757142857142 0.8900456798215355
21 3125.0 1.6921669999999998 0.682510941534245
22 976.562 1.9648605999999997 0.24339295630443364
23 5468.75 0.7277344142857143 1.4668610859290356
24 5468.75 0.7284708142857143 1.4665239804190355
25 5468.75 0.7358003214285714 1.463168715286714
26 5468.75 1.9354101666666665 0.9140173183828451
27 5468.75 0.729569257142857 1.4660211407401071
28 5468.75 0.7292023214285714 1.466189114736714
29 5468.75 1.4765824374999998 1.124057182102116
30 3125.0 0.8051624285714285 1.088559459219959
31 3125.0 1.695604857142857 0.6809371764806733
32 5468.75 0.7284680000000001 1.4665252687286783
33 5468.75 0.7343406285714285 1.4638369261843927
34 5468.75 0.7354381999999999 1.4633344854236785
35 5468.75 1.5680069666666665 1.082205318262845
36 5468.75 1.8785308 0.9400552704586783
37 3125.0 2.30196 0.40336295095924474
38 976.562 1.9648607999999999 0.2433928647494336
39 5468.75 0.7295685428571428 1.4660214677222498
40 292.969 2.30196 -0.010922575244905704
41 5468.75 1.8620999999999999 0.9475768799286783
42 5468.75 0.7303006999999999 1.4656863044861783
43 5468.75 1.359403714285714 1.1776986721215357
44 1757.81 2.30196 0.20336265838792317
45 5468.75 0.728105 1.4666914410536784
46 5468.75 0.7284714285714285 1.4665236992143926
47 3125.0 1.6442093333333332 0.7044647623925782
48 5468.75 0.7766065230769231 1.44448865632714
49 3125.0 1.6202276666666666 0.7154429698509115
