0 292.969 2.30196 -0.010922575244905704
1 1757.81 1.644211333333333 0.5044635542712566
2 292.969 2.30196 -0.010922575244905704
3 1757.81 1.6442111666666666 0.50446363056709
4 3125.0 0.8995132307692307 1.0453680207438603
5 292.969 2.301964 -0.010924406344905775
6 292.969 2.301965 -0.010924864119905682
7 1757.81 2.30196 0.20336265838792317
8 292.969 2.30196 -0.010922575244905704
9 5468.75 1.9354103333333332 0.9140172420870117
10 292.969 2.30196 -0.010922575244905704
11 292.969 2.30196 -0.010922575244905704
12 292.969 2.3019666666666665 -0.010925627078239082
13 976.562 2.1045339999999997 0.17945396561943366
14 537.109 1.8789057142857142 0.21845528162247946
15 292.969 2.301965 -0.010924864119905682
16 1757.81 1.7401256666666665 0.4605563703295899
17 3125.0 0.8161718571428571 1.0835196180556734
18 1757.81 1.9730854999999998 0.3539131826254232
19 292.969 2.30196 -0.010922575244905704
20 1757.81 1.6442096666666666 0.50446431722959
21 292.969 2.30196 -0.010922575244905704
22 292.969 2.30195 -0.010917997494905747
23 5468.75 0.7284673428571429 1.4665255695522499
24 292.969 2.30196 -0.010922575244905704
25 5468.75 0.7288377285714285 1.4663560162318927
26 5468.75 2.30196 0.7462199684286783
27 292.969 2.30195 -0.010917997494905747
28 5468.75 0.7358046714285713 1.4631667239654642
29 292.969 2.30196 -0.010922575244905704
30 292.969 2.301964 -0.010924406344905775
31 5468.75 1.9877742857142857 0.8900463337858212
32 5468.75 0.7284709142857143 1.4665239346415355
33 976.562 2.160942857142857 0.1536314010408621
34 292.969 2.30196 -0.010922575244905704
35 292.969 2.30196 -0.010922575244905704
36 292.969 2.30197 -0.01092715299490566
37 3125.0 2.301961428571428 0.4033622969949591
38 5468.75 1.8620999999999999 0.9475768799286783
39 1757.81 2.0611735714285713 0.31358866572720895
40 1757.81 2.3019616666666667 0.20336189542958977
41 292.969 2.30196 -0.010922575244905704
42 5468.75 1.9354101666666665 0.9140173183828451
43 292.969 2.30196 -0.010922575244905704
44 5468.75 2.3019533333333335 0.7462230202620115
45 5468.75 0.728467292857143 1.4665255924409997
46 1757.81 0.9358667692307692 0.8287259871033079
48 5468.75 0.729569257142857 1.4660211407401071
49 292.969 2.3019666666666665 -0.010925627078239082
