0 1757.81 1.9648594 0.3576788855529232
1 5468.75 2.30196 0.7462199684286783
2 292.969 2.30196 -0.010922575244905704
4 537.109 2.3019624999999997 0.02479046154212243
5 3125.0 0.8876591538461537 1.0507945208073217
6 292.969 2.30196 -0.010922575244905704
7 292.969 2.301963333333333 -0.010924101161572282
8 292.969 2.3019666666666665 -0.010925627078239082
9 292.969 2.30196 -0.010922575244905704
10 537.109 2.30196 0.024791605979622308
11 292.969 2.30196 -0.010922575244905704
12 292.969 2.30196 -0.010922575244905704
13 5468.75 1.3704122 1.1726592625736783
14 5468.75 1.4765831875 1.1240568387708658
15 292.969 2.30196 -0.010922575244905704
16 292.969 2.30196 -0.010922575244905704
17 292.969 2.30196 -0.010922575244905704
18 5468.75 0.7777936307692307 1.4439452281032938
19 5468.75 1.3704126714285714 1.172659046765464
20 292.969 2.30196 -0.010922575244905704
21 1757.81 1.9730856666666667 0.3539131063295898
22 5468.75 1.9354098333333332 0.9140174709745117
23 292.969 2.30197 -0.01092715299490566
24 292.969 2.30197 -0.01092715299490566
25 5468.75 0.8584153538461538 1.4070386188217554
26 5468.75 1.4765755375 1.1240603407496157
27 5468.75 0.7281050571428571 1.466691414895107
28 292.969 2.30196 -0.010922575244905704
29 5468.75 0.7339785142857143 1.4640026930515355
