0 5468.75 0.7303 1.4656866249286784
1 5468.75 0.7468115714285714 1.4581280403179642
2 537.109 2.3019624999999997 0.02479046154212243
3 3125.0 1.9073097999999997 0.5840239462642449
4 5468.75 0.7303000428571428 1.46568660530975
5 5468.75 1.9354098333333332 0.9140174709745117
6 5468.75 0.7350676428571429 1.4635041172197498
7 5468.75 0.7291985357142857 1.4661908477420713
8 976.562 1.7401253333333333 0.3462711430027669
9 5468.75 0.7449846857142857 1.4589643429258212
10 5468.75 1.5680070333333331 1.0822052877445119
11 3125.0 1.9491066666666665 0.5648903856259115
12 5468.75 0.7306664214285714 1.4655188863592141
13 976.562 2.104532 0.1794548811694336
14 1757.81 1.6442106666666667 0.5044638594545898
15 5468.75 0.7288367714285713 1.4663564543879641
16 5468.75 0.7291993571428571 1.4661904717126069
17 5468.75 1.4868545624999998 1.1193548600802408
18 5468.75 1.4868541375 1.1193550546346158
19 5468.75 0.7281013142857143 1.4666931282815354
20 5468.75 0.7357997357142858 1.4631689834120711
21 5468.75 1.5680070166666666 1.082205295374095
22 5468.75 0.8418074615384616 1.4146412967229092
23 3125.0 0.9129418461538461 1.0392207363361678
24 976.562 1.8789 0.28274356996943356
25 976.562 2.021042 0.2176745159194335
26 5468.75 0.7904354461538461 1.4381581210656016
27 5468.75 0.7515841285714285 1.4559432829718926
28 1757.81 1.0104399999999998 0.7945882263879234
29 5468.75 0.73580335 1.4631673288824283
