0 292.969 2.30196 -0.010922575244905704
1 292.969 2.30196 -0.010922575244905704
2 292.969 2.30196 -0.010922575244905704
4 976.562 1.9648605999999997 0.24339295630443364
5 537.109 2.301962857142857 0.02479029805105086
6 5468.75 1.999513857142857 0.884672251475107
7 5468.75 0.7277352571428571 1.4668607000901068
8 292.969 2.30196 -0.010922575244905704
9 292.969 2.30196 -0.010922575244905704
10 292.969 2.30195 -0.010917997494905747
11 5468.75 0.7766102923076923 1.4444869308675246
12 5468.75 0.7281019714285714 1.466692827457964
13 5468.75 1.9491059999999998 0.9077477082786785
14 3125.0 1.7381745714285712 0.6614498255235306
15 292.969 2.30196 -0.010922575244905704
16 292.969 2.30196 -0.010922575244905704
17 292.969 2.30196 -0.010922575244905704
18 5468.75 1.672849085714286 1.034211217215821
20 292.969 2.30196 -0.010922575244905704
21 5468.75 2.30196 0.7462199684286783
22 292.969 2.30197 -0.01092715299490566
23 3125.0 2.30196 0.40336295095924474
24 5468.75 1.3704112714285712 1.172659687650464
25 5468.75 1.3579404 1.1783685408186784
26 3125.0 1.9073096 0.5840240378192447
27 3125.0 0.7831464285714286 1.0986378336199591
28 3125.0 1.9995139999999998 0.5418151686092447
29 5468.75 0.7284708357142857 1.4665239706095712
30 976.562 1.7401253333333333 0.3462711430027669
31 5468.75 2.30196 0.7462199684286783
32 3125.0 1.9730846666666666 0.5539138566759114
33 1757.81 2.30196 0.20336265838792317
34 5468.75 0.7281019714285716 1.466692827457964
35 5468.75 0.7281020571428573 1.4666927882201068
36 5468.75 0.7288370999999999 1.4663563039761784
37 5468.75 2.30196 0.7462199684286783
38 5468.75 0.7284713785714285 1.4665237221031426
39 292.969 2.30196 -0.010922575244905704
41 292.969 2.30196 -0.010922575244905704
42 292.969 2.30196 -0.010922575244905704
43 292.969 2.30196 -0.010922575244905704
44 537.109 2.104532 0.11516920867962237
45 1757.81 2.30196 0.20336265838792317
46 5468.75 0.7299344071428571 1.465853984198857
47 976.562 1.740125 0.34627129559443354
48 3125.0 0.7941545714285713 1.0935985810235305
49 3125.0 0.7831471428571428 1.0986375066378162
50 5468.75 1.5680078833333333 1.0822048986357617
51 5468.75 0.7281009428571429 1.4666932983122498
52 5468.75 1.477222125 1.1237643491568035
53 537.109 2.30196 0.024791605979622308
54 5468.75 1.4772224999999999 1.1237641774911784
55 5468.75 1.4765758125000001 1.1240602148614909
56 5468.75 0.728466992857143 1.4665257297734997
57 3125.0 1.5945453333333333 0.727199699992578
58 5468.75 2.30195 0.7462245461786783
59 5468.75 0.7281054857142857 1.4666912187058212
