0 5468.75 2.30195 0.7462245461786783
1 292.969 2.30196 -0.010922575244905704
2 292.969 2.301955 -0.010920286369905725
3 5468.75 0.7281056928571428 1.4666911238809999
4 3125.0 2.30196 0.40336295095924474
5 292.969 2.30196 -0.010922575244905704
6 5468.75 1.6728525571428572 1.034209628082607
7 292.969 2.3019533333333335 -0.010919523411572547
8 292.969 2.3019525 -0.010919141932405847
9 5468.75 1.9354098333333332 0.9140174709745117
10 5468.75 0.7281008285714287 1.4666933506293927
11 5468.75 1.8620965999999999 0.9475784363636783
12 292.969 2.301955 -0.010920286369905725
13 5468.75 0.7281011428571429 1.4666932067572498
14 5468.75 0.7358004285714286 1.4631686662393926
15 292.969 2.3019533333333335 -0.010919523411572547
16 292.969 2.301956666666667 -0.010921049328239125
17 292.969 2.30196 -0.010922575244905704
18 5468.75 1.8620997999999997 0.9475769714836785
19 3125.0 2.30196 0.40336295095924474
20 292.969 2.3019533333333335 -0.010919523411572547
21 5468.75 1.3586714571428569 1.1780338811351072
22 5468.75 0.7295685142857142 1.4660214808015355
23 292.969 2.301952 -0.010918913044905783
24 292.969 2.30196 -0.010922575244905704
25 5468.75 2.30195 0.7462245461786783
26 3125.0 1.594546 0.7271993948092448
27 292.969 2.3019624999999997 -0.010923719682405582
28 292.969 2.30196 -0.010922575244905704
29 5468.75 1.8620999999999999 0.9475768799286783
30 5468.75 1.4765831249999999 1.1240568673818034
31 292.969 2.30196 -0.010922575244905704
32 292.969 2.30196 -0.010922575244905704
33 292.969 2.30196 -0.010922575244905704
34 292.969 2.30196 -0.010922575244905704
35 292.969 2.301963333333333 -0.010924101161572282
36 292.969 2.3019619999999996 -0.010923490794905517
37 3125.0 2.30196 0.40336295095924474
38 3125.0 1.8785356 0.5971960556692448
39 5468.75 0.7281016000000001 1.4666929974886784
40 5468.75 0.8110328571428571 1.4287291412501069
41 5468.75 0.7339781714285714 1.4640028500029643
42 5468.75 0.7303007714285714 1.4656862717879642
43 1757.81 1.9073103999999996 0.38402337902792333
44 3125.0 1.620232 0.7154409861592448
45 292.969 2.301963333333333 -0.010924101161572282
46 292.969 2.30196 -0.010922575244905704
47 5468.75 0.7288370142857142 1.4663563432140356
48 976.562 2.30196 0.08907727846943353
49 292.969 2.30196 -0.010922575244905704
