0 5468.75 1.9491061666666665 0.907747631982845
1 976.562 1.7401246666666665 0.3462714481861003
2 5468.75 2.30196 0.7462199684286783
3 3125.0 2.30196 0.40336295095924474
4 292.969 2.30196 -0.010922575244905704
5 5468.75 1.9354099999999999 0.9140173946786784
6 5468.75 1.4772224999999999 1.1237641774911784
7 292.969 2.30196 -0.010922575244905704
8 292.969 2.30196 -0.010922575244905704
9 1757.81 2.30196 0.20336265838792317
10 292.969 2.30196 -0.010922575244905704
11 976.562 2.3019649999999996 0.08907498959443377
12 292.969 2.30196 -0.010922575244905704
13 292.969 2.30196 -0.010922575244905704
14 292.969 2.30196 -0.010922575244905704
16 292.969 2.30196 -0.010922575244905704
17 5468.75 0.7339769142857142 1.4640034254915355
18 5468.75 1.6728571714285714 1.0342075157779642
19 1757.81 0.9358645384615384 0.8287270082936924
20 976.562 2.1045339999999997 0.17945396561943366
21 292.969 2.30196 -0.010922575244905704
22 5468.75 0.7281016000000001 1.4666929974886784
23 5468.75 1.477222125 1.1237643491568035
24 5468.75 0.7291998928571429 1.4661902264759998
25 5468.75 1.9491061666666665 0.907747631982845
26 5468.75 0.7625889714285715 1.450905541032964
27 5468.75 1.8620999999999999 0.9475768799286783
28 5468.75 1.9877655714285716 0.8900503229679639
29 292.969 2.30196 -0.010922575244905704
30 5468.75 0.7292027142857143 1.4661889348965356
31 5468.75 1.5945453333333333 1.0700567174620117
32 5468.75 0.7281014857142857 1.4666930498058213
33 1757.81 1.7381744285714285 0.46144959834863747
34 5468.75 0.7794709999999999 1.4431773704036783
35 292.969 2.30196 -0.010922575244905704
36 1757.81 2.30196 0.20336265838792317
37 292.969 2.30196 -0.010922575244905704
38 5468.75 0.7288372285714285 1.4663562451193928
39 976.562 1.7791335714285714 0.3284141468087192
40 5468.75 0.7281009428571429 1.4666932983122498
41 5468.75 0.72919925 1.4661905207599284
42 5468.75 0.728467092857143 1.4665256839959997
43 5468.75 0.7762125230769231 1.44466901967714
44 3125.0 1.7381745714285712 0.6614498255235306
45 1757.81 2.0200594285714284 0.33240969247363755
46 5468.75 1.477215125 1.1237675535818035
47 3125.0 1.6202316666666665 0.7154411387509114
48 5468.75 0.7284707642857142 1.4665240033077855
49 5468.75 0.7299343714285714 1.465854000547964
