0 5468.75 2.30195 0.7462245461786783
1 292.969 2.30196 -0.010922575244905704
2 292.969 2.30196 -0.010922575244905704
3 292.969 2.30196 -0.010922575244905704
4 1757.81 2.30196 0.20336265838792317
5 5468.75 1.8620916 0.9475807252386783
6 5468.75 1.4765828124999998 1.1240570104364909
7 5468.75 1.9995047142857145 0.8846764368465353
8 3125.0 1.9073034 0.5840268760242446
9 5468.75 1.6728496571428573 1.034210955630107
10 292.969 2.30196 -0.010922575244905704
11 292.969 2.30196 -0.010922575244905704
12 5468.75 0.7284714785714285 1.4665236763256426
13 5468.75 0.7277344785714286 1.4668610565006426
14 292.969 2.30196 -0.010922575244905704
15 292.969 2.30196 -0.010922575244905704
16 5468.75 0.7281014857142857 1.4666930498058213
17 5468.75 0.728105657142857 1.466691140230107
18 5468.75 0.7288369714285714 1.466356362832964
19 5468.75 2.301955 0.7462222573036783
20 5468.75 1.477222125 1.1237643491568035
21 5468.75 0.7770043846153846 1.4443065252613707
22 5468.75 2.30196 0.7462199684286783
23 292.969 2.30196 -0.010922575244905704
24 1757.81 1.2618825999999999 0.6794840901729233
25 5468.75 0.7777929076923076 1.4439455591098322
26 292.969 2.30196 -0.010922575244905704
27 976.562 2.30196 0.08907727846943353
28 292.969 2.30196 -0.010922575244905704
29 292.969 2.30196 -0.010922575244905704
30 3125.0 2.30196 0.40336295095924474
31 5468.75 0.7519516928571427 1.4557750212309999
32 1757.81 2.3019624999999997 0.2033615139504233
33 5468.75 0.7303006999999999 1.4656863044861783
34 976.562 1.9648594 0.24339350563443357
35 292.969 2.301965 -0.010924864119905682
36 292.969 2.30196 -0.010922575244905704
37 5468.75 2.30195 0.7462245461786783
38 5468.75 2.30195 0.7462245461786783
39 292.969 2.30196 -0.010922575244905704
40 5468.75 1.370411257142857 1.172659694190107
41 976.562 2.0611737142857143 0.1993032204122907
42 976.562 1.2906575999999998 0.5520262346294336
43 5468.75 0.7284673428571429 1.4665255695522499
44 537.109 2.301965 0.02478931710462233
45 292.969 2.30196 -0.010922575244905704
47 5468.75 0.7288379142857142 1.4663559312165355
48 1757.81 0.9358659230769231 0.8287263744513846
