0 976.562 2.30196 0.08907727846943353
1 5468.75 0.7677323142857142 1.4485510472565355
2 5468.75 1.8621001999999998 0.9475767883736784
3 5468.75 1.477217625 1.1237664091443034
4 537.109 2.30196 0.024791605979622308
5 5468.75 0.7281016000000001 1.4666929974886784
6 5468.75 0.7350739285714285 1.4635012397768927
7 292.969 2.30196 -0.010922575244905704
8 5468.75 0.7361698714285714 1.4629995445354642
9 5468.75 1.4868478500000002 1.1193579328949284
10 292.969 2.3019666666666665 -0.010925627078239082
11 5468.75 0.7673651785714285 1.4487191128081427
12 5468.75 0.7284673428571429 1.4665255695522499
13 537.109 2.30196 0.024791605979622308
14 976.562 1.8565188333333333 0.2929891085402669
15 976.562 2.30196 0.08907727846943353
16 292.969 2.30196 -0.010922575244905704
17 5468.75 0.7291994285714286 1.4661904390143927
18 5468.75 1.4874941249999998 1.1190620843568033
19 5468.75 0.7284715285714285 1.4665236534368926
20 292.969 2.30196 -0.010922575244905704
21 5468.75 0.7295686 1.4660214415636783
22 5468.75 1.3586648285714287 1.1780369155293926
23 5468.75 1.3586662857142857 1.1780362484858213
24 5468.75 1.9877652857142858 0.8900504537608211
25 5468.75 0.7409436714285713 1.4608142182404642
26 5468.75 1.3594028571428571 1.177699064500107
27 292.969 2.301965 -0.010924864119905682
28 5468.75 0.7347081142857143 1.4636687004115356
29 1757.81 0.935865923076923 0.8287263744513849
30 976.562 1.2906575999999998 0.5520262346294336
31 292.969 2.30196 -0.010922575244905704
32 292.969 2.301963333333333 -0.010924101161572282
33 1757.81 2.30196 0.20336265838792317
34 292.969 2.30196 -0.010922575244905704
35 5468.75 0.7288384428571427 1.4663556892497498
36 292.969 2.30196 -0.010922575244905704
37 1757.81 2.30196 0.20336265838792317
38 976.562 1.8203871428571428 0.309529293148005
39 5468.75 1.4772155 1.1237673819161782
