0 292.969 2.3019525 -0.010919141932405847
1 976.562 2.301955 0.08907956734443351
2 5468.75 1.8620934000000002 0.9475799012436782
3 3125.0 2.30196 0.40336295095924474
4 292.969 2.30196 -0.010922575244905704
5 3125.0 1.5945456666666666 0.7271995474009114
6 292.969 2.30195 -0.010917997494905747
7 292.969 2.30195 -0.010917997494905747
8 292.969 2.30196 -0.010922575244905704
9 5468.75 1.6728491142857145 1.0342112041365352
10 292.969 2.3019533333333335 -0.010919523411572547
11 292.969 2.3019525 -0.010919141932405847
12 5468.75 1.6728490714285715 1.034211223755464
13 5468.75 0.7281014857142857 1.4666930498058213
14 5468.75 2.30195 0.7462245461786783
15 292.969 2.30196 -0.010922575244905704
16 292.969 2.301956666666667 -0.010921049328239125
17 5468.75 1.9877654285714288 0.8900503883643925
18 5468.75 2.30195 0.7462245461786783
19 3125.0 1.9491064999999999 0.5648904619217447
20 292.969 2.30195 -0.010917997494905747
21 5468.75 1.3579403714285712 1.1783685538979642
22 292.969 2.30196 -0.010922575244905704
23 5468.75 0.7277351285714285 1.4668607589468927
24 5468.75 0.7347068999999999 1.4636692562811784
25 5468.75 1.8620916 0.9475807252386783
26 5468.75 1.8620997999999997 0.9475769714836785
27 1757.81 2.30196 0.20336265838792317
28 5468.75 1.3586652714285716 1.178036712800464
29 5468.75 1.8620918 0.9475806336836783
30 5468.75 0.7281050571428571 1.466691414895107
31 292.969 2.30196 -0.010922575244905704
32 5468.75 1.3594028571428571 1.177699064500107
33 292.969 2.3019624999999997 -0.010923719682405582
34 5468.75 0.7758176461538462 1.4448497844606014
35 5468.75 0.8062595357142855 1.4309142484670714
36 292.969 2.30196 -0.010922575244905704
37 292.969 2.3019533333333335 -0.010919523411572547
38 5468.75 1.3594028571428571 1.177699064500107
39 5468.75 1.3586716142857143 1.1780338091990354
40 292.969 2.30196 -0.010922575244905704
41 292.969 2.30196 -0.010922575244905704
42 292.969 2.30196 -0.010922575244905704
43 5468.75 2.30196 0.7462199684286783
44 292.969 2.3019624999999997 -0.010923719682405582
45 292.969 2.30196 -0.010922575244905704
46 5468.75 0.7277352571428573 1.4668607000901068
47 5468.75 0.7292022499999999 1.4661891474349285
48 5468.75 0.7277418214285714 1.4668576951242143
49 5468.75 0.728106257142857 1.466690865565107
50 537.109 2.3019624999999997 0.02479046154212243
51 292.969 2.30196 -0.010922575244905704
52 5468.75 0.7281069142857142 1.4666905647415356
53 3125.0 2.30195 0.4033675287092447
54 5468.75 0.7277350642857143 1.4668607883752856
55 5468.75 0.7281020857142858 1.4666927751408212
56 3125.0 1.8785355999999998 0.5971960556692448
57 5468.75 0.7277414285714284 1.4668578749643928
58 5468.75 0.7284722928571428 1.466523303566
59 292.969 2.30196 -0.010922575244905704
