0 3125.0 1.5945453333333333 0.727199699992578
1 976.562 2.30196 0.08907727846943353
2 1757.81 1.9730851666666664 0.35391333521708995
3 5468.75 1.9354065 0.9140189968911783
4 5468.75 0.728467292857143 1.4665255924409997
5 5468.75 0.7288379857142856 1.4663558985183214
6 5468.75 1.4765767250000001 1.1240597971418032
7 3125.0 1.8785353999999999 0.5971961472242449
8 1757.81 2.3019514285714284 0.2033665821736375
9 5468.75 1.3704117428571425 1.17265947184225
10 5468.75 0.8880495615384615 1.3934728193954091
11 976.562 1.7401246666666665 0.3462714481861003
12 5468.75 0.8113978857142856 1.4285620402958212
13 292.969 2.30196 -0.010922575244905704
14 292.969 2.30196 -0.010922575244905704
15 976.562 1.8565191666666665 0.29298895594860025
16 976.562 2.3019619999999996 0.08907636291943372
17 3125.0 1.717620571428571 0.6708589328735306
18 3125.0 0.7831471428571428 1.0986375066378162
19 3125.0 0.7831473571428571 1.0986374085431734
20 5468.75 0.7358033285714285 1.4631673386918926
21 3125.0 0.8271805714285714 1.0784801038735305
22 3125.0 0.7831472142857142 1.0986374739396019
23 1757.81 0.9358652307692308 0.8287266913725386
24 5468.75 0.7358035642857141 1.4631672307877857
25 1757.81 1.907312 0.38402264658792323
26 5468.75 0.7291994642857142 1.4661904226652855
27 5468.75 0.7288328142857143 1.4663582658690355
28 5468.75 0.7295686857142857 1.4660214023258213
29 3125.0 0.7831478571428571 1.0986371796556733
