5500 5500 30
5500 5500 30
5500 5500 30
5500 5500 30
5500 5500 30
5500 5500 30
5500 5500 30
5500 5500 30
5500 5500 30
5500 5500 30
5500 5500 30
5500 5500 30
5500 5500 30
6500 7500 30
6500 7500 30
6500 7500 30
6500 7500 30
1500 9500 30
1500 9500 30
1500 9500 30
1500 9500 30
1500 9500 30
1500 9500 30
1500 9500 30
1500 9500 30
1500 9500 30
1500 9500 30
1500 9500 30
1500 9500 30
1500 9500 30
1500 9500 30
1500 9500 30
1500 9500 30
1500 9500 30
1500 9500 30
1500 9500 30
1500 9500 30
1500 9500 30
1500 9500 30
1500 9500 30
