7 0 0.0342379 0 -0.0342379
23 0 3.82339 0 -3.82339
10 0 263.788 0 -263.788
9 0 7.02495 0 -7.02495
31 0 5.72367 0 -5.72367
37 0 5.88639 0 -5.88639
45 0 1.60172 0 -1.60172
3 0 2.06639 0 -2.06639
37 0 860.283 0 -860.283
19 0 2.37999 0 -2.37999
10 0 3.45461 0 -3.45461
32 51 561.545 562.161 0.616467
17 51 256.721 257.338 0.616467
24 51 3.69599 4.31246 0.616465
43 51 566.136 566.465 0.328715
6 0 817.793 0 -817.793
8 0 7.28635 0 -7.28635
5 0 561.408 0 -561.408
32 51 866.687 867.303 0.616467
22 0 7.44135 0 -7.44135
32 51 1110.8 1111.42 0.616467
25 52 263.546 264.162 0.616465
41 51 7.6276 7.8022 0.174604
48 0 266.758 0 -266.758
3 0 856.463 0 -856.463
6 0 7.79301 0 -7.79301
36 0 261.113 0 -261.113
5 0 8.19948 0 -8.19948
4 51 9.59669 10.2131 0.616464
1 0 9.71108 0 -9.71108
21 0 259.222 0 -259.222
8 0 861.683 0 -861.683
16 0 1112.92 0 -1112.92
24 0 552.951 0 -552.951
6 0 1087.79 0 -1087.79
12 0 9.94635 0 -9.94635
36 0 1115.51 0 -1115.51
17 51 1111.12 1111.73 0.616467
11 0 12.1502 0 -12.1502
26 0 11.4502 0 -11.4502
32 51 12.2896 12.9061 0.616467
40 51 573.123 573.452 0.328714
21 0 1113.62 0 -1113.62
11 0 239.942 0 -239.942
5 0 1114.62 0 -1114.62
25 52 1117.94 1118.56 0.616465
41 51 217.628 217.802 0.174604
41 51 547.628 547.802 0.174604
19 0 1141.34 0 -1141.34
12 0 254.06 0 -254.06
17 51 12.6078 13.2243 0.616467
24 51 247.809 248.426 0.616465
6 0 217.793 0 -217.793
49 0 828.632 0 -828.632
28 0 1127.97 0 -1127.97
43 51 12.9273 13.256 0.328715
16 0 14.4135 0 -14.4135
14 0 13.7149 0 -13.7149
30 0 14.5323 0 -14.5323
26 0 255.564 0 -255.564
42 52 1101.25 1101.58 0.328717
22 0 251.555 0 -251.555
6 0 247.793 0 -247.793
21 0 15.1083 0 -15.1083
33 0 262.075 0 -262.075
36 0 16.9995 0 -16.9995
5 0 854.284 0 -854.284
37 51 250 250.616 0.616464
33 0 17.9611 0 -17.9611
19 0 815.922 0 -815.922
0 0 18.544 0 -18.544
49 0 558.632 0 -558.632
49 0 18.6316 0 -18.6316
20 0 18.8589 0 -18.8589
19 0 848.464 0 -848.464
43 51 859.011 859.34 0.328715
46 51 19.306 19.6347 0.328714
12 0 864.343 0 -864.343
13 0 1125.26 0 -1125.26
25 52 19.4324 20.0488 0.616465
21 0 869.505 0 -869.505
14 0 257.828 0 -257.828
46 51 1125.72 1126.05 0.328714
0 0 567.799 0 -567.799
40 51 19.9143 20.243 0.328714
48 52 22.645 23.2615 0.616463
39 51 20.4208 21.0373 0.616464
34 51 22.5419 23.1583 0.616466
14 0 562.97 0 -562.97
18 0 25.2431 0 -25.2431
32 51 256.403 257.019 0.616467
19 0 1108.8 0 -1108.8
20 0 1117.37 0 -1117.37
38 0 23.3489 0 -23.3489
23 0 247.937 0 -247.937
47 52 25.3453 25.9617 0.616455
22 0 556.697 0 -556.697
27 0 26.1149 0 -26.1149
13 0 26.7477 0 -26.7477
42 52 27.3714 27.7002 0.328717
23 0 858.22 0 -858.22
5 0 1147.16 0 -1147.16
44 0 28.3931 0 -28.3931
35 51 28.0445 28.6609 0.616464
15 0 28.5874 0 -28.5874
16 0 258.527 0 -258.527
45 0 245.715 0 -245.715
10 0 1109.87 0 -1109.87
28 0 29.4588 0 -29.4588
29 0 28.7153 0 -28.7153
2 0 29.9514 0 -29.9514
10 0 849.539 0 -849.539
9 0 556.28 0 -556.28
10 0 816.997 0 -816.997
20 0 262.972 0 -262.972
41 51 247.628 247.802 0.174604
7 0 32.5759 0 -32.5759
19 0 34.9217 0 -34.9217
30 0 868.929 0 -868.929
10 0 35.9963 0 -35.9963
19 0 262.714 0 -262.714
25 52 568.688 569.304 0.616465
7 0 846.118 0 -846.118
6 0 547.793 0 -547.793
41 51 37.6276 37.8022 0.174604
5 0 821.742 0 -821.742
6 0 37.793 0 -37.793
18 0 269.356 0 -269.356
47 52 269.459 270.075 0.616455
5 0 40.7412 0 -40.7412
9 0 251.138 0 -251.138
5 0 268.533 0 -268.533
4 51 253.71 254.327 0.616464
11 0 44.6919 0 -44.6919
43 51 45.469 45.7977 0.328715
31 51 249.837 250.454 0.616467
11 0 272.484 0 -272.484
37 51 555.142 555.758 0.616464
49 0 1098.63 0 -1098.63
38 0 267.462 0 -267.462
49 0 48.6316 0 -48.6316
36 0 383.17 0 -383.17
41 51 817.628 817.802 0.174604
46 51 51.8477 52.1764 0.328714
40 51 52.456 52.7847 0.328714
16 0 868.81 0 -868.81
1 0 253.824 0 -253.824
42 52 59.9131 60.2418 0.328717
2 0 62.4931 0 -62.4931
7 0 65.1176 0 -65.1176
19 0 67.4634 0 -67.4634
45 0 62.6301 0 -62.6301
3 0 63.0947 0 -63.0947
10 0 68.538 0 -68.538
24 0 64.7243 0 -64.7243
40 51 280.248 280.577 0.328714
39 51 1118.93 1119.55 0.616464
48 0 1121.16 0 -1121.16
16 0 563.669 0 -563.669
23 0 64.8517 0 -64.8517
11 0 1118.57 0 -1118.57
8 51 251.4 252.016 0.616465
26 0 1109.96 0 -1109.96
31 51 66.752 67.3685 0.616467
37 51 66.9147 67.5312 0.616464
42 52 840.914 841.243 0.328717
34 0 266.655 0 -266.655
9 0 68.0533 0 -68.0533
46 51 572.515 572.844 0.328714
46 51 279.64 279.968 0.328714
2 0 1103.83 0 -1103.83
8 0 68.3147 0 -68.3147
22 0 68.4697 0 -68.4697
6 0 67.793 0 -67.793
41 51 67.6276 67.8022 0.174604
4 51 70.625 71.2415 0.616464
5 0 73.2829 0 -73.2829
6 0 1117.79 0 -1117.79
31 0 860.121 0 -860.121
40 51 247.706 248.035 0.328714
33 0 1116.47 0 -1116.47
41 51 1087.63 1087.8 0.174604
11 0 858.234 0 -858.234
12 0 70.9747 0 -70.9747
1 0 70.7394 0 -70.7394
39 51 569.676 570.292 0.616464
43 51 1119.34 1119.67 0.328715
43 51 273.261 273.59 0.328715
2 0 257.743 0 -257.743
9 0 861.422 0 -861.422
32 0 73.318 0 -73.318
46 51 832.848 833.177 0.328714
31 51 554.979 555.595 0.616467
15 51 1127.1 1127.71 0.616464
17 0 73.6362 0 -73.6362
11 0 77.2336 0 -77.2336
26 0 72.4786 0 -72.4786
43 51 78.0107 78.3394 0.328715
42 52 255.163 255.492 0.328717
14 0 74.7432 0 -74.7432
46 51 247.098 247.427 0.328714
7 0 260.368 0 -260.368
24 0 858.093 0 -858.093
39 51 264.534 265.151 0.616464
0 0 262.657 0 -262.657
21 0 564.363 0 -564.363
16 0 75.4418 0 -75.4418
30 0 75.5607 0 -75.5607
26 0 865.847 0 -865.847
40 51 833.457 833.785 0.328714
21 0 76.1367 0 -76.1367
3 0 246.18 0 -246.18
26 0 560.705 0 -560.705
36 0 78.0279 0 -78.0279
5 0 235.991 0 -235.991
40 51 1126.33 1126.66 0.328714
31 51 1104.23 1104.85 0.616467
33 0 78.9895 0 -78.9895
23 0 553.079 0 -553.079
20 0 79.8872 0 -79.8872
9 0 1105.54 0 -1105.54
49 0 78.6316 0 -78.6316
0 0 79.5724 0 -79.5724
46 51 84.3894 84.7181 0.328714
40 51 84.9977 85.3264 0.328714
8 0 556.542 0 -556.542
25 52 80.4607 81.0772 0.616465
34 0 83.5702 0 -83.5702
39 51 81.4492 82.0656 0.616464
7 0 1138.99 0 -1138.99
17 51 561.863 562.479 0.616467
49 0 258.632 0 -258.632
30 0 258.646 0 -258.646
24 51 1102.21 1102.82 0.616465
38 0 84.3773 0 -84.3773
48 0 83.6733 0 -83.6733
43 51 240.719 241.048 0.328715
4 51 558.852 559.468 0.616464
27 0 87.1432 0 -87.1432
49 0 228.632 0 -228.632
27 0 270.228 0 -270.228
1 0 558.966 0 -558.966
20 0 568.114 0 -568.114
36 0 566.255 0 -566.255
12 0 1108.46 0 -1108.46
18 0 86.2714 0 -86.2714
35 51 89.0728 89.6893 0.616464
47 52 86.3736 86.9901 0.616455
13 0 87.7761 0 -87.7761
42 52 92.4548 92.7835 0.328717
44 0 89.4215 0 -89.4215
15 51 89.6157 90.2322 0.616464
29 51 89.7437 90.3602 0.616466
28 0 90.4871 0 -90.4871
19 0 100.005 0 -100.005
7 0 97.6593 0 -97.6593
2 0 95.0348 0 -95.0348
10 0 101.08 0 -101.08
41 51 97.6276 97.8022 0.174604
6 0 97.793 0 -97.793
5 0 105.825 0 -105.825
11 0 109.775 0 -109.775
43 51 110.552 110.881 0.328715
49 0 108.632 0 -108.632
46 51 116.931 117.26 0.328714
40 51 117.539 117.868 0.328714
2 0 127.576 0 -127.576
42 52 124.997 125.325 0.328717
45 0 123.658 0 -123.658
7 0 130.201 0 -130.201
3 0 124.123 0 -124.123
19 0 132.547 0 -132.547
10 0 133.621 0 -133.621
24 0 125.753 0 -125.753
23 0 125.88 0 -125.88
9 0 129.082 0 -129.082
8 0 129.343 0 -129.343
37 51 127.943 128.56 0.616464
31 51 127.78 128.397 0.616467
22 0 129.498 0 -129.498
41 51 127.628 127.802 0.174604
6 0 127.793 0 -127.793
5 0 138.366 0 -138.366
12 0 132.003 0 -132.003
4 0 131.653 0 -131.653
1 0 131.768 0 -131.768
26 0 133.507 0 -133.507
11 0 142.317 0 -142.317
32 51 134.346 134.963 0.616467
17 51 134.665 135.281 0.616467
43 51 143.094 143.423 0.328715
14 0 135.772 0 -135.772
16 0 136.47 0 -136.47
30 0 136.589 0 -136.589
33 0 140.018 0 -140.018
21 0 137.165 0 -137.165
36 0 139.056 0 -139.056
0 0 140.601 0 -140.601
49 0 138.632 0 -138.632
20 0 140.916 0 -140.916
46 51 149.473 149.802 0.328714
25 52 141.489 142.106 0.616465
40 51 150.081 150.41 0.328714
39 51 142.478 143.094 0.616464
48 0 144.702 0 -144.702
34 0 144.599 0 -144.599
38 0 145.406 0 -145.406
13 0 148.804 0 -148.804
27 0 148.172 0 -148.172
47 52 147.402 148.018 0.616455
18 0 147.3 0 -147.3
42 52 157.538 157.867 0.328717
44 0 150.45 0 -150.45
35 51 150.101 150.718 0.616464
15 0 150.644 0 -150.644
29 0 150.772 0 -150.772
28 0 151.515 0 -151.515
19 0 165.088 0 -165.088
7 0 162.743 0 -162.743
2 0 160.118 0 -160.118
10 0 166.163 0 -166.163
41 51 157.628 157.802 0.174604
6 0 157.793 0 -157.793
5 0 170.908 0 -170.908
11 0 174.859 0 -174.859
43 51 175.636 175.964 0.328715
49 0 168.632 0 -168.632
46 51 182.014 182.343 0.328714
40 51 182.623 182.951 0.328714
42 52 190.08 190.409 0.328717
2 0 192.66 0 -192.66
7 0 195.284 0 -195.284
45 0 184.687 0 -184.687
3 0 185.151 0 -185.151
37 51 188.971 189.588 0.616464
23 0 186.908 0 -186.908
19 0 197.63 0 -197.63
10 0 198.705 0 -198.705
24 0 186.781 0 -186.781
31 51 188.809 189.425 0.616467
8 0 190.371 0 -190.371
9 0 190.11 0 -190.11
22 0 190.526 0 -190.526
41 51 187.628 187.802 0.174604
6 0 187.793 0 -187.793
8 0 1105.8 0 -1105.8
12 0 193.031 0 -193.031
5 0 203.45 0 -203.45
2 0 1136.37 0 -1136.37
10 0 1142.41 0 -1142.41
1 0 192.796 0 -192.796
4 0 192.682 0 -192.682
17 51 195.693 196.309 0.616467
32 51 195.375 195.991 0.616467
17 51 867.005 867.621 0.616467
11 0 565.359 0 -565.359
33 0 567.216 0 -567.216
47 52 1123.86 1124.47 0.616455
2 0 843.494 0 -843.494
11 0 207.4 0 -207.4
26 0 194.535 0 -194.535
43 51 208.177 208.506 0.328715
14 0 196.8 0 -196.8
16 0 197.499 0 -197.499
30 0 197.617 0 -197.617
21 0 198.193 0 -198.193
36 0 200.085 0 -200.085
33 0 201.046 0 -201.046
0 0 201.629 0 -201.629
49 0 198.632 0 -198.632
20 0 201.944 0 -201.944
46 51 214.556 214.885 0.328714
25 52 202.517 203.134 0.616465
40 51 215.164 215.493 0.328714
39 51 203.506 204.122 0.616464
34 51 205.627 206.243 0.616466
48 52 205.73 206.347 0.616463
27 0 209.2 0 -209.2
42 52 222.622 222.95 0.328717
38 0 206.434 0 -206.434
47 52 208.43 209.047 0.616455
18 0 208.328 0 -208.328
13 0 209.833 0 -209.833
35 51 211.13 211.746 0.616464
44 0 211.478 0 -211.478
28 0 212.544 0 -212.544
7 0 227.826 0 -227.826
29 51 211.8 212.417 0.616466
15 51 211.672 212.289 0.616464
2 0 225.202 0 -225.202
10 0 231.246 0 -231.246
19 0 230.172 0 -230.172
13 0 270.861 0 -270.861
36 0 871.396 0 -871.396
22 0 1105.95 0 -1105.95
42 52 287.705 288.034 0.328717
4 51 1108.11 1108.72 0.616464
35 51 272.158 272.774 0.616464
44 0 272.507 0 -272.507
1 0 1108.22 0 -1108.22
15 51 272.701 273.317 0.616464
29 51 272.829 273.445 0.616466
28 0 273.572 0 -273.572
2 0 290.285 0 -290.285
7 0 292.91 0 -292.91
45 0 855.999 0 -855.999
41 51 847.628 847.802 0.174604
19 0 295.255 0 -295.255
30 0 563.787 0 -563.787
35 51 1126.55 1127.17 0.616464
12 0 559.202 0 -559.202
10 0 296.33 0 -296.33
41 51 277.628 277.802 0.174604
6 0 277.793 0 -277.793
5 0 301.075 0 -301.075
43 51 305.803 306.131 0.328715
11 0 305.025 0 -305.025
49 0 288.632 0 -288.632
46 51 312.181 312.51 0.328714
40 51 312.79 313.118 0.328714
42 52 320.247 320.575 0.328717
2 0 322.827 0 -322.827
7 0 325.451 0 -325.451
45 0 306.743 0 -306.743
3 0 307.208 0 -307.208
19 0 327.797 0 -327.797
10 0 328.872 0 -328.872
24 0 308.838 0 -308.838
23 0 308.965 0 -308.965
31 0 310.865 0 -310.865
37 0 311.028 0 -311.028
8 0 312.428 0 -312.428
22 0 312.583 0 -312.583
9 0 312.167 0 -312.167
41 51 307.628 307.802 0.174604
6 0 307.793 0 -307.793
4 51 314.738 315.355 0.616464
5 0 333.616 0 -333.616
1 0 314.853 0 -314.853
12 0 315.088 0 -315.088
26 0 316.592 0 -316.592
11 0 337.567 0 -337.567
32 51 317.431 318.048 0.616467
16 0 319.555 0 -319.555
43 51 338.344 338.673 0.328715
17 51 317.75 318.366 0.616467
0 0 323.686 0 -323.686
14 0 318.857 0 -318.857
30 0 319.674 0 -319.674
21 0 320.25 0 -320.25
49 0 318.632 0 -318.632
36 0 322.141 0 -322.141
33 0 323.103 0 -323.103
20 0 324.001 0 -324.001
46 51 344.723 345.052 0.328714
25 52 324.574 325.191 0.616465
40 51 345.331 345.66 0.328714
39 51 325.563 326.179 0.616464
38 0 328.491 0 -328.491
34 51 327.684 328.3 0.616466
48 52 327.787 328.403 0.616463
27 0 331.257 0 -331.257
47 52 330.487 331.103 0.616455
18 0 330.385 0 -330.385
42 52 352.788 353.117 0.328717
2 0 355.368 0 -355.368
13 0 331.889 0 -331.889
35 51 333.186 333.803 0.616464
44 0 333.535 0 -333.535
29 0 333.857 0 -333.857
15 0 333.729 0 -333.729
28 0 334.601 0 -334.601
7 0 357.993 0 -357.993
19 0 360.339 0 -360.339
10 0 361.413 0 -361.413
41 51 337.628 337.802 0.174604
6 0 337.793 0 -337.793
5 0 366.158 0 -366.158
11 0 370.109 0 -370.109
43 51 370.886 371.215 0.328715
49 0 348.632 0 -348.632
46 51 377.265 377.593 0.328714
40 51 377.873 378.202 0.328714
42 52 385.33 385.659 0.328717
2 0 387.91 0 -387.91
45 0 367.772 0 -367.772
3 0 368.237 0 -368.237
24 51 369.866 370.483 0.616465
23 0 369.994 0 -369.994
31 51 371.894 372.51 0.616467
37 51 372.057 372.673 0.616464
9 0 373.195 0 -373.195
8 51 373.456 374.073 0.616465
22 0 373.611 0 -373.611
41 51 367.628 367.802 0.174604
6 0 367.793 0 -367.793
4 51 375.767 376.383 0.616464
1 0 375.881 0 -375.881
12 0 376.116 0 -376.116
26 0 377.62 0 -377.62
32 51 378.46 379.076 0.616467
17 51 378.778 379.394 0.616467
14 0 379.885 0 -379.885
30 0 380.702 0 -380.702
16 0 380.584 0 -380.584
21 0 381.278 0 -381.278
49 0 378.632 0 -378.632
33 0 384.131 0 -384.131
0 0 384.714 0 -384.714
20 0 385.029 0 -385.029
25 52 385.602 386.219 0.616465
39 51 386.591 387.207 0.616464
34 51 388.712 389.328 0.616466
48 52 388.815 389.432 0.616463
38 0 389.519 0 -389.519
18 0 391.413 0 -391.413
47 52 391.515 392.132 0.616455
15 0 394.758 0 -394.758
27 0 392.285 0 -392.285
13 0 392.918 0 -392.918
35 51 394.215 394.831 0.616464
44 0 394.563 0 -394.563
7 0 390.535 0 -390.535
29 0 394.885 0 -394.885
28 0 395.629 0 -395.629
19 0 392.88 0 -392.88
10 0 393.955 0 -393.955
41 51 397.628 397.802 0.174604
6 0 397.793 0 -397.793
5 0 398.7 0 -398.7
11 0 402.651 0 -402.651
43 51 403.428 403.756 0.328715
49 0 408.632 0 -408.632
46 51 409.806 410.135 0.328714
40 51 410.415 410.743 0.328714
42 52 417.872 418.201 0.328717
2 0 420.452 0 -420.452
45 0 428.8 0 -428.8
7 0 423.076 0 -423.076
3 0 429.265 0 -429.265
19 0 425.422 0 -425.422
10 0 426.497 0 -426.497
24 0 430.894 0 -430.894
23 0 431.022 0 -431.022
31 0 432.922 0 -432.922
37 0 433.085 0 -433.085
9 0 434.223 0 -434.223
8 0 434.485 0 -434.485
22 0 434.64 0 -434.64
41 51 427.628 427.802 0.174604
6 0 427.793 0 -427.793
4 0 436.795 0 -436.795
5 0 431.242 0 -431.242
1 0 436.91 0 -436.91
12 0 437.145 0 -437.145
26 0 438.649 0 -438.649
11 0 435.192 0 -435.192
32 51 439.488 440.105 0.616467
17 51 439.806 440.423 0.616467
43 51 435.969 436.298 0.328715
14 0 440.913 0 -440.913
16 0 441.612 0 -441.612
30 0 441.731 0 -441.731
21 0 442.307 0 -442.307
33 0 445.16 0 -445.16
0 0 445.742 0 -445.742
36 0 444.198 0 -444.198
49 0 438.632 0 -438.632
20 0 446.057 0 -446.057
46 51 442.348 442.677 0.328714
25 52 446.631 447.247 0.616465
40 51 442.956 443.285 0.328714
34 51 449.74 450.357 0.616466
39 51 447.619 448.236 0.616464
48 52 449.843 450.46 0.616463
47 52 452.544 453.16 0.616455
27 0 453.313 0 -453.313
18 0 452.442 0 -452.442
38 0 450.547 0 -450.547
13 0 453.946 0 -453.946
2 0 452.993 0 -452.993
29 51 455.914 456.53 0.616466
35 51 455.243 455.859 0.616464
42 52 450.413 450.742 0.328717
44 0 455.592 0 -455.592
15 51 455.786 456.402 0.616464
28 0 456.657 0 -456.657
7 0 455.618 0 -455.618
19 0 457.964 0 -457.964
10 0 459.038 0 -459.038
41 51 457.628 457.802 0.174604
6 0 457.793 0 -457.793
5 0 463.783 0 -463.783
11 0 467.734 0 -467.734
43 51 468.511 468.84 0.328715
49 0 468.632 0 -468.632
46 51 474.89 475.218 0.328714
40 51 475.498 475.827 0.328714
42 52 482.955 483.284 0.328717
2 0 485.535 0 -485.535
7 0 488.16 0 -488.16
45 0 489.829 0 -489.829
3 0 490.293 0 -490.293
19 0 490.505 0 -490.505
31 0 493.95 0 -493.95
23 0 492.05 0 -492.05
24 51 491.923 492.539 0.616465
10 0 491.58 0 -491.58
9 0 495.252 0 -495.252
37 0 494.113 0 -494.113
8 51 495.513 496.13 0.616465
22 0 495.668 0 -495.668
41 51 487.628 487.802 0.174604
6 0 487.793 0 -487.793
5 0 496.325 0 -496.325
4 51 497.824 498.44 0.616464
1 0 497.938 0 -497.938
12 0 498.173 0 -498.173
26 0 499.677 0 -499.677
11 0 500.276 0 -500.276
32 0 500.516 0 -500.516
14 0 501.942 0 -501.942
16 0 502.64 0 -502.64
43 51 501.053 501.381 0.328715
17 0 500.835 0 -500.835
21 0 503.335 0 -503.335
30 0 502.759 0 -502.759
36 0 505.226 0 -505.226
33 0 506.188 0 -506.188
20 0 507.086 0 -507.086
49 0 498.632 0 -498.632
0 0 506.771 0 -506.771
46 51 507.431 507.76 0.328714
25 52 507.659 508.276 0.616465
40 51 508.04 508.368 0.328714
39 51 508.648 509.264 0.616464
38 0 511.576 0 -511.576
18 0 513.47 0 -513.47
34 51 510.769 511.385 0.616466
48 52 510.872 511.488 0.616463
47 52 513.572 514.189 0.616455
27 0 514.342 0 -514.342
13 0 514.975 0 -514.975
42 52 515.497 515.826 0.328717
15 51 516.814 517.431 0.616464
35 51 516.271 516.888 0.616464
29 51 516.942 517.559 0.616466
7 0 520.701 0 -520.701
44 0 516.62 0 -516.62
2 0 518.077 0 -518.077
28 0 517.686 0 -517.686
19 0 523.047 0 -523.047
10 0 524.122 0 -524.122
41 51 517.628 517.802 0.174604
6 0 517.793 0 -517.793
5 0 528.867 0 -528.867
11 0 532.817 0 -532.817
43 51 533.594 533.923 0.328715
49 0 528.632 0 -528.632
46 51 539.973 540.302 0.328714
40 51 540.581 540.91 0.328714
42 52 548.039 548.367 0.328717
2 0 550.618 0 -550.618
7 0 553.243 0 -553.243
10 0 556.663 0 -556.663
3 0 551.322 0 -551.322
45 0 550.857 0 -550.857
19 0 555.589 0 -555.589
34 51 571.797 572.413 0.616466
3 0 1100.58 0 -1100.58
48 52 571.9 572.517 0.616463
38 0 572.604 0 -572.604
18 0 574.498 0 -574.498
47 52 574.6 575.217 0.616455
4 51 863.994 864.61 0.616464
1 0 864.108 0 -864.108
11 0 1151.11 0 -1151.11
27 0 575.37 0 -575.37
35 51 577.3 577.916 0.616464
44 0 577.648 0 -577.648
42 52 580.58 580.909 0.328717
13 0 576.003 0 -576.003
29 0 577.971 0 -577.971
15 0 577.843 0 -577.843
14 0 1112.23 0 -1112.23
30 0 1113.04 0 -1113.04
45 0 1100.11 0 -1100.11
7 0 585.785 0 -585.785
2 0 583.16 0 -583.16
28 0 578.714 0 -578.714
19 0 588.131 0 -588.131
10 0 589.205 0 -589.205
41 51 577.628 577.802 0.174604
6 0 577.793 0 -577.793
5 0 593.95 0 -593.95
43 51 598.678 599.007 0.328715
11 0 597.901 0 -597.901
49 0 588.632 0 -588.632
46 51 605.057 605.385 0.328714
40 51 605.665 605.994 0.328714
42 52 613.122 613.451 0.328717
7 0 618.326 0 -618.326
45 0 611.885 0 -611.885
2 0 615.702 0 -615.702
19 0 620.672 0 -620.672
3 0 612.35 0 -612.35
10 0 621.747 0 -621.747
24 51 613.98 614.596 0.616465
23 0 614.107 0 -614.107
41 51 607.628 607.802 0.174604
37 0 616.17 0 -616.17
31 0 616.007 0 -616.007
22 0 617.725 0 -617.725
8 0 617.57 0 -617.57
9 0 617.308 0 -617.308
6 0 607.793 0 -607.793
4 51 619.88 620.497 0.616464
5 0 626.492 0 -626.492
1 0 619.995 0 -619.995
12 0 620.23 0 -620.23
26 0 621.734 0 -621.734
11 0 630.442 0 -630.442
32 51 622.573 623.19 0.616467
17 51 622.891 623.508 0.616467
43 51 631.219 631.548 0.328715
30 0 624.816 0 -624.816
16 0 624.697 0 -624.697
14 0 623.998 0 -623.998
36 0 627.283 0 -627.283
21 0 625.392 0 -625.392
33 0 628.245 0 -628.245
0 0 628.828 0 -628.828
49 0 618.632 0 -618.632
20 0 629.142 0 -629.142
46 51 637.598 637.927 0.328714
25 52 629.716 630.332 0.616465
40 51 638.207 638.535 0.328714
39 51 630.704 631.321 0.616464
47 52 635.629 636.245 0.616455
34 51 632.825 633.442 0.616466
48 52 632.929 633.545 0.616463
38 0 633.632 0 -633.632
18 0 635.527 0 -635.527
27 0 636.398 0 -636.398
13 0 637.031 0 -637.031
42 52 645.664 645.992 0.328717
35 51 638.328 638.944 0.616464
44 0 638.677 0 -638.677
15 51 638.871 639.487 0.616464
29 51 638.999 639.615 0.616466
28 0 639.742 0 -639.742
2 0 648.244 0 -648.244
7 0 650.868 0 -650.868
19 0 653.214 0 -653.214
10 0 654.289 0 -654.289
41 51 637.628 637.802 0.174604
6 0 637.793 0 -637.793
5 0 659.033 0 -659.033
11 0 662.984 0 -662.984
43 51 663.761 664.09 0.328715
49 0 648.632 0 -648.632
46 51 670.14 670.469 0.328714
40 51 670.748 671.077 0.328714
42 52 678.205 678.534 0.328717
2 0 680.785 0 -680.785
7 0 683.41 0 -683.41
45 0 672.914 0 -672.914
3 0 673.378 0 -673.378
19 0 685.756 0 -685.756
10 0 686.83 0 -686.83
24 51 675.008 675.624 0.616465
23 0 675.135 0 -675.135
9 0 678.337 0 -678.337
8 0 678.598 0 -678.598
31 51 677.036 677.652 0.616467
37 51 677.198 677.815 0.616464
22 0 678.753 0 -678.753
41 51 667.628 667.802 0.174604
6 0 667.793 0 -667.793
4 51 680.909 681.525 0.616464
5 0 691.575 0 -691.575
1 0 681.023 0 -681.023
12 0 681.258 0 -681.258
32 51 683.601 684.218 0.616467
17 51 683.92 684.536 0.616467
11 0 695.526 0 -695.526
26 0 682.762 0 -682.762
43 51 696.303 696.632 0.328715
14 0 685.027 0 -685.027
42 52 1133.79 1134.12 0.328717
43 51 826.47 826.798 0.328715
16 0 685.725 0 -685.725
30 0 685.844 0 -685.844
22 0 861.838 0 -861.838
34 0 1121.05 0 -1121.05
21 0 686.42 0 -686.42
36 0 688.311 0 -688.311
46 51 702.682 703.01 0.328714
33 0 689.273 0 -689.273
49 0 678.632 0 -678.632
0 0 689.856 0 -689.856
20 0 690.171 0 -690.171
39 51 691.733 692.349 0.616464
25 52 690.744 691.361 0.616465
40 51 703.29 703.619 0.328714
38 0 694.661 0 -694.661
34 0 693.854 0 -693.854
48 0 693.957 0 -693.957
18 0 696.555 0 -696.555
47 52 696.657 697.274 0.616455
27 0 697.427 0 -697.427
13 0 698.06 0 -698.06
42 52 710.747 711.076 0.328717
35 51 699.356 699.973 0.616464
44 0 699.705 0 -699.705
15 0 699.899 0 -699.899
29 0 700.027 0 -700.027
28 0 700.771 0 -700.771
2 0 713.327 0 -713.327
7 0 715.952 0 -715.952
10 0 719.372 0 -719.372
19 0 718.297 0 -718.297
41 51 697.628 697.802 0.174604
6 0 697.793 0 -697.793
5 0 724.117 0 -724.117
11 0 728.068 0 -728.068
43 51 728.845 729.173 0.328715
49 0 708.632 0 -708.632
46 51 735.223 735.552 0.328714
40 51 735.832 736.16 0.328714
42 52 743.289 743.617 0.328717
2 0 745.869 0 -745.869
7 0 748.493 0 -748.493
45 0 733.942 0 -733.942
3 0 734.407 0 -734.407
19 0 750.839 0 -750.839
10 0 751.914 0 -751.914
24 0 736.036 0 -736.036
23 0 736.164 0 -736.164
31 51 738.064 738.68 0.616467
37 51 738.227 738.843 0.616464
9 0 739.365 0 -739.365
8 51 739.627 740.243 0.616465
22 0 739.782 0 -739.782
41 51 727.628 727.802 0.174604
6 0 727.793 0 -727.793
5 0 756.658 0 -756.658
11 0 760.609 0 -760.609
12 0 742.287 0 -742.287
1 0 742.051 0 -742.051
4 0 741.937 0 -741.937
26 0 743.79 0 -743.79
17 51 744.948 745.565 0.616467
32 51 744.63 745.246 0.616467
43 51 761.386 761.715 0.328715
14 0 746.055 0 -746.055
16 0 746.754 0 -746.754
30 0 746.873 0 -746.873
21 0 747.449 0 -747.449
33 0 750.301 0 -750.301
36 0 749.34 0 -749.34
0 0 750.884 0 -750.884
49 0 738.632 0 -738.632
25 52 751.773 752.389 0.616465
34 0 754.882 0 -754.882
46 51 767.765 768.094 0.328714
20 0 751.199 0 -751.199
40 51 768.373 768.702 0.328714
39 51 752.761 753.378 0.616464
48 0 754.985 0 -754.985
38 0 755.689 0 -755.689
47 52 757.685 758.302 0.616455
18 0 757.583 0 -757.583
27 0 758.455 0 -758.455
13 0 759.088 0 -759.088
42 52 775.83 776.159 0.328717
35 51 760.385 761.001 0.616464
44 0 760.733 0 -760.733
15 51 760.928 761.544 0.616464
29 51 761.056 761.672 0.616466
28 0 761.799 0 -761.799
2 0 778.41 0 -778.41
14 0 868.112 0 -868.112
41 51 757.628 757.802 0.174604
6 0 757.793 0 -757.793
11 0 825.693 0 -825.693
6 0 847.793 0 -847.793
33 0 872.358 0 -872.358
49 0 768.632 0 -768.632
7 0 781.035 0 -781.035
45 0 794.97 0 -794.97
3 0 795.435 0 -795.435
19 0 783.381 0 -783.381
10 0 784.455 0 -784.455
24 0 797.065 0 -797.065
23 0 797.192 0 -797.192
31 0 799.092 0 -799.092
37 0 799.255 0 -799.255
9 0 800.394 0 -800.394
8 51 800.655 801.271 0.616465
22 0 800.81 0 -800.81
41 51 787.628 787.802 0.174604
6 0 787.793 0 -787.793
4 0 802.965 0 -802.965
5 0 789.2 0 -789.2
1 0 803.08 0 -803.08
12 0 803.315 0 -803.315
26 0 804.819 0 -804.819
11 0 793.151 0 -793.151
32 0 805.658 0 -805.658
17 0 805.976 0 -805.976
43 51 793.928 794.257 0.328715
14 0 807.083 0 -807.083
33 0 811.33 0 -811.33
21 0 808.477 0 -808.477
30 0 807.901 0 -807.901
16 0 807.782 0 -807.782
36 0 810.368 0 -810.368
49 0 798.632 0 -798.632
0 0 811.913 0 -811.913
20 0 812.227 0 -812.227
46 51 800.307 800.635 0.328714
25 52 812.801 813.417 0.616465
40 51 800.915 801.244 0.328714
39 51 813.789 814.406 0.616464
34 0 815.91 0 -815.91
38 0 816.717 0 -816.717
48 0 816.014 0 -816.014
18 0 818.612 0 -818.612
47 52 818.714 819.33 0.616455
27 0 819.483 0 -819.483
13 0 820.116 0 -820.116
42 52 808.372 808.701 0.328717
35 51 821.413 822.03 0.616464
44 0 821.762 0 -821.762
15 0 821.956 0 -821.956
2 0 810.952 0 -810.952
7 0 813.577 0 -813.577
28 0 822.827 0 -822.827
29 0 822.084 0 -822.084
43 51 1151.89 1152.22 0.328715
0 0 872.941 0 -872.941
49 0 858.632 0 -858.632
20 0 873.256 0 -873.256
7 0 1106.45 0 -1106.45
37 51 1104.4 1105.01 0.616464
46 51 865.39 865.719 0.328714
40 51 865.998 866.327 0.328714
25 52 873.829 874.446 0.616465
39 51 874.818 875.434 0.616464
23 0 1102.33 0 -1102.33
29 51 1127.23 1127.84 0.616466
34 51 876.939 877.555 0.616466
48 52 877.042 877.658 0.616463
38 0 877.746 0 -877.746
0 0 1117.05 0 -1117.05
27 0 880.512 0 -880.512
47 52 879.742 880.359 0.616455
18 0 879.64 0 -879.64
44 0 882.79 0 -882.79
13 0 881.145 0 -881.145
42 52 873.456 873.784 0.328717
35 51 882.441 883.058 0.616464
15 0 882.984 0 -882.984
29 0 883.112 0 -883.112
28 0 883.856 0 -883.856
2 0 876.035 0 -876.035
7 0 878.66 0 -878.66
19 0 881.006 0 -881.006
41 51 1117.63 1117.8 0.174604
27 0 1124.63 0 -1124.63
10 0 882.08 0 -882.08
41 51 877.628 877.802 0.174604
5 0 886.825 0 -886.825
6 0 877.793 0 -877.793
11 0 890.776 0 -890.776
43 51 891.553 891.882 0.328715
49 0 888.632 0 -888.632
46 51 897.932 898.261 0.328714
40 51 898.54 898.869 0.328714
42 52 905.997 906.326 0.328717
2 0 908.577 0 -908.577
3 0 917.492 0 -917.492
7 0 911.202 0 -911.202
45 0 917.027 0 -917.027
19 0 913.547 0 -913.547
10 0 914.622 0 -914.622
24 0 919.121 0 -919.121
23 0 919.249 0 -919.249
31 0 921.149 0 -921.149
37 0 921.312 0 -921.312
22 0 922.867 0 -922.867
41 51 907.628 907.802 0.174604
8 51 922.712 923.328 0.616465
9 0 922.45 0 -922.45
6 0 907.793 0 -907.793
5 0 919.367 0 -919.367
4 51 925.022 925.638 0.616464
1 0 925.136 0 -925.136
12 0 925.372 0 -925.372
26 0 926.875 0 -926.875
11 0 923.318 0 -923.318
32 0 927.715 0 -927.715
17 0 928.033 0 -928.033
43 51 924.095 924.423 0.328715
14 0 929.14 0 -929.14
16 0 929.839 0 -929.839
30 0 929.958 0 -929.958
21 0 930.534 0 -930.534
36 0 932.425 0 -932.425
33 0 933.386 0 -933.386
0 0 933.969 0 -933.969
49 0 918.632 0 -918.632
20 0 934.284 0 -934.284
46 51 930.473 930.802 0.328714
25 52 934.858 935.474 0.616465
40 51 931.082 931.41 0.328714
39 51 935.846 936.463 0.616464
34 51 937.967 938.584 0.616466
48 52 938.07 938.687 0.616463
38 0 938.774 0 -938.774
44 0 943.818 0 -943.818
13 0 942.173 0 -942.173
47 52 940.771 941.387 0.616455
18 0 940.668 0 -940.668
42 52 938.539 938.868 0.328717
27 0 941.54 0 -941.54
35 51 943.47 944.086 0.616464
15 0 944.013 0 -944.013
29 0 944.141 0 -944.141
28 0 944.884 0 -944.884
2 0 941.119 0 -941.119
7 0 943.743 0 -943.743
10 0 947.164 0 -947.164
19 0 946.089 0 -946.089
41 51 937.628 937.802 0.174604
6 0 937.793 0 -937.793
5 0 951.909 0 -951.909
11 0 955.859 0 -955.859
43 51 956.636 956.965 0.328715
44 0 1126.9 0 -1126.9
49 0 948.632 0 -948.632
46 51 963.015 963.344 0.328714
40 51 963.623 963.952 0.328714
42 52 971.081 971.409 0.328717
2 0 973.661 0 -973.661
7 0 976.285 0 -976.285
45 0 978.055 0 -978.055
3 0 978.52 0 -978.52
19 0 978.631 0 -978.631
23 0 980.277 0 -980.277
24 51 980.15 980.766 0.616465
10 0 979.705 0 -979.705
8 51 983.74 984.356 0.616465
9 0 983.479 0 -983.479
37 0 982.34 0 -982.34
31 0 982.177 0 -982.177
22 0 983.895 0 -983.895
41 51 967.628 967.802 0.174604
6 0 967.793 0 -967.793
4 51 986.05 986.667 0.616464
5 0 984.45 0 -984.45
1 0 986.165 0 -986.165
12 0 986.4 0 -986.4
43 51 989.178 989.507 0.328715
32 0 988.743 0 -988.743
11 0 988.401 0 -988.401
26 0 987.904 0 -987.904
17 0 989.061 0 -989.061
14 0 990.169 0 -990.169
16 0 990.867 0 -990.867
30 0 990.986 0 -990.986
21 0 991.562 0 -991.562
36 0 993.453 0 -993.453
33 0 994.415 0 -994.415
0 0 994.998 0 -994.998
18 0 1123.75 0 -1123.75
49 0 978.632 0 -978.632
20 0 995.313 0 -995.313
46 51 995.557 995.886 0.328714
25 52 995.886 996.502 0.616465
40 51 996.165 996.494 0.328714
39 51 996.874 997.491 0.616464
38 0 999.803 0 -999.803
18 0 1001.7 0 -1001.7
34 51 998.995 999.612 0.616466
48 52 999.099 999.715 0.616463
47 52 1001.8 1002.42 0.616455
27 0 1002.57 0 -1002.57
35 51 1004.5 1005.11 0.616464
44 0 1004.85 0 -1004.85
42 52 1003.62 1003.95 0.328717
13 0 1003.2 0 -1003.2
15 51 1005.04 1005.66 0.616464
29 51 1005.17 1005.79 0.616466
28 0 1005.91 0 -1005.91
7 0 1008.83 0 -1008.83
2 0 1006.2 0 -1006.2
10 0 1012.25 0 -1012.25
19 0 1011.17 0 -1011.17
6 0 997.793 0 -997.793
41 51 997.628 997.802 0.174604
43 51 1021.72 1022.05 0.328715
5 0 1016.99 0 -1016.99
11 0 1020.94 0 -1020.94
49 0 1008.63 0 -1008.63
46 51 1028.1 1028.43 0.328714
40 51 1028.71 1029.04 0.328714
42 52 1036.16 1036.49 0.328717
2 0 1038.74 0 -1038.74
7 0 1041.37 0 -1041.37
45 0 1039.08 0 -1039.08
10 0 1044.79 0 -1044.79
24 51 1041.18 1041.79 0.616465
19 0 1043.71 0 -1043.71
3 0 1039.55 0 -1039.55
31 51 1043.21 1043.82 0.616467
23 0 1041.31 0 -1041.31
37 51 1043.37 1043.98 0.616464
9 0 1044.51 0 -1044.51
8 0 1044.77 0 -1044.77
22 0 1044.92 0 -1044.92
41 51 1027.63 1027.8 0.174604
6 0 1027.79 0 -1027.79
5 0 1049.53 0 -1049.53
11 0 1053.48 0 -1053.48
12 0 1047.43 0 -1047.43
4 51 1047.08 1047.7 0.616464
1 0 1047.19 0 -1047.19
26 0 1048.93 0 -1048.93
17 51 1050.09 1050.71 0.616467
32 51 1049.77 1050.39 0.616467
43 51 1054.26 1054.59 0.328715
14 0 1051.2 0 -1051.2
16 0 1051.9 0 -1051.9
30 0 1052.01 0 -1052.01
21 0 1052.59 0 -1052.59
33 0 1055.44 0 -1055.44
0 0 1056.03 0 -1056.03
36 0 1054.48 0 -1054.48
49 0 1038.63 0 -1038.63
20 0 1056.34 0 -1056.34
46 51 1060.64 1060.97 0.328714
25 52 1056.91 1057.53 0.616465
40 51 1061.25 1061.58 0.328714
39 51 1057.9 1058.52 0.616464
38 0 1060.83 0 -1060.83
48 52 1060.13 1060.74 0.616463
34 51 1060.02 1060.64 0.616466
13 0 1064.23 0 -1064.23
18 0 1062.73 0 -1062.73
47 52 1062.83 1063.44 0.616455
27 0 1063.6 0 -1063.6
42 52 1068.71 1069.03 0.328717
28 0 1066.94 0 -1066.94
15 51 1066.07 1066.69 0.616464
44 0 1065.88 0 -1065.88
35 51 1065.53 1066.14 0.616464
29 51 1066.2 1066.81 0.616466
2 0 1071.29 0 -1071.29
7 0 1073.91 0 -1073.91
19 0 1076.26 0 -1076.26
10 0 1077.33 0 -1077.33
38 0 1121.86 0 -1121.86
6 0 1057.79 0 -1057.79
41 51 1057.63 1057.8 0.174604
5 0 1082.08 0 -1082.08
43 51 1086.8 1087.13 0.328715
11 0 1086.03 0 -1086.03
49 0 1068.63 0 -1068.63
40 51 1093.79 1094.12 0.328714
46 51 1093.18 1093.51 0.328714
49 0 1128.63 0 -1128.63
46 51 1158.27 1158.59 0.328714
40 51 1158.87 1159.2 0.328714
42 52 1166.33 1166.66 0.328717
2 0 1168.91 0 -1168.91
45 0 1161.14 0 -1161.14
3 0 1161.61 0 -1161.61
24 51 1163.23 1163.85 0.616465
23 0 1163.36 0 -1163.36
31 51 1165.26 1165.88 0.616467
37 51 1165.43 1166.04 0.616464
9 0 1166.56 0 -1166.56
8 0 1166.83 0 -1166.83
22 0 1166.98 0 -1166.98
41 51 1147.63 1147.8 0.174604
6 0 1147.79 0 -1147.79
4 51 1169.14 1169.75 0.616464
1 0 1169.25 0 -1169.25
12 0 1169.49 0 -1169.49
26 0 1170.99 0 -1170.99
16 0 1173.95 0 -1173.95
17 51 1172.15 1172.76 0.616467
32 51 1171.83 1172.44 0.616467
14 0 1173.25 0 -1173.25
21 0 1174.65 0 -1174.65
30 0 1174.07 0 -1174.07
36 0 1176.54 0 -1176.54
33 0 1177.5 0 -1177.5
0 0 1178.08 0 -1178.08
20 0 1178.4 0 -1178.4
49 0 1158.63 0 -1158.63
34 51 1182.08 1182.7 0.616466
25 52 1178.97 1179.59 0.616465
38 0 1182.89 0 -1182.89
39 51 1179.96 1180.58 0.616464
48 52 1182.18 1182.8 0.616463
29 51 1188.25 1188.87 0.616466
18 0 1184.78 0 -1184.78
47 52 1184.88 1185.5 0.616455
27 0 1185.65 0 -1185.65
44 0 1187.93 0 -1187.93
13 0 1186.29 0 -1186.29
35 51 1187.58 1188.2 0.616464
15 51 1188.13 1188.74 0.616464
28 0 1189 0 -1189
45 0 1222.17 0 -1222.17
3 0 1222.63 0 -1222.63
7 0 1171.54 0 -1171.54
10 0 1174.96 0 -1174.96
19 0 1173.88 0 -1173.88
24 0 1224.26 0 -1224.26
23 0 1224.39 0 -1224.39
31 51 1226.29 1226.91 0.616467
37 51 1226.45 1227.07 0.616464
9 0 1227.59 0 -1227.59
8 0 1227.85 0 -1227.85
22 0 1228.01 0 -1228.01
41 51 1177.63 1177.8 0.174604
6 0 1177.79 0 -1177.79
11 0 1183.65 0 -1183.65
5 0 1179.7 0 -1179.7
12 0 1230.51 0 -1230.51
1 0 1230.28 0 -1230.28
4 0 1230.16 0 -1230.16
30 0 1235.1 0 -1235.1
26 0 1232.02 0 -1232.02
32 51 1232.86 1233.47 0.616467
17 51 1233.17 1233.79 0.616467
16 0 1234.98 0 -1234.98
14 0 1234.28 0 -1234.28
43 51 1184.43 1184.76 0.328715
33 0 1238.53 0 -1238.53
36 0 1237.57 0 -1237.57
21 0 1235.68 0 -1235.68
49 0 1188.63 0 -1188.63
0 0 1239.11 0 -1239.11
25 52 1240 1240.62 0.616465
46 51 1190.81 1191.14 0.328714
20 0 1239.43 0 -1239.43
40 51 1191.42 1191.74 0.328714
39 51 1240.99 1241.6 0.616464
34 0 1243.11 0 -1243.11
38 0 1243.92 0 -1243.92
18 0 1245.81 0 -1245.81
48 0 1243.21 0 -1243.21
27 0 1246.68 0 -1246.68
47 52 1245.91 1246.53 0.616455
13 0 1247.31 0 -1247.31
42 52 1198.87 1199.2 0.328717
35 51 1248.61 1249.23 0.616464
44 0 1248.96 0 -1248.96
15 51 1249.15 1249.77 0.616464
29 51 1249.28 1249.9 0.616466
2 0 1201.45 0 -1201.45
28 0 1250.03 0 -1250.03
