8 41 0.0860371 0.414746 0.328709
39 41 567.624 568.24 0.616463
18 42 78.8997 79.5162 0.61646
38 40 449.897 450.071 0.174596
0 41 461.875 461.972 0.0975432
1 41 2.26052 2.87697 0.616453
11 41 0.727596 0.825137 0.097541
34 40 441.18 441.797 0.616452
12 41 2.51188 3.12833 0.616456
5 41 681.986 682.602 0.616457
22 0 685.209 0 -685.209
30 41 446.413 446.51 0.097544
5 41 437.872 438.489 0.616457
35 40 5.14847 5.76492 0.616451
23 42 12.1592 12.7757 0.616456
33 40 452.632 453.248 0.616451
10 41 502.629 502.958 0.32871
6 41 7.51361 7.84231 0.328707
5 41 10.6738 11.2903 0.616457
35 40 493.375 493.992 0.616451
35 40 676.46 677.077 0.616451
8 41 488.211 488.54 0.328709
12 0 490.739 0 -490.739
1 41 490.487 491.104 0.616453
38 40 569.897 570.071 0.174596
0 41 11.8749 11.9724 0.0975432
9 41 13.1358 13.7522 0.616454
28 41 571.308 571.925 0.616458
34 40 13.982 14.5984 0.616452
10 41 470.088 470.416 0.32871
22 42 13.8975 14.5139 0.616463
29 41 14.0885 14.4173 0.328714
36 41 451.945 452.561 0.616467
15 0 477.267 0 -477.267
25 42 451.802 452.419 0.616456
37 41 444.928 445.257 0.328715
10 41 14.5038 14.8325 0.32871
31 41 456.963 457.579 0.616458
6 41 430.556 430.884 0.328707
4 41 14.7289 15.3453 0.616454
2 41 15.604 15.7015 0.0975394
25 42 573.859 574.476 0.616456
23 42 439.358 439.974 0.616456
22 0 807.266 0 -807.266
17 42 16.7859 17.4024 0.616463
39 41 18.3684 18.9848 0.616463
18 42 17.8713 18.4878 0.61646
20 42 454.381 454.997 0.616463
24 42 20.593 20.9217 0.328706
13 0 19.1784 0 -19.1784
27 42 20.9068 21.2356 0.328711
19 42 483.708 484.037 0.32872
7 41 483.941 484.269 0.328711
3 41 21.5527 22.1692 0.616456
39 41 445.567 446.183 0.616463
37 41 21.8858 22.2146 0.328715
28 41 22.0531 22.6696 0.616458
23 42 927.585 928.201 0.616456
21 42 485.002 485.331 0.328717
25 42 24.604 25.2204 0.616456
32 40 22.6515 23.268 0.616452
4 41 808.097 808.714 0.616454
36 41 24.7461 25.3626 0.616467
33 40 25.4334 26.0499 0.616451
20 42 27.1822 27.7986 0.616463
16 0 599.047 0 -599.047
13 0 439.178 0 -439.178
19 42 548.791 549.12 0.32872
15 0 27.2673 0 -27.2673
30 41 26.4126 26.5101 0.097544
8 41 585.837 586.165 0.328709
34 40 563.237 563.854 0.616452
26 42 27.7387 27.9133 0.174596
21 42 452.46 452.789 0.328717
10 41 795.504 795.833 0.32871
10 41 437.546 437.875 0.32871
14 42 27.8477 28.4642 0.61646
19 42 28.1242 28.4529 0.32872
34 40 807.351 807.967 0.616452
7 41 28.3569 28.6856 0.328711
26 42 477.739 477.913 0.174596
37 41 802.887 803.215 0.328715
4 41 441.927 442.544 0.616454
2 41 465.604 465.702 0.0975394
21 42 29.4184 29.7471 0.328717
16 0 29.0472 0 -29.0472
31 41 29.7642 30.3806 0.616458
9 41 440.334 440.951 0.616454
38 40 29.8965 30.0711 0.174596
28 41 693.365 693.981 0.616458
10 41 665.338 665.666 0.32871
13 0 1009.18 0 -1009.18
38 40 869.897 870.071 0.174596
8 41 716.003 716.332 0.328709
5 41 498.901 499.517 0.616457
12 0 673.824 0 -673.824
8 41 32.6277 32.9564 0.328709
11 41 30.7276 30.8251 0.097541
31 41 579.019 579.636 0.616458
22 42 502.124 502.741 0.616463
21 42 550.086 550.414 0.328717
6 41 40.0553 40.384 0.328707
0 41 41.8749 41.9724 0.0975432
27 42 476.491 476.819 0.328711
29 41 46.6302 46.959 0.328714
10 41 47.0455 47.3742 0.32871
2 41 45.604 45.7015 0.0975394
16 0 449.047 0 -449.047
13 0 49.1784 0 -49.1784
16 0 539.047 0 -539.047
9 41 501.363 501.979 0.616454
0 41 491.875 491.972 0.0975432
27 42 443.949 444.278 0.328711
27 0 53.4485 0 -53.4485
24 42 53.1347 53.4634 0.328706
16 0 569.047 0 -569.047
37 41 54.4275 54.7563 0.328715
1 41 551.516 552.132 0.616453
13 0 769.178 0 -769.178
22 0 441.096 0 -441.096
18 42 445.07 445.686 0.61646
30 41 56.4126 56.5101 0.097544
15 0 57.2673 0 -57.2673
17 42 443.984 444.601 0.616463
26 42 57.7387 57.9133 0.174596
30 41 686.413 686.51 0.097544
7 41 60.8986 61.2273 0.328711
19 42 60.6659 60.9946 0.32872
16 0 59.0472 0 -59.0472
21 42 61.9601 62.2888 0.328717
10 41 697.879 698.208 0.32871
19 42 581.333 581.662 0.32872
7 41 581.566 581.894 0.328711
38 40 59.8965 60.0711 0.174596
20 42 576.437 577.054 0.616463
15 0 897.267 0 -897.267
24 42 443.635 443.964 0.328706
11 41 60.7276 60.8251 0.097541
8 41 65.1694 65.4981 0.328709
1 41 63.2889 63.9053 0.616453
12 0 551.767 0 -551.767
38 40 539.897 540.071 0.174596
27 42 574.116 574.444 0.328711
18 42 689.183 689.8 0.61646
24 42 899.219 899.547 0.328706
7 41 614.107 614.436 0.328711
17 42 932.211 932.828 0.616463
2 41 555.604 555.702 0.0975394
12 41 63.5402 64.1567 0.616456
4 41 686.041 686.657 0.616454
10 41 567.713 568.041 0.32871
5 41 804.042 804.659 0.616457
7 41 549.024 549.353 0.328711
11 41 780.728 780.825 0.097541
3 41 448.751 449.368 0.616456
35 40 66.1768 66.7933 0.616451
5 41 71.7022 72.3186 0.616457
36 41 696.058 696.674 0.616467
0 41 71.8749 71.9724 0.0975432
6 41 72.597 72.9257 0.328707
16 0 809.047 0 -809.047
25 42 1001.06 1001.67 0.616456
7 41 451.399 451.728 0.328711
19 42 451.166 451.495 0.32872
23 42 73.1876 73.8041 0.616456
9 41 684.448 685.064 0.616454
29 41 79.1719 79.5007 0.328714
34 40 75.0103 75.6268 0.616452
22 42 74.9258 75.5423 0.616463
9 41 74.1641 74.7806 0.616454
4 41 75.7572 76.3737 0.616454
6 41 788.514 788.843 0.328707
10 41 79.5871 79.9159 0.32871
2 41 75.604 75.7015 0.0975394
4 41 1113.24 1113.86 0.616454
31 41 884.161 884.778 0.616458
0 41 791.875 791.972 0.0975432
11 41 450.728 450.825 0.097541
23 42 500.386 501.003 0.616456
14 42 577.103 577.719 0.61646
7 41 679.191 679.52 0.328711
39 41 79.3967 80.0132 0.616463
26 42 447.739 447.913 0.174596
13 0 79.1784 0 -79.1784
17 42 77.8142 78.4307 0.616463
2 41 495.604 495.702 0.0975394
26 42 597.739 597.913 0.174596
8 41 455.67 455.998 0.328709
5 41 559.929 560.545 0.616457
15 0 657.267 0 -657.267
4 41 502.956 503.572 0.616454
16 0 479.047 0 -479.047
7 41 711.733 712.061 0.328711
24 42 85.6764 86.0051 0.328706
3 41 82.5811 83.1975 0.616456
37 41 86.9692 87.2979 0.328715
0 41 431.875 431.972 0.0975432
30 41 656.413 656.51 0.097544
27 42 85.9902 86.319 0.328711
32 40 83.6799 84.2963 0.616452
28 0 83.0814 0 -83.0814
32 40 571.907 572.523 0.616452
27 42 801.908 802.236 0.328711
24 42 573.802 574.131 0.328706
36 41 85.7745 86.391 0.616467
34 40 502.209 502.825 0.616452
33 40 86.4618 87.0782 0.616451
25 42 85.6323 86.2488 0.616456
30 41 86.4126 86.5101 0.097544
15 0 447.267 0 -447.267
9 41 806.504 807.121 0.616454
19 42 678.958 679.287 0.32872
26 42 537.739 537.913 0.174596
29 41 469.672 470.001 0.328714
29 41 795.089 795.418 0.328714
14 42 455.046 455.663 0.61646
14 42 88.8761 89.4925 0.61646
7 41 93.4403 93.769 0.328711
18 42 567.127 567.743 0.61646
29 41 437.131 437.459 0.328714
15 0 87.2673 0 -87.2673
20 42 88.2105 88.827 0.616463
32 40 693.963 694.58 0.616452
26 42 87.7387 87.9133 0.174596
15 0 567.267 0 -567.267
19 42 93.2076 93.5363 0.32872
16 0 89.0472 0 -89.0472
21 42 94.5018 94.8305 0.328717
6 41 463.097 463.426 0.328707
13 0 469.178 0 -469.178
28 41 449.252 449.868 0.616458
6 41 105.139 105.467 0.328707
11 41 570.728 570.825 0.097541
6 41 690.889 691.218 0.328707
2 41 435.604 435.702 0.0975394
38 40 89.8965 90.0711 0.174596
31 41 90.7925 91.409 0.616458
11 41 90.7276 90.8251 0.097541
17 42 1115.3 1115.91 0.616463
0 41 671.875 671.972 0.0975432
8 41 97.7111 98.0398 0.328709
3 41 570.808 571.424 0.616456
34 40 685.294 685.91 0.616452
7 41 1134.77 1135.1 0.328711
7 41 809.358 809.686 0.328711
32 40 449.85 450.466 0.616452
3 41 692.865 693.481 0.616456
30 41 596.413 596.51 0.097544
2 41 765.604 765.702 0.0975394
30 41 566.413 566.51 0.097544
24 42 476.177 476.505 0.328706
0 41 101.875 101.972 0.0975432
29 41 111.714 112.042 0.328714
10 41 112.129 112.458 0.32871
2 41 105.604 105.702 0.0975394
13 0 109.178 0 -109.178
24 42 118.218 118.547 0.328706
27 42 118.532 118.861 0.328711
37 41 119.511 119.84 0.328715
30 41 116.413 116.51 0.097544
15 0 117.267 0 -117.267
26 42 117.739 117.913 0.174596
19 42 125.749 126.078 0.32872
7 41 125.982 126.311 0.328711
16 0 119.047 0 -119.047
21 42 127.043 127.372 0.328717
1 41 124.317 124.934 0.616453
38 40 119.897 120.071 0.174596
11 41 120.728 120.825 0.097541
8 41 130.253 130.582 0.328709
12 41 124.569 125.185 0.616456
0 41 131.875 131.972 0.0975432
35 40 127.205 127.822 0.616451
6 41 137.68 138.009 0.328707
23 42 134.216 134.832 0.616456
5 41 132.731 133.347 0.616457
9 41 135.192 135.809 0.616454
4 41 136.786 137.402 0.616454
29 41 144.255 144.584 0.328714
34 40 136.039 136.655 0.616452
22 42 135.954 136.571 0.616463
10 41 144.671 144.999 0.32871
2 41 135.604 135.702 0.0975394
32 40 144.708 145.325 0.616452
13 0 139.178 0 -139.178
17 42 138.843 139.459 0.616463
18 42 139.928 140.545 0.61646
39 41 140.425 141.042 0.616463
28 41 144.11 144.726 0.616458
27 42 151.074 151.402 0.328711
24 42 150.76 151.088 0.328706
3 41 143.609 144.226 0.616456
37 41 152.053 152.381 0.328715
25 42 146.661 147.277 0.616456
30 41 146.413 146.51 0.097544
36 41 146.803 147.419 0.616467
15 0 147.267 0 -147.267
33 40 147.49 148.107 0.616451
20 42 149.239 149.855 0.616463
26 42 147.739 147.913 0.174596
14 42 149.904 150.521 0.61646
31 41 151.821 152.437 0.616458
7 41 158.524 158.852 0.328711
16 0 149.047 0 -149.047
19 42 158.291 158.62 0.32872
21 42 159.585 159.914 0.328717
38 40 149.897 150.071 0.174596
8 41 162.795 163.123 0.328709
11 41 150.728 150.825 0.097541
6 41 170.222 170.551 0.328707
0 41 161.875 161.972 0.0975432
29 41 176.797 177.126 0.328714
10 41 177.212 177.541 0.32871
2 41 165.604 165.702 0.0975394
13 0 169.178 0 -169.178
27 42 183.615 183.944 0.328711
24 42 183.301 183.63 0.328706
37 41 184.594 184.923 0.328715
30 41 176.413 176.51 0.097544
15 0 177.267 0 -177.267
7 41 191.065 191.394 0.328711
26 42 177.739 177.913 0.174596
19 42 190.833 191.161 0.32872
16 0 179.047 0 -179.047
21 42 192.127 192.456 0.328717
38 40 179.897 180.071 0.174596
12 41 185.597 186.213 0.616456
11 41 180.728 180.825 0.097541
8 41 195.336 195.665 0.328709
1 41 185.346 185.962 0.616453
5 41 193.759 194.375 0.616457
6 41 202.764 203.092 0.328707
35 40 188.234 188.85 0.616451
23 42 195.244 195.861 0.616456
0 41 191.875 191.972 0.0975432
9 41 196.221 196.837 0.616454
22 42 196.983 197.599 0.616463
34 40 197.067 197.683 0.616452
29 41 209.339 209.667 0.328714
4 41 197.814 198.43 0.616454
10 41 209.754 210.083 0.32871
2 41 195.604 195.702 0.0975394
17 42 199.871 200.487 0.616463
27 42 216.157 216.486 0.328711
18 42 200.956 201.573 0.61646
39 41 201.453 202.07 0.616463
24 42 215.843 216.172 0.328706
13 0 199.178 0 -199.178
3 41 204.638 205.254 0.616456
28 41 205.138 205.755 0.616458
37 41 217.136 217.465 0.328715
32 40 205.737 206.353 0.616452
25 42 207.689 208.305 0.616456
36 41 207.831 208.448 0.616467
6 41 593.264 593.593 0.328707
8 41 553.295 553.624 0.328709
33 40 208.518 209.135 0.616451
15 0 207.267 0 -207.267
20 42 210.267 210.884 0.616463
15 0 597.267 0 -597.267
27 0 997.158 0 -997.158
30 41 476.413 476.51 0.097544
29 41 567.297 567.626 0.328714
30 41 206.413 206.51 0.097544
26 42 207.739 207.913 0.174596
16 0 899.047 0 -899.047
16 0 659.047 0 -659.047
11 41 540.728 540.825 0.097541
25 42 817.973 818.589 0.616456
14 42 210.933 211.549 0.61646
19 42 223.374 223.703 0.32872
7 41 223.607 223.936 0.328711
16 0 209.047 0 -209.047
38 40 209.897 210.071 0.174596
21 42 224.669 224.997 0.328717
31 41 212.849 213.466 0.616458
11 41 210.728 210.825 0.097541
8 41 227.878 228.207 0.328709
0 41 221.875 221.972 0.0975432
6 41 235.305 235.634 0.328707
10 41 242.296 242.624 0.32871
29 41 241.88 242.209 0.328714
2 41 225.604 225.702 0.0975394
27 42 248.699 249.027 0.328711
13 0 229.178 0 -229.178
24 42 248.385 248.714 0.328706
37 41 249.678 250.006 0.328715
15 0 237.267 0 -237.267
30 41 236.413 236.51 0.097544
26 42 237.739 237.913 0.174596
7 41 256.149 256.477 0.328711
19 42 255.916 256.245 0.32872
16 0 239.047 0 -239.047
21 42 257.21 257.539 0.328717
38 40 239.897 240.071 0.174596
11 41 240.728 240.825 0.097541
8 41 260.42 260.748 0.328709
1 41 246.374 246.99 0.616453
12 0 246.625 0 -246.625
35 40 249.262 249.878 0.616451
6 41 267.847 268.176 0.328707
0 41 251.875 251.972 0.0975432
23 42 256.273 256.889 0.616456
5 41 254.787 255.404 0.616457
9 41 257.249 257.866 0.616454
22 42 258.011 258.627 0.616463
34 40 258.095 258.712 0.616452
29 41 274.422 274.751 0.328714
10 41 274.837 275.166 0.32871
4 41 258.842 259.459 0.616454
2 41 255.604 255.702 0.0975394
27 42 281.24 281.569 0.328711
17 42 260.899 261.516 0.616463
28 40 266.167 266.783 0.616464
39 41 262.482 263.098 0.616463
18 42 261.985 262.601 0.61646
13 0 259.178 0 -259.178
24 42 280.927 281.255 0.328706
3 41 265.666 266.283 0.616456
37 41 282.219 282.548 0.328715
15 0 267.267 0 -267.267
33 40 269.547 270.163 0.616451
32 40 266.765 267.381 0.616452
25 42 268.717 269.334 0.616456
36 41 268.86 269.476 0.616467
20 42 271.296 271.912 0.616463
30 41 266.413 266.51 0.097544
14 42 271.961 272.578 0.61646
26 42 267.739 267.913 0.174596
21 42 289.752 290.081 0.328717
19 42 288.458 288.787 0.32872
16 0 269.047 0 -269.047
7 41 288.69 289.019 0.328711
38 40 269.897 270.071 0.174596
31 41 273.878 274.494 0.616458
8 41 292.961 293.29 0.328709
11 41 270.728 270.825 0.097541
6 41 300.389 300.718 0.328707
0 41 281.875 281.972 0.0975432
10 41 307.379 307.708 0.32871
29 41 306.964 307.293 0.328714
2 41 285.604 285.702 0.0975394
24 42 313.468 313.797 0.328706
13 0 289.178 0 -289.178
27 42 313.782 314.111 0.328711
37 41 314.761 315.09 0.328715
30 41 296.413 296.51 0.097544
15 0 297.267 0 -297.267
26 42 297.739 297.913 0.174596
7 41 321.232 321.561 0.328711
19 42 320.999 321.328 0.32872
16 0 299.047 0 -299.047
21 42 322.294 322.622 0.328717
38 40 299.897 300.071 0.174596
1 41 307.402 308.019 0.616453
12 0 307.654 0 -307.654
8 41 325.503 325.832 0.328709
11 41 300.728 300.825 0.097541
35 40 310.29 310.907 0.616451
6 41 332.931 333.259 0.328707
23 42 317.301 317.917 0.616456
9 41 318.278 318.894 0.616454
5 41 315.816 316.432 0.616457
0 41 311.875 311.972 0.0975432
0 41 581.875 581.972 0.0975432
17 42 688.098 688.714 0.616463
19 42 809.125 809.454 0.32872
34 40 319.124 319.74 0.616452
14 42 1248.41 1249.03 0.61646
27 42 704.282 704.611 0.328711
29 41 502.214 502.543 0.328714
8 41 683.462 683.79 0.328709
22 0 319.039 0 -319.039
29 41 339.506 339.834 0.328714
4 41 319.871 320.487 0.616454
10 41 339.921 340.249 0.32871
18 42 323.013 323.63 0.61646
26 42 567.739 567.913 0.174596
13 0 559.178 0 -559.178
38 40 659.897 660.071 0.174596
2 41 315.604 315.702 0.0975394
17 42 321.928 322.544 0.616463
39 41 323.51 324.127 0.616463
13 0 319.178 0 -319.178
33 40 330.575 331.192 0.616451
27 42 346.324 346.653 0.328711
24 42 346.01 346.339 0.328706
3 41 326.694 327.311 0.616456
28 40 327.195 327.811 0.616464
37 41 347.303 347.632 0.328715
32 40 327.793 328.41 0.616452
36 41 329.888 330.504 0.616467
15 0 327.267 0 -327.267
25 42 329.746 330.362 0.616456
20 42 332.324 332.94 0.616463
30 41 326.413 326.51 0.097544
14 42 332.989 333.606 0.61646
31 41 334.906 335.522 0.616458
26 42 327.739 327.913 0.174596
19 42 353.541 353.87 0.32872
7 41 353.774 354.103 0.328711
21 42 354.835 355.164 0.328717
16 0 329.047 0 -329.047
38 40 329.897 330.071 0.174596
11 41 330.728 330.825 0.097541
8 41 358.045 358.373 0.328709
6 41 365.472 365.801 0.328707
0 41 341.875 341.972 0.0975432
29 41 372.047 372.376 0.328714
10 41 372.462 372.791 0.32871
2 41 345.604 345.702 0.0975394
13 0 349.178 0 -349.178
27 0 378.866 0 -378.866
24 42 378.552 378.88 0.328706
37 41 379.844 380.173 0.328715
30 41 356.413 356.51 0.097544
15 0 357.267 0 -357.267
26 42 357.739 357.913 0.174596
19 42 386.083 386.412 0.32872
7 41 386.316 386.644 0.328711
21 42 387.377 387.706 0.328717
16 0 359.047 0 -359.047
38 40 359.897 360.071 0.174596
12 41 368.682 369.298 0.616456
11 41 360.728 360.825 0.097541
1 41 368.431 369.047 0.616453
35 40 371.319 371.935 0.616451
5 41 376.844 377.46 0.616457
0 41 371.875 371.972 0.0975432
23 42 378.329 378.946 0.616456
22 42 380.068 380.684 0.616463
34 40 380.152 380.769 0.616452
9 41 379.306 379.922 0.616454
4 41 380.899 381.515 0.616454
2 41 375.604 375.702 0.0975394
17 42 382.956 383.572 0.616463
39 41 384.538 385.155 0.616463
18 42 384.041 384.658 0.61646
13 0 379.178 0 -379.178
25 42 390.774 391.391 0.616456
32 40 388.822 389.438 0.616452
28 41 388.223 388.84 0.616458
3 41 387.723 388.339 0.616456
30 41 386.413 386.51 0.097544
36 41 390.916 391.533 0.616467
33 40 391.604 392.22 0.616451
15 0 387.267 0 -387.267
20 42 393.352 393.969 0.616463
26 42 387.739 387.913 0.174596
14 42 394.018 394.634 0.61646
16 0 389.047 0 -389.047
38 40 389.897 390.071 0.174596
31 41 395.934 396.551 0.616458
11 41 390.728 390.825 0.097541
8 41 390.586 390.915 0.328709
6 41 398.014 398.343 0.328707
0 41 401.875 401.972 0.0975432
29 41 404.589 404.918 0.328714
10 41 405.004 405.333 0.32871
2 41 405.604 405.702 0.0975394
13 0 409.178 0 -409.178
37 41 575.095 575.423 0.328715
37 41 477.47 477.798 0.328715
11 41 480.728 480.825 0.097541
6 41 495.639 495.968 0.328707
24 42 411.093 411.422 0.328706
27 42 411.407 411.736 0.328711
2 41 1095.6 1095.7 0.0975394
38 40 479.897 480.071 0.174596
24 42 801.594 801.922 0.328706
2 41 795.604 795.702 0.0975394
37 41 412.386 412.715 0.328715
30 41 416.413 416.51 0.097544
4 41 563.984 564.601 0.616454
19 42 613.875 614.203 0.32872
15 0 417.267 0 -417.267
26 42 417.739 417.913 0.174596
7 41 418.857 419.186 0.328711
19 42 418.625 418.953 0.32872
16 0 419.047 0 -419.047
38 40 419.897 420.071 0.174596
21 42 419.919 420.247 0.328717
12 41 429.71 430.327 0.616456
11 41 420.728 420.825 0.097541
8 41 423.128 423.457 0.328709
1 41 429.459 430.075 0.616453
35 40 432.347 432.963 0.616451
18 42 506.098 506.715 0.61646
39 41 506.595 507.212 0.616463
17 42 505.013 505.629 0.616463
13 0 499.178 0 -499.178
37 41 510.011 510.34 0.328715
1 41 673.572 674.189 0.616453
3 41 509.78 510.396 0.616456
24 42 508.718 509.047 0.328706
27 42 509.032 509.361 0.328711
16 0 689.047 0 -689.047
32 40 510.878 511.495 0.616452
0 41 551.875 551.972 0.0975432
28 41 510.28 510.896 0.616458
2 41 675.604 675.702 0.0975394
13 0 589.178 0 -589.178
24 42 606.344 606.672 0.328706
26 42 687.739 687.913 0.174596
17 42 566.041 566.658 0.616463
37 41 607.636 607.965 0.328715
6 41 560.722 561.051 0.328707
24 42 703.969 704.297 0.328706
35 40 554.404 555.02 0.616451
25 42 512.831 513.447 0.616456
36 41 512.973 513.589 0.616467
11 41 660.728 660.825 0.097541
29 41 697.464 697.793 0.328714
32 40 816.02 816.637 0.616452
21 42 582.627 582.956 0.328717
30 41 506.413 506.51 0.097544
33 40 513.66 514.277 0.616451
37 41 672.72 673.048 0.328715
29 41 599.839 600.168 0.328714
10 41 600.254 600.583 0.32871
20 42 515.409 516.025 0.616463
23 42 805.528 806.144 0.616456
37 41 900.512 900.84 0.328715
11 41 690.728 690.825 0.097541
27 42 606.657 606.986 0.328711
38 40 689.897 690.071 0.174596
13 0 649.178 0 -649.178
15 0 507.267 0 -507.267
26 42 507.739 507.913 0.174596
14 42 516.075 516.691 0.61646
19 42 906.75 907.079 0.32872
21 42 680.252 680.581 0.328717
16 0 779.047 0 -779.047
23 42 683.471 684.088 0.616456
7 41 516.482 516.811 0.328711
19 42 516.25 516.578 0.32872
16 0 509.047 0 -509.047
33 40 696.745 697.362 0.616451
22 42 563.153 563.769 0.616463
31 41 517.991 518.607 0.616458
21 42 517.544 517.873 0.328717
9 41 562.391 563.007 0.616454
38 40 509.897 510.071 0.174596
2 41 585.604 585.702 0.0975394
33 40 574.689 575.305 0.616451
30 41 896.413 896.51 0.097544
0 41 881.875 881.972 0.0975432
36 41 574.001 574.618 0.616467
26 42 657.739 657.913 0.174596
25 42 695.916 696.532 0.616456
8 41 911.254 911.582 0.328709
7 41 906.983 907.311 0.328711
23 42 561.414 562.031 0.616456
8 41 520.753 521.082 0.328709
11 41 510.728 510.825 0.097541
19 42 711.5 711.829 0.32872
1 41 795.629 796.246 0.616453
6 41 528.181 528.509 0.328707
0 41 521.875 521.972 0.0975432
29 41 534.756 535.084 0.328714
10 41 535.171 535.5 0.32871
2 41 525.604 525.702 0.0975394
24 42 541.26 541.589 0.328706
27 42 541.574 541.903 0.328711
13 0 529.178 0 -529.178
37 41 542.553 542.882 0.328715
15 0 537.267 0 -537.267
30 41 536.413 536.51 0.097544
21 42 615.169 615.498 0.328717
38 40 599.897 600.071 0.174596
12 41 612.795 613.412 0.616456
8 41 618.378 618.707 0.328709
1 41 612.544 613.16 0.616453
6 41 723.431 723.76 0.328707
14 42 821.216 821.833 0.61646
13 0 679.178 0 -679.178
11 41 600.728 600.825 0.097541
13 0 799.178 0 -799.178
3 41 814.921 815.538 0.616456
35 40 615.432 616.048 0.616451
39 41 689.68 690.297 0.616463
0 41 761.875 761.972 0.0975432
13 0 1099.18 0 -1099.18
11 41 1110.73 1110.83 0.097541
2 41 645.604 645.702 0.0975394
35 40 798.517 799.133 0.616451
6 41 625.806 626.135 0.328707
9 41 623.419 624.036 0.616454
37 41 705.261 705.59 0.328715
27 42 899.533 899.861 0.328711
16 0 869.047 0 -869.047
5 41 620.957 621.574 0.616457
0 41 611.875 611.972 0.0975432
23 42 622.443 623.059 0.616456
36 41 818.115 818.731 0.616467
21 42 908.044 908.373 0.328717
29 41 1022.88 1023.21 0.328714
20 42 698.494 699.111 0.616463
14 42 699.16 699.776 0.61646
22 42 624.181 624.797 0.616463
34 40 624.265 624.882 0.616452
29 41 632.381 632.709 0.328714
27 0 671.741 0 -671.741
2 41 615.604 615.702 0.0975394
10 41 632.796 633.125 0.32871
4 41 625.012 625.629 0.616454
39 41 628.652 629.268 0.616463
21 42 712.794 713.123 0.328717
31 41 701.076 701.692 0.616458
24 42 671.427 671.756 0.328706
2 41 915.604 915.702 0.0975394
10 41 893.13 893.458 0.32871
33 40 1123.94 1124.56 0.616451
15 0 687.267 0 -687.267
18 42 628.155 628.771 0.61646
17 42 627.069 627.686 0.616463
24 42 638.885 639.214 0.328706
27 42 639.199 639.528 0.328711
13 0 619.178 0 -619.178
32 40 632.935 633.551 0.616452
3 41 631.836 632.453 0.616456
28 40 632.337 632.953 0.616464
37 41 640.178 640.507 0.328715
36 41 635.03 635.646 0.616467
25 42 634.888 635.504 0.616456
17 42 810.154 810.771 0.616463
39 41 811.737 812.353 0.616463
28 41 815.422 816.038 0.616458
15 0 777.267 0 -777.267
33 40 635.717 636.333 0.616451
30 41 626.413 626.51 0.097544
29 41 664.922 665.251 0.328714
20 42 637.466 638.082 0.616463
5 41 1109.18 1109.8 0.616457
15 0 627.267 0 -627.267
10 41 925.671 926 0.32871
4 41 930.154 930.771 0.616454
26 42 627.739 627.913 0.174596
21 42 875.502 875.831 0.328717
28 41 998.507 999.123 0.616458
14 42 638.131 638.748 0.61646
7 41 646.649 646.978 0.328711
19 42 646.416 646.745 0.32872
38 40 629.897 630.071 0.174596
16 0 629.047 0 -629.047
31 41 640.048 640.664 0.616458
21 42 647.711 648.039 0.328717
11 41 630.728 630.825 0.097541
8 41 650.92 651.249 0.328709
6 41 658.348 658.676 0.328707
0 41 641.875 641.972 0.0975432
19 42 1134.54 1134.87 0.32872
15 0 1197.27 0 -1197.27
23 42 1110.67 1111.29 0.616456
35 40 920.574 921.19 0.616451
8 41 781.087 781.415 0.328709
19 42 1004.38 1004.7 0.32872
0 41 1121.87 1121.97 0.0975432
26 42 1107.74 1107.91 0.174596
0 41 701.875 701.972 0.0975432
6 41 886.139 886.468 0.328707
38 40 1199.9 1200.07 0.174596
8 41 878.712 879.041 0.328709
22 42 1112.41 1113.02 0.616463
26 42 987.739 987.913 0.174596
11 41 900.728 900.825 0.097541
10 41 1120.92 1121.25 0.32871
29 41 730.006 730.335 0.328714
7 41 1004.61 1004.94 0.328711
12 41 795.88 796.497 0.616456
1 41 917.686 918.302 0.616453
10 41 730.421 730.75 0.32871
30 41 806.413 806.51 0.097544
33 40 818.802 819.418 0.616451
12 41 917.937 918.554 0.616456
5 41 926.099 926.716 0.616457
24 42 1127.01 1127.34 0.328706
2 41 705.604 705.702 0.0975394
13 0 709.178 0 -709.178
38 40 779.897 780.071 0.174596
37 41 1128.3 1128.63 0.328715
27 42 1127.32 1127.65 0.328711
26 42 897.739 897.913 0.174596
24 42 736.51 736.839 0.328706
27 0 736.824 0 -736.824
37 41 998.137 998.465 0.328715
9 41 1111.65 1112.26 0.616454
0 41 1091.87 1091.97 0.0975432
13 0 889.178 0 -889.178
37 41 737.803 738.132 0.328715
15 0 717.267 0 -717.267
30 41 716.413 716.51 0.097544
26 42 717.739 717.913 0.174596
7 41 744.274 744.603 0.328711
19 42 744.042 744.37 0.32872
16 0 719.047 0 -719.047
21 42 745.336 745.664 0.328717
24 42 996.844 997.173 0.328706
38 40 719.897 720.071 0.174596
15 0 807.267 0 -807.267
20 42 820.551 821.167 0.616463
12 0 734.852 0 -734.852
11 41 720.728 720.825 0.097541
8 41 748.545 748.874 0.328709
1 41 734.601 735.217 0.616453
30 41 776.413 776.51 0.097544
5 41 743.014 743.631 0.616457
29 41 925.256 925.585 0.328714
34 40 929.407 930.024 0.616452
26 42 777.739 777.913 0.174596
32 40 999.105 999.722 0.616452
35 40 737.489 738.105 0.616451
6 41 755.973 756.301 0.328707
18 42 811.24 811.856 0.61646
21 42 1005.67 1006 0.328717
9 41 745.476 746.092 0.616454
23 42 744.499 745.116 0.616456
0 41 731.875 731.972 0.0975432
22 42 746.238 746.854 0.616463
26 42 807.739 807.913 0.174596
34 40 746.322 746.939 0.616452
29 41 762.548 762.876 0.328714
10 41 762.963 763.291 0.32871
35 40 1103.66 1104.28 0.616451
11 41 990.728 990.825 0.097541
4 41 747.069 747.686 0.616454
6 41 918.681 919.01 0.328707
26 42 1197.74 1197.91 0.174596
22 42 929.323 929.939 0.616463
17 42 749.126 749.743 0.616463
2 41 735.604 735.702 0.0975394
18 42 750.212 750.828 0.61646
13 0 739.178 0 -739.178
27 42 769.366 769.695 0.328711
39 41 750.709 751.325 0.616463
24 42 769.052 769.381 0.328706
3 41 753.893 754.509 0.616456
37 41 770.345 770.674 0.328715
28 40 754.393 755.01 0.616464
32 40 754.992 755.608 0.616452
36 41 757.086 757.703 0.616467
25 42 756.944 757.561 0.616456
33 40 757.774 758.39 0.616451
30 41 746.413 746.51 0.097544
20 42 759.522 760.139 0.616463
15 0 747.267 0 -747.267
19 42 776.583 776.912 0.32872
7 41 776.816 777.145 0.328711
14 42 760.188 760.804 0.61646
26 42 747.739 747.913 0.174596
21 42 777.877 778.206 0.328717
16 0 749.047 0 -749.047
31 41 762.104 762.721 0.616458
38 40 749.897 750.071 0.174596
11 41 750.728 750.825 0.097541
39 41 933.794 934.41 0.616463
21 42 810.419 810.748 0.328717
38 40 1109.9 1110.07 0.174596
29 41 892.714 893.043 0.328714
31 41 823.133 823.749 0.616458
11 41 810.728 810.825 0.097541
38 40 809.897 810.071 0.174596
31 41 1006.22 1006.83 0.616458
15 0 1017.27 0 -1017.27
6 41 1016.31 1016.63 0.328707
11 41 870.728 870.825 0.097541
8 41 813.628 813.957 0.328709
18 42 933.297 933.913 0.61646
2 41 885.604 885.702 0.0975394
33 40 1001.89 1002.5 0.616451
16 0 989.047 0 -989.047
32 40 1121.16 1121.78 0.616452
26 42 1017.74 1017.91 0.174596
8 41 1008.88 1009.21 0.328709
6 41 821.056 821.385 0.328707
18 42 1116.38 1117 0.61646
16 0 1109.05 0 -1109.05
36 0 1001.2 0 -1001.2
38 40 899.897 900.071 0.174596
30 41 986.413 986.51 0.097544
0 41 821.875 821.972 0.0975432
10 41 828.046 828.375 0.32871
29 41 827.631 827.96 0.328714
7 41 1199.86 1200.19 0.328711
14 42 1004.3 1004.92 0.61646
3 41 1120.06 1120.68 0.616456
2 41 825.604 825.702 0.0975394
9 41 928.561 929.178 0.616454
0 41 911.875 911.972 0.0975432
24 42 834.135 834.464 0.328706
27 42 834.449 834.778 0.328711
13 0 829.178 0 -829.178
37 41 835.428 835.757 0.328715
36 0 1123.26 0 -1123.26
24 42 1029.39 1029.71 0.328706
15 0 837.267 0 -837.267
30 41 836.413 836.51 0.097544
26 42 837.739 837.913 0.174596
7 41 841.899 842.228 0.328711
19 42 841.667 841.995 0.32872
16 0 839.047 0 -839.047
21 42 842.961 843.289 0.328717
38 40 839.897 840.071 0.174596
11 41 840.728 840.825 0.097541
8 41 846.17 846.499 0.328709
35 40 859.545 860.162 0.616451
12 41 856.909 857.525 0.616456
1 41 856.657 857.274 0.616453
0 41 851.875 851.972 0.0975432
6 41 853.598 853.926 0.328707
5 41 865.071 865.687 0.616457
9 41 867.533 868.149 0.616454
23 42 866.556 867.173 0.616456
22 42 868.294 868.911 0.616463
4 41 869.126 869.742 0.616454
10 41 860.588 860.917 0.32871
29 41 860.173 860.501 0.328714
34 40 868.379 868.995 0.616452
2 41 855.604 855.702 0.0975394
17 42 871.183 871.799 0.616463
18 42 872.268 872.885 0.61646
13 0 859.178 0 -859.178
39 41 872.765 873.382 0.616463
24 42 866.677 867.006 0.328706
27 0 866.991 0 -866.991
28 41 876.45 877.066 0.616458
32 40 877.048 877.665 0.616452
37 41 867.97 868.299 0.328715
3 41 875.95 876.566 0.616456
36 41 879.143 879.76 0.616467
25 42 879.001 879.617 0.616456
33 40 879.83 880.447 0.616451
20 42 881.579 882.196 0.616463
30 41 866.413 866.51 0.097544
15 0 867.267 0 -867.267
26 42 867.739 867.913 0.174596
14 42 882.245 882.861 0.61646
19 42 874.208 874.537 0.32872
7 41 874.441 874.77 0.328711
32 40 938.077 938.693 0.616452
27 42 932.074 932.403 0.328711
13 0 919.178 0 -919.178
24 42 931.76 932.089 0.328706
37 41 933.053 933.382 0.328715
28 40 937.478 938.095 0.616464
16 0 1199.05 0 -1199.05
31 41 1128.27 1128.89 0.616458
38 40 989.897 990.071 0.174596
21 42 1200.92 1201.25 0.328717
3 41 936.978 937.594 0.616456
25 42 940.029 940.646 0.616456
36 41 940.171 940.788 0.616467
28 41 1120.56 1121.18 0.616458
6 41 1113.93 1114.26 0.328707
33 40 940.859 941.475 0.616451
15 0 987.267 0 -987.267
30 41 926.413 926.51 0.097544
20 42 1003.64 1004.25 0.616463
0 41 1001.87 1001.97 0.0975432
20 42 942.607 943.224 0.616463
15 0 927.267 0 -927.267
26 42 927.739 927.913 0.174596
16 0 929.047 0 -929.047
15 0 1107.27 0 -1107.27
20 42 1247.75 1248.37 0.616463
14 42 943.273 943.889 0.61646
19 42 939.292 939.62 0.32872
7 41 939.524 939.853 0.328711
38 40 929.897 930.071 0.174596
31 41 945.189 945.806 0.616458
21 42 940.586 940.915 0.328717
11 41 930.728 930.825 0.097541
8 41 943.795 944.124 0.328709
2 41 1005.6 1005.7 0.0975394
31 41 1250.33 1250.95 0.616458
20 42 1125.69 1126.31 0.616463
39 41 1116.88 1117.5 0.616463
37 41 1030.68 1031.01 0.328715
30 41 1016.41 1016.51 0.097544
19 42 1199.63 1199.95 0.32872
25 42 1123.11 1123.73 0.616456
10 41 1023.3 1023.63 0.32871
6 41 951.223 951.551 0.328707
27 0 1029.7 0 -1029.7
34 40 1112.49 1113.11 0.616452
30 41 1106.41 1106.51 0.097544
0 41 941.875 941.972 0.0975432
29 41 957.798 958.126 0.328714
2 41 945.604 945.702 0.0975394
10 41 958.213 958.542 0.32871
13 0 949.178 0 -949.178
24 42 964.302 964.631 0.328706
27 42 964.616 964.945 0.328711
37 41 965.595 965.924 0.328715
30 41 956.413 956.51 0.097544
15 0 957.267 0 -957.267
26 42 957.739 957.913 0.174596
7 41 972.066 972.395 0.328711
19 42 971.833 972.162 0.32872
38 40 959.897 960.071 0.174596
21 42 973.128 973.456 0.328717
16 0 959.047 0 -959.047
12 0 978.966 0 -978.966
11 41 960.728 960.825 0.097541
8 41 976.337 976.666 0.328709
1 41 978.714 979.331 0.616453
35 40 981.602 982.219 0.616451
0 41 971.875 971.972 0.0975432
6 41 983.764 984.093 0.328707
5 41 987.127 987.744 0.616457
23 42 988.613 989.229 0.616456
22 42 990.351 990.968 0.616463
34 40 990.436 991.052 0.616452
9 41 989.589 990.206 0.616454
29 41 990.339 990.668 0.328714
10 41 990.755 991.083 0.32871
4 41 991.183 991.799 0.616454
2 41 975.604 975.702 0.0975394
18 42 994.325 994.941 0.61646
39 41 994.822 995.438 0.616463
17 42 993.24 993.856 0.616463
13 0 979.178 0 -979.178
3 41 998.006 998.623 0.616456
7 41 1037.15 1037.48 0.328711
19 42 1036.92 1037.25 0.32872
16 0 1019.05 0 -1019.05
21 42 1038.21 1038.54 0.328717
38 40 1019.9 1020.07 0.174596
12 0 1039.99 0 -1039.99
11 41 1020.73 1020.83 0.097541
8 41 1041.42 1041.75 0.328709
1 41 1039.74 1040.36 0.616453
35 40 1042.63 1043.25 0.616451
6 41 1048.85 1049.18 0.328707
5 41 1048.16 1048.77 0.616457
9 41 1050.62 1051.23 0.616454
23 42 1049.64 1050.26 0.616456
0 41 1031.87 1031.97 0.0975432
34 40 1051.46 1052.08 0.616452
22 0 1051.38 0 -1051.38
29 41 1055.42 1055.75 0.328714
10 41 1055.84 1056.17 0.32871
4 41 1052.21 1052.83 0.616454
2 41 1035.6 1035.7 0.0975394
6 41 1146.47 1146.8 0.328707
17 42 1054.27 1054.88 0.616463
39 41 1055.85 1056.47 0.616463
13 0 1039.18 0 -1039.18
8 41 1139.05 1139.37 0.328709
14 42 1126.36 1126.97 0.61646
18 42 1055.35 1055.97 0.61646
3 41 1059.03 1059.65 0.616456
27 0 1062.24 0 -1062.24
24 42 1061.93 1062.26 0.328706
32 40 1060.13 1060.75 0.616452
33 40 1062.92 1063.53 0.616451
28 0 1059.54 0 -1059.54
37 41 1063.22 1063.55 0.328715
30 41 1046.41 1046.51 0.097544
36 41 1062.23 1062.84 0.616467
21 42 1135.84 1136.16 0.328717
25 42 1062.09 1062.7 0.616456
15 0 1047.27 0 -1047.27
29 41 1120.51 1120.83 0.328714
20 42 1064.66 1065.28 0.616463
26 42 1047.74 1047.91 0.174596
14 42 1065.33 1065.95 0.61646
7 41 1069.69 1070.02 0.328711
19 42 1069.46 1069.79 0.32872
38 40 1049.9 1050.07 0.174596
16 0 1049.05 0 -1049.05
31 41 1067.25 1067.86 0.616458
21 42 1070.75 1071.08 0.328717
11 41 1050.73 1050.83 0.097541
8 41 1073.96 1074.29 0.328709
6 41 1081.39 1081.72 0.328707
0 41 1061.87 1061.97 0.0975432
29 41 1087.96 1088.29 0.328714
10 41 1088.38 1088.71 0.32871
2 41 1065.6 1065.7 0.0975394
13 0 1069.18 0 -1069.18
27 0 1094.78 0 -1094.78
24 42 1094.47 1094.8 0.328706
37 41 1095.76 1096.09 0.328715
30 41 1076.41 1076.51 0.097544
15 0 1077.27 0 -1077.27
26 42 1077.74 1077.91 0.174596
7 41 1102.23 1102.56 0.328711
19 42 1102 1102.33 0.32872
16 0 1079.05 0 -1079.05
21 42 1103.29 1103.62 0.328717
38 40 1079.9 1080.07 0.174596
12 41 1101.02 1101.64 0.616456
11 41 1080.73 1080.83 0.097541
8 41 1106.5 1106.83 0.328709
1 41 1100.77 1101.39 0.616453
29 41 1153.05 1153.38 0.328714
10 41 1153.46 1153.79 0.32871
2 41 1125.6 1125.7 0.0975394
24 42 1159.55 1159.88 0.328706
27 42 1159.87 1160.19 0.328711
13 0 1129.18 0 -1129.18
37 41 1160.85 1161.17 0.328715
30 41 1136.41 1136.51 0.097544
15 0 1137.27 0 -1137.27
26 42 1137.74 1137.91 0.174596
7 41 1167.32 1167.64 0.328711
19 42 1167.08 1167.41 0.32872
16 0 1139.05 0 -1139.05
38 40 1139.9 1140.07 0.174596
21 42 1168.38 1168.71 0.328717
1 41 1161.8 1162.42 0.616453
11 41 1140.73 1140.83 0.097541
12 0 1162.05 0 -1162.05
35 40 1164.69 1165.3 0.616451
5 41 1170.21 1170.83 0.616457
0 41 1151.87 1151.97 0.0975432
23 42 1171.7 1172.31 0.616456
9 41 1172.67 1173.29 0.616454
34 40 1173.52 1174.14 0.616452
22 0 1173.44 0 -1173.44
4 41 1174.27 1174.88 0.616454
2 41 1155.6 1155.7 0.0975394
17 42 1176.32 1176.94 0.616463
18 42 1177.41 1178.03 0.61646
39 41 1177.91 1178.52 0.616463
13 0 1159.18 0 -1159.18
25 42 1184.14 1184.76 0.616456
28 40 1181.59 1182.21 0.616464
3 41 1181.09 1181.71 0.616456
36 41 1184.28 1184.9 0.616467
32 40 1182.19 1182.81 0.616452
20 42 1186.72 1187.34 0.616463
30 41 1166.41 1166.51 0.097544
33 40 1184.97 1185.59 0.616451
15 0 1167.27 0 -1167.27
14 42 1187.39 1188 0.61646
26 42 1167.74 1167.91 0.174596
16 0 1169.05 0 -1169.05
31 41 1189.3 1189.92 0.616458
38 40 1169.9 1170.07 0.174596
11 41 1170.73 1170.83 0.097541
8 41 1171.59 1171.92 0.328709
12 41 1223.08 1223.7 0.616456
1 41 1222.83 1223.44 0.616453
5 41 1231.24 1231.86 0.616457
29 41 1185.59 1185.92 0.328714
6 41 1179.01 1179.34 0.328707
35 40 1225.72 1226.33 0.616451
23 42 1232.73 1233.34 0.616456
0 41 1181.87 1181.97 0.0975432
34 40 1234.55 1235.17 0.616452
22 42 1234.46 1235.08 0.616463
9 41 1233.7 1234.32 0.616454
10 41 1186 1186.33 0.32871
4 41 1235.3 1235.91 0.616454
17 42 1237.35 1237.97 0.616463
2 41 1185.6 1185.7 0.0975394
37 41 1193.39 1193.72 0.328715
18 42 1238.44 1239.05 0.61646
13 0 1189.18 0 -1189.18
39 41 1238.94 1239.55 0.616463
3 41 1242.12 1242.74 0.616456
27 42 1192.41 1192.74 0.328711
24 42 1192.09 1192.42 0.328706
36 41 1245.31 1245.93 0.616467
28 0 1242.62 0 -1242.62
32 40 1243.22 1243.84 0.616452
30 41 1196.41 1196.51 0.097544
33 40 1246 1246.62 0.616451
25 42 1245.17 1245.79 0.616456
