9 20 0.112474 0.441191 0.328717
9 20 520.78 521.108 0.328717
9 20 325.529 325.858 0.328717
13 0 2.19206 0 -2.19206
19 0 1.18743 0 -1.18743
14 21 2.44167 2.77038 0.328708
4 21 7.00385 7.17844 0.174594
15 0 3.1277 0 -3.1277
18 21 13.6147 13.7123 0.0975466
12 0 255.887 0 -255.887
11 21 510.711 511.327 0.616465
2 21 11.5191 12.1355 0.616453
17 21 13.3781 13.9946 0.616465
8 0 15.3179 0 -15.3179
18 21 283.615 283.712 0.0975466
18 21 493.615 493.712 0.0975466
10 21 15.6109 16.2273 0.616466
12 0 15.887 0 -15.887
16 21 312.025 312.353 0.328712
15 0 303.128 0 -303.128
1 21 17.1988 17.8153 0.616452
5 20 16.9215 17.538 0.616455
16 21 19.1494 19.4781 0.328712
0 21 312.834 313.163 0.328707
6 21 24.899 25.2277 0.328716
16 21 344.566 344.895 0.328712
0 21 19.9588 20.2875 0.328707
11 21 22.4841 23.1006 0.616465
3 21 26.0414 26.1389 0.0975446
18 21 313.615 313.712 0.0975466
19 0 31.1874 0 -31.1874
9 20 32.6542 32.9829 0.328717
17 21 318.52 319.136 0.616465
7 21 28.3535 28.6822 0.328719
4 21 517.004 517.178 0.174594
14 21 34.9834 35.3121 0.328708
4 21 277.004 277.178 0.174594
4 21 307.004 307.178 0.174594
6 21 285.233 285.561 0.328716
18 21 43.6147 43.7123 0.0975466
15 0 33.1277 0 -33.1277
10 21 259.724 260.341 0.616466
3 21 266.041 266.139 0.0975446
4 21 37.0038 37.1784 0.174594
8 0 45.3179 0 -45.3179
12 0 45.887 0 -45.887
16 21 51.6911 52.0198 0.328712
0 21 52.5005 52.8292 0.328707
7 21 60.8952 61.2239 0.328719
3 21 56.0414 56.1389 0.0975446
6 21 57.4407 57.7694 0.328716
1 21 322.341 322.957 0.616452
9 20 65.1959 65.5246 0.328717
19 0 61.1874 0 -61.1874
14 21 67.5251 67.8538 0.328708
13 0 63.2204 0 -63.2204
15 0 63.1277 0 -63.1277
3 21 296.041 296.139 0.0975446
15 0 273.128 0 -273.128
4 21 67.0038 67.1784 0.174594
7 21 288.687 289.016 0.328719
2 21 72.5474 73.1639 0.616453
3 21 506.041 506.139 0.0975446
18 21 73.6147 73.7123 0.0975466
17 21 74.4064 75.0229 0.616465
8 0 75.3179 0 -75.3179
10 21 76.6392 77.2557 0.616466
12 0 75.887 0 -75.887
8 0 495.318 0 -495.318
5 21 77.9499 78.5663 0.616454
1 21 78.2272 78.8436 0.616452
6 21 317.774 318.103 0.328716
11 21 83.5125 84.129 0.616465
0 21 85.0422 85.3709 0.328707
9 20 97.7376 98.0663 0.328717
16 21 84.2327 84.5615 0.328712
6 21 89.9824 90.3111 0.328716
3 21 86.0414 86.1389 0.0975446
7 21 93.4369 93.7656 0.328719
19 0 91.1874 0 -91.1874
14 21 100.067 100.395 0.328708
15 0 93.1277 0 -93.1277
14 21 327.859 328.187 0.328708
19 0 301.187 0 -301.187
4 21 97.0038 97.1784 0.174594
18 21 103.615 103.712 0.0975466
0 21 508.084 508.413 0.328707
6 21 513.024 513.353 0.328716
9 20 292.988 293.316 0.328717
8 0 105.318 0 -105.318
12 0 105.887 0 -105.887
13 0 307.334 0 -307.334
16 21 116.774 117.103 0.328712
0 21 117.584 117.913 0.328707
6 21 122.524 122.853 0.328716
3 21 116.041 116.139 0.0975446
5 21 322.063 322.68 0.616454
13 0 124.249 0 -124.249
9 20 130.279 130.608 0.328717
7 21 125.979 126.307 0.328719
19 0 121.187 0 -121.187
7 21 516.479 516.808 0.328719
14 21 132.608 132.937 0.328708
12 0 285.887 0 -285.887
15 0 123.128 0 -123.128
4 21 127.004 127.178 0.174594
2 21 316.661 317.277 0.616453
10 21 320.753 321.369 0.616466
10 21 137.668 138.284 0.616466
2 21 133.576 134.192 0.616453
18 21 133.615 133.712 0.0975466
17 21 135.435 136.051 0.616465
12 0 135.887 0 -135.887
12 0 315.887 0 -315.887
7 21 321.229 321.557 0.328719
8 0 315.318 0 -315.318
8 0 135.318 0 -135.318
1 21 139.256 139.872 0.616452
5 20 138.978 139.595 0.616455
0 21 150.126 150.454 0.328707
11 21 144.541 145.157 0.616465
16 21 149.316 149.645 0.328712
6 21 155.066 155.394 0.328716
5 21 505.148 505.765 0.616454
3 21 146.041 146.139 0.0975446
14 21 165.15 165.479 0.328708
7 21 158.52 158.849 0.328719
9 20 162.821 163.15 0.328717
19 0 151.187 0 -151.187
1 21 505.426 506.042 0.616452
15 0 153.128 0 -153.128
10 21 503.838 504.454 0.616466
12 0 495.887 0 -495.887
14 21 295.317 295.646 0.328708
4 21 157.004 157.178 0.174594
1 21 261.312 261.929 0.616452
8 0 165.318 0 -165.318
19 0 271.187 0 -271.187
18 21 163.615 163.712 0.0975466
0 21 280.292 280.621 0.328707
17 21 501.605 502.221 0.616465
16 21 279.483 279.812 0.328712
8 0 285.318 0 -285.318
0 21 345.376 345.704 0.328707
12 0 165.887 0 -165.887
0 21 182.667 182.996 0.328707
19 0 511.187 0 -511.187
16 21 181.858 182.187 0.328712
6 21 187.607 187.936 0.328716
3 21 176.041 176.139 0.0975446
19 0 181.187 0 -181.187
7 21 191.062 191.391 0.328719
9 20 195.363 195.691 0.328717
2 21 499.746 500.362 0.616453
11 21 266.598 267.214 0.616465
14 21 197.692 198.021 0.328708
13 0 185.277 0 -185.277
4 21 187.004 187.178 0.174594
15 0 183.128 0 -183.128
5 21 261.035 261.651 0.616454
17 21 196.463 197.08 0.616465
7 21 744.271 744.6 0.328719
2 21 194.604 195.221 0.616453
18 21 193.615 193.712 0.0975466
10 21 198.696 199.312 0.616466
8 0 195.318 0 -195.318
5 21 200.007 200.623 0.616454
12 0 195.887 0 -195.887
1 21 200.284 200.9 0.616452
6 21 220.149 220.478 0.328716
16 21 214.4 214.728 0.328712
3 21 206.041 206.139 0.0975446
0 21 215.209 215.538 0.328707
11 21 205.569 206.186 0.616465
9 20 227.904 228.233 0.328717
7 21 223.604 223.932 0.328719
19 0 211.187 0 -211.187
14 21 230.234 230.562 0.328708
15 0 213.128 0 -213.128
4 21 217.004 217.178 0.174594
18 21 223.615 223.712 0.0975466
8 0 225.318 0 -225.318
12 0 225.887 0 -225.887
3 21 236.041 236.139 0.0975446
0 21 247.751 248.079 0.328707
16 21 246.941 247.27 0.328712
6 21 252.691 253.02 0.328716
19 0 241.187 0 -241.187
7 21 256.145 256.474 0.328719
9 20 260.446 260.775 0.328717
13 0 246.305 0 -246.305
14 21 262.775 263.104 0.328708
15 0 243.128 0 -243.128
4 21 247.004 247.178 0.174594
18 21 253.615 253.712 0.0975466
17 21 257.491 258.108 0.616465
2 21 255.632 256.249 0.616453
8 0 255.318 0 -255.318
11 21 327.626 328.242 0.616465
15 0 513.128 0 -513.128
6 21 350.316 350.645 0.328716
3 21 326.041 326.139 0.0975446
9 20 358.071 358.4 0.328717
7 21 353.77 354.099 0.328719
19 0 331.187 0 -331.187
14 21 360.4 360.729 0.328708
15 0 333.128 0 -333.128
4 21 337.004 337.178 0.174594
18 21 343.615 343.712 0.0975466
8 0 345.318 0 -345.318
12 0 345.887 0 -345.887
16 21 377.108 377.437 0.328712
0 21 377.917 378.246 0.328707
3 21 356.041 356.139 0.0975446
6 21 382.858 383.186 0.328716
13 0 368.362 0 -368.362
7 21 386.312 386.641 0.328719
14 21 523.109 523.438 0.328708
19 0 361.187 0 -361.187
15 0 363.128 0 -363.128
13 0 734.532 0 -734.532
4 21 367.004 367.178 0.174594
18 21 373.615 373.712 0.0975466
2 21 377.689 378.306 0.616453
17 21 379.548 380.165 0.616465
8 0 375.318 0 -375.318
10 21 381.781 382.397 0.616466
12 0 375.887 0 -375.887
16 21 507.275 507.604 0.328712
5 21 383.092 383.708 0.616454
1 21 383.369 383.985 0.616452
11 21 388.654 389.271 0.616465
14 21 392.942 393.271 0.328708
3 21 386.041 386.139 0.0975446
9 20 390.613 390.942 0.328717
19 0 391.187 0 -391.187
15 0 393.128 0 -393.128
18 21 403.615 403.712 0.0975466
4 21 397.004 397.178 0.174594
8 0 405.318 0 -405.318
12 0 405.887 0 -405.887
16 21 409.65 409.978 0.328712
0 21 410.459 410.788 0.328707
6 21 415.399 415.728 0.328716
3 21 416.041 416.139 0.0975446
9 20 423.155 423.483 0.328717
7 21 418.854 419.183 0.328719
19 0 421.187 0 -421.187
13 0 429.391 0 -429.391
14 21 425.484 425.812 0.328708
15 0 423.128 0 -423.128
18 21 433.615 433.712 0.0975466
4 21 427.004 427.178 0.174594
2 21 438.718 439.334 0.616453
17 21 440.577 441.193 0.616465
8 0 435.318 0 -435.318
10 21 442.809 443.426 0.616466
12 0 435.887 0 -435.887
5 21 444.12 444.736 0.616454
1 21 444.397 445.014 0.616452
16 21 442.191 442.52 0.328712
11 21 449.683 450.299 0.616465
0 21 443.001 443.33 0.328707
7 21 451.396 451.724 0.328719
6 21 447.941 448.27 0.328716
3 21 446.041 446.139 0.0975446
9 20 455.696 456.025 0.328717
19 0 451.187 0 -451.187
14 21 458.025 458.354 0.328708
15 0 453.128 0 -453.128
18 21 463.615 463.712 0.0975466
4 21 457.004 457.178 0.174594
8 0 465.318 0 -465.318
12 0 465.887 0 -465.887
16 21 474.733 475.062 0.328712
0 21 475.543 475.871 0.328707
6 21 480.483 480.811 0.328716
3 21 476.041 476.139 0.0975446
9 20 488.238 488.567 0.328717
7 21 483.937 484.266 0.328719
19 0 481.187 0 -481.187
13 0 490.419 0 -490.419
14 21 490.567 490.896 0.328708
15 0 483.128 0 -483.128
4 21 487.004 487.178 0.174594
8 0 525.318 0 -525.318
18 21 523.615 523.712 0.0975466
12 0 525.887 0 -525.887
16 21 539.816 540.145 0.328712
0 21 540.626 540.955 0.328707
6 21 545.566 545.895 0.328716
3 21 536.041 536.139 0.0975446
9 20 553.321 553.65 0.328717
7 21 549.021 549.349 0.328719
13 0 551.447 0 -551.447
14 21 555.651 555.979 0.328708
19 0 541.187 0 -541.187
15 0 543.128 0 -543.128
4 21 547.004 547.178 0.174594
2 21 560.774 561.391 0.616453
17 21 562.633 563.25 0.616465
18 21 553.615 553.712 0.0975466
10 21 564.866 565.483 0.616466
8 0 555.318 0 -555.318
12 0 555.887 0 -555.887
1 21 566.454 567.07 0.616452
16 21 572.358 572.687 0.328712
5 20 566.177 566.793 0.616455
0 21 573.168 573.496 0.328707
6 21 578.108 578.437 0.328716
11 21 571.739 572.356 0.616465
3 21 566.041 566.139 0.0975446
9 20 585.863 586.192 0.328717
7 21 581.562 581.891 0.328719
19 0 571.187 0 -571.187
14 21 588.192 588.521 0.328708
15 0 573.128 0 -573.128
18 21 583.615 583.712 0.0975466
4 21 577.004 577.178 0.174594
8 0 585.318 0 -585.318
12 0 585.887 0 -585.887
3 21 596.041 596.139 0.0975446
0 21 605.709 606.038 0.328707
16 21 604.9 605.229 0.328712
6 21 610.649 610.978 0.328716
19 0 601.187 0 -601.187
7 21 614.104 614.433 0.328719
9 20 618.405 618.733 0.328717
13 0 612.476 0 -612.476
14 21 620.734 621.063 0.328708
15 0 603.128 0 -603.128
2 21 621.803 622.419 0.616453
4 21 607.004 607.178 0.174594
17 21 623.662 624.278 0.616465
18 21 613.615 613.712 0.0975466
8 0 615.318 0 -615.318
10 21 625.894 626.511 0.616466
12 0 615.887 0 -615.887
5 20 627.205 627.822 0.616455
1 21 627.482 628.099 0.616452
0 21 638.251 638.58 0.328707
16 21 637.442 637.77 0.328712
6 21 643.191 643.52 0.328716
3 21 626.041 626.139 0.0975446
11 21 632.768 633.384 0.616465
9 20 650.946 651.275 0.328717
7 21 646.646 646.974 0.328719
19 0 631.187 0 -631.187
14 21 653.276 653.604 0.328708
15 0 633.128 0 -633.128
4 21 637.004 637.178 0.174594
18 21 643.615 643.712 0.0975466
8 0 645.318 0 -645.318
12 0 645.887 0 -645.887
16 21 669.983 670.312 0.328712
0 21 670.793 671.121 0.328707
19 0 661.187 0 -661.187
6 21 675.733 676.062 0.328716
3 21 656.041 656.139 0.0975446
7 21 679.187 679.516 0.328719
9 20 683.488 683.817 0.328717
13 0 673.504 0 -673.504
14 21 685.817 686.146 0.328708
15 0 663.128 0 -663.128
4 21 667.004 667.178 0.174594
17 21 684.69 685.306 0.616465
2 21 682.831 683.447 0.616453
18 21 673.615 673.712 0.0975466
8 0 675.318 0 -675.318
10 21 686.923 687.539 0.616466
12 0 675.887 0 -675.887
1 21 688.511 689.127 0.616452
5 21 688.233 688.85 0.616454
16 21 702.525 702.854 0.328712
11 21 693.796 694.412 0.616465
0 21 703.334 703.663 0.328707
6 21 708.275 708.603 0.328716
3 21 686.041 686.139 0.0975446
9 20 716.03 716.359 0.328717
14 21 718.359 718.688 0.328708
7 21 711.729 712.058 0.328719
19 0 691.187 0 -691.187
15 0 693.128 0 -693.128
4 21 697.004 697.178 0.174594
18 21 703.615 703.712 0.0975466
8 0 705.318 0 -705.318
12 0 705.887 0 -705.887
0 21 735.876 736.205 0.328707
16 21 735.067 735.395 0.328712
6 21 740.816 741.145 0.328716
3 21 716.041 716.139 0.0975446
9 20 748.571 748.9 0.328717
19 0 721.187 0 -721.187
14 21 750.901 751.229 0.328708
15 0 723.128 0 -723.128
4 21 727.004 727.178 0.174594
18 21 733.615 733.712 0.0975466
2 21 743.859 744.476 0.616453
17 21 745.718 746.335 0.616465
8 0 735.318 0 -735.318
12 0 735.887 0 -735.887
10 21 747.951 748.568 0.616466
0 21 768.418 768.746 0.328707
16 21 767.608 767.937 0.328712
5 21 749.262 749.878 0.616454
1 21 749.539 750.155 0.616452
11 21 754.824 755.441 0.616465
3 21 746.041 746.139 0.0975446
6 21 773.358 773.687 0.328716
7 21 776.813 777.141 0.328719
19 0 751.187 0 -751.187
15 0 753.128 0 -753.128
4 21 757.004 757.178 0.174594
18 21 763.615 763.712 0.0975466
8 0 765.318 0 -765.318
12 0 765.887 0 -765.887
3 21 776.041 776.139 0.0975446
19 0 781.187 0 -781.187
9 20 781.113 781.442 0.328717
15 0 783.128 0 -783.128
14 21 783.442 783.771 0.328708
13 0 795.561 0 -795.561
18 21 793.615 793.712 0.0975466
4 21 787.004 787.178 0.174594
2 21 804.888 805.504 0.616453
17 21 806.747 807.363 0.616465
8 0 795.318 0 -795.318
10 21 808.979 809.596 0.616466
12 0 795.887 0 -795.887
5 21 810.29 810.907 0.616454
1 21 810.567 811.184 0.616452
16 21 800.15 800.479 0.328712
0 21 800.959 801.288 0.328707
6 21 805.9 806.228 0.328716
11 21 815.853 816.469 0.616465
3 21 806.041 806.139 0.0975446
7 21 809.354 809.683 0.328719
9 20 813.655 813.984 0.328717
14 21 815.984 816.313 0.328708
19 0 811.187 0 -811.187
15 0 813.128 0 -813.128
4 21 817.004 817.178 0.174594
18 21 823.615 823.712 0.0975466
8 0 825.318 0 -825.318
12 0 825.887 0 -825.887
16 21 832.692 833.02 0.328712
0 21 833.501 833.83 0.328707
19 0 841.187 0 -841.187
3 21 836.041 836.139 0.0975446
6 21 838.441 838.77 0.328716
9 20 846.197 846.525 0.328717
7 21 841.896 842.225 0.328719
13 0 856.589 0 -856.589
15 0 843.128 0 -843.128
14 21 848.526 848.854 0.328708
4 21 847.004 847.178 0.174594
18 21 853.615 853.712 0.0975466
2 21 865.916 866.532 0.616453
17 21 867.775 868.391 0.616465
8 0 855.318 0 -855.318
10 21 870.008 870.624 0.616466
12 0 855.887 0 -855.887
5 20 871.318 871.935 0.616455
1 21 871.596 872.212 0.616452
16 21 865.233 865.562 0.328712
0 21 866.043 866.372 0.328707
11 21 876.881 877.498 0.616465
6 21 870.983 871.312 0.328716
9 20 878.738 879.067 0.328717
3 21 866.041 866.139 0.0975446
15 0 873.128 0 -873.128
7 21 874.438 874.766 0.328719
19 0 871.187 0 -871.187
14 21 881.067 881.396 0.328708
4 21 877.004 877.178 0.174594
18 21 883.615 883.712 0.0975466
8 0 885.318 0 -885.318
12 0 885.887 0 -885.887
16 21 897.775 898.104 0.328712
0 21 898.585 898.913 0.328707
6 21 903.525 903.853 0.328716
3 21 896.041 896.139 0.0975446
13 0 917.617 0 -917.617
7 21 906.979 907.308 0.328719
19 0 901.187 0 -901.187
9 20 911.28 911.609 0.328717
14 21 913.609 913.938 0.328708
15 0 903.128 0 -903.128
4 21 907.004 907.178 0.174594
18 21 913.615 913.712 0.0975466
2 21 926.944 927.561 0.616453
17 21 928.803 929.42 0.616465
12 0 915.887 0 -915.887
10 21 931.036 931.653 0.616466
8 0 915.318 0 -915.318
5 20 932.347 932.963 0.616455
1 21 932.624 933.241 0.616452
16 21 930.317 930.646 0.328712
0 21 931.126 931.455 0.328707
11 21 937.909 938.526 0.616465
6 21 936.066 936.395 0.328716
3 21 926.041 926.139 0.0975446
9 20 943.822 944.15 0.328717
7 21 939.521 939.85 0.328719
19 0 931.187 0 -931.187
14 21 946.151 946.48 0.328708
15 0 933.128 0 -933.128
4 21 937.004 937.178 0.174594
18 21 943.615 943.712 0.0975466
12 0 945.887 0 -945.887
8 0 945.318 0 -945.318
16 21 962.859 963.187 0.328712
0 21 963.668 963.997 0.328707
6 21 968.608 968.937 0.328716
3 21 956.041 956.139 0.0975446
19 0 961.187 0 -961.187
7 21 972.063 972.391 0.328719
9 20 976.363 976.692 0.328717
13 0 978.646 0 -978.646
14 21 978.693 979.021 0.328708
15 0 963.128 0 -963.128
2 21 987.973 988.589 0.616453
4 21 967.004 967.178 0.174594
18 21 973.615 973.712 0.0975466
17 21 989.832 990.448 0.616465
8 0 975.318 0 -975.318
10 21 992.064 992.681 0.616466
12 0 975.887 0 -975.887
11 21 998.938 999.554 0.616465
1 21 993.652 994.269 0.616452
5 20 993.375 993.992 0.616455
6 21 1001.15 1001.48 0.328716
0 21 996.21 996.538 0.328707
16 21 995.4 995.729 0.328712
3 21 986.041 986.139 0.0975446
7 21 1004.6 1004.93 0.328719
19 0 991.187 0 -991.187
9 20 1008.91 1009.23 0.328717
14 21 1011.23 1011.56 0.328708
15 0 993.128 0 -993.128
4 21 997.004 997.178 0.174594
18 21 1003.61 1003.71 0.0975466
8 0 1005.32 0 -1005.32
12 0 1005.89 0 -1005.89
16 21 1027.94 1028.27 0.328712
6 21 1033.69 1034.02 0.328716
19 0 1021.19 0 -1021.19
0 21 1028.75 1029.08 0.328707
3 21 1016.04 1016.14 0.0975446
7 21 1037.15 1037.47 0.328719
9 20 1041.45 1041.78 0.328717
13 0 1039.67 0 -1039.67
14 21 1043.78 1044.1 0.328708
15 0 1023.13 0 -1023.13
4 21 1027 1027.18 0.174594
18 21 1033.61 1033.71 0.0975466
17 21 1050.86 1051.48 0.616465
2 21 1049 1049.62 0.616453
8 0 1035.32 0 -1035.32
10 21 1053.09 1053.71 0.616466
12 0 1035.89 0 -1035.89
5 21 1054.4 1055.02 0.616454
1 21 1054.68 1055.3 0.616452
0 21 1061.29 1061.62 0.328707
16 21 1060.48 1060.81 0.328712
3 21 1046.04 1046.14 0.0975446
11 21 1059.97 1060.58 0.616465
6 21 1066.23 1066.56 0.328716
19 0 1051.19 0 -1051.19
7 21 1069.69 1070.02 0.328719
9 20 1073.99 1074.32 0.328717
14 21 1076.32 1076.65 0.328708
15 0 1053.13 0 -1053.13
4 21 1057 1057.18 0.174594
18 21 1063.61 1063.71 0.0975466
8 0 1065.32 0 -1065.32
12 0 1065.89 0 -1065.89
16 21 1093.03 1093.35 0.328712
0 21 1093.83 1094.16 0.328707
3 21 1076.04 1076.14 0.0975446
6 21 1098.77 1099.1 0.328716
19 0 1081.19 0 -1081.19
9 20 1106.53 1106.86 0.328717
7 21 1102.23 1102.56 0.328719
13 0 1100.7 0 -1100.7
14 21 1108.86 1109.19 0.328708
15 0 1083.13 0 -1083.13
4 21 1087 1087.18 0.174594
12 0 1095.89 0 -1095.89
2 21 1110.03 1110.65 0.616453
18 21 1093.61 1093.71 0.0975466
17 21 1111.89 1112.5 0.616465
10 21 1114.12 1114.74 0.616466
8 0 1095.32 0 -1095.32
5 21 1115.43 1116.05 0.616454
1 21 1115.71 1116.33 0.616452
0 21 1126.38 1126.71 0.328707
16 21 1125.57 1125.9 0.328712
11 21 1120.99 1121.61 0.616465
3 21 1106.04 1106.14 0.0975446
6 21 1131.32 1131.65 0.328716
7 21 1134.77 1135.1 0.328719
14 21 1141.4 1141.73 0.328708
9 20 1139.07 1139.4 0.328717
19 0 1111.19 0 -1111.19
15 0 1113.13 0 -1113.13
4 21 1117 1117.18 0.174594
18 21 1123.61 1123.71 0.0975466
8 0 1125.32 0 -1125.32
12 0 1125.89 0 -1125.89
16 21 1158.11 1158.44 0.328712
0 21 1158.92 1159.25 0.328707
6 21 1163.86 1164.19 0.328716
3 21 1136.04 1136.14 0.0975446
7 21 1167.31 1167.64 0.328719
19 0 1141.19 0 -1141.19
15 0 1143.13 0 -1143.13
13 0 1161.73 0 -1161.73
4 21 1147 1147.18 0.174594
18 21 1153.61 1153.71 0.0975466
2 21 1171.06 1171.67 0.616453
17 21 1172.92 1173.53 0.616465
8 0 1155.32 0 -1155.32
10 21 1175.15 1175.77 0.616466
12 0 1155.89 0 -1155.89
5 20 1176.46 1177.08 0.616455
1 21 1176.74 1177.35 0.616452
11 21 1182.02 1182.64 0.616465
3 21 1166.04 1166.14 0.0975446
9 20 1171.61 1171.94 0.328717
19 0 1171.19 0 -1171.19
14 21 1173.94 1174.27 0.328708
15 0 1173.13 0 -1173.13
13 0 1222.76 0 -1222.76
4 21 1177 1177.18 0.174594
18 21 1183.61 1183.71 0.0975466
2 21 1232.09 1232.7 0.616453
17 21 1233.95 1234.56 0.616465
8 0 1185.32 0 -1185.32
10 21 1236.18 1236.79 0.616466
12 0 1185.89 0 -1185.89
5 21 1237.49 1238.11 0.616454
1 21 1237.77 1238.38 0.616452
16 21 1190.65 1190.98 0.328712
0 21 1191.46 1191.79 0.328707
11 21 1243.05 1243.67 0.616465
6 21 1196.4 1196.73 0.328716
3 21 1196.04 1196.14 0.0975446
7 21 1199.85 1200.18 0.328719
