15 0 0.241916 0 -0.241916
28 31 3.9386 4.26731 0.328715
14 0 7.5598 0 -7.5598
29 31 56.5644 56.739 0.174603
16 0 904.59 0 -904.59
25 0 8.12104 0 -8.12104
17 0 4.15728 0 -4.15728
28 31 492.064 492.393 0.328715
11 0 249.155 0 -249.155
13 0 451.12 0 -451.12
10 0 4.72503 0 -4.72503
9 0 6.22301 0 -6.22301
18 0 6.63709 0 -6.63709
1 0 857.176 0 -857.176
19 31 8.53102 9.14749 0.616466
2 0 8.6913 0 -8.6913
6 0 12.6446 0 -12.6446
21 0 12.7543 0 -12.7543
4 0 13.4999 0 -13.4999
2 0 252.805 0 -252.805
10 0 424.725 0 -424.725
25 0 268.455 0 -268.455
0 0 467.667 0 -467.667
25 0 463.705 0 -463.705
20 31 13.67 14.2865 0.616461
8 0 16.2923 0 -16.2923
5 0 14.3292 0 -14.3292
1 0 17.1761 0 -17.1761
20 30 868.067 868.683 0.616467
8 0 466.292 0 -466.292
22 31 17.4766 17.8053 0.328711
29 31 896.564 896.739 0.174603
0 0 17.6666 0 -17.6666
11 0 444.405 0 -444.405
0 0 227.667 0 -227.667
27 0 656.648 0 -656.648
27 0 866.648 0 -866.648
7 0 22.1284 0 -22.1284
24 30 20.4132 21.0297 0.616455
16 0 676.799 0 -676.799
11 0 21.3627 0 -21.3627
26 31 22.3324 22.6611 0.328705
22 31 245.269 245.597 0.328711
1 0 497.176 0 -497.176
2 0 496.918 0 -496.918
12 0 22.6391 0 -22.6391
27 0 446.648 0 -446.648
15 0 683.618 0 -683.618
6 0 858.729 0 -858.729
13 0 23.9218 0 -23.9218
3 0 23.5826 0 -23.5826
23 0 25.6358 0 -25.6358
1 0 887.176 0 -887.176
16 0 25.9647 0 -25.9647
1 0 227.176 0 -227.176
29 31 26.5644 26.739 0.174603
21 0 867.151 0 -867.151
27 0 26.6483 0 -26.6483
28 31 36.4803 36.809 0.328715
27 0 416.648 0 -416.648
15 0 32.7836 0 -32.7836
10 0 34.725 0 -34.725
9 0 36.223 0 -36.223
26 31 510.458 510.787 0.328705
23 0 513.863 0 -513.863
3 0 511.809 0 -511.809
8 0 226.292 0 -226.292
25 0 40.6627 0 -40.6627
2 0 435.89 0 -435.89
6 0 45.1863 0 -45.1863
4 0 46.0416 0 -46.0416
13 0 878.319 0 -878.319
19 31 252.644 253.261 0.616466
6 0 500.77 0 -500.77
4 0 241.292 0 -241.292
8 0 46.2923 0 -46.2923
22 31 863.561 863.889 0.328711
1 0 47.1761 0 -47.1761
14 0 495.787 0 -495.787
25 0 496.246 0 -496.246
6 0 240.436 0 -240.436
22 31 50.0183 50.347 0.328711
0 0 47.6666 0 -47.6666
4 0 501.625 0 -501.625
20 31 501.897 502.513 0.616461
5 0 502.556 0 -502.556
21 0 439.953 0 -439.953
11 0 53.9044 0 -53.9044
26 31 54.8741 55.2028 0.328705
17 0 675.469 0 -675.469
17 0 431.356 0 -431.356
16 0 58.5064 0 -58.5064
27 0 56.6483 0 -56.6483
22 31 473.06 473.389 0.328711
10 0 244.725 0 -244.725
17 0 492.384 0 -492.384
4 0 892.126 0 -892.126
28 31 69.022 69.3507 0.328715
17 0 65.1856 0 -65.1856
15 0 65.3253 0 -65.3253
10 0 64.725 0 -64.725
28 31 426.981 427.309 0.328715
29 31 416.564 416.739 0.174603
17 0 248.271 0 -248.271
0 0 857.667 0 -857.667
28 31 264.272 264.601 0.328715
9 0 456.223 0 -456.223
27 0 236.648 0 -236.648
26 31 900.958 901.287 0.328705
9 0 66.223 0 -66.223
11 0 899.988 0 -899.988
23 0 452.834 0 -452.834
18 0 67.6654 0 -67.6654
14 0 68.5882 0 -68.5882
25 0 73.2044 0 -73.2044
19 31 69.5594 70.1758 0.616466
12 0 449.838 0 -449.838
18 0 433.836 0 -433.836
2 0 69.7196 0 -69.7196
29 31 236.564 236.739 0.174603
25 0 235.913 0 -235.913
6 0 77.728 0 -77.728
21 0 73.7826 0 -73.7826
4 0 78.5833 0 -78.5833
16 0 253.757 0 -253.757
9 0 246.223 0 -246.223
29 31 866.564 866.739 0.174603
27 0 896.648 0 -896.648
10 0 904.725 0 -904.725
20 31 74.6984 75.3148 0.616461
7 0 510.355 0 -510.355
5 0 75.3576 0 -75.3576
22 31 440.519 440.847 0.328711
1 0 77.1761 0 -77.1761
8 0 76.2923 0 -76.2923
0 0 77.6666 0 -77.6666
22 31 82.56 82.8887 0.328711
28 31 459.522 459.851 0.328715
15 0 488.367 0 -488.367
6 0 468.228 0 -468.228
0 0 497.667 0 -497.667
22 31 505.602 505.931 0.328711
3 0 450.781 0 -450.781
25 0 431.163 0 -431.163
18 0 250.75 0 -250.75
24 30 81.4416 82.0581 0.616455
11 0 86.446 0 -86.446
8 0 436.292 0 -436.292
23 0 880.033 0 -880.033
12 0 83.6675 0 -83.6675
26 31 87.4158 87.7445 0.328705
7 0 83.1567 0 -83.1567
13 0 84.9501 0 -84.9501
10 0 484.725 0 -484.725
23 0 86.6641 0 -86.6641
3 0 84.6109 0 -84.6109
16 0 91.0481 0 -91.0481
29 31 86.5644 86.739 0.174603
26 31 250.124 250.453 0.328705
19 31 496.758 497.374 0.616466
29 31 446.564 446.739 0.174603
29 31 476.564 476.739 0.174603
11 0 476.946 0 -476.946
0 0 437.667 0 -437.667
26 31 445.374 445.703 0.328705
0 0 647.667 0 -647.667
11 0 867.447 0 -867.447
6 0 891.27 0 -891.27
16 0 449.007 0 -449.007
1 0 437.176 0 -437.176
27 0 86.6483 0 -86.6483
16 0 416.465 0 -416.465
28 31 687.314 687.643 0.328715
15 0 97.867 0 -97.867
15 0 260.575 0 -260.575
28 31 101.564 101.892 0.328715
10 0 94.725 0 -94.725
16 0 481.548 0 -481.548
26 31 868.417 868.745 0.328705
9 0 96.223 0 -96.223
25 0 105.746 0 -105.746
15 0 423.284 0 -423.284
6 0 110.27 0 -110.27
4 0 111.125 0 -111.125
8 0 106.292 0 -106.292
3 0 877.979 0 -877.979
1 0 107.176 0 -107.176
22 31 115.102 115.43 0.328711
0 0 107.667 0 -107.667
15 0 455.826 0 -455.826
14 0 251.673 0 -251.673
11 0 118.988 0 -118.988
26 31 119.958 120.286 0.328705
18 0 922.062 0 -922.062
29 31 116.564 116.739 0.174603
16 0 123.59 0 -123.59
27 0 116.648 0 -116.648
26 31 673.166 673.495 0.328705
28 31 882.564 882.893 0.328715
5 0 868.726 0 -868.726
4 0 436.542 0 -436.542
15 0 130.409 0 -130.409
17 0 126.214 0 -126.214
10 0 124.725 0 -124.725
8 0 496.292 0 -496.292
22 31 928.644 928.973 0.328711
18 0 494.864 0 -494.864
28 31 134.105 134.434 0.328715
9 0 126.223 0 -126.223
21 0 500.981 0 -500.981
9 0 426.223 0 -426.223
16 0 872.049 0 -872.049
24 30 447.612 448.228 0.616455
1 0 467.176 0 -467.176
18 0 128.694 0 -128.694
14 0 129.617 0 -129.617
25 0 138.288 0 -138.288
19 31 130.588 131.204 0.616466
2 0 130.748 0 -130.748
5 0 441.528 0 -441.528
14 0 434.758 0 -434.758
21 0 134.811 0 -134.811
4 0 469.084 0 -469.084
24 30 508.64 509.257 0.616455
9 0 486.223 0 -486.223
6 0 142.811 0 -142.811
4 0 143.667 0 -143.667
20 31 135.727 136.343 0.616461
8 0 856.292 0 -856.292
20 31 440.868 441.485 0.616461
5 0 136.386 0 -136.386
8 0 136.292 0 -136.292
22 31 147.643 147.972 0.328711
0 0 137.667 0 -137.667
1 0 137.176 0 -137.176
24 30 142.47 143.086 0.616455
11 0 151.529 0 -151.529
7 0 144.185 0 -144.185
26 31 152.499 152.828 0.328705
12 0 144.696 0 -144.696
23 0 147.692 0 -147.692
13 0 145.978 0 -145.978
3 0 145.639 0 -145.639
16 0 156.131 0 -156.131
29 31 146.564 146.739 0.174603
27 0 146.648 0 -146.648
15 0 162.95 0 -162.95
10 0 154.725 0 -154.725
28 31 166.647 166.976 0.328715
9 0 156.223 0 -156.223
25 0 170.83 0 -170.83
6 0 175.353 0 -175.353
4 0 176.208 0 -176.208
8 0 166.292 0 -166.292
1 0 167.176 0 -167.176
22 31 180.185 180.514 0.328711
0 0 167.667 0 -167.667
11 0 184.071 0 -184.071
26 31 185.041 185.37 0.328705
16 0 188.673 0 -188.673
29 31 176.564 176.739 0.174603
27 0 176.648 0 -176.648
17 0 187.242 0 -187.242
10 0 184.725 0 -184.725
15 0 195.492 0 -195.492
28 31 199.189 199.517 0.328715
18 0 189.722 0 -189.722
14 0 190.645 0 -190.645
9 0 186.223 0 -186.223
19 31 191.616 192.233 0.616466
25 0 203.371 0 -203.371
2 0 191.776 0 -191.776
21 0 195.839 0 -195.839
6 0 207.895 0 -207.895
4 0 208.75 0 -208.75
20 31 196.755 197.372 0.616461
5 0 197.414 0 -197.414
8 0 196.292 0 -196.292
1 0 197.176 0 -197.176
11 0 216.613 0 -216.613
0 0 197.667 0 -197.667
22 31 212.727 213.056 0.328711
24 30 203.498 204.115 0.616455
7 0 205.213 0 -205.213
26 31 217.583 217.911 0.328705
12 0 205.724 0 -205.724
3 0 206.668 0 -206.668
13 0 207.007 0 -207.007
29 31 206.564 206.739 0.174603
16 0 221.215 0 -221.215
23 0 208.721 0 -208.721
27 0 206.648 0 -206.648
15 0 228.034 0 -228.034
9 0 216.223 0 -216.223
10 0 214.725 0 -214.725
28 31 231.73 232.059 0.328715
6 0 272.978 0 -272.978
21 0 256.868 0 -256.868
10 0 454.725 0 -454.725
20 31 257.783 258.4 0.616461
4 0 273.833 0 -273.833
5 0 258.443 0 -258.443
8 0 256.292 0 -256.292
11 0 672.197 0 -672.197
0 0 887.667 0 -887.667
8 0 886.292 0 -886.292
1 0 257.176 0 -257.176
26 31 412.833 413.161 0.328705
28 31 915.106 915.435 0.328715
22 31 277.81 278.139 0.328711
0 0 257.667 0 -257.667
4 0 859.584 0 -859.584
29 31 656.564 656.739 0.174603
7 0 266.242 0 -266.242
24 30 264.527 265.143 0.616455
11 0 281.696 0 -281.696
26 31 282.666 282.995 0.328705
13 0 512.149 0 -512.149
12 0 510.866 0 -510.866
16 0 514.09 0 -514.09
6 0 435.687 0 -435.687
12 0 266.753 0 -266.753
3 0 267.696 0 -267.696
13 0 268.035 0 -268.035
21 0 928.18 0 -928.18
27 0 476.648 0 -476.648
7 0 449.327 0 -449.327
29 31 266.564 266.739 0.174603
16 0 286.298 0 -286.298
23 0 269.749 0 -269.749
27 0 266.648 0 -266.648
19 31 435.729 436.346 0.616466
15 0 293.117 0 -293.117
28 31 296.814 297.143 0.328715
10 0 274.725 0 -274.725
9 0 276.223 0 -276.223
25 0 300.996 0 -300.996
6 0 305.52 0 -305.52
8 0 286.292 0 -286.292
4 0 306.375 0 -306.375
1 0 287.176 0 -287.176
22 31 310.352 310.681 0.328711
0 0 287.667 0 -287.667
11 0 314.238 0 -314.238
26 31 315.208 315.536 0.328705
16 0 318.84 0 -318.84
29 31 296.564 296.739 0.174603
27 0 296.648 0 -296.648
15 0 325.659 0 -325.659
17 0 309.299 0 -309.299
28 31 329.356 329.684 0.328715
10 0 304.725 0 -304.725
9 0 306.223 0 -306.223
18 0 311.779 0 -311.779
14 0 312.702 0 -312.702
25 0 333.538 0 -333.538
19 31 313.673 314.289 0.616466
2 0 313.833 0 -313.833
4 0 338.917 0 -338.917
20 31 318.812 319.428 0.616461
6 0 338.062 0 -338.062
21 0 317.896 0 -317.896
5 0 319.471 0 -319.471
1 0 317.176 0 -317.176
8 0 316.292 0 -316.292
0 0 317.667 0 -317.667
22 31 342.894 343.222 0.328711
12 0 327.781 0 -327.781
11 0 346.78 0 -346.78
7 0 327.27 0 -327.27
24 30 325.555 326.171 0.616455
26 31 347.749 348.078 0.328705
3 0 328.724 0 -328.724
13 0 329.064 0 -329.064
23 0 330.778 0 -330.778
16 0 351.382 0 -351.382
27 0 326.648 0 -326.648
29 31 326.564 326.739 0.174603
15 0 358.201 0 -358.201
28 31 361.897 362.226 0.328715
10 0 334.725 0 -334.725
9 0 336.223 0 -336.223
25 0 366.08 0 -366.08
6 0 370.603 0 -370.603
8 0 346.292 0 -346.292
4 0 371.459 0 -371.459
1 0 347.176 0 -347.176
22 31 375.435 375.764 0.328711
0 0 347.667 0 -347.667
11 0 379.321 0 -379.321
26 31 380.291 380.62 0.328705
16 0 383.923 0 -383.923
29 31 356.564 356.739 0.174603
27 0 356.648 0 -356.648
17 0 370.327 0 -370.327
10 0 364.725 0 -364.725
9 0 366.223 0 -366.223
18 0 372.807 0 -372.807
14 0 373.73 0 -373.73
19 31 374.701 375.318 0.616466
2 0 374.861 0 -374.861
21 0 378.924 0 -378.924
20 31 379.84 380.457 0.616461
5 0 380.499 0 -380.499
1 0 377.176 0 -377.176
8 0 376.292 0 -376.292
0 0 377.667 0 -377.667
24 30 386.583 387.2 0.616455
7 0 388.298 0 -388.298
12 0 388.809 0 -388.809
3 0 389.753 0 -389.753
13 0 390.092 0 -390.092
23 0 391.806 0 -391.806
29 31 386.564 386.739 0.174603
27 0 386.648 0 -386.648
15 0 390.742 0 -390.742
10 0 394.725 0 -394.725
28 31 394.439 394.768 0.328715
26 31 477.916 478.245 0.328705
11 0 509.488 0 -509.488
9 0 396.223 0 -396.223
25 0 398.621 0 -398.621
6 0 403.145 0 -403.145
4 0 404 0 -404
8 0 406.292 0 -406.292
1 0 407.176 0 -407.176
22 31 407.977 408.306 0.328711
0 0 407.667 0 -407.667
11 0 411.863 0 -411.863
29 31 506.564 506.739 0.174603
27 0 506.648 0 -506.648
19 31 923.956 924.573 0.616466
2 0 924.117 0 -924.117
22 31 668.311 668.639 0.328711
15 0 878.868 0 -878.868
15 0 520.909 0 -520.909
10 0 514.725 0 -514.725
1 0 647.176 0 -647.176
6 0 923.812 0 -923.812
8 0 646.292 0 -646.292
28 31 524.606 524.934 0.328715
9 0 516.223 0 -516.223
22 31 896.102 896.431 0.328711
24 30 874.81 875.427 0.616455
17 0 919.583 0 -919.583
9 0 876.223 0 -876.223
6 0 663.478 0 -663.478
25 0 528.788 0 -528.788
4 0 924.667 0 -924.667
20 31 929.095 929.712 0.616461
6 0 533.312 0 -533.312
4 0 534.167 0 -534.167
8 0 526.292 0 -526.292
12 0 877.036 0 -877.036
1 0 527.176 0 -527.176
22 31 538.144 538.472 0.328711
4 0 664.334 0 -664.334
0 0 527.667 0 -527.667
25 0 886.747 0 -886.747
0 0 917.667 0 -917.667
9 0 906.223 0 -906.223
11 0 542.03 0 -542.03
26 31 543 543.328 0.328705
15 0 911.409 0 -911.409
25 0 658.955 0 -658.955
16 0 546.632 0 -546.632
29 31 536.564 536.739 0.174603
27 0 536.648 0 -536.648
10 0 544.725 0 -544.725
15 0 553.451 0 -553.451
17 0 553.412 0 -553.412
28 31 557.147 557.476 0.328715
9 0 546.223 0 -546.223
18 0 555.892 0 -555.892
14 0 556.815 0 -556.815
25 0 561.33 0 -561.33
19 31 557.786 558.403 0.616466
2 0 557.946 0 -557.946
6 0 565.853 0 -565.853
21 0 562.009 0 -562.009
4 0 566.709 0 -566.709
20 31 562.925 563.542 0.616461
5 0 563.584 0 -563.584
8 0 556.292 0 -556.292
1 0 557.176 0 -557.176
0 0 557.667 0 -557.667
22 31 570.685 571.014 0.328711
24 30 569.668 570.285 0.616455
11 0 574.571 0 -574.571
7 0 571.384 0 -571.384
26 31 575.541 575.87 0.328705
12 0 571.894 0 -571.894
23 0 574.891 0 -574.891
13 0 573.177 0 -573.177
3 0 572.838 0 -572.838
29 31 566.564 566.739 0.174603
16 0 579.174 0 -579.174
27 0 566.648 0 -566.648
10 0 574.725 0 -574.725
15 0 585.992 0 -585.992
28 31 589.689 590.018 0.328715
25 0 593.872 0 -593.872
9 0 576.223 0 -576.223
6 0 598.395 0 -598.395
4 0 599.25 0 -599.25
8 0 586.292 0 -586.292
1 0 587.176 0 -587.176
22 31 603.227 603.556 0.328711
0 0 587.667 0 -587.667
11 0 607.113 0 -607.113
26 31 608.083 608.412 0.328705
16 0 611.715 0 -611.715
29 31 596.564 596.739 0.174603
27 0 596.648 0 -596.648
15 0 618.534 0 -618.534
10 0 604.725 0 -604.725
17 0 614.441 0 -614.441
28 31 622.231 622.56 0.328715
9 0 606.223 0 -606.223
18 0 616.921 0 -616.921
14 0 617.843 0 -617.843
25 0 626.413 0 -626.413
6 0 630.937 0 -630.937
2 0 618.975 0 -618.975
19 31 618.815 619.431 0.616466
4 0 631.792 0 -631.792
21 0 623.038 0 -623.038
20 31 623.954 624.57 0.616461
5 0 624.613 0 -624.613
8 0 616.292 0 -616.292
1 0 617.176 0 -617.176
22 31 635.769 636.098 0.328711
0 0 617.667 0 -617.667
11 0 639.655 0 -639.655
24 30 630.697 631.313 0.616455
7 0 632.412 0 -632.412
26 31 640.625 640.953 0.328705
3 0 633.866 0 -633.866
12 0 632.923 0 -632.923
13 0 634.205 0 -634.205
29 31 626.564 626.739 0.174603
23 0 635.919 0 -635.919
16 0 644.257 0 -644.257
27 0 626.648 0 -626.648
10 0 634.725 0 -634.725
15 0 651.076 0 -651.076
28 31 654.773 655.101 0.328715
9 0 636.223 0 -636.223
10 0 664.725 0 -664.725
5 0 929.754 0 -929.754
9 0 666.223 0 -666.223
18 0 677.949 0 -677.949
14 0 678.872 0 -678.872
25 0 691.497 0 -691.497
8 0 916.292 0 -916.292
1 0 917.176 0 -917.176
10 0 874.725 0 -874.725
19 31 679.843 680.459 0.616466
6 0 696.02 0 -696.02
2 0 680.003 0 -680.003
21 0 684.066 0 -684.066
5 0 685.641 0 -685.641
20 31 684.982 685.598 0.616461
4 0 696.876 0 -696.876
8 0 676.292 0 -676.292
1 0 677.176 0 -677.176
22 31 700.852 701.181 0.328711
0 0 677.667 0 -677.667
24 30 691.725 692.342 0.616455
7 0 693.44 0 -693.44
11 0 704.738 0 -704.738
26 31 705.708 706.037 0.328705
12 0 693.951 0 -693.951
3 0 694.894 0 -694.894
13 0 695.234 0 -695.234
29 31 686.564 686.739 0.174603
16 0 709.34 0 -709.34
23 0 696.948 0 -696.948
27 0 686.648 0 -686.648
15 0 716.159 0 -716.159
10 0 694.725 0 -694.725
28 31 719.856 720.185 0.328715
9 0 696.223 0 -696.223
25 0 724.038 0 -724.038
4 0 729.417 0 -729.417
6 0 728.562 0 -728.562
1 0 707.176 0 -707.176
8 0 706.292 0 -706.292
0 0 707.667 0 -707.667
22 31 733.394 733.723 0.328711
11 0 737.28 0 -737.28
26 31 738.25 738.578 0.328705
16 0 741.882 0 -741.882
29 31 716.564 716.739 0.174603
27 0 716.648 0 -716.648
15 0 748.701 0 -748.701
28 31 752.398 752.726 0.328715
17 0 736.498 0 -736.498
10 0 724.725 0 -724.725
9 0 726.223 0 -726.223
18 0 738.977 0 -738.977
14 0 739.9 0 -739.9
25 0 756.58 0 -756.58
19 31 740.871 741.488 0.616466
2 0 741.032 0 -741.032
6 0 761.104 0 -761.104
21 0 745.094 0 -745.094
4 0 761.959 0 -761.959
20 31 746.01 746.627 0.616461
8 0 736.292 0 -736.292
5 0 746.669 0 -746.669
1 0 737.176 0 -737.176
22 31 765.936 766.264 0.328711
0 0 737.667 0 -737.667
7 0 754.469 0 -754.469
24 30 752.753 753.37 0.616455
11 0 769.822 0 -769.822
26 31 770.791 771.12 0.328705
12 0 754.979 0 -754.979
3 0 755.923 0 -755.923
13 0 756.262 0 -756.262
23 0 757.976 0 -757.976
16 0 774.424 0 -774.424
29 31 746.564 746.739 0.174603
10 0 754.725 0 -754.725
27 0 746.648 0 -746.648
9 0 756.223 0 -756.223
1 0 767.176 0 -767.176
8 0 766.292 0 -766.292
0 0 767.667 0 -767.667
29 31 776.564 776.739 0.174603
27 0 776.648 0 -776.648
17 0 797.526 0 -797.526
10 0 784.725 0 -784.725
15 0 781.243 0 -781.243
28 31 784.939 785.268 0.328715
9 0 786.223 0 -786.223
18 0 800.006 0 -800.006
14 0 800.928 0 -800.928
25 0 789.122 0 -789.122
19 31 801.9 802.516 0.616466
2 0 802.06 0 -802.06
6 0 793.645 0 -793.645
21 0 806.123 0 -806.123
4 0 794.501 0 -794.501
20 31 807.039 807.655 0.616461
5 0 807.698 0 -807.698
8 0 796.292 0 -796.292
1 0 797.176 0 -797.176
22 31 798.477 798.806 0.328711
0 0 797.667 0 -797.667
7 0 815.497 0 -815.497
26 31 803.333 803.662 0.328705
24 30 813.782 814.398 0.616455
11 0 802.363 0 -802.363
3 0 816.951 0 -816.951
12 0 816.008 0 -816.008
7 0 876.525 0 -876.525
14 0 922.985 0 -922.985
25 0 919.289 0 -919.289
23 0 819.004 0 -819.004
16 0 806.965 0 -806.965
13 0 817.29 0 -817.29
29 31 806.564 806.739 0.174603
27 0 806.648 0 -806.648
28 31 817.481 817.81 0.328715
15 0 813.784 0 -813.784
9 0 816.223 0 -816.223
10 0 814.725 0 -814.725
25 0 821.663 0 -821.663
6 0 826.187 0 -826.187
4 0 827.042 0 -827.042
8 0 826.292 0 -826.292
1 0 827.176 0 -827.176
22 31 831.019 831.348 0.328711
0 0 827.667 0 -827.667
26 31 835.875 836.204 0.328705
11 0 834.905 0 -834.905
16 0 839.507 0 -839.507
27 0 836.648 0 -836.648
29 31 836.564 836.739 0.174603
17 0 858.554 0 -858.554
28 31 850.023 850.351 0.328715
15 0 846.326 0 -846.326
10 0 844.725 0 -844.725
9 0 846.223 0 -846.223
18 0 861.034 0 -861.034
14 0 861.957 0 -861.957
25 0 854.205 0 -854.205
19 31 862.928 863.544 0.616466
2 0 863.088 0 -863.088
24 30 935.839 936.455 0.616455
11 0 932.53 0 -932.53
7 0 937.554 0 -937.554
26 31 933.5 933.829 0.328705
12 0 938.064 0 -938.064
3 0 939.008 0 -939.008
13 0 939.347 0 -939.347
23 0 941.061 0 -941.061
16 0 937.132 0 -937.132
29 31 926.564 926.739 0.174603
27 0 926.648 0 -926.648
15 0 943.951 0 -943.951
10 0 934.725 0 -934.725
28 31 947.648 947.976 0.328715
9 0 936.223 0 -936.223
25 0 951.83 0 -951.83
6 0 956.354 0 -956.354
4 0 957.209 0 -957.209
8 0 946.292 0 -946.292
1 0 947.176 0 -947.176
22 31 961.186 961.515 0.328711
0 0 947.667 0 -947.667
11 0 965.072 0 -965.072
26 31 966.042 966.37 0.328705
16 0 969.674 0 -969.674
29 31 956.564 956.739 0.174603
27 0 956.648 0 -956.648
15 0 976.493 0 -976.493
10 0 964.725 0 -964.725
28 31 980.189 980.518 0.328715
17 0 980.611 0 -980.611
9 0 966.223 0 -966.223
2 0 985.145 0 -985.145
14 0 984.013 0 -984.013
25 0 984.372 0 -984.372
18 0 983.091 0 -983.091
19 31 984.985 985.601 0.616466
6 0 988.895 0 -988.895
21 0 989.208 0 -989.208
4 0 989.751 0 -989.751
20 31 990.124 990.74 0.616461
5 0 990.783 0 -990.783
8 0 976.292 0 -976.292
1 0 977.176 0 -977.176
22 31 993.728 994.056 0.328711
0 0 977.667 0 -977.667
24 30 996.867 997.483 0.616455
7 0 998.582 0 -998.582
11 0 997.614 0 -997.614
26 31 998.583 998.912 0.328705
12 0 999.093 0 -999.093
3 0 1000.04 0 -1000.04
13 0 1000.38 0 -1000.38
16 0 1002.22 0 -1002.22
23 0 1002.09 0 -1002.09
29 31 986.564 986.739 0.174603
27 0 986.648 0 -986.648
15 0 1009.03 0 -1009.03
28 31 1012.73 1013.06 0.328715
10 0 994.725 0 -994.725
9 0 996.223 0 -996.223
25 0 1016.91 0 -1016.91
4 0 1022.29 0 -1022.29
6 0 1021.44 0 -1021.44
8 0 1006.29 0 -1006.29
1 0 1007.18 0 -1007.18
22 31 1026.27 1026.6 0.328711
0 0 1007.67 0 -1007.67
11 0 1030.16 0 -1030.16
26 31 1031.13 1031.45 0.328705
16 0 1034.76 0 -1034.76
29 31 1016.56 1016.74 0.174603
27 0 1016.65 0 -1016.65
28 31 1045.27 1045.6 0.328715
15 0 1041.58 0 -1041.58
17 0 1041.64 0 -1041.64
10 0 1024.73 0 -1024.73
9 0 1026.22 0 -1026.22
25 0 1049.46 0 -1049.46
19 31 1046.01 1046.63 0.616466
14 0 1045.04 0 -1045.04
18 0 1044.12 0 -1044.12
2 0 1046.17 0 -1046.17
4 0 1054.83 0 -1054.83
20 31 1051.15 1051.77 0.616461
6 0 1053.98 0 -1053.98
21 0 1050.24 0 -1050.24
5 0 1051.81 0 -1051.81
8 0 1036.29 0 -1036.29
1 0 1037.18 0 -1037.18
22 31 1058.81 1059.14 0.328711
0 0 1037.67 0 -1037.67
24 30 1057.9 1058.51 0.616455
11 0 1062.7 0 -1062.7
7 0 1059.61 0 -1059.61
26 31 1063.67 1064 0.328705
12 0 1060.12 0 -1060.12
3 0 1061.06 0 -1061.06
13 0 1061.4 0 -1061.4
16 0 1067.3 0 -1067.3
23 0 1063.12 0 -1063.12
29 31 1046.56 1046.74 0.174603
27 0 1046.65 0 -1046.65
10 0 1054.73 0 -1054.73
15 0 1074.12 0 -1074.12
28 31 1077.81 1078.14 0.328715
9 0 1056.22 0 -1056.22
25 0 1082 0 -1082
4 0 1087.38 0 -1087.38
6 0 1086.52 0 -1086.52
8 0 1066.29 0 -1066.29
1 0 1067.18 0 -1067.18
22 31 1091.35 1091.68 0.328711
0 0 1067.67 0 -1067.67
11 0 1095.24 0 -1095.24
26 31 1096.21 1096.54 0.328705
16 0 1099.84 0 -1099.84
29 31 1076.56 1076.74 0.174603
27 0 1076.65 0 -1076.65
15 0 1106.66 0 -1106.66
28 31 1110.36 1110.68 0.328715
17 0 1102.67 0 -1102.67
10 0 1084.73 0 -1084.73
9 0 1086.22 0 -1086.22
18 0 1105.15 0 -1105.15
14 0 1106.07 0 -1106.07
25 0 1114.54 0 -1114.54
19 31 1107.04 1107.66 0.616466
2 0 1107.2 0 -1107.2
5 0 1112.84 0 -1112.84
21 0 1111.26 0 -1111.26
4 0 1119.92 0 -1119.92
6 0 1119.06 0 -1119.06
20 31 1112.18 1112.8 0.616461
8 0 1096.29 0 -1096.29
22 31 1123.89 1124.22 0.328711
1 0 1097.18 0 -1097.18
0 0 1097.67 0 -1097.67
24 30 1118.92 1119.54 0.616455
11 0 1127.78 0 -1127.78
7 0 1120.64 0 -1120.64
26 31 1128.75 1129.08 0.328705
12 0 1121.15 0 -1121.15
3 0 1122.09 0 -1122.09
13 0 1122.43 0 -1122.43
23 0 1124.15 0 -1124.15
16 0 1132.38 0 -1132.38
29 31 1106.56 1106.74 0.174603
27 0 1106.65 0 -1106.65
15 0 1139.2 0 -1139.2
10 0 1114.73 0 -1114.73
28 31 1142.9 1143.23 0.328715
9 0 1116.22 0 -1116.22
25 0 1147.08 0 -1147.08
4 0 1152.46 0 -1152.46
6 0 1151.6 0 -1151.6
8 0 1126.29 0 -1126.29
1 0 1127.18 0 -1127.18
22 31 1156.44 1156.76 0.328711
0 0 1127.67 0 -1127.67
26 31 1161.29 1161.62 0.328705
11 0 1160.32 0 -1160.32
16 0 1164.92 0 -1164.92
29 31 1136.56 1136.74 0.174603
27 0 1136.65 0 -1136.65
17 0 1163.7 0 -1163.7
10 0 1144.73 0 -1144.73
9 0 1146.22 0 -1146.22
18 0 1166.18 0 -1166.18
14 0 1167.1 0 -1167.1
19 31 1168.07 1168.69 0.616466
2 0 1168.23 0 -1168.23
21 0 1172.29 0 -1172.29
20 31 1173.21 1173.83 0.616461
5 0 1173.87 0 -1173.87
8 0 1156.29 0 -1156.29
0 0 1157.67 0 -1157.67
1 0 1157.18 0 -1157.18
24 30 1179.95 1180.57 0.616455
12 0 1182.18 0 -1182.18
3 0 1183.12 0 -1183.12
7 0 1181.67 0 -1181.67
13 0 1183.46 0 -1183.46
23 0 1185.17 0 -1185.17
29 31 1166.56 1166.74 0.174603
27 0 1166.65 0 -1166.65
10 0 1174.73 0 -1174.73
15 0 1171.74 0 -1171.74
17 0 1224.72 0 -1224.72
28 31 1175.44 1175.77 0.328715
9 0 1176.22 0 -1176.22
18 0 1227.2 0 -1227.2
14 0 1228.13 0 -1228.13
25 0 1179.62 0 -1179.62
19 31 1229.1 1229.71 0.616466
2 0 1229.26 0 -1229.26
20 31 1234.24 1234.85 0.616461
4 0 1185 0 -1185
21 0 1233.32 0 -1233.32
6 0 1184.15 0 -1184.15
5 0 1234.9 0 -1234.9
8 0 1186.29 0 -1186.29
1 0 1187.18 0 -1187.18
22 31 1188.98 1189.31 0.328711
0 0 1187.67 0 -1187.67
7 0 1242.7 0 -1242.7
26 31 1193.83 1194.16 0.328705
24 30 1240.98 1241.6 0.616455
11 0 1192.86 0 -1192.86
12 0 1243.21 0 -1243.21
3 0 1244.15 0 -1244.15
13 0 1244.49 0 -1244.49
29 31 1196.56 1196.74 0.174603
23 0 1246.2 0 -1246.2
16 0 1197.47 0 -1197.47
27 0 1196.65 0 -1196.65
