6 0 3.19657 0 -3.19657
5 0 4.57355 0 -4.57355
4 10 5.11337 5.72982 0.61645
9 0 14.4214 0 -14.4214
2 11 13.7411 14.3576 0.616467
0 0 16.1713 0 -16.1713
7 0 19.1782 0 -19.1782
1 0 22.8689 0 -22.8689
8 0 23.0678 0 -23.0678
3 10 24.496 24.6706 0.174596
5 0 37.1152 0 -37.1152
6 0 35.7383 0 -35.7383
9 0 44.4214 0 -44.4214
0 0 46.1713 0 -46.1713
7 0 51.7199 0 -51.7199
1 0 52.8689 0 -52.8689
8 0 53.0678 0 -53.0678
3 10 54.496 54.6706 0.174596
9 0 74.4214 0 -74.4214
4 10 66.1417 66.7582 0.61645
5 0 69.6569 0 -69.6569
6 0 68.28 0 -68.28
2 11 74.7695 75.3859 0.616467
0 0 76.1713 0 -76.1713
7 0 84.2616 0 -84.2616
1 0 82.8689 0 -82.8689
8 0 83.0678 0 -83.0678
3 10 84.496 84.6706 0.174596
5 0 102.199 0 -102.199
6 0 100.822 0 -100.822
9 0 104.421 0 -104.421
0 0 106.171 0 -106.171
7 0 116.803 0 -116.803
1 0 112.869 0 -112.869
8 0 113.068 0 -113.068
3 10 114.496 114.671 0.174596
4 10 127.17 127.787 0.61645
5 0 134.74 0 -134.74
6 0 133.363 0 -133.363
9 0 134.421 0 -134.421
2 11 135.798 136.414 0.616467
0 0 136.171 0 -136.171
1 0 142.869 0 -142.869
7 0 149.345 0 -149.345
8 0 143.068 0 -143.068
3 10 144.496 144.671 0.174596
5 0 167.282 0 -167.282
6 0 165.905 0 -165.905
9 0 164.421 0 -164.421
0 0 166.171 0 -166.171
7 0 181.887 0 -181.887
1 0 172.869 0 -172.869
8 0 173.068 0 -173.068
3 10 174.496 174.671 0.174596
4 10 188.198 188.815 0.61645
5 0 199.824 0 -199.824
6 0 198.447 0 -198.447
0 0 196.171 0 -196.171
9 0 194.421 0 -194.421
2 11 196.826 197.443 0.616467
7 0 214.428 0 -214.428
1 0 202.869 0 -202.869
8 0 203.068 0 -203.068
3 10 204.496 204.671 0.174596
5 0 232.365 0 -232.365
6 0 230.988 0 -230.988
9 0 224.421 0 -224.421
0 0 226.171 0 -226.171
7 0 246.97 0 -246.97
1 0 232.869 0 -232.869
8 0 233.068 0 -233.068
3 10 234.496 234.671 0.174596
4 10 249.227 249.843 0.61645
5 0 264.907 0 -264.907
6 0 263.53 0 -263.53
0 0 256.171 0 -256.171
9 0 254.421 0 -254.421
2 11 257.855 258.471 0.616467
1 0 262.869 0 -262.869
7 0 279.512 0 -279.512
8 0 263.068 0 -263.068
3 10 264.496 264.671 0.174596
5 0 297.449 0 -297.449
6 0 296.072 0 -296.072
9 0 284.421 0 -284.421
0 0 286.171 0 -286.171
7 0 312.053 0 -312.053
1 0 292.869 0 -292.869
8 0 293.068 0 -293.068
3 10 294.496 294.671 0.174596
5 0 329.991 0 -329.991
6 0 328.614 0 -328.614
4 10 310.255 310.872 0.61645
9 0 314.421 0 -314.421
2 11 318.883 319.499 0.616467
0 0 316.171 0 -316.171
7 0 344.595 0 -344.595
1 0 322.869 0 -322.869
8 0 323.068 0 -323.068
3 10 324.496 324.671 0.174596
5 0 362.532 0 -362.532
6 0 361.155 0 -361.155
9 0 344.421 0 -344.421
0 0 346.171 0 -346.171
7 0 377.137 0 -377.137
1 0 352.869 0 -352.869
8 0 353.068 0 -353.068
3 10 354.496 354.671 0.174596
4 10 371.283 371.9 0.61645
0 0 376.171 0 -376.171
9 0 374.421 0 -374.421
2 11 379.911 380.528 0.616467
1 0 382.869 0 -382.869
8 0 383.068 0 -383.068
3 10 384.496 384.671 0.174596
5 0 395.074 0 -395.074
6 0 393.697 0 -393.697
9 0 404.421 0 -404.421
0 0 406.171 0 -406.171
7 0 409.679 0 -409.679
1 0 412.869 0 -412.869
8 0 413.068 0 -413.068
3 10 414.496 414.671 0.174596
4 10 432.312 432.928 0.61645
5 0 427.616 0 -427.616
6 0 426.239 0 -426.239
0 0 436.171 0 -436.171
9 0 434.421 0 -434.421
2 11 440.94 441.556 0.616467
7 0 442.22 0 -442.22
1 0 442.869 0 -442.869
8 0 443.068 0 -443.068
3 10 444.496 444.671 0.174596
5 0 460.157 0 -460.157
6 0 458.78 0 -458.78
9 0 464.421 0 -464.421
0 0 466.171 0 -466.171
7 0 474.762 0 -474.762
1 0 472.869 0 -472.869
8 0 473.068 0 -473.068
3 10 474.496 474.671 0.174596
4 10 493.34 493.957 0.61645
5 0 492.699 0 -492.699
6 0 491.322 0 -491.322
2 11 501.968 502.584 0.616467
0 0 496.171 0 -496.171
9 0 494.421 0 -494.421
7 0 507.304 0 -507.304
1 0 502.869 0 -502.869
8 0 503.068 0 -503.068
3 10 504.496 504.671 0.174596
5 0 525.241 0 -525.241
6 0 523.864 0 -523.864
9 0 524.421 0 -524.421
0 0 526.171 0 -526.171
7 0 539.845 0 -539.845
1 0 532.869 0 -532.869
8 0 533.068 0 -533.068
3 10 534.496 534.671 0.174596
4 10 554.369 554.985 0.61645
5 0 557.782 0 -557.782
6 0 556.405 0 -556.405
2 11 562.996 563.613 0.616467
9 0 554.421 0 -554.421
0 0 556.171 0 -556.171
7 0 572.387 0 -572.387
1 0 562.869 0 -562.869
8 0 563.068 0 -563.068
3 10 564.496 564.671 0.174596
5 0 590.324 0 -590.324
6 0 588.947 0 -588.947
9 0 584.421 0 -584.421
0 0 586.171 0 -586.171
7 0 604.929 0 -604.929
1 0 592.869 0 -592.869
8 0 593.068 0 -593.068
3 10 594.496 594.671 0.174596
4 10 615.397 616.013 0.61645
5 0 622.866 0 -622.866
6 0 621.489 0 -621.489
2 11 624.025 624.641 0.616467
9 0 614.421 0 -614.421
7 0 637.47 0 -637.47
0 0 616.171 0 -616.171
1 0 622.869 0 -622.869
8 0 623.068 0 -623.068
3 10 624.496 624.671 0.174596
5 0 655.407 0 -655.407
6 0 654.03 0 -654.03
9 0 644.421 0 -644.421
0 0 646.171 0 -646.171
7 0 670.012 0 -670.012
1 0 652.869 0 -652.869
8 0 653.068 0 -653.068
3 10 654.496 654.671 0.174596
4 10 676.425 677.042 0.61645
5 0 687.949 0 -687.949
6 0 686.572 0 -686.572
2 11 685.053 685.669 0.616467
9 0 674.421 0 -674.421
0 0 676.171 0 -676.171
8 0 683.068 0 -683.068
1 0 682.869 0 -682.869
7 0 702.554 0 -702.554
3 10 684.496 684.671 0.174596
6 0 719.114 0 -719.114
5 0 720.491 0 -720.491
9 0 704.421 0 -704.421
0 0 706.171 0 -706.171
7 0 735.096 0 -735.096
1 0 712.869 0 -712.869
8 0 713.068 0 -713.068
3 10 714.496 714.671 0.174596
5 0 753.033 0 -753.033
6 0 751.656 0 -751.656
4 10 737.454 738.07 0.61645
2 11 746.081 746.698 0.616467
9 0 734.421 0 -734.421
0 0 736.171 0 -736.171
8 0 743.068 0 -743.068
1 0 742.869 0 -742.869
7 0 767.637 0 -767.637
3 10 744.496 744.671 0.174596
9 0 764.421 0 -764.421
0 0 766.171 0 -766.171
1 0 772.869 0 -772.869
8 0 773.068 0 -773.068
3 10 774.496 774.671 0.174596
2 11 807.11 807.726 0.616467
4 10 798.482 799.098 0.61645
5 0 785.574 0 -785.574
6 0 784.197 0 -784.197
9 0 794.421 0 -794.421
0 0 796.171 0 -796.171
8 0 803.068 0 -803.068
1 0 802.869 0 -802.869
7 0 800.179 0 -800.179
3 10 804.496 804.671 0.174596
6 0 816.739 0 -816.739
5 0 818.116 0 -818.116
9 0 824.421 0 -824.421
0 0 826.171 0 -826.171
7 0 832.721 0 -832.721
1 0 832.869 0 -832.869
8 0 833.068 0 -833.068
3 10 834.496 834.671 0.174596
4 10 859.51 860.127 0.61645
5 0 850.658 0 -850.658
6 0 849.281 0 -849.281
2 11 868.138 868.755 0.616467
9 0 854.421 0 -854.421
0 0 856.171 0 -856.171
7 0 865.262 0 -865.262
8 0 863.068 0 -863.068
1 0 862.869 0 -862.869
3 10 864.496 864.671 0.174596
6 0 881.822 0 -881.822
5 0 883.199 0 -883.199
9 0 884.421 0 -884.421
0 0 886.171 0 -886.171
7 0 897.804 0 -897.804
1 0 892.869 0 -892.869
8 0 893.068 0 -893.068
3 10 894.496 894.671 0.174596
4 10 920.539 921.155 0.61645
5 0 915.741 0 -915.741
6 0 914.364 0 -914.364
2 11 929.166 929.783 0.616467
9 0 914.421 0 -914.421
0 0 916.171 0 -916.171
7 0 930.346 0 -930.346
8 0 923.068 0 -923.068
1 0 922.869 0 -922.869
3 10 924.496 924.671 0.174596
5 0 948.283 0 -948.283
6 0 946.906 0 -946.906
9 0 944.421 0 -944.421
0 0 946.171 0 -946.171
7 0 962.887 0 -962.887
1 0 952.869 0 -952.869
8 0 953.068 0 -953.068
3 10 954.496 954.671 0.174596
4 10 981.567 982.183 0.61645
5 0 980.824 0 -980.824
6 0 979.447 0 -979.447
2 11 990.195 990.811 0.616467
9 0 974.421 0 -974.421
0 0 976.171 0 -976.171
7 0 995.429 0 -995.429
8 0 983.068 0 -983.068
1 0 982.869 0 -982.869
3 10 984.496 984.671 0.174596
6 0 1011.99 0 -1011.99
5 0 1013.37 0 -1013.37
9 0 1004.42 0 -1004.42
0 0 1006.17 0 -1006.17
7 0 1027.97 0 -1027.97
1 0 1012.87 0 -1012.87
8 0 1013.07 0 -1013.07
3 10 1014.5 1014.67 0.174596
4 10 1042.6 1043.21 0.61645
5 0 1045.91 0 -1045.91
6 0 1044.53 0 -1044.53
2 11 1051.22 1051.84 0.616467
9 0 1034.42 0 -1034.42
0 0 1036.17 0 -1036.17
7 0 1060.51 0 -1060.51
1 0 1042.87 0 -1042.87
8 0 1043.07 0 -1043.07
3 10 1044.5 1044.67 0.174596
6 0 1077.07 0 -1077.07
5 0 1078.45 0 -1078.45
9 0 1064.42 0 -1064.42
0 0 1066.17 0 -1066.17
7 0 1093.05 0 -1093.05
1 0 1072.87 0 -1072.87
8 0 1073.07 0 -1073.07
3 10 1074.5 1074.67 0.174596
5 0 1110.99 0 -1110.99
6 0 1109.61 0 -1109.61
4 10 1103.62 1104.24 0.61645
2 11 1112.25 1112.87 0.616467
9 0 1094.42 0 -1094.42
0 0 1096.17 0 -1096.17
7 0 1125.6 0 -1125.6
1 0 1102.87 0 -1102.87
8 0 1103.07 0 -1103.07
5 0 1143.53 0 -1143.53
6 0 1142.16 0 -1142.16
3 10 1104.5 1104.67 0.174596
9 0 1124.42 0 -1124.42
0 0 1126.17 0 -1126.17
7 0 1158.14 0 -1158.14
1 0 1132.87 0 -1132.87
8 0 1133.07 0 -1133.07
3 10 1134.5 1134.67 0.174596
4 10 1164.65 1165.27 0.61645
2 11 1173.28 1173.9 0.616467
9 0 1154.42 0 -1154.42
0 0 1156.17 0 -1156.17
1 0 1162.87 0 -1162.87
8 0 1163.07 0 -1163.07
3 10 1164.5 1164.67 0.174596
4 10 1225.68 1226.3 0.61645
5 0 1176.07 0 -1176.07
6 0 1174.7 0 -1174.7
2 11 1234.31 1234.92 0.616467
9 0 1184.42 0 -1184.42
0 0 1186.17 0 -1186.17
7 0 1190.68 0 -1190.68
1 0 1192.87 0 -1192.87
8 0 1193.07 0 -1193.07
3 10 1194.5 1194.67 0.174596
