19 42 0.0634995 0.392212 0.328713
8 0 9.32852 0 -9.32852
18 42 12.494 12.8227 0.328712
1 42 12.4261 13.0426 0.616455
11 42 0.281811 0.610522 0.328711
27 42 0.589422 1.20588 0.616458
22 42 573.779 573.877 0.0975415
1 42 561.681 562.298 0.616455
32 42 559.98 560.308 0.328712
11 42 618.574 618.903 0.328711
5 42 0.915549 1.532 0.616454
25 42 2.4655 3.08196 0.61646
9 42 2.23216 2.84861 0.616458
39 0 2.48768 0 -2.48768
38 41 876.477 876.574 0.0975388
14 42 4.32075 4.9372 0.616454
22 42 3.77908 3.87662 0.0975415
24 42 5.22203 5.83849 0.616459
32 42 625.063 625.392 0.328712
30 42 5.00926 5.62571 0.616453
3 42 5.51941 6.13587 0.616457
28 42 924.709 925.325 0.616458
29 42 576.279 576.608 0.328711
32 42 6.77087 7.09958 0.328712
38 41 6.47683 6.57437 0.0975388
15 42 809.248 809.422 0.1746
7 42 8.91508 9.53154 0.616455
21 42 7.25446 7.87092 0.616458
4 41 613.951 614.28 0.328716
2 42 8.89703 9.07164 0.174604
28 42 9.28341 9.89987 0.616458
19 41 878.689 879.018 0.328716
29 42 934.238 934.567 0.328711
18 42 598.245 598.573 0.328712
23 42 21.8502 22.1789 0.328711
17 42 13.7208 14.0495 0.328714
33 42 16.6113 16.94 0.328711
20 42 17.0432 17.6596 0.616457
16 42 565.394 565.492 0.0975423
35 42 21.7509 22.3674 0.616457
14 42 919.746 920.362 0.616454
29 42 23.0705 23.3992 0.328711
13 42 22.985 23.6014 0.616454
19 42 618.356 618.684 0.328713
21 42 617.538 618.154 0.616458
0 42 24.2507 24.8672 0.616458
36 40 23.9706 24.2993 0.328714
10 0 26.7537 0 -26.7537
1 42 927.851 928.468 0.616455
16 42 25.3941 25.4916 0.0975423
4 41 776.66 776.989 0.328716
31 0 26.6933 0 -26.6933
4 41 28.2008 28.5295 0.328716
19 42 585.814 586.143 0.328713
6 0 583.171 0 -583.171
35 42 937.176 937.793 0.616457
26 42 577.513 578.13 0.616454
26 42 28.258 28.8745 0.616454
20 42 566.298 566.915 0.616457
4 41 809.202 809.53 0.328716
37 40 29.2612 29.8776 0.616455
15 42 29.2477 29.4223 0.1746
34 42 29.339 29.9554 0.616458
23 42 575.059 575.388 0.328711
16 42 745.394 745.492 0.0975423
39 0 602.488 0 -602.488
17 42 924.888 925.217 0.328714
19 42 32.6052 32.9339 0.328713
12 42 29.9256 30.2543 0.328711
6 0 29.9617 0 -29.9617
22 42 543.779 543.877 0.0975415
20 42 932.468 933.085 0.616457
11 42 32.8235 33.1522 0.328711
39 0 32.4877 0 -32.4877
6 42 615.712 616.041 0.328715
0 42 756.591 757.207 0.616458
11 42 586.032 586.361 0.328711
39 0 572.488 0 -572.488
22 42 33.7791 33.8766 0.0975415
7 42 558.17 558.787 0.616455
38 41 36.4768 36.5744 0.0975388
7 42 924.34 924.957 0.616455
32 42 39.3126 39.6413 0.328712
2 42 38.897 39.0716 0.174604
15 42 749.248 749.422 0.1746
30 42 920.435 921.051 0.616453
17 42 46.2625 46.5912 0.328714
12 42 778.385 778.713 0.328711
2 42 548.897 549.072 0.174604
14 42 614.604 615.221 0.616454
18 42 45.0357 45.3644 0.328712
33 42 49.153 49.4817 0.328711
17 42 566.93 567.258 0.328714
29 42 55.6122 55.9409 0.328711
23 42 54.3919 54.7206 0.328711
36 40 56.5123 56.841 0.328714
16 42 55.3941 55.4916 0.0975423
4 41 60.7425 61.0712 0.328716
18 42 565.703 566.032 0.328712
15 42 59.2477 59.4223 0.1746
4 41 548.868 549.197 0.328716
34 42 761.679 762.296 0.616458
11 42 65.3652 65.6939 0.328711
19 42 65.1469 65.4756 0.328713
6 42 62.5034 62.8321 0.328715
12 42 62.4673 62.796 0.328711
27 42 61.6178 62.2342 0.616458
5 42 61.9439 62.5604 0.616454
32 42 787.772 788.1 0.328712
10 42 820.122 820.739 0.616455
5 42 611.199 611.816 0.616454
39 0 62.4877 0 -62.4877
9 41 63.2605 63.877 0.61646
25 0 63.4939 0 -63.4939
24 42 615.506 616.122 0.616459
14 42 65.3491 65.9656 0.616454
5 42 550.171 550.787 0.616454
15 42 569.248 569.422 0.1746
30 42 66.0376 66.6541 0.616453
22 42 63.7791 63.8766 0.0975415
38 41 576.477 576.574 0.0975388
9 42 612.516 613.132 0.616458
24 42 66.2504 66.8668 0.616459
38 41 546.477 546.574 0.0975388
3 42 66.5478 67.1642 0.616457
38 41 66.4768 66.5744 0.0975388
13 42 938.41 939.027 0.616454
12 42 615.676 616.005 0.328711
27 0 610.873 0 -610.873
32 42 71.8543 72.183 0.328712
28 0 70.3118 0 -70.3118
2 42 68.897 69.0716 0.174604
21 42 68.2828 68.8993 0.616458
8 0 70.3569 0 -70.3569
7 0 69.9434 0 -69.9434
17 42 78.8042 79.1329 0.328714
9 42 551.487 552.104 0.616458
11 42 553.491 553.819 0.328711
2 42 578.897 579.072 0.174604
21 42 556.51 557.126 0.616458
30 42 615.293 615.909 0.616453
33 42 602.362 602.691 0.328711
8 42 558.584 559.2 0.616456
6 0 810.962 0 -810.962
18 42 77.5774 77.9061 0.328712
1 42 73.4545 74.0709 0.616455
23 42 86.9336 87.2623 0.328711
28 41 558.539 559.155 0.61646
33 42 81.6947 82.0234 0.328711
20 42 78.0715 78.688 0.616457
24 0 920.647 0 -920.647
35 42 82.7793 83.3957 0.616457
2 42 908.897 909.072 0.174604
36 40 577.179 577.508 0.328714
29 42 88.1539 88.4826 0.328711
31 0 87.7216 0 -87.7216
13 42 84.0133 84.6298 0.616454
0 42 85.2791 85.8955 0.616458
36 40 89.054 89.3827 0.328714
15 42 539.248 539.422 0.1746
16 42 85.3941 85.4916 0.0975423
27 42 549.845 550.461 0.616458
10 0 87.782 0 -87.782
26 42 89.2864 89.9028 0.616454
31 42 575.948 576.565 0.616458
4 41 93.2842 93.6129 0.328716
37 40 90.2895 90.906 0.616455
15 42 89.2477 89.4223 0.1746
3 0 615.803 0 -615.803
32 42 592.521 592.85 0.328712
34 42 90.3673 90.9838 0.616458
6 42 95.0451 95.3738 0.328715
22 42 873.779 873.877 0.0975415
11 42 97.9069 98.2356 0.328711
19 42 97.6886 98.0173 0.328713
12 42 95.009 95.3377 0.328711
0 42 573.506 574.122 0.616458
15 42 779.248 779.422 0.1746
19 42 781.064 781.393 0.328713
39 0 92.4877 0 -92.4877
2 42 758.897 759.072 0.174604
24 42 554.477 555.094 0.616459
22 42 93.7791 93.8766 0.0975415
18 42 923.662 923.99 0.328712
30 42 554.264 554.881 0.616453
13 42 572.24 572.857 0.616454
33 42 895.237 895.566 0.328711
19 42 553.272 553.601 0.328713
39 0 752.488 0 -752.488
38 41 96.4768 96.5744 0.0975388
32 42 104.396 104.725 0.328712
10 42 576.009 576.625 0.616455
25 42 551.721 552.337 0.61646
33 42 569.82 570.149 0.328711
2 42 98.897 99.0716 0.174604
18 42 110.119 110.448 0.328712
17 42 111.346 111.675 0.328714
23 42 119.475 119.804 0.328711
33 42 114.236 114.565 0.328711
29 42 120.696 121.024 0.328711
36 40 121.596 121.924 0.328714
4 41 125.826 126.155 0.328716
16 42 115.394 115.492 0.0975423
15 42 119.248 119.422 0.1746
19 41 130.23 130.559 0.328716
11 42 130.449 130.777 0.328711
6 0 127.587 0 -127.587
12 42 127.551 127.879 0.328711
27 0 122.646 0 -122.646
5 42 122.972 123.589 0.616454
25 42 124.522 125.139 0.61646
9 42 124.289 124.905 0.616458
39 0 122.488 0 -122.488
22 42 123.779 123.877 0.0975415
14 42 126.377 126.994 0.616454
32 42 136.938 137.266 0.328712
30 42 127.066 127.682 0.616453
3 42 127.576 128.193 0.616457
24 0 127.279 0 -127.279
2 42 128.897 129.072 0.174604
38 41 126.477 126.574 0.0975388
21 42 129.311 129.928 0.616458
7 42 130.972 131.588 0.616455
28 42 131.34 131.957 0.616458
8 42 131.385 132.002 0.616456
20 42 139.1 139.716 0.616457
18 42 142.661 142.99 0.328712
17 42 143.888 144.216 0.328714
1 42 134.483 135.099 0.616455
33 42 146.778 147.107 0.328711
35 42 143.808 144.424 0.616457
13 42 145.042 145.658 0.616454
23 42 152.017 152.346 0.328711
10 0 148.81 0 -148.81
36 40 154.137 154.466 0.328714
29 42 153.237 153.566 0.328711
0 42 146.307 146.924 0.616458
16 42 145.394 145.492 0.0975423
26 42 150.315 150.931 0.616454
31 0 148.75 0 -148.75
15 42 149.248 149.422 0.1746
4 41 158.368 158.696 0.328716
37 40 151.318 151.934 0.616455
34 42 151.396 152.012 0.616458
11 42 162.99 163.319 0.328711
19 42 162.772 163.101 0.328713
6 0 160.128 0 -160.128
12 42 160.092 160.421 0.328711
39 0 152.488 0 -152.488
22 42 153.779 153.877 0.0975415
38 41 156.477 156.574 0.0975388
32 42 169.479 169.808 0.328712
2 42 158.897 159.072 0.174604
18 42 175.202 175.531 0.328712
33 42 179.32 179.649 0.328711
17 42 176.429 176.758 0.328714
29 42 185.779 186.108 0.328711
23 42 184.559 184.887 0.328711
36 40 186.679 187.008 0.328714
16 42 175.394 175.492 0.0975423
15 42 179.248 179.422 0.1746
4 41 190.909 191.238 0.328716
6 42 192.67 192.999 0.328715
19 42 195.314 195.642 0.328713
11 42 195.532 195.861 0.328711
12 42 192.634 192.963 0.328711
9 42 185.317 185.934 0.616458
27 0 183.674 0 -183.674
39 0 182.488 0 -182.488
5 42 184.001 184.617 0.616454
25 42 185.551 186.167 0.61646
22 42 183.779 183.877 0.0975415
14 42 187.406 188.022 0.616454
3 42 188.604 189.221 0.616457
24 41 188.307 188.924 0.61646
30 42 188.094 188.711 0.616453
32 42 202.021 202.35 0.328712
38 41 186.477 186.574 0.0975388
21 42 190.34 190.956 0.616458
7 42 192 192.617 0.616455
28 42 192.368 192.985 0.616458
2 42 188.897 189.072 0.174604
8 42 192.414 193.03 0.616456
1 42 195.511 196.128 0.616455
18 42 207.744 208.073 0.328712
36 40 219.221 219.549 0.328714
17 42 208.971 209.3 0.328714
20 42 200.128 200.745 0.616457
33 42 211.862 212.19 0.328711
35 42 204.836 205.452 0.616457
23 42 217.1 217.429 0.328711
0 42 207.336 207.952 0.616458
29 42 218.321 218.649 0.328711
13 42 206.07 206.686 0.616454
16 42 205.394 205.492 0.0975423
27 0 793.958 0 -793.958
26 42 211.343 211.96 0.616454
10 42 209.839 210.455 0.616455
31 42 209.778 210.395 0.616458
17 42 599.471 599.8 0.328714
14 42 553.576 554.192 0.616454
4 41 223.451 223.78 0.328716
15 42 209.248 209.422 0.1746
37 40 212.346 212.963 0.616455
19 42 227.855 228.184 0.328713
11 42 228.074 228.402 0.328711
34 42 212.424 213.04 0.616458
6 42 225.212 225.541 0.328715
12 42 225.176 225.505 0.328711
39 0 212.488 0 -212.488
22 42 213.779 213.877 0.0975415
38 41 216.477 216.574 0.0975388
32 42 234.563 234.891 0.328712
2 42 218.897 219.072 0.174604
18 42 240.286 240.615 0.328712
17 42 241.513 241.841 0.328714
33 42 244.403 244.732 0.328711
23 42 249.642 249.971 0.328711
29 42 250.862 251.191 0.328711
36 40 251.762 252.091 0.328714
4 41 255.993 256.321 0.328716
16 42 235.394 235.492 0.0975423
15 42 239.248 239.422 0.1746
11 42 260.615 260.944 0.328711
19 42 260.397 260.726 0.328713
6 0 257.754 0 -257.754
12 42 257.718 258.046 0.328711
27 42 244.703 245.319 0.616458
39 0 242.488 0 -242.488
5 42 245.029 245.645 0.616454
25 42 246.579 247.195 0.61646
9 42 246.346 246.962 0.616458
22 42 243.779 243.877 0.0975415
14 42 248.434 249.051 0.616454
32 42 267.104 267.433 0.328712
24 41 249.335 249.952 0.61646
30 42 249.123 249.739 0.616453
2 42 248.897 249.072 0.174604
3 42 249.633 250.249 0.616457
38 41 246.477 246.574 0.0975388
7 42 253.028 253.645 0.616455
21 42 251.368 251.984 0.616458
28 0 253.397 0 -253.397
8 0 253.442 0 -253.442
18 42 272.828 273.156 0.328712
1 42 256.54 257.156 0.616455
17 42 274.054 274.383 0.328714
35 42 265.864 266.481 0.616457
20 42 261.157 261.773 0.616457
33 42 276.945 277.274 0.328711
29 42 283.404 283.733 0.328711
36 40 284.304 284.633 0.328714
13 42 267.098 267.715 0.616454
23 42 282.184 282.512 0.328711
0 42 268.364 268.981 0.616458
16 42 265.394 265.492 0.0975423
31 0 270.807 0 -270.807
10 0 270.867 0 -270.867
26 42 272.371 272.988 0.616454
37 40 273.375 273.991 0.616455
34 42 273.452 274.069 0.616458
4 41 288.534 288.863 0.328716
15 42 269.248 269.422 0.1746
19 41 292.939 293.267 0.328716
11 42 293.157 293.486 0.328711
6 42 290.295 290.624 0.328715
12 42 290.259 290.588 0.328711
39 0 272.488 0 -272.488
22 42 273.779 273.877 0.0975415
38 41 276.477 276.574 0.0975388
32 42 299.646 299.975 0.328712
2 42 278.897 279.072 0.174604
18 42 305.369 305.698 0.328712
17 42 306.596 306.925 0.328714
33 42 309.487 309.815 0.328711
23 42 314.725 315.054 0.328711
29 42 315.946 316.274 0.328711
36 40 316.846 317.175 0.328714
16 42 295.394 295.492 0.0975423
4 41 321.076 321.405 0.328716
15 42 299.248 299.422 0.1746
27 42 305.731 306.348 0.616458
6 0 322.837 0 -322.837
12 42 322.801 323.13 0.328711
5 42 306.057 306.674 0.616454
11 42 325.699 326.027 0.328711
19 42 325.48 325.809 0.328713
9 41 307.374 307.99 0.61646
25 0 307.607 0 -307.607
39 0 302.488 0 -302.488
22 42 303.779 303.877 0.0975415
30 42 310.151 310.767 0.616453
14 42 309.463 310.079 0.616454
24 42 310.364 310.98 0.616459
3 0 310.661 0 -310.661
38 41 306.477 306.574 0.0975388
32 42 332.188 332.517 0.328712
7 42 314.057 314.673 0.616455
2 42 308.897 309.072 0.174604
21 42 312.396 313.013 0.616458
8 0 314.47 0 -314.47
28 0 314.425 0 -314.425
15 42 599.248 599.422 0.1746
22 42 603.779 603.877 0.0975415
1 42 317.568 318.184 0.616455
12 42 583.134 583.463 0.328711
8 42 924.754 925.37 0.616456
18 42 337.911 338.24 0.328712
39 0 872.488 0 -872.488
16 42 595.394 595.492 0.0975423
29 42 608.821 609.15 0.328711
0 42 878.648 879.264 0.616458
36 40 609.721 610.05 0.328714
35 42 571.006 571.623 0.616457
3 0 554.775 0 -554.775
17 42 339.138 339.466 0.328714
20 42 322.185 322.801 0.616457
33 42 342.028 342.357 0.328711
0 42 329.392 330.009 0.616458
23 42 347.267 347.596 0.328711
35 42 326.893 327.509 0.616457
29 42 348.487 348.816 0.328711
13 42 328.127 328.743 0.616454
36 40 349.388 349.716 0.328714
16 42 325.394 325.492 0.0975423
31 42 331.835 332.451 0.616458
37 40 334.403 335.019 0.616455
34 42 334.481 335.097 0.616458
10 42 331.895 332.512 0.616455
26 42 333.4 334.016 0.616454
4 41 353.618 353.947 0.328716
15 42 329.248 329.422 0.1746
12 42 355.343 355.671 0.328711
6 0 355.379 0 -355.379
11 42 358.24 358.569 0.328711
19 42 358.022 358.351 0.328713
22 42 333.779 333.877 0.0975415
39 0 332.488 0 -332.488
38 41 336.477 336.574 0.0975388
32 42 364.73 365.058 0.328712
2 42 338.897 339.072 0.174604
33 42 374.57 374.899 0.328711
17 42 371.679 372.008 0.328714
18 42 370.453 370.781 0.328712
23 42 379.809 380.138 0.328711
29 42 381.029 381.358 0.328711
36 40 381.929 382.258 0.328714
16 42 355.394 355.492 0.0975423
4 41 386.159 386.488 0.328716
15 42 359.248 359.422 0.1746
12 42 387.884 388.213 0.328711
6 42 387.92 388.249 0.328715
5 42 367.086 367.702 0.616454
27 42 366.76 367.376 0.616458
25 42 368.636 369.252 0.61646
9 42 368.402 369.019 0.616458
39 0 362.488 0 -362.488
22 42 363.779 363.877 0.0975415
14 42 370.491 371.107 0.616454
30 42 371.179 371.796 0.616453
38 41 366.477 366.574 0.0975388
3 42 371.69 372.306 0.616457
24 42 371.392 372.009 0.616459
21 42 373.425 374.041 0.616458
7 42 375.085 375.702 0.616455
2 42 368.897 369.072 0.174604
8 42 375.499 376.115 0.616456
28 41 375.454 376.07 0.61646
1 42 378.596 379.213 0.616455
20 42 383.213 383.83 0.616457
13 42 389.155 389.772 0.616454
35 42 387.921 388.537 0.616457
16 42 385.394 385.492 0.0975423
0 42 390.421 391.037 0.616458
31 42 392.863 393.48 0.616458
10 42 392.924 393.54 0.616455
34 42 395.509 396.126 0.616458
37 40 395.431 396.048 0.616455
26 42 394.428 395.045 0.616454
15 42 389.248 389.422 0.1746
11 42 390.782 391.111 0.328711
19 42 390.564 390.893 0.328713
39 0 392.488 0 -392.488
22 42 393.779 393.877 0.0975415
32 42 397.271 397.6 0.328712
38 41 396.477 396.574 0.0975388
2 42 398.897 399.072 0.174604
18 42 402.994 403.323 0.328712
33 42 407.112 407.44 0.328711
16 42 415.394 415.492 0.0975423
17 42 404.221 404.55 0.328714
23 42 412.351 412.679 0.328711
29 42 413.571 413.9 0.328711
36 40 414.471 414.8 0.328714
29 42 901.696 902.025 0.328711
4 41 418.701 419.03 0.328716
12 42 810.926 811.255 0.328711
39 0 542.488 0 -542.488
4 41 581.41 581.738 0.328716
15 42 419.248 419.422 0.1746
11 42 423.324 423.653 0.328711
19 41 423.106 423.434 0.328716
6 0 420.462 0 -420.462
12 42 420.426 420.755 0.328711
27 0 427.788 0 -427.788
9 42 429.431 430.047 0.616458
25 42 429.664 430.28 0.61646
5 42 428.114 428.73 0.616454
39 0 422.488 0 -422.488
22 42 423.779 423.877 0.0975415
30 42 432.208 432.824 0.616453
14 42 431.519 432.136 0.616454
24 41 432.42 433.037 0.61646
3 42 432.718 433.334 0.616457
38 41 426.477 426.574 0.0975388
21 42 434.453 435.069 0.616458
32 42 429.813 430.142 0.328712
2 42 428.897 429.072 0.174604
7 42 436.114 436.73 0.616455
8 0 436.527 0 -436.527
28 0 436.482 0 -436.482
18 42 435.536 435.865 0.328712
1 42 439.625 440.241 0.616455
17 42 436.763 437.092 0.328714
20 42 444.242 444.858 0.616457
33 42 439.653 439.982 0.328711
23 42 444.892 445.221 0.328711
13 42 450.183 450.8 0.616454
29 42 446.113 446.441 0.328711
35 42 448.949 449.566 0.616457
36 40 447.013 447.341 0.328714
0 42 451.449 452.066 0.616458
31 42 453.892 454.508 0.616458
16 42 445.394 445.492 0.0975423
4 41 451.243 451.572 0.328716
10 42 453.952 454.569 0.616455
26 42 455.456 456.073 0.616454
15 42 449.248 449.422 0.1746
37 40 456.46 457.076 0.616455
34 42 456.537 457.154 0.616458
6 42 453.004 453.332 0.328715
19 41 455.647 455.976 0.328716
11 42 455.866 456.194 0.328711
12 42 452.968 453.296 0.328711
39 0 452.488 0 -452.488
22 42 453.779 453.877 0.0975415
38 41 456.477 456.574 0.0975388
32 42 462.355 462.683 0.328712
2 42 458.897 459.072 0.174604
18 42 468.078 468.406 0.328712
17 42 469.305 469.633 0.328714
33 42 472.195 472.524 0.328711
36 40 479.554 479.883 0.328714
23 42 477.434 477.763 0.328711
29 42 478.654 478.983 0.328711
16 42 475.394 475.492 0.0975423
4 41 483.785 484.113 0.328716
15 42 479.248 479.422 0.1746
12 42 485.509 485.838 0.328711
6 42 485.545 485.874 0.328715
11 42 488.407 488.736 0.328711
19 42 488.189 488.518 0.328713
27 0 488.816 0 -488.816
5 42 489.142 489.759 0.616454
25 42 490.692 491.309 0.61646
9 42 490.459 491.075 0.616458
39 0 482.488 0 -482.488
22 42 483.779 483.877 0.0975415
24 42 493.449 494.065 0.616459
30 42 493.236 493.853 0.616453
14 42 492.548 493.164 0.616454
3 0 493.746 0 -493.746
21 42 495.481 496.098 0.616458
32 42 494.896 495.225 0.328712
38 41 486.477 486.574 0.0975388
7 42 497.142 497.758 0.616455
8 42 497.555 498.172 0.616456
2 42 488.897 489.072 0.174604
28 41 497.51 498.127 0.61646
18 42 500.619 500.948 0.328712
1 42 500.653 501.269 0.616455
17 42 501.846 502.175 0.328714
33 42 504.737 505.065 0.328711
20 42 505.27 505.886 0.616457
23 42 509.976 510.304 0.328711
36 40 512.096 512.425 0.328714
35 42 509.978 510.594 0.616457
0 42 512.478 513.094 0.616458
13 42 511.212 511.828 0.616454
29 42 511.196 511.525 0.328711
10 42 514.98 515.597 0.616455
16 42 505.394 505.492 0.0975423
26 42 516.485 517.101 0.616454
4 41 516.326 516.655 0.328716
31 42 514.92 515.537 0.616458
15 42 509.248 509.422 0.1746
37 40 517.488 518.104 0.616455
34 42 517.566 518.182 0.616458
19 41 520.731 521.059 0.328716
6 42 518.087 518.416 0.328715
12 42 518.051 518.38 0.328711
11 42 520.949 521.278 0.328711
39 0 512.488 0 -512.488
18 42 793.495 793.823 0.328712
1 42 805.795 806.411 0.616455
34 42 822.708 823.324 0.616458
22 42 513.779 513.877 0.0975415
6 42 550.629 550.958 0.328715
38 41 516.477 516.574 0.0975388
12 42 550.593 550.921 0.328711
11 42 781.283 781.611 0.328711
38 41 606.477 606.574 0.0975388
25 42 612.749 613.365 0.61646
39 0 812.488 0 -812.488
34 42 578.594 579.211 0.616458
37 40 578.516 579.133 0.616455
23 42 607.601 607.929 0.328711
37 40 822.63 823.246 0.616455
32 42 527.438 527.767 0.328712
2 42 518.897 519.072 0.174604
18 42 533.161 533.49 0.328712
17 42 534.388 534.717 0.328714
33 42 537.278 537.607 0.328711
29 42 543.738 544.066 0.328711
23 42 542.517 542.846 0.328711
36 40 544.638 544.966 0.328714
16 42 535.394 535.492 0.0975423
7 42 619.199 619.815 0.616455
2 42 608.897 609.072 0.174604
18 42 630.786 631.115 0.328712
17 42 794.721 795.05 0.328714
31 42 759.033 759.65 0.616458
24 42 798.591 799.207 0.616459
4 41 906.827 907.155 0.328716
36 40 804.971 805.3 0.328714
4 41 874.285 874.614 0.328716
8 0 619.612 0 -619.612
28 0 619.567 0 -619.567
1 42 622.71 623.326 0.616455
20 42 810.412 811.028 0.616457
0 42 817.619 818.236 0.616458
6 42 876.046 876.374 0.328715
9 42 795.601 796.217 0.616458
37 40 883.658 884.275 0.616455
33 42 797.612 797.941 0.328711
21 42 922.68 923.296 0.616458
11 42 813.824 814.153 0.328711
25 42 795.834 796.451 0.61646
17 42 632.013 632.342 0.328714
31 42 820.062 820.678 0.616458
22 42 813.779 813.877 0.0975415
17 42 892.347 892.675 0.328714
26 42 821.627 822.243 0.616454
22 42 753.779 753.877 0.0975415
6 0 778.421 0 -778.421
36 40 870.055 870.383 0.328714
2 42 788.897 789.072 0.174604
8 42 802.697 803.314 0.616456
13 42 816.354 816.97 0.616454
39 0 782.488 0 -782.488
29 42 804.071 804.4 0.328711
16 42 805.394 805.492 0.0975423
38 41 906.477 906.574 0.0975388
33 42 634.904 635.232 0.328711
20 42 627.327 627.943 0.616457
13 42 633.268 633.885 0.616454
26 42 760.598 761.215 0.616454
23 42 802.851 803.18 0.328711
23 42 640.142 640.471 0.328711
29 42 641.363 641.691 0.328711
35 42 632.034 632.651 0.616457
23 42 867.934 868.263 0.328711
0 42 939.676 940.292 0.616458
7 42 802.284 802.9 0.616455
38 41 756.477 756.574 0.0975388
36 40 935.138 935.467 0.328714
5 42 794.284 794.901 0.616454
0 42 634.534 635.151 0.616458
36 40 642.263 642.592 0.328714
15 42 629.248 629.422 0.1746
16 42 625.394 625.492 0.0975423
10 42 637.037 637.654 0.616455
31 42 636.977 637.593 0.616458
26 42 638.542 639.158 0.616454
4 41 646.493 646.822 0.328716
34 42 639.623 640.239 0.616458
37 40 639.545 640.161 0.616455
11 42 651.116 651.444 0.328711
19 41 650.897 651.226 0.328716
6 42 648.254 648.583 0.328715
12 42 648.218 648.547 0.328711
19 41 813.606 813.935 0.328716
39 0 632.488 0 -632.488
21 42 800.623 801.239 0.616458
22 42 633.779 633.877 0.0975415
32 42 885.397 885.725 0.328712
10 42 759.094 759.71 0.616455
32 42 917.938 918.267 0.328712
14 42 797.689 798.306 0.616454
30 42 798.378 798.994 0.616453
22 42 783.779 783.877 0.0975415
3 42 798.888 799.504 0.616457
38 41 786.477 786.574 0.0975388
38 41 636.477 636.574 0.0975388
32 42 657.605 657.934 0.328712
2 42 638.897 639.072 0.174604
17 42 664.555 664.883 0.328714
18 42 663.328 663.657 0.328712
33 42 667.445 667.774 0.328711
23 42 672.684 673.013 0.328711
29 42 673.904 674.233 0.328711
36 40 674.804 675.133 0.328714
16 42 655.394 655.492 0.0975423
15 42 659.248 659.422 0.1746
4 41 679.035 679.363 0.328716
11 42 683.657 683.986 0.328711
19 42 683.439 683.768 0.328713
6 42 680.796 681.124 0.328715
12 42 680.76 681.088 0.328711
5 42 672.227 672.844 0.616454
27 0 671.901 0 -671.901
25 42 673.777 674.394 0.61646
9 42 673.544 674.16 0.616458
39 0 662.488 0 -662.488
14 42 675.633 676.249 0.616454
22 42 663.779 663.877 0.0975415
3 42 676.831 677.448 0.616457
24 42 676.534 677.15 0.616459
30 42 676.321 676.938 0.616453
38 41 666.477 666.574 0.0975388
32 42 690.146 690.475 0.328712
21 42 678.566 679.183 0.616458
7 42 680.227 680.843 0.616455
8 42 680.64 681.257 0.616456
2 42 668.897 669.072 0.174604
28 42 680.595 681.212 0.616458
1 42 683.738 684.354 0.616455
18 42 695.87 696.198 0.328712
17 42 697.096 697.425 0.328714
33 42 699.987 700.316 0.328711
20 42 688.355 688.971 0.616457
23 42 705.226 705.554 0.328711
13 42 694.297 694.913 0.616454
35 42 693.063 693.679 0.616457
29 42 706.446 706.775 0.328711
26 42 699.57 700.186 0.616454
36 40 707.346 707.675 0.328714
4 41 711.576 711.905 0.328716
0 42 695.563 696.179 0.616458
16 42 685.394 685.492 0.0975423
31 42 698.005 698.622 0.616458
10 42 698.066 698.682 0.616455
34 42 700.651 701.267 0.616458
37 40 700.573 701.19 0.616455
15 42 689.248 689.422 0.1746
19 42 715.981 716.31 0.328713
6 42 713.337 713.666 0.328715
12 42 713.301 713.63 0.328711
11 42 716.199 716.528 0.328711
39 0 692.488 0 -692.488
22 42 693.779 693.877 0.0975415
32 42 722.688 723.017 0.328712
38 41 696.477 696.574 0.0975388
2 42 698.897 699.072 0.174604
18 42 728.411 728.74 0.328712
17 42 729.638 729.967 0.328714
33 42 732.529 732.857 0.328711
23 42 737.767 738.096 0.328711
29 42 738.988 739.317 0.328711
16 42 715.394 715.492 0.0975423
36 40 739.888 740.217 0.328714
4 41 744.118 744.447 0.328716
15 42 719.248 719.422 0.1746
11 42 748.741 749.07 0.328711
19 42 748.523 748.851 0.328713
6 0 745.879 0 -745.879
12 42 745.843 746.172 0.328711
5 42 733.256 733.872 0.616454
27 42 732.93 733.546 0.616458
25 42 734.806 735.422 0.61646
9 42 734.572 735.189 0.616458
39 0 722.488 0 -722.488
30 42 737.349 737.966 0.616453
14 42 736.661 737.277 0.616454
22 42 723.779 723.877 0.0975415
3 42 737.86 738.476 0.616457
24 42 737.562 738.179 0.616459
38 41 726.477 726.574 0.0975388
21 42 739.595 740.211 0.616458
32 42 755.23 755.559 0.328712
8 0 741.669 0 -741.669
7 42 741.255 741.872 0.616455
2 42 728.897 729.072 0.174604
28 0 741.624 0 -741.624
1 42 744.766 745.383 0.616455
18 42 760.953 761.282 0.328712
17 42 762.18 762.508 0.328714
16 42 895.394 895.492 0.0975423
28 42 802.652 803.268 0.616458
35 42 815.119 815.736 0.616457
37 40 761.601 762.218 0.616455
20 42 749.383 750 0.616457
33 42 765.07 765.399 0.328711
29 42 869.155 869.483 0.328711
16 42 775.394 775.492 0.0975423
36 40 772.43 772.758 0.328714
35 42 754.091 754.708 0.616457
23 42 770.309 770.638 0.328711
13 42 755.325 755.942 0.616454
15 42 899.248 899.422 0.1746
29 42 771.53 771.858 0.328711
10 0 881.151 0 -881.151
16 42 865.394 865.492 0.0975423
9 41 917.657 918.274 0.61646
22 42 903.779 903.877 0.0975415
12 42 876.01 876.338 0.328711
32 42 820.313 820.642 0.328712
38 41 816.477 816.574 0.0975388
23 42 933.018 933.346 0.328711
23 42 900.476 900.805 0.328711
39 0 902.488 0 -902.488
2 42 818.897 819.072 0.174604
5 42 916.341 916.957 0.616454
25 0 917.891 0 -917.891
18 42 826.036 826.365 0.328712
13 42 877.382 877.998 0.616454
34 42 883.736 884.352 0.616458
36 40 902.596 902.925 0.328714
31 0 881.09 0 -881.09
33 42 927.779 928.108 0.328711
3 42 920.945 921.561 0.616457
12 42 908.551 908.88 0.328711
27 0 916.015 0 -916.015
11 42 878.908 879.236 0.328711
6 42 908.587 908.916 0.328715
18 42 891.12 891.449 0.328712
17 42 827.263 827.592 0.328714
33 42 830.154 830.482 0.328711
29 42 836.613 836.942 0.328711
19 42 911.231 911.56 0.328713
23 42 835.393 835.721 0.328711
36 40 837.513 837.842 0.328714
11 42 911.449 911.778 0.328711
16 42 835.394 835.492 0.0975423
4 41 841.743 842.072 0.328716
15 42 839.248 839.422 0.1746
35 42 876.148 876.764 0.616457
11 42 846.366 846.695 0.328711
19 42 846.148 846.476 0.328713
6 42 843.504 843.833 0.328715
12 42 843.468 843.797 0.328711
5 42 855.312 855.929 0.616454
27 0 854.986 0 -854.986
39 0 842.488 0 -842.488
25 0 856.862 0 -856.862
9 41 856.629 857.246 0.61646
22 42 843.779 843.877 0.0975415
14 42 858.718 859.334 0.616454
24 42 859.619 860.235 0.616459
30 42 859.406 860.023 0.616453
3 42 859.916 860.533 0.616457
38 41 846.477 846.574 0.0975388
2 42 848.897 849.072 0.174604
21 42 861.651 862.268 0.616458
32 42 852.855 853.184 0.328712
7 42 863.312 863.928 0.616455
8 0 863.725 0 -863.725
2 42 878.897 879.072 0.174604
15 42 869.248 869.422 0.1746
26 42 882.655 883.271 0.616454
28 42 863.68 864.297 0.616458
1 42 866.823 867.439 0.616455
18 42 858.578 858.907 0.328712
33 42 862.695 863.024 0.328711
17 42 859.805 860.134 0.328714
20 42 871.44 872.057 0.616457
34 42 944.764 945.381 0.616458
16 42 925.394 925.492 0.0975423
31 42 942.119 942.735 0.616458
10 42 942.179 942.795 0.616455
37 40 944.686 945.303 0.616455
26 42 943.683 944.3 0.616454
4 41 939.368 939.697 0.328716
15 42 929.248 929.422 0.1746
19 41 943.773 944.101 0.328716
11 42 943.991 944.32 0.328711
12 42 941.093 941.422 0.328711
6 42 941.129 941.458 0.328715
39 0 932.488 0 -932.488
22 42 933.779 933.877 0.0975415
38 41 936.477 936.574 0.0975388
32 42 950.48 950.809 0.328712
2 42 938.897 939.072 0.174604
18 42 956.203 956.532 0.328712
17 42 957.43 957.759 0.328714
36 40 967.68 968.008 0.328714
33 42 960.321 960.649 0.328711
23 42 965.559 965.888 0.328711
29 42 966.78 967.108 0.328711
16 42 955.394 955.492 0.0975423
15 42 959.248 959.422 0.1746
4 41 971.91 972.239 0.328716
11 42 976.533 976.861 0.328711
19 41 976.314 976.643 0.328716
6 42 973.671 974 0.328715
12 42 973.635 973.964 0.328711
27 42 977.043 977.66 0.616458
9 42 978.686 979.302 0.616458
25 42 978.919 979.536 0.61646
5 42 977.369 977.986 0.616454
39 0 962.488 0 -962.488
22 42 963.779 963.877 0.0975415
30 42 981.463 982.079 0.616453
14 42 980.774 981.391 0.616454
24 42 981.676 982.292 0.616459
3 0 981.973 0 -981.973
32 42 983.022 983.35 0.328712
38 41 966.477 966.574 0.0975388
2 42 968.897 969.072 0.174604
21 42 983.708 984.325 0.616458
8 0 985.782 0 -985.782
7 42 985.369 985.985 0.616455
28 42 985.737 986.353 0.616458
18 42 988.745 989.074 0.328712
1 42 988.88 989.496 0.616455
17 42 989.972 990.3 0.328714
33 42 992.862 993.191 0.328711
20 42 993.497 994.113 0.616457
13 42 999.439 1000.06 0.616454
23 42 998.101 998.43 0.328711
35 42 998.205 998.821 0.616457
29 42 999.321 999.65 0.328711
0 42 1000.7 1001.32 0.616458
36 40 1000.22 1000.55 0.328714
16 42 985.394 985.492 0.0975423
26 42 1004.71 1005.33 0.616454
4 41 1004.45 1004.78 0.328716
31 42 1003.15 1003.76 0.616458
10 42 1003.21 1003.82 0.616455
34 42 1005.79 1006.41 0.616458
37 40 1005.71 1006.33 0.616455
15 42 989.248 989.422 0.1746
6 42 1006.21 1006.54 0.328715
19 42 1008.86 1009.18 0.328713
12 42 1006.18 1006.51 0.328711
11 42 1009.07 1009.4 0.328711
39 0 992.488 0 -992.488
22 42 993.779 993.877 0.0975415
38 41 996.477 996.574 0.0975388
32 42 1015.56 1015.89 0.328712
2 42 998.897 999.072 0.174604
17 42 1022.51 1022.84 0.328714
18 42 1021.29 1021.62 0.328712
33 42 1025.4 1025.73 0.328711
23 42 1030.64 1030.97 0.328711
29 42 1031.86 1032.19 0.328711
36 40 1032.76 1033.09 0.328714
16 42 1015.39 1015.49 0.0975423
4 41 1036.99 1037.32 0.328716
15 42 1019.25 1019.42 0.1746
11 42 1041.62 1041.94 0.328711
19 41 1041.4 1041.73 0.328716
6 42 1038.75 1039.08 0.328715
12 42 1038.72 1039.05 0.328711
5 42 1038.4 1039.01 0.616454
27 42 1038.07 1038.69 0.616458
39 0 1022.49 0 -1022.49
25 0 1039.95 0 -1039.95
9 41 1039.71 1040.33 0.61646
14 42 1041.8 1042.42 0.616454
30 42 1042.49 1043.11 0.616453
22 42 1023.78 1023.88 0.0975415
24 0 1042.7 0 -1042.7
3 42 1043 1043.62 0.616457
21 42 1044.74 1045.35 0.616458
32 42 1048.11 1048.43 0.328712
38 41 1026.48 1026.57 0.0975388
2 42 1028.9 1029.07 0.174604
7 42 1046.4 1047.01 0.616455
8 42 1046.81 1047.43 0.616456
28 41 1046.77 1047.38 0.61646
18 42 1053.83 1054.16 0.328712
17 42 1055.06 1055.38 0.328714
1 42 1049.91 1050.52 0.616455
33 42 1057.95 1058.27 0.328711
20 42 1054.53 1055.14 0.616457
23 42 1063.18 1063.51 0.328711
35 42 1059.23 1059.85 0.616457
37 40 1066.74 1067.36 0.616455
26 42 1065.74 1066.36 0.616454
29 42 1064.4 1064.73 0.328711
13 42 1060.47 1061.08 0.616454
0 42 1061.73 1062.35 0.616458
36 40 1065.3 1065.63 0.328714
16 42 1045.39 1045.49 0.0975423
10 42 1064.24 1064.85 0.616455
31 42 1064.18 1064.79 0.616458
4 41 1069.54 1069.86 0.328716
34 42 1066.82 1067.44 0.616458
15 42 1049.25 1049.42 0.1746
19 42 1073.94 1074.27 0.328713
11 42 1074.16 1074.49 0.328711
12 42 1071.26 1071.59 0.328711
6 42 1071.3 1071.62 0.328715
39 0 1052.49 0 -1052.49
22 42 1053.78 1053.88 0.0975415
38 41 1056.48 1056.57 0.0975388
32 42 1080.65 1080.98 0.328712
2 42 1058.9 1059.07 0.174604
18 42 1086.37 1086.7 0.328712
17 42 1087.6 1087.93 0.328714
33 42 1090.49 1090.82 0.328711
23 42 1095.73 1096.05 0.328711
29 42 1096.95 1097.28 0.328711
36 40 1097.85 1098.18 0.328714
16 42 1075.39 1075.49 0.0975423
4 41 1102.08 1102.41 0.328716
15 42 1079.25 1079.42 0.1746
11 42 1106.7 1107.03 0.328711
19 42 1106.48 1106.81 0.328713
6 42 1103.84 1104.17 0.328715
12 42 1103.8 1104.13 0.328711
27 42 1099.1 1099.72 0.616458
39 0 1082.49 0 -1082.49
5 42 1099.43 1100.04 0.616454
9 42 1100.74 1101.36 0.616458
25 42 1100.98 1101.59 0.61646
22 42 1083.78 1083.88 0.0975415
30 42 1103.52 1104.14 0.616453
14 42 1102.83 1103.45 0.616454
24 41 1103.73 1104.35 0.61646
3 42 1104.03 1104.65 0.616457
38 41 1086.48 1086.57 0.0975388
7 42 1107.43 1108.04 0.616455
21 42 1105.76 1106.38 0.616458
32 42 1113.19 1113.52 0.328712
28 41 1107.79 1108.41 0.61646
2 42 1088.9 1089.07 0.174604
8 42 1107.84 1108.46 0.616456
17 42 1120.14 1120.47 0.328714
1 42 1110.94 1111.55 0.616455
18 42 1118.91 1119.24 0.328712
20 42 1115.55 1116.17 0.616457
33 42 1123.03 1123.36 0.328711
23 42 1128.27 1128.6 0.328711
36 40 1130.39 1130.72 0.328714
35 42 1120.26 1120.88 0.616457
13 42 1121.5 1122.11 0.616454
29 42 1129.49 1129.82 0.328711
16 42 1105.39 1105.49 0.0975423
0 42 1122.76 1123.38 0.616458
31 0 1125.2 0 -1125.2
26 42 1126.77 1127.38 0.616454
10 0 1125.26 0 -1125.26
37 40 1127.77 1128.39 0.616455
4 41 1134.62 1134.95 0.328716
34 42 1127.85 1128.47 0.616458
15 42 1109.25 1109.42 0.1746
19 41 1139.02 1139.35 0.328716
11 42 1139.24 1139.57 0.328711
12 42 1136.34 1136.67 0.328711
6 42 1136.38 1136.71 0.328715
39 0 1112.49 0 -1112.49
22 42 1113.78 1113.88 0.0975415
32 42 1145.73 1146.06 0.328712
2 42 1118.9 1119.07 0.174604
38 41 1116.48 1116.57 0.0975388
18 42 1151.45 1151.78 0.328712
33 42 1155.57 1155.9 0.328711
17 42 1152.68 1153.01 0.328714
23 42 1160.81 1161.14 0.328711
29 42 1162.03 1162.36 0.328711
36 40 1162.93 1163.26 0.328714
16 42 1135.39 1135.49 0.0975423
4 41 1167.16 1167.49 0.328716
15 42 1139.25 1139.42 0.1746
12 42 1168.88 1169.21 0.328711
6 42 1168.92 1169.25 0.328715
5 42 1160.45 1161.07 0.616454
27 42 1160.13 1160.74 0.616458
25 42 1162 1162.62 0.61646
9 42 1161.77 1162.39 0.616458
39 0 1142.49 0 -1142.49
22 42 1143.78 1143.88 0.0975415
30 42 1164.55 1165.16 0.616453
14 42 1163.86 1164.48 0.616454
24 0 1164.76 0 -1164.76
3 42 1165.06 1165.67 0.616457
2 42 1148.9 1149.07 0.174604
38 41 1146.48 1146.57 0.0975388
21 42 1166.79 1167.41 0.616458
7 42 1168.45 1169.07 0.616455
8 0 1168.87 0 -1168.87
28 42 1168.82 1169.44 0.616458
1 42 1171.96 1172.58 0.616455
20 42 1176.58 1177.2 0.616457
35 42 1181.29 1181.91 0.616457
13 42 1182.52 1183.14 0.616454
0 42 1183.79 1184.41 0.616458
16 42 1165.39 1165.49 0.0975423
10 42 1186.29 1186.91 0.616455
26 42 1187.8 1188.41 0.616454
31 42 1186.23 1186.85 0.616458
15 42 1169.25 1169.42 0.1746
34 42 1188.88 1189.49 0.616458
37 40 1188.8 1189.42 0.616455
19 42 1171.56 1171.89 0.328713
11 42 1171.78 1172.11 0.328711
27 42 1221.16 1221.77 0.616458
5 42 1221.48 1222.1 0.616454
25 42 1223.03 1223.65 0.61646
39 0 1172.49 0 -1172.49
9 42 1222.8 1223.42 0.616458
30 42 1225.58 1226.19 0.616453
14 42 1224.89 1225.5 0.616454
22 42 1173.78 1173.88 0.0975415
24 0 1225.79 0 -1225.79
3 42 1226.09 1226.7 0.616457
38 41 1176.48 1176.57 0.0975388
32 42 1178.27 1178.6 0.328712
8 0 1229.9 0 -1229.9
7 42 1229.48 1230.1 0.616455
21 42 1227.82 1228.44 0.616458
2 42 1178.9 1179.07 0.174604
28 42 1229.85 1230.47 0.616458
18 42 1184 1184.32 0.328712
1 42 1232.99 1233.61 0.616455
17 42 1185.22 1185.55 0.328714
33 42 1188.11 1188.44 0.328711
23 42 1193.35 1193.68 0.328711
20 42 1237.61 1238.23 0.616457
13 42 1243.55 1244.17 0.616454
35 42 1242.32 1242.93 0.616457
29 42 1194.57 1194.9 0.328711
4 41 1199.7 1200.03 0.328716
0 42 1244.82 1245.43 0.616458
36 40 1195.47 1195.8 0.328714
16 42 1195.39 1195.49 0.0975423
31 42 1247.26 1247.88 0.616458
10 42 1247.32 1247.94 0.616455
26 42 1248.83 1249.44 0.616454
15 42 1199.25 1199.42 0.1746
37 40 1249.83 1250.44 0.616455
34 42 1249.91 1250.52 0.616458
6 42 1201.46 1201.79 0.328715
12 42 1201.43 1201.76 0.328711
