37 41 0.172451 0.788901 0.616449
24 41 15.4595 16.076 0.616466
13 42 15.022 15.1195 0.0975405
17 42 5.49433 5.66892 0.174594
1 40 4.06754 4.39625 0.328712
4 40 6.95031 7.56676 0.616456
32 42 419.21 419.385 0.174603
30 41 7.49069 8.10714 0.616451
27 41 8.75271 9.36916 0.616454
36 41 10.1164 10.7328 0.616457
14 42 8.35763 8.68634 0.328706
34 41 393.825 394.442 0.616457
32 42 749.21 749.385 0.174603
25 41 680.55 680.879 0.328718
9 40 9.64158 9.97029 0.328711
7 40 9.63281 9.80741 0.174599
27 41 435.951 436.568 0.616454
3 40 739.191 739.365 0.174598
35 41 514.181 514.797 0.616453
0 40 10.1626 10.2601 0.0975449
39 40 443.554 444.17 0.616458
10 0 642.503 0 -642.503
0 40 730.163 730.26 0.0975449
6 40 560.252 560.426 0.174602
9 40 400.142 400.471 0.328711
11 40 12.5657 13.1822 0.616456
10 0 12.5034 0 -12.5034
23 0 12.8815 0 -12.8815
29 40 961.185 961.514 0.328712
4 40 434.149 434.765 0.616456
21 41 13.0436 13.3724 0.328716
25 41 648.008 648.337 0.328718
37 41 549.428 550.044 0.616449
31 41 14.1735 14.79 0.616453
12 42 13.7434 14.3598 0.616453
28 40 14.2938 14.9103 0.616453
3 40 949.191 949.365 0.174598
20 42 415.937 416.265 0.328708
26 41 16.0687 16.6852 0.616464
16 42 16.4119 16.7406 0.328708
39 40 16.3555 16.9719 0.616458
14 42 463.941 464.27 0.328706
22 41 16.4841 16.8128 0.328714
14 42 398.858 399.187 0.328706
8 40 406.926 407.101 0.174602
17 42 425.494 425.669 0.174594
6 40 740.252 740.426 0.174602
8 40 16.926 17.1006 0.174602
38 40 19.2229 19.3975 0.174605
39 40 565.611 566.227 0.616458
29 40 17.4761 17.8048 0.328712
25 41 452.758 453.087 0.328718
33 40 18.1257 18.7422 0.616458
24 41 564.715 565.331 0.616466
3 40 19.1909 19.3655 0.174598
15 42 18.9366 19.5531 0.616452
13 42 525.022 525.12 0.0975405
34 41 637.939 638.555 0.616457
35 41 453.153 453.769 0.616453
16 42 537.079 537.408 0.328708
0 40 400.163 400.26 0.0975449
19 42 19.6997 19.7972 0.0975397
6 40 20.2519 20.4265 0.174602
2 40 21.7023 22.3187 0.616457
13 42 405.022 405.12 0.0975405
17 42 395.494 395.669 0.174594
3 40 439.191 439.365 0.174598
20 42 25.4362 25.7649 0.328708
18 42 417.009 417.183 0.174596
33 40 445.324 445.941 0.616458
5 40 22.6547 22.7523 0.0975437
0 40 940.163 940.26 0.0975449
1 40 459.651 459.98 0.328712
38 40 739.223 739.397 0.174605
35 41 25.9541 26.5706 0.616453
34 41 27.6552 28.2717 0.616457
18 42 27.0088 27.1834 0.174596
17 42 35.4943 35.6689 0.174594
5 40 442.655 442.752 0.0975437
23 0 403.382 0 -403.382
32 42 389.21 389.385 0.174603
32 42 29.2102 29.3848 0.174603
21 41 403.544 403.873 0.328716
25 41 29.7159 30.0447 0.328718
1 40 36.6092 36.9379 0.328712
9 40 562.85 563.179 0.328711
14 42 431.4 431.728 0.328706
36 41 437.315 437.931 0.616457
9 40 432.684 433.012 0.328711
14 42 40.8993 41.228 0.328706
7 40 39.6328 39.8074 0.174599
6 40 410.252 410.426 0.174602
9 40 42.1833 42.512 0.328711
0 40 40.1626 40.2601 0.0975449
10 0 42.5034 0 -42.5034
4 0 861.347 0 -861.347
27 41 558.008 558.624 0.616454
3 40 529.191 529.365 0.174598
23 41 45.4232 45.7519 0.32872
16 42 406.912 407.241 0.328708
26 0 748.409 0 -748.409
7 40 429.633 429.807 0.174599
0 40 520.163 520.26 0.0975449
21 41 45.5853 45.9141 0.328716
13 42 45.022 45.1195 0.0975405
1 40 394.568 394.897 0.328712
11 40 561.821 562.437 0.616456
21 41 566.252 566.581 0.328716
29 40 538.143 538.472 0.328712
26 0 443.267 0 -443.267
36 41 742.457 743.073 0.616457
16 42 48.9536 49.2823 0.328708
22 41 49.0258 49.3545 0.328714
8 40 46.926 47.1006 0.174602
32 42 539.21 539.385 0.174603
29 40 50.0178 50.3465 0.328712
8 40 436.926 437.101 0.174602
3 40 49.1909 49.3655 0.174598
22 41 537.151 537.48 0.328714
38 40 49.2229 49.3975 0.174605
15 42 751.277 751.893 0.616452
6 40 50.2519 50.4265 0.174602
19 42 49.6997 49.7972 0.0975397
25 41 517.841 518.17 0.328718
20 42 57.9779 58.3066 0.328708
24 41 442.658 443.274 0.616466
38 40 529.223 529.397 0.174605
5 40 412.655 412.752 0.0975437
5 40 52.6547 52.7523 0.0975437
18 42 57.0088 57.1834 0.174596
30 41 556.746 557.362 0.616451
32 42 59.2102 59.3848 0.174603
17 42 65.4943 65.6689 0.174594
37 41 61.2008 61.8173 0.616449
25 41 62.2576 62.5864 0.328718
1 40 69.1509 69.4796 0.328712
18 42 537.009 537.183 0.174596
28 40 563.549 564.165 0.616453
30 41 68.519 69.1355 0.616451
12 42 440.942 441.558 0.616453
4 40 67.9787 68.5951 0.616456
13 42 645.022 645.12 0.0975405
14 42 73.441 73.7697 0.328706
9 40 74.725 75.0537 0.328711
29 40 668.31 668.639 0.328712
23 41 435.924 436.252 0.32872
0 40 430.163 430.26 0.0975449
27 41 69.7811 70.3975 0.616454
7 40 69.6328 69.8074 0.174599
16 42 667.246 667.575 0.328708
36 41 71.1447 71.7612 0.616457
5 40 532.655 532.752 0.0975437
11 40 73.5941 74.2105 0.616456
0 40 70.1626 70.2601 0.0975449
21 41 78.127 78.4558 0.328716
22 41 667.318 667.647 0.328714
23 0 77.9648 0 -77.9648
22 41 406.984 407.313 0.328714
10 0 72.5034 0 -72.5034
10 0 402.503 0 -402.503
29 40 440.518 440.847 0.328712
31 41 75.2019 75.8184 0.616453
12 42 74.7717 75.3882 0.616453
38 0 409.223 0 -409.223
16 42 439.454 439.783 0.328708
2 40 448.901 449.517 0.616457
17 42 545.494 545.669 0.174594
13 42 75.022 75.1195 0.0975405
28 40 75.3222 75.9386 0.616453
22 41 81.5675 81.8962 0.328714
24 41 76.4879 77.1043 0.616466
35 41 636.238 636.854 0.616453
22 41 439.526 439.855 0.328714
19 42 859.7 859.797 0.0975397
11 40 744.906 745.522 0.616456
8 40 76.926 77.1006 0.174602
39 40 77.3838 78.0003 0.616458
16 42 81.4953 81.824 0.328708
26 41 77.0971 77.7135 0.616464
32 42 839.21 839.385 0.174603
15 42 79.965 80.5814 0.616452
15 42 873.334 873.95 0.616452
32 42 449.21 449.385 0.174603
1 40 557.276 557.605 0.328712
29 40 82.5594 82.8882 0.328712
3 40 79.1909 79.3655 0.174598
7 40 459.633 459.807 0.174599
1 40 524.735 525.063 0.328712
33 40 79.1541 79.7705 0.616458
38 0 79.2229 0 -79.2229
3 40 649.191 649.365 0.174598
13 42 435.022 435.12 0.0975405
33 40 750.466 751.082 0.616458
2 40 82.7306 83.3471 0.616457
19 42 79.6997 79.7972 0.0975397
24 41 747.8 748.416 0.616466
15 42 446.135 446.752 0.616452
6 40 80.2519 80.4265 0.174602
33 40 872.523 873.139 0.616458
28 40 441.492 442.109 0.616453
10 0 432.503 0 -432.503
7 40 399.633 399.807 0.174599
22 41 764.943 765.272 0.328714
5 40 82.6547 82.7523 0.0975437
35 41 392.124 392.741 0.616453
35 41 86.9825 87.5989 0.616453
20 42 838.979 839.307 0.328708
1 40 654.901 655.23 0.328712
18 42 387.009 387.183 0.174596
8 40 946.926 947.101 0.174602
10 0 552.503 0 -552.503
20 42 643.728 644.057 0.328708
29 40 407.976 408.305 0.328712
18 42 87.0088 87.1834 0.174596
20 42 90.5196 90.8483 0.328708
32 42 89.2102 89.3848 0.174603
18 42 447.009 447.183 0.174596
6 40 440.252 440.426 0.174602
11 40 439.764 440.381 0.616456
34 41 454.854 455.47 0.616457
16 42 764.871 765.2 0.328708
34 41 88.6836 89.3 0.616457
39 40 748.696 749.312 0.616458
19 42 529.7 529.797 0.0975397
9 40 660.476 660.804 0.328711
19 42 619.7 619.797 0.0975397
20 42 546.103 546.432 0.328708
31 41 441.372 441.988 0.616453
31 0 563.429 0 -563.429
25 41 94.7993 95.128 0.328718
1 40 101.693 102.021 0.328712
17 42 95.4943 95.6689 0.174594
14 42 105.983 106.311 0.328706
7 40 99.6328 99.8074 0.174599
9 40 107.267 107.595 0.328711
0 40 100.163 100.26 0.0975449
10 0 102.503 0 -102.503
23 0 110.507 0 -110.507
21 41 110.669 110.997 0.328716
13 42 105.022 105.12 0.0975405
16 42 114.037 114.366 0.328708
22 41 114.109 114.438 0.328714
8 40 106.926 107.101 0.174602
29 40 115.101 115.43 0.328712
3 40 109.191 109.365 0.174598
38 40 109.223 109.397 0.174605
19 42 109.7 109.797 0.0975397
6 40 110.252 110.426 0.174602
5 40 112.655 112.752 0.0975437
18 42 117.009 117.183 0.174596
32 42 119.21 119.385 0.174603
20 42 123.061 123.39 0.328708
17 42 125.494 125.669 0.174594
37 41 122.229 122.846 0.616449
25 41 127.341 127.67 0.328718
1 40 134.234 134.563 0.328712
4 40 129.007 129.623 0.616456
30 41 129.547 130.164 0.616451
27 41 130.809 131.426 0.616454
14 42 138.524 138.853 0.328706
0 40 130.163 130.26 0.0975449
9 40 139.808 140.137 0.328711
7 40 129.633 129.807 0.174599
36 41 132.173 132.79 0.616457
10 0 132.503 0 -132.503
11 40 134.622 135.239 0.616456
31 41 136.23 136.847 0.616453
28 40 136.351 136.967 0.616453
21 41 143.21 143.539 0.328716
12 42 135.8 136.417 0.616453
23 41 143.048 143.377 0.32872
13 42 135.022 135.12 0.0975405
39 40 138.412 139.029 0.616458
16 42 146.579 146.907 0.328708
26 0 138.125 0 -138.125
24 41 137.516 138.133 0.616466
15 42 140.993 141.61 0.616452
22 41 146.651 146.98 0.328714
33 40 140.182 140.799 0.616458
8 40 136.926 137.101 0.174602
29 40 147.643 147.972 0.328712
3 40 139.191 139.365 0.174598
38 40 139.223 139.397 0.174605
19 42 139.7 139.797 0.0975397
6 40 140.252 140.426 0.174602
5 40 142.655 142.752 0.0975437
2 40 143.759 144.375 0.616457
35 41 148.011 148.627 0.616453
20 42 155.603 155.932 0.328708
18 42 147.009 147.183 0.174596
34 41 149.712 150.328 0.616457
25 41 159.883 160.211 0.328718
32 42 149.21 149.385 0.174603
17 42 155.494 155.669 0.174594
1 40 166.776 167.105 0.328712
14 42 171.066 171.395 0.328706
7 40 159.633 159.807 0.174599
9 40 172.35 172.679 0.328711
0 40 160.163 160.26 0.0975449
10 0 162.503 0 -162.503
23 41 175.59 175.919 0.32872
21 41 175.752 176.081 0.328716
13 42 165.022 165.12 0.0975405
16 42 179.12 179.449 0.328708
22 41 179.193 179.521 0.328714
8 40 166.926 167.101 0.174602
29 40 180.185 180.513 0.328712
3 40 169.191 169.365 0.174598
38 0 169.223 0 -169.223
6 40 170.252 170.426 0.174602
19 42 169.7 169.797 0.0975397
5 40 172.655 172.752 0.0975437
20 42 188.145 188.473 0.328708
18 42 177.009 177.183 0.174596
32 42 179.21 179.385 0.174603
37 41 183.258 183.874 0.616449
25 41 192.424 192.753 0.328718
30 41 190.576 191.192 0.616451
1 40 199.318 199.646 0.328712
4 0 190.035 0 -190.035
17 42 185.494 185.669 0.174594
14 42 203.608 203.937 0.328706
7 40 189.633 189.807 0.174599
27 41 191.838 192.454 0.616454
9 40 204.892 205.22 0.328711
0 40 190.163 190.26 0.0975449
36 41 193.201 193.818 0.616457
21 41 208.294 208.623 0.328716
23 41 208.132 208.46 0.32872
11 40 195.651 196.267 0.616456
10 0 192.503 0 -192.503
13 42 195.022 195.12 0.0975405
12 42 196.828 197.445 0.616453
3 40 409.191 409.365 0.174598
19 42 439.7 439.797 0.0975397
30 41 434.689 435.306 0.616451
32 42 629.21 629.385 0.174603
1 40 427.11 427.438 0.328712
19 42 739.7 739.797 0.0975397
37 41 427.371 427.987 0.616449
12 42 562.999 563.615 0.616453
20 42 448.478 448.807 0.328708
26 41 199.154 199.77 0.616464
28 40 197.379 197.995 0.616453
31 41 197.259 197.875 0.616453
8 40 196.926 197.101 0.174602
24 41 198.545 199.161 0.616466
31 41 746.514 747.13 0.616453
22 41 211.734 212.063 0.328714
16 42 211.662 211.991 0.328708
39 40 199.441 200.057 0.616458
29 40 212.726 213.055 0.328712
38 0 199.223 0 -199.223
33 40 201.211 201.827 0.616458
3 40 199.191 199.365 0.174598
15 42 202.022 202.638 0.616452
2 40 204.787 205.404 0.616457
19 42 199.7 199.797 0.0975397
6 40 200.252 200.426 0.174602
18 42 207.009 207.183 0.174596
5 40 202.655 202.752 0.0975437
35 41 209.039 209.656 0.616453
20 42 220.686 221.015 0.328708
34 41 210.74 211.357 0.616457
32 42 209.21 209.385 0.174603
25 41 224.966 225.295 0.328718
1 40 231.859 232.188 0.328712
17 42 215.494 215.669 0.174594
14 42 236.15 236.478 0.328706
7 40 219.633 219.807 0.174599
9 40 237.433 237.762 0.328711
0 40 220.163 220.26 0.0975449
10 0 222.503 0 -222.503
23 41 240.673 241.002 0.32872
21 41 240.836 241.164 0.328716
13 42 225.022 225.12 0.0975405
16 42 244.204 244.532 0.328708
22 0 244.276 0 -244.276
8 40 226.926 227.101 0.174602
29 40 245.268 245.597 0.328712
3 40 229.191 229.365 0.174598
38 40 229.223 229.397 0.174605
19 42 229.7 229.797 0.0975397
6 40 230.252 230.426 0.174602
5 40 232.655 232.752 0.0975437
20 42 253.228 253.557 0.328708
18 42 237.009 237.183 0.174596
32 42 239.21 239.385 0.174603
37 41 244.286 244.902 0.616449
25 41 257.508 257.837 0.328718
1 40 264.401 264.73 0.328712
17 42 245.494 245.669 0.174594
4 40 251.064 251.68 0.616456
7 40 249.633 249.807 0.174599
14 42 268.691 269.02 0.328706
30 41 251.604 252.221 0.616451
27 41 252.866 253.483 0.616454
9 40 269.975 270.304 0.328711
0 40 250.163 250.26 0.0975449
36 41 254.23 254.846 0.616457
23 41 273.215 273.544 0.32872
21 41 273.377 273.706 0.328716
11 40 256.679 257.296 0.616456
10 0 252.503 0 -252.503
28 40 258.407 259.024 0.616453
12 42 257.857 258.473 0.616453
31 41 258.287 258.903 0.616453
16 42 276.745 277.074 0.328708
39 40 260.469 261.085 0.616458
24 41 259.573 260.189 0.616466
13 42 255.022 255.12 0.0975405
26 41 260.182 260.799 0.616464
8 40 256.926 257.101 0.174602
22 41 276.818 277.146 0.328714
33 40 262.239 262.856 0.616458
29 40 277.81 278.138 0.328712
15 42 263.05 263.666 0.616452
38 40 259.223 259.397 0.174605
3 40 259.191 259.365 0.174598
19 42 259.7 259.797 0.0975397
6 40 260.252 260.426 0.174602
34 41 271.769 272.385 0.616457
5 40 262.655 262.752 0.0975437
2 40 265.816 266.432 0.616457
35 41 270.068 270.684 0.616453
20 42 285.77 286.098 0.328708
18 42 267.009 267.183 0.174596
32 42 269.21 269.385 0.174603
25 41 290.05 290.378 0.328718
1 40 296.943 297.272 0.328712
17 42 275.494 275.669 0.174594
7 40 279.633 279.807 0.174599
9 40 302.517 302.846 0.328711
14 42 301.233 301.562 0.328706
0 40 280.163 280.26 0.0975449
9 40 465.225 465.554 0.328711
10 0 282.503 0 -282.503
23 0 305.757 0 -305.757
21 41 305.919 306.248 0.328716
38 40 559.223 559.397 0.174605
32 42 659.21 659.385 0.174603
8 40 736.926 737.101 0.174602
13 42 285.022 285.12 0.0975405
19 42 559.7 559.797 0.0975397
35 41 758.294 758.911 0.616453
25 41 420.216 420.545 0.328718
21 41 533.711 534.04 0.328716
16 42 309.287 309.616 0.328708
22 41 309.359 309.688 0.328714
8 40 286.926 287.101 0.174602
17 42 455.494 455.669 0.174594
38 0 439.223 0 -439.223
29 40 310.351 310.68 0.328712
3 40 289.191 289.365 0.174598
25 41 778.175 778.504 0.328718
21 41 436.086 436.414 0.328716
8 40 526.926 527.101 0.174602
38 0 289.223 0 -289.223
6 40 290.252 290.426 0.174602
19 42 289.7 289.797 0.0975397
5 40 292.655 292.752 0.0975437
20 42 318.311 318.64 0.328708
18 42 297.009 297.183 0.174596
32 42 299.21 299.385 0.174603
17 42 305.494 305.669 0.174594
37 41 305.314 305.931 0.616449
25 41 322.591 322.92 0.328718
1 40 329.484 329.813 0.328712
27 41 313.894 314.511 0.616454
30 41 312.632 313.249 0.616451
4 40 312.092 312.709 0.616456
14 42 333.775 334.103 0.328706
7 40 309.633 309.807 0.174599
9 40 335.059 335.387 0.328711
36 41 315.258 315.875 0.616457
0 40 310.163 310.26 0.0975449
28 40 319.436 320.052 0.616453
24 41 320.601 321.218 0.616466
11 40 317.707 318.324 0.616456
10 0 312.503 0 -312.503
21 41 338.461 338.789 0.328716
23 41 338.298 338.627 0.32872
31 0 319.315 0 -319.315
12 42 318.885 319.502 0.616453
13 42 315.022 315.12 0.0975405
33 40 323.267 323.884 0.616458
39 40 321.497 322.114 0.616458
16 42 341.829 342.158 0.328708
22 41 341.901 342.23 0.328714
26 41 321.21 321.827 0.616464
8 40 316.926 317.101 0.174602
29 40 342.893 343.222 0.328712
15 42 324.078 324.695 0.616452
3 40 319.191 319.365 0.174598
38 40 319.223 319.397 0.174605
19 42 319.7 319.797 0.0975397
6 40 320.252 320.426 0.174602
2 40 326.844 327.46 0.616457
5 40 322.655 322.752 0.0975437
20 42 350.853 351.182 0.328708
35 41 331.096 331.712 0.616453
18 42 327.009 327.183 0.174596
32 42 329.21 329.385 0.174603
34 41 332.797 333.413 0.616457
1 40 362.026 362.355 0.328712
25 41 355.133 355.462 0.328718
17 42 335.494 335.669 0.174594
14 42 366.316 366.645 0.328706
7 40 339.633 339.807 0.174599
9 40 367.6 367.929 0.328711
0 40 340.163 340.26 0.0975449
10 0 342.503 0 -342.503
23 41 370.84 371.169 0.32872
21 41 371.002 371.331 0.328716
13 42 345.022 345.12 0.0975405
16 42 374.371 374.699 0.328708
22 41 374.443 374.771 0.328714
8 40 346.926 347.101 0.174602
29 40 375.435 375.763 0.328712
3 40 349.191 349.365 0.174598
38 40 349.223 349.397 0.174605
19 42 349.7 349.797 0.0975397
6 40 350.252 350.426 0.174602
5 40 352.655 352.752 0.0975437
20 42 383.395 383.724 0.328708
18 42 357.009 357.183 0.174596
32 42 359.21 359.385 0.174603
17 42 365.494 365.669 0.174594
37 41 366.343 366.959 0.616449
25 41 387.675 388.003 0.328718
27 41 374.923 375.539 0.616454
4 0 373.12 0 -373.12
30 41 373.661 374.277 0.616451
7 40 369.633 369.807 0.174599
0 40 370.163 370.26 0.0975449
36 41 376.286 376.903 0.616457
10 0 372.503 0 -372.503
11 40 378.736 379.352 0.616456
12 42 379.913 380.53 0.616453
31 41 380.344 380.96 0.616453
13 42 375.022 375.12 0.0975405
28 40 380.464 381.08 0.616453
24 41 381.63 382.246 0.616466
39 40 382.526 383.142 0.616458
3 40 379.191 379.365 0.174598
26 41 382.239 382.855 0.616464
15 42 385.107 385.723 0.616452
8 40 376.926 377.101 0.174602
33 40 384.296 384.912 0.616458
38 0 379.223 0 -379.223
6 40 380.252 380.426 0.174602
19 42 379.7 379.797 0.0975397
19 42 409.7 409.797 0.0975397
16 42 569.621 569.949 0.328708
22 41 569.693 570.022 0.328714
25 41 550.383 550.712 0.328718
5 40 622.655 622.752 0.0975437
14 42 561.566 561.895 0.328706
5 40 382.655 382.752 0.0975437
2 40 387.872 388.489 0.616457
39 40 870.752 871.369 0.616458
33 40 567.381 567.997 0.616458
17 42 515.494 515.669 0.174594
6 40 530.252 530.426 0.174602
12 42 746.084 746.7 0.616453
0 40 460.163 460.26 0.0975449
10 0 462.503 0 -462.503
8 40 646.926 647.101 0.174602
26 41 565.324 565.94 0.616464
23 41 468.465 468.794 0.32872
21 41 468.627 468.956 0.328716
38 40 859.223 859.397 0.174605
23 41 533.549 533.877 0.32872
21 41 663.878 664.206 0.328716
28 40 746.634 747.251 0.616453
18 42 627.009 627.183 0.174596
13 42 465.022 465.12 0.0975405
10 0 522.503 0 -522.503
17 42 635.494 635.669 0.174594
5 40 742.655 742.752 0.0975437
9 40 530.309 530.637 0.328711
25 41 843.258 843.587 0.328718
16 42 471.996 472.324 0.328708
22 41 472.068 472.397 0.328714
8 40 466.926 467.101 0.174602
38 0 649.223 0 -649.223
29 40 473.06 473.389 0.328712
3 40 469.191 469.365 0.174598
38 0 469.223 0 -469.223
6 40 470.252 470.426 0.174602
2 40 754.042 754.659 0.616457
19 42 469.7 469.797 0.0975397
7 40 639.633 639.807 0.174599
7 40 519.633 519.807 0.174599
23 41 566.09 566.419 0.32872
5 40 472.655 472.752 0.0975437
14 42 529.025 529.353 0.328706
13 42 555.022 555.12 0.0975405
19 42 649.7 649.797 0.0975397
4 40 556.205 556.822 0.616456
32 42 479.21 479.385 0.174603
29 40 570.685 571.014 0.328712
15 42 568.192 568.808 0.616452
18 42 477.009 477.183 0.174596
20 42 481.02 481.349 0.328708
8 40 556.926 557.101 0.174602
7 40 549.633 549.807 0.174599
3 40 559.191 559.365 0.174598
37 41 488.399 489.016 0.616449
25 41 485.3 485.628 0.328718
1 40 492.193 492.522 0.328712
5 40 652.655 652.752 0.0975437
0 40 550.163 550.26 0.0975449
36 41 559.372 559.988 0.616457
17 42 485.494 485.669 0.174594
4 0 495.177 0 -495.177
30 41 495.718 496.334 0.616451
14 42 496.483 496.812 0.328706
27 41 496.98 497.596 0.616454
36 41 498.343 498.96 0.616457
9 40 497.767 498.096 0.328711
7 40 489.633 489.807 0.174599
0 40 490.163 490.26 0.0975449
10 0 492.503 0 -492.503
23 0 501.007 0 -501.007
11 40 500.793 501.409 0.616456
21 41 501.169 501.498 0.328716
12 42 501.97 502.587 0.616453
31 0 502.4 0 -502.4
28 40 502.521 503.137 0.616453
13 42 495.022 495.12 0.0975405
24 41 503.686 504.303 0.616466
26 41 504.296 504.912 0.616464
8 40 496.926 497.101 0.174602
22 41 504.61 504.938 0.328714
16 42 504.537 504.866 0.328708
39 40 504.582 505.199 0.616458
15 42 507.163 507.78 0.616452
29 40 505.601 505.93 0.328712
33 40 506.353 506.969 0.616458
38 40 499.223 499.397 0.174605
3 40 499.191 499.365 0.174598
19 42 499.7 499.797 0.0975397
6 40 500.252 500.426 0.174602
5 40 502.655 502.752 0.0975437
2 40 509.929 510.546 0.616457
18 42 507.009 507.183 0.174596
20 42 513.562 513.89 0.328708
34 41 515.882 516.498 0.616457
32 42 509.21 509.385 0.174603
20 42 578.645 578.974 0.328708
2 40 570.957 571.574 0.616457
23 41 663.715 664.044 0.32872
14 42 659.192 659.52 0.328706
5 40 562.655 562.752 0.0975437
6 40 650.252 650.426 0.174602
13 42 855.022 855.12 0.0975405
7 40 939.633 939.807 0.174599
10 0 732.503 0 -732.503
36 41 1169.66 1170.27 0.616457
35 41 575.209 575.826 0.616453
37 41 671.484 672.101 0.616449
28 40 868.691 869.307 0.616453
21 41 761.503 761.831 0.328716
13 42 735.022 735.12 0.0975405
29 40 765.935 766.264 0.328712
9 40 758.101 758.429 0.328711
11 40 866.963 867.579 0.616456
0 40 640.163 640.26 0.0975449
18 42 567.009 567.183 0.174596
14 42 854.442 854.77 0.328706
34 41 576.91 577.527 0.616457
32 42 569.21 569.385 0.174603
17 42 845.494 845.669 0.174594
7 40 729.633 729.807 0.174599
25 41 582.925 583.253 0.328718
20 42 676.27 676.599 0.328708
18 42 657.009 657.183 0.174596
17 42 575.494 575.669 0.174594
1 40 589.818 590.147 0.328712
7 40 579.633 579.807 0.174599
14 42 594.108 594.437 0.328706
9 40 595.392 595.721 0.328711
0 40 580.163 580.26 0.0975449
10 0 582.503 0 -582.503
23 0 598.632 0 -598.632
21 41 598.794 599.123 0.328716
13 42 585.022 585.12 0.0975405
16 42 602.162 602.491 0.328708
22 41 602.235 602.563 0.328714
8 40 586.926 587.101 0.174602
29 40 603.227 603.555 0.328712
3 40 589.191 589.365 0.174598
38 40 589.223 589.397 0.174605
19 42 589.7 589.797 0.0975397
6 40 590.252 590.426 0.174602
5 40 592.655 592.752 0.0975437
20 42 611.187 611.515 0.328708
18 42 597.009 597.183 0.174596
32 42 599.21 599.385 0.174603
37 41 610.456 611.072 0.616449
25 41 615.466 615.795 0.328718
14 42 626.65 626.979 0.328706
17 42 605.494 605.669 0.174594
30 41 617.774 618.391 0.616451
1 40 622.36 622.688 0.328712
4 40 617.234 617.85 0.616456
27 41 619.036 619.653 0.616454
7 40 609.633 609.807 0.174599
9 40 627.934 628.263 0.328711
0 40 610.163 610.26 0.0975449
36 41 620.4 621.016 0.616457
10 0 612.503 0 -612.503
23 41 631.174 631.502 0.32872
11 40 622.849 623.466 0.616456
21 41 631.336 631.665 0.328716
12 42 624.027 624.643 0.616453
31 41 624.457 625.074 0.616453
28 40 624.577 625.194 0.616453
13 42 615.022 615.12 0.0975405
24 41 625.743 626.36 0.616466
39 40 626.639 627.255 0.616458
26 0 626.352 0 -626.352
16 42 634.704 635.033 0.328708
22 41 634.776 635.105 0.328714
8 40 616.926 617.101 0.174602
29 40 635.768 636.097 0.328712
33 40 628.409 629.026 0.616458
38 0 619.223 0 -619.223
3 40 619.191 619.365 0.174598
15 42 629.22 629.837 0.616452
2 40 631.986 632.602 0.616457
6 40 620.252 620.426 0.174602
12 42 868.14 868.757 0.616453
31 41 868.57 869.187 0.616453
1 40 687.443 687.772 0.328712
17 42 755.494 755.669 0.174594
20 42 773.895 774.224 0.328708
17 42 665.494 665.669 0.174594
4 0 678.262 0 -678.262
23 41 858.966 859.294 0.32872
30 41 678.803 679.419 0.616451
35 41 1063.44 1064.05 0.616453
14 42 691.733 692.062 0.328706
9 40 693.017 693.346 0.328711
36 41 681.428 682.045 0.616457
32 42 1049.21 1049.38 0.174603
0 40 670.163 670.26 0.0975449
7 40 669.633 669.807 0.174599
27 41 680.065 680.681 0.616454
11 40 683.878 684.494 0.616456
23 0 696.257 0 -696.257
18 42 747.009 747.183 0.174596
24 41 869.856 870.473 0.616466
10 0 672.503 0 -672.503
21 41 696.419 696.748 0.328716
31 41 685.485 686.102 0.616453
10 0 942.503 0 -942.503
23 41 761.34 761.669 0.32872
12 42 685.055 685.672 0.616453
13 42 675.022 675.12 0.0975405
28 40 685.606 686.222 0.616453
12 42 1173.28 1173.9 0.616453
26 0 687.381 0 -687.381
24 41 686.771 687.388 0.616466
39 40 687.667 688.284 0.616458
16 42 699.787 700.116 0.328708
21 41 859.128 859.456 0.328716
18 42 837.009 837.183 0.174596
22 41 699.86 700.188 0.328714
8 40 676.926 677.101 0.174602
33 40 689.438 690.054 0.616458
29 40 700.852 701.18 0.328712
15 42 690.248 690.865 0.616452
3 40 679.191 679.365 0.174598
38 40 679.223 679.397 0.174605
6 40 680.252 680.426 0.174602
19 42 679.7 679.797 0.0975397
9 40 855.726 856.054 0.328711
31 41 1173.71 1174.33 0.616453
2 40 693.014 693.631 0.616457
35 41 697.266 697.882 0.616453
4 0 1166.49 0 -1166.49
7 40 849.633 849.807 0.174599
1 40 850.152 850.48 0.328712
34 41 759.995 760.612 0.616457
27 41 863.15 863.766 0.616454
5 40 682.655 682.752 0.0975437
20 42 708.812 709.141 0.328708
18 42 687.009 687.183 0.174596
34 41 698.967 699.584 0.616457
32 42 689.21 689.385 0.174603
25 41 713.092 713.42 0.328718
17 42 695.494 695.669 0.174594
1 40 719.985 720.314 0.328712
14 42 724.275 724.604 0.328706
9 40 725.559 725.888 0.328711
7 40 699.633 699.807 0.174599
0 40 700.163 700.26 0.0975449
23 41 728.799 729.127 0.32872
21 41 728.961 729.29 0.328716
10 0 702.503 0 -702.503
13 42 705.022 705.12 0.0975405
16 42 732.329 732.658 0.328708
22 41 732.401 732.73 0.328714
8 40 706.926 707.101 0.174602
29 40 733.393 733.722 0.328712
3 40 709.191 709.365 0.174598
38 40 709.223 709.397 0.174605
19 42 709.7 709.797 0.0975397
6 40 710.252 710.426 0.174602
5 40 712.655 712.752 0.0975437
20 42 741.353 741.682 0.328708
18 42 717.009 717.183 0.174596
32 42 719.21 719.385 0.174603
1 40 752.527 752.855 0.328712
37 41 732.513 733.129 0.616449
25 41 745.633 745.962 0.328718
17 42 725.494 725.669 0.174594
4 40 739.291 739.907 0.616456
30 41 739.831 740.447 0.616451
14 42 756.817 757.145 0.328706
27 41 741.093 741.709 0.616454
30 41 861.888 862.504 0.616451
3 40 859.191 859.365 0.174598
8 40 856.926 857.101 0.174602
22 41 862.568 862.897 0.328714
9 40 953.351 953.679 0.328711
37 41 854.569 855.186 0.616449
14 42 952.067 952.396 0.328706
7 40 759.633 759.807 0.174599
0 40 760.163 760.26 0.0975449
38 40 949.223 949.397 0.174605
26 41 870.466 871.082 0.616464
10 0 762.503 0 -762.503
10 0 852.503 0 -852.503
0 40 850.163 850.26 0.0975449
19 42 949.7 949.797 0.0975397
36 41 864.513 865.13 0.616457
16 42 862.496 862.825 0.328708
13 42 765.022 765.12 0.0975405
8 40 766.926 767.101 0.174602
38 40 769.223 769.397 0.174605
3 40 769.191 769.365 0.174598
19 42 769.7 769.797 0.0975397
6 40 770.252 770.426 0.174602
5 40 772.655 772.752 0.0975437
32 42 1139.21 1139.38 0.174603
29 40 863.56 863.889 0.328712
13 42 945.022 945.12 0.0975405
18 42 777.009 777.183 0.174596
21 41 956.753 957.082 0.328716
32 42 779.21 779.385 0.174603
1 40 785.068 785.397 0.328712
37 41 793.541 794.157 0.616449
17 42 785.494 785.669 0.174594
30 41 800.859 801.476 0.616451
4 0 800.319 0 -800.319
14 42 789.358 789.687 0.328706
27 41 802.121 802.738 0.616454
7 40 789.633 789.807 0.174599
9 40 790.642 790.971 0.328711
36 41 803.485 804.101 0.616457
0 40 790.163 790.26 0.0975449
10 0 792.503 0 -792.503
11 40 805.934 806.551 0.616456
23 0 793.882 0 -793.882
21 41 794.044 794.373 0.328716
12 42 807.112 807.728 0.616453
13 42 795.022 795.12 0.0975405
28 40 807.662 808.279 0.616453
31 0 807.542 0 -807.542
24 41 808.828 809.445 0.616466
26 41 809.437 810.054 0.616464
16 42 797.413 797.741 0.328708
39 40 809.724 810.34 0.616458
22 41 797.485 797.814 0.328714
8 40 796.926 797.101 0.174602
33 40 811.494 812.111 0.616458
29 40 798.477 798.805 0.328712
38 40 799.223 799.397 0.174605
3 40 799.191 799.365 0.174598
15 42 812.305 812.922 0.616452
19 42 799.7 799.797 0.0975397
6 40 800.252 800.426 0.174602
5 40 802.655 802.752 0.0975437
20 42 806.437 806.766 0.328708
2 40 815.071 815.687 0.616457
32 42 809.21 809.385 0.174603
18 42 807.009 807.183 0.174596
35 41 819.323 819.939 0.616453
34 41 821.024 821.64 0.616457
25 41 810.717 811.045 0.328718
1 40 817.61 817.939 0.328712
17 42 815.494 815.669 0.174594
14 42 821.9 822.229 0.328706
7 40 819.633 819.807 0.174599
9 40 823.184 823.513 0.328711
0 40 820.163 820.26 0.0975449
10 0 822.503 0 -822.503
21 41 826.586 826.915 0.328716
23 41 826.424 826.753 0.32872
13 42 825.022 825.12 0.0975405
16 42 829.954 830.283 0.328708
22 41 830.027 830.355 0.328714
8 40 826.926 827.101 0.174602
29 40 831.018 831.347 0.328712
3 40 829.191 829.365 0.174598
38 40 829.223 829.397 0.174605
19 42 829.7 829.797 0.0975397
6 40 830.252 830.426 0.174602
5 40 832.655 832.752 0.0975437
6 40 860.252 860.426 0.174602
17 42 1145.49 1145.67 0.174594
2 40 876.099 876.716 0.616457
18 42 867.009 867.183 0.174596
0 40 1150.16 1150.26 0.0975449
5 40 862.655 862.752 0.0975437
22 41 960.193 960.522 0.328714
23 41 956.591 956.919 0.32872
25 41 1071.05 1071.38 0.328718
35 41 880.351 880.968 0.616453
7 40 1149.63 1149.81 0.174599
16 42 960.121 960.45 0.328708
20 42 871.52 871.849 0.328708
34 41 882.052 882.669 0.616457
32 42 869.21 869.385 0.174603
25 41 875.8 876.129 0.328718
17 42 875.494 875.669 0.174594
10 0 1152.5 0 -1152.5
14 42 886.983 887.312 0.328706
1 40 882.693 883.022 0.328712
7 40 879.633 879.807 0.174599
9 40 888.267 888.596 0.328711
0 40 880.163 880.26 0.0975449
21 41 891.669 891.998 0.328716
10 0 882.503 0 -882.503
23 41 891.507 891.836 0.32872
13 42 885.022 885.12 0.0975405
16 42 895.038 895.366 0.328708
22 41 895.11 895.439 0.328714
8 40 886.926 887.101 0.174602
29 40 896.102 896.431 0.328712
3 40 889.191 889.365 0.174598
38 0 889.223 0 -889.223
6 40 890.252 890.426 0.174602
19 42 889.7 889.797 0.0975397
5 40 892.655 892.752 0.0975437
20 42 904.062 904.391 0.328708
32 42 899.21 899.385 0.174603
18 42 897.009 897.183 0.174596
1 40 915.235 915.564 0.328712
37 41 915.598 916.214 0.616449
25 41 908.342 908.67 0.328718
17 42 905.494 905.669 0.174594
30 41 922.916 923.532 0.616451
4 0 922.376 0 -922.376
14 42 919.525 919.854 0.328706
7 40 909.633 909.807 0.174599
27 41 924.178 924.794 0.616454
9 40 920.809 921.138 0.328711
0 40 910.163 910.26 0.0975449
36 41 925.542 926.158 0.616457
10 0 912.503 0 -912.503
11 40 927.991 928.607 0.616456
23 41 924.049 924.378 0.32872
21 41 924.211 924.54 0.328716
12 42 929.169 929.785 0.616453
31 41 929.599 930.215 0.616453
28 40 929.719 930.336 0.616453
13 42 915.022 915.12 0.0975405
24 41 930.885 931.501 0.616466
8 40 916.926 917.101 0.174602
26 0 931.494 0 -931.494
22 41 927.652 927.98 0.328714
16 42 927.579 927.908 0.328708
39 40 931.781 932.397 0.616458
29 40 928.644 928.972 0.328712
33 40 933.551 934.167 0.616458
3 40 919.191 919.365 0.174598
15 42 934.362 934.978 0.616452
38 40 919.223 919.397 0.174605
19 0 919.7 0 -919.7
6 40 920.252 920.426 0.174602
5 40 922.655 922.752 0.0975437
2 40 937.128 937.744 0.616457
35 41 941.379 941.996 0.616453
20 42 936.604 936.932 0.328708
18 42 927.009 927.183 0.174596
34 41 943.08 943.697 0.616457
32 42 929.21 929.385 0.174603
25 41 940.883 941.212 0.328718
1 40 947.777 948.105 0.328712
17 42 935.494 935.669 0.174594
6 40 950.252 950.426 0.174602
5 40 952.655 952.752 0.0975437
20 42 969.145 969.474 0.328708
18 42 957.009 957.183 0.174596
32 42 959.21 959.385 0.174603
37 41 976.626 977.243 0.616449
25 41 973.425 973.754 0.328718
30 41 983.944 984.561 0.616451
4 40 983.404 984.02 0.616456
1 40 980.318 980.647 0.328712
17 42 965.494 965.669 0.174594
14 42 984.609 984.937 0.328706
27 41 985.206 985.823 0.616454
30 41 1167.03 1167.65 0.616451
7 40 969.633 969.807 0.174599
9 40 985.892 986.221 0.328711
0 40 970.163 970.26 0.0975449
36 41 986.57 987.186 0.616457
11 40 1172.1 1172.72 0.616456
18 42 1047.01 1047.18 0.174596
10 0 972.503 0 -972.503
34 41 1065.14 1065.75 0.616457
11 40 989.019 989.636 0.616456
23 0 989.132 0 -989.132
21 41 989.295 989.623 0.328716
27 41 1168.29 1168.91 0.616454
12 42 990.197 990.813 0.616453
28 40 990.747 991.364 0.616453
31 41 990.627 991.244 0.616453
13 42 975.022 975.12 0.0975405
26 0 992.522 0 -992.522
24 41 991.913 992.53 0.616466
39 40 992.809 993.426 0.616458
16 42 992.663 992.991 0.328708
22 41 992.735 993.064 0.328714
8 40 976.926 977.101 0.174602
3 40 979.191 979.365 0.174598
15 42 995.39 996.007 0.616452
33 40 994.579 995.196 0.616458
29 40 993.727 994.056 0.328712
38 40 979.223 979.397 0.174605
19 42 979.7 979.797 0.0975397
6 40 980.252 980.426 0.174602
2 40 998.156 998.772 0.616457
5 40 982.655 982.752 0.0975437
18 42 987.009 987.183 0.174596
20 42 1001.69 1002.02 0.328708
35 41 1002.41 1003.02 0.616453
32 42 989.21 989.385 0.174603
34 41 1004.11 1004.73 0.616457
17 42 995.494 995.669 0.174594
25 41 1005.97 1006.3 0.328718
14 42 1017.15 1017.48 0.328706
1 40 1012.86 1013.19 0.328712
0 40 1000.16 1000.26 0.0975449
9 40 1018.43 1018.76 0.328711
7 40 999.633 999.807 0.174599
10 0 1002.5 0 -1002.5
23 41 1021.67 1022 0.32872
21 41 1021.84 1022.16 0.328716
13 42 1005.02 1005.12 0.0975405
16 42 1025.2 1025.53 0.328708
22 41 1025.28 1025.61 0.328714
8 40 1006.93 1007.1 0.174602
29 40 1026.27 1026.6 0.328712
3 40 1009.19 1009.37 0.174598
38 40 1009.22 1009.4 0.174605
19 42 1009.7 1009.8 0.0975397
6 40 1010.25 1010.43 0.174602
5 40 1012.65 1012.75 0.0975437
20 42 1034.23 1034.56 0.328708
18 42 1017.01 1017.18 0.174596
32 42 1019.21 1019.38 0.174603
37 41 1037.65 1038.27 0.616449
25 41 1038.51 1038.84 0.328718
1 40 1045.4 1045.73 0.328712
17 42 1025.49 1025.67 0.174594
9 40 1050.98 1051.3 0.328711
14 42 1049.69 1050.02 0.328706
7 40 1029.63 1029.81 0.174599
30 41 1044.97 1045.59 0.616451
27 41 1046.23 1046.85 0.616454
4 0 1044.43 0 -1044.43
0 40 1030.16 1030.26 0.0975449
36 41 1047.6 1048.21 0.616457
10 0 1032.5 0 -1032.5
11 40 1050.05 1050.66 0.616456
23 41 1054.22 1054.54 0.32872
21 41 1054.38 1054.71 0.328716
12 42 1051.23 1051.84 0.616453
31 41 1051.66 1052.27 0.616453
28 40 1051.78 1052.39 0.616453
13 42 1035.02 1035.12 0.0975405
26 0 1053.55 0 -1053.55
24 41 1052.94 1053.56 0.616466
39 40 1053.84 1054.45 0.616458
16 42 1057.75 1058.07 0.328708
22 41 1057.82 1058.15 0.328714
8 40 1036.93 1037.1 0.174602
33 40 1055.61 1056.22 0.616458
29 40 1058.81 1059.14 0.328712
15 42 1056.42 1057.04 0.616452
3 40 1039.19 1039.37 0.174598
38 40 1039.22 1039.4 0.174605
19 42 1039.7 1039.8 0.0975397
6 40 1040.25 1040.43 0.174602
5 40 1042.65 1042.75 0.0975437
2 40 1059.18 1059.8 0.616457
20 42 1066.77 1067.1 0.328708
1 40 1077.94 1078.27 0.328712
17 42 1055.49 1055.67 0.174594
14 42 1082.23 1082.56 0.328706
13 42 1155.02 1155.12 0.0975405
9 40 1083.52 1083.85 0.328711
7 40 1059.63 1059.81 0.174599
0 40 1060.16 1060.26 0.0975449
10 0 1062.5 0 -1062.5
25 41 1168.68 1169 0.328718
23 0 1086.76 0 -1086.76
21 41 1086.92 1087.25 0.328716
37 41 1159.71 1160.33 0.616449
24 41 1175 1175.61 0.616466
13 42 1065.02 1065.12 0.0975405
22 41 1090.36 1090.69 0.328714
26 0 1175.61 0 -1175.61
16 42 1090.29 1090.62 0.328708
28 40 1173.83 1174.45 0.616453
8 40 1066.93 1067.1 0.174602
29 40 1091.35 1091.68 0.328712
3 40 1069.19 1069.37 0.174598
38 40 1069.22 1069.4 0.174605
19 42 1069.7 1069.8 0.0975397
6 40 1070.25 1070.43 0.174602
5 40 1072.65 1072.75 0.0975437
20 42 1099.31 1099.64 0.328708
18 42 1077.01 1077.18 0.174596
32 42 1079.21 1079.38 0.174603
17 42 1085.49 1085.67 0.174594
37 41 1098.68 1099.3 0.616449
25 41 1103.59 1103.92 0.328718
1 40 1110.49 1110.81 0.328712
4 0 1105.46 0 -1105.46
14 42 1114.78 1115.1 0.328706
30 41 1106 1106.62 0.616451
27 41 1107.26 1107.88 0.616454
7 40 1089.63 1089.81 0.174599
9 40 1116.06 1116.39 0.328711
0 40 1090.16 1090.26 0.0975449
36 41 1108.63 1109.24 0.616457
23 41 1119.3 1119.63 0.32872
12 42 1112.25 1112.87 0.616453
21 41 1119.46 1119.79 0.328716
11 40 1111.08 1111.69 0.616456
10 0 1092.5 0 -1092.5
28 40 1112.8 1113.42 0.616453
13 42 1095.02 1095.12 0.0975405
31 0 1112.68 0 -1112.68
26 41 1114.58 1115.2 0.616464
24 41 1113.97 1114.59 0.616466
39 40 1114.87 1115.48 0.616458
16 42 1122.83 1123.16 0.328708
22 41 1122.9 1123.23 0.328714
8 40 1096.93 1097.1 0.174602
33 40 1116.64 1117.25 0.616458
29 40 1123.89 1124.22 0.328712
15 42 1117.45 1118.06 0.616452
3 40 1099.19 1099.37 0.174598
38 40 1099.22 1099.4 0.174605
19 42 1099.7 1099.8 0.0975397
6 40 1100.25 1100.43 0.174602
2 40 1120.21 1120.83 0.616457
5 40 1102.65 1102.75 0.0975437
35 41 1124.46 1125.08 0.616453
20 42 1131.85 1132.18 0.328708
34 41 1126.17 1126.78 0.616457
25 41 1136.13 1136.46 0.328718
18 42 1107.01 1107.18 0.174596
32 42 1109.21 1109.38 0.174603
1 40 1143.03 1143.36 0.328712
17 42 1115.49 1115.67 0.174594
14 42 1147.32 1147.65 0.328706
7 40 1119.63 1119.81 0.174599
9 40 1148.6 1148.93 0.328711
0 40 1120.16 1120.26 0.0975449
10 0 1122.5 0 -1122.5
23 41 1151.84 1152.17 0.32872
21 41 1152 1152.33 0.328716
13 42 1125.02 1125.12 0.0975405
16 42 1155.37 1155.7 0.328708
29 40 1156.44 1156.76 0.328712
22 41 1155.44 1155.77 0.328714
8 40 1126.93 1127.1 0.174602
3 40 1129.19 1129.37 0.174598
38 40 1129.22 1129.4 0.174605
19 42 1129.7 1129.8 0.0975397
6 40 1130.25 1130.43 0.174602
5 40 1132.65 1132.75 0.0975437
20 42 1164.4 1164.72 0.328708
18 42 1137.01 1137.18 0.174596
39 40 1175.89 1176.51 0.616458
3 40 1159.19 1159.37 0.174598
15 42 1178.48 1179.09 0.616452
8 40 1156.93 1157.1 0.174602
33 40 1177.66 1178.28 0.616458
38 0 1159.22 0 -1159.22
6 40 1160.25 1160.43 0.174602
19 42 1159.7 1159.8 0.0975397
35 41 1185.49 1186.11 0.616453
5 40 1162.65 1162.75 0.0975437
2 40 1181.24 1181.86 0.616457
18 42 1167.01 1167.18 0.174596
37 41 1220.74 1221.36 0.616449
32 42 1169.21 1169.38 0.174603
34 41 1187.19 1187.81 0.616457
1 40 1175.57 1175.9 0.328712
17 42 1175.49 1175.67 0.174594
30 41 1228.06 1228.67 0.616451
4 40 1227.52 1228.13 0.616456
7 40 1179.63 1179.81 0.174599
27 41 1229.32 1229.94 0.616454
9 40 1181.14 1181.47 0.328711
14 42 1179.86 1180.19 0.328706
36 41 1230.68 1231.3 0.616457
0 40 1180.16 1180.26 0.0975449
11 40 1233.13 1233.75 0.616456
23 41 1184.38 1184.71 0.32872
10 0 1182.5 0 -1182.5
21 41 1184.54 1184.87 0.328716
12 42 1234.31 1234.93 0.616453
31 41 1234.74 1235.36 0.616453
28 40 1234.86 1235.48 0.616453
13 42 1185.02 1185.12 0.0975405
26 0 1236.64 0 -1236.64
24 41 1236.03 1236.64 0.616466
8 40 1186.93 1187.1 0.174602
22 41 1187.99 1188.31 0.328714
16 42 1187.91 1188.24 0.328708
39 40 1236.92 1237.54 0.616458
29 40 1188.98 1189.31 0.328712
15 42 1239.5 1240.12 0.616452
3 40 1189.19 1189.37 0.174598
33 40 1238.69 1239.31 0.616458
38 40 1189.22 1189.4 0.174605
6 40 1190.25 1190.43 0.174602
19 42 1189.7 1189.8 0.0975397
2 40 1242.27 1242.89 0.616457
5 40 1192.65 1192.75 0.0975437
35 41 1246.52 1247.14 0.616453
20 42 1196.94 1197.27 0.328708
18 42 1197.01 1197.18 0.174596
34 41 1248.22 1248.84 0.616457
32 42 1199.21 1199.38 0.174603
25 41 1201.22 1201.55 0.328718
