1 11 3.08454 3.70099 0.616457
8 12 1018.03 1018.36 0.32872
7 15 1007.09 1007.19 0.0975399
0 11 13.0011 13.3298 0.328712
8 12 9.23808 9.5668 0.32872
9 10 12.4432 13.0597 0.616459
3 11 20.333 20.5075 0.174597
7 15 17.0903 17.1878 0.0975399
5 0 27.937 0 -27.937
4 11 27.9541 28.5706 0.616458
6 0 26.2467 0 -26.2467
0 11 45.5428 45.8715 0.328712
2 11 29.0873 29.7037 0.616459
8 12 41.7798 42.1085 0.32872
3 11 50.333 50.5075 0.174597
7 15 47.0903 47.1878 0.0975399
5 0 57.937 0 -57.937
6 0 56.2467 0 -56.2467
1 11 64.1129 64.7293 0.616457
0 11 78.0845 78.4132 0.328712
9 10 73.4715 74.088 0.616459
8 12 74.3215 74.6502 0.32872
7 15 977.09 977.188 0.0975399
7 15 77.0903 77.1878 0.0975399
2 11 90.1156 90.7321 0.616459
5 0 657.937 0 -657.937
4 11 88.9825 89.5989 0.616458
3 11 80.333 80.5075 0.174597
5 0 87.937 0 -87.937
6 0 86.2467 0 -86.2467
7 15 107.09 107.188 0.0975399
0 11 110.626 110.955 0.328712
8 12 106.863 107.192 0.32872
7 15 647.09 647.188 0.0975399
3 11 110.333 110.508 0.174597
7 15 617.09 617.188 0.0975399
5 0 597.937 0 -597.937
5 0 117.937 0 -117.937
6 0 116.247 0 -116.247
1 11 125.141 125.758 0.616457
0 11 143.168 143.497 0.328712
9 10 134.5 135.116 0.616459
8 12 139.405 139.734 0.32872
7 15 137.09 137.188 0.0975399
3 11 140.333 140.508 0.174597
5 0 147.937 0 -147.937
2 11 151.144 151.76 0.616459
4 11 150.011 150.627 0.616458
6 0 146.247 0 -146.247
0 11 175.71 176.038 0.328712
8 12 171.947 172.275 0.32872
7 15 167.09 167.188 0.0975399
0 11 956.71 957.039 0.328712
3 11 170.333 170.508 0.174597
3 11 1010.33 1010.51 0.174597
4 11 638.238 638.854 0.616458
5 0 627.937 0 -627.937
5 0 177.937 0 -177.937
6 0 176.247 0 -176.247
1 11 186.17 186.786 0.616457
3 11 650.333 650.508 0.174597
0 11 208.251 208.58 0.328712
9 10 195.528 196.145 0.616459
8 12 204.488 204.817 0.32872
7 15 197.09 197.188 0.0975399
3 11 200.333 200.508 0.174597
6 0 206.247 0 -206.247
5 0 207.937 0 -207.937
4 11 211.039 211.656 0.616458
6 0 626.247 0 -626.247
2 11 639.371 639.987 0.616459
5 0 987.937 0 -987.937
0 11 663.835 664.164 0.328712
0 11 240.793 241.122 0.328712
2 11 212.172 212.789 0.616459
6 0 956.247 0 -956.247
8 12 237.03 237.359 0.32872
7 15 227.09 227.188 0.0975399
3 11 230.333 230.508 0.174597
6 0 656.247 0 -656.247
5 0 237.937 0 -237.937
6 0 236.247 0 -236.247
8 12 985.489 985.818 0.32872
5 0 957.937 0 -957.937
8 12 952.947 953.276 0.32872
0 11 273.335 273.663 0.328712
9 10 256.557 257.173 0.616459
1 11 247.198 247.814 0.616457
8 12 269.572 269.9 0.32872
7 15 257.09 257.188 0.0975399
4 11 272.068 272.684 0.616458
3 11 260.333 260.508 0.174597
2 11 273.201 273.817 0.616459
5 0 267.937 0 -267.937
6 0 266.247 0 -266.247
8 12 302.113 302.442 0.32872
9 10 317.585 318.201 0.616459
0 11 305.876 306.205 0.328712
7 15 287.09 287.188 0.0975399
3 11 290.333 290.508 0.174597
8 12 660.072 660.401 0.32872
5 0 297.937 0 -297.937
6 0 296.247 0 -296.247
1 11 308.226 308.843 0.616457
0 11 338.418 338.747 0.328712
7 15 317.09 317.188 0.0975399
8 12 334.655 334.984 0.32872
0 11 631.293 631.622 0.328712
3 11 320.333 320.508 0.174597
4 11 333.096 333.712 0.616458
2 11 334.229 334.846 0.616459
5 0 327.937 0 -327.937
6 0 326.247 0 -326.247
0 11 370.96 371.289 0.328712
2 11 1005.54 1006.16 0.616459
7 15 947.09 947.188 0.0975399
1 11 613.368 613.985 0.616457
9 10 622.727 623.343 0.616459
3 11 950.333 950.508 0.174597
3 11 350.333 350.508 0.174597
7 15 347.09 347.188 0.0975399
8 12 367.197 367.525 0.32872
0 11 1021.79 1022.12 0.328712
5 0 357.937 0 -357.937
6 0 356.247 0 -356.247
1 11 369.255 369.871 0.616457
8 12 627.53 627.859 0.32872
3 11 620.333 620.508 0.174597
6 0 986.247 0 -986.247
7 15 377.09 377.188 0.0975399
9 10 378.613 379.23 0.616459
3 11 380.333 380.508 0.174597
4 11 394.124 394.741 0.616458
2 11 395.257 395.874 0.616459
5 0 387.937 0 -387.937
6 0 386.247 0 -386.247
8 12 399.738 400.067 0.32872
0 11 403.501 403.83 0.328712
3 11 410.333 410.508 0.174597
7 15 407.09 407.188 0.0975399
5 0 417.937 0 -417.937
8 12 432.28 432.609 0.32872
6 0 416.247 0 -416.247
1 11 430.283 430.899 0.616457
9 10 439.642 440.258 0.616459
0 11 436.043 436.372 0.328712
7 15 437.09 437.188 0.0975399
3 11 440.333 440.508 0.174597
2 11 456.286 456.902 0.616459
4 11 455.153 455.769 0.616458
5 0 447.937 0 -447.937
6 0 446.247 0 -446.247
8 12 464.822 465.151 0.32872
0 11 468.585 468.914 0.328712
7 15 467.09 467.188 0.0975399
3 11 470.333 470.508 0.174597
5 0 477.937 0 -477.937
8 12 497.364 497.692 0.32872
6 0 476.247 0 -476.247
1 11 491.311 491.928 0.616457
7 15 497.09 497.188 0.0975399
0 11 501.127 501.455 0.328712
9 10 500.67 501.286 0.616459
3 11 500.333 500.508 0.174597
4 11 516.181 516.797 0.616458
2 11 517.314 517.931 0.616459
5 0 507.937 0 -507.937
6 0 506.247 0 -506.247
8 12 529.905 530.234 0.32872
0 11 533.668 533.997 0.328712
3 11 530.333 530.508 0.174597
7 15 527.09 527.188 0.0975399
5 0 537.937 0 -537.937
8 12 562.447 562.776 0.32872
6 0 536.247 0 -536.247
1 11 552.34 552.956 0.616457
9 10 561.698 562.315 0.616459
7 15 557.09 557.188 0.0975399
0 11 566.21 566.539 0.328712
3 11 560.333 560.508 0.174597
6 0 566.247 0 -566.247
4 11 577.209 577.826 0.616458
5 0 567.937 0 -567.937
2 11 578.342 578.959 0.616459
7 15 587.09 587.188 0.0975399
0 11 598.752 599.08 0.328712
6 0 596.247 0 -596.247
8 12 594.989 595.317 0.32872
3 11 590.333 590.508 0.174597
1 11 674.396 675.013 0.616457
0 11 696.377 696.705 0.328712
9 10 683.755 684.372 0.616459
8 12 692.614 692.942 0.32872
3 11 680.333 680.508 0.174597
7 15 677.09 677.188 0.0975399
6 0 686.247 0 -686.247
4 11 1004.41 1005.02 0.616458
2 11 700.399 701.016 0.616459
4 11 699.266 699.882 0.616458
5 0 687.937 0 -687.937
3 11 980.333 980.508 0.174597
5 0 1017.94 0 -1017.94
8 12 725.155 725.484 0.32872
7 15 707.09 707.188 0.0975399
9 10 988.897 989.513 0.616459
0 11 728.918 729.247 0.328712
3 11 710.333 710.508 0.174597
5 0 717.937 0 -717.937
6 0 716.247 0 -716.247
1 11 735.425 736.041 0.616457
6 0 1016.25 0 -1016.25
8 12 757.697 758.026 0.32872
3 11 740.333 740.508 0.174597
0 11 761.46 761.789 0.328712
9 10 744.783 745.4 0.616459
7 15 737.09 737.188 0.0975399
5 0 747.937 0 -747.937
0 11 989.252 989.581 0.328712
6 0 746.247 0 -746.247
2 11 761.428 762.044 0.616459
4 11 760.294 760.911 0.616458
1 11 979.538 980.155 0.616457
3 11 770.333 770.508 0.174597
7 15 767.09 767.188 0.0975399
5 0 777.937 0 -777.937
8 12 790.239 790.568 0.32872
6 0 776.247 0 -776.247
1 11 796.453 797.07 0.616457
0 11 794.002 794.331 0.328712
9 10 805.812 806.428 0.616459
3 11 800.333 800.508 0.174597
7 15 797.09 797.188 0.0975399
6 0 806.247 0 -806.247
2 11 822.456 823.072 0.616459
5 0 807.937 0 -807.937
8 12 822.78 823.109 0.32872
4 11 821.323 821.939 0.616458
0 11 826.544 826.872 0.328712
3 11 830.333 830.508 0.174597
7 15 827.09 827.188 0.0975399
5 0 837.937 0 -837.937
8 12 855.322 855.651 0.32872
6 0 836.247 0 -836.247
1 11 857.481 858.098 0.616457
9 10 866.84 867.457 0.616459
0 11 859.085 859.414 0.328712
7 15 857.09 857.188 0.0975399
3 11 860.333 860.508 0.174597
6 0 866.247 0 -866.247
4 11 882.351 882.968 0.616458
2 11 883.484 884.101 0.616459
5 0 867.937 0 -867.937
3 11 890.333 890.508 0.174597
8 12 887.864 888.193 0.32872
0 11 891.627 891.956 0.328712
7 15 887.09 887.188 0.0975399
5 0 897.937 0 -897.937
8 12 920.406 920.734 0.32872
6 0 896.247 0 -896.247
1 11 918.51 919.126 0.616457
9 10 927.868 928.485 0.616459
0 11 924.169 924.497 0.328712
7 15 917.09 917.188 0.0975399
3 11 920.333 920.508 0.174597
5 0 927.937 0 -927.937
4 11 943.379 943.996 0.616458
6 0 926.247 0 -926.247
2 11 944.513 945.129 0.616459
9 10 1049.93 1050.54 0.616459
8 12 1050.57 1050.9 0.32872
0 11 1054.34 1054.66 0.328712
1 11 1040.57 1041.18 0.616457
7 15 1037.09 1037.19 0.0975399
3 11 1040.33 1040.51 0.174597
4 11 1065.44 1066.05 0.616458
5 0 1047.94 0 -1047.94
2 11 1066.57 1067.19 0.616459
6 0 1046.25 0 -1046.25
0 11 1086.88 1087.21 0.328712
8 12 1083.11 1083.44 0.32872
7 15 1067.09 1067.19 0.0975399
3 11 1070.33 1070.51 0.174597
5 0 1077.94 0 -1077.94
6 0 1076.25 0 -1076.25
1 11 1101.59 1102.21 0.616457
0 11 1119.42 1119.75 0.328712
9 10 1110.95 1111.57 0.616459
8 12 1115.66 1115.98 0.32872
7 15 1097.09 1097.19 0.0975399
3 11 1100.33 1100.51 0.174597
5 0 1107.94 0 -1107.94
2 11 1127.6 1128.21 0.616459
4 11 1126.46 1127.08 0.616458
6 0 1106.25 0 -1106.25
8 12 1148.2 1148.53 0.32872
0 11 1151.96 1152.29 0.328712
7 15 1127.09 1127.19 0.0975399
3 11 1130.33 1130.51 0.174597
5 0 1137.94 0 -1137.94
6 0 1136.25 0 -1136.25
1 11 1162.62 1163.24 0.616457
7 15 1157.09 1157.19 0.0975399
9 10 1171.98 1172.6 0.616459
3 11 1160.33 1160.51 0.174597
5 0 1167.94 0 -1167.94
2 11 1188.63 1189.24 0.616459
4 11 1187.49 1188.11 0.616458
6 0 1166.25 0 -1166.25
0 11 1184.5 1184.83 0.328712
8 12 1180.74 1181.07 0.32872
1 11 1223.65 1224.27 0.616457
9 10 1233.01 1233.63 0.616459
3 11 1190.33 1190.51 0.174597
7 15 1187.09 1187.19 0.0975399
2 11 1249.65 1250.27 0.616459
5 0 1197.94 0 -1197.94
4 11 1248.52 1249.14 0.616458
6 0 1196.25 0 -1196.25
