6 42 1.24851 1.86498 0.616465
34 41 631.715 632.331 0.616448
7 41 16.6023 17.2188 0.616467
31 41 13.7012 14.03 0.328719
34 41 1119.94 1120.56 0.616448
17 0 13.5619 0 -13.5619
26 41 17.5348 17.8636 0.328719
33 41 1.73164 2.34809 0.616452
12 0 2.06839 0 -2.06839
0 0 2.97921 0 -2.97921
20 0 328.75 0 -328.75
27 41 800.987 801.604 0.616467
22 0 2.84086 0 -2.84086
37 40 2.99203 3.16663 0.174602
7 41 321.744 322.361 0.616467
25 41 1119.84 1120.45 0.616464
38 42 672.907 673.235 0.328711
26 41 310.41 310.739 0.328719
13 41 1127.15 1127.77 0.616464
25 41 326.467 327.084 0.616464
20 0 3.33291 0 -3.33291
30 41 3.68022 4.29669 0.616465
10 0 6.00433 0 -6.00433
8 0 1157.14 0 -1157.14
28 0 6.47202 0 -6.47202
4 0 6.67421 0 -6.67421
25 0 631.609 0 -631.609
0 0 328.396 0 -328.396
28 0 799.841 0 -799.841
21 41 632.217 632.833 0.616465
23 0 7.41606 0 -7.41606
3 0 350.217 0 -350.217
27 0 7.61885 0 -7.61885
24 0 8.90144 0 -8.90144
18 41 9.05751 9.67397 0.616467
32 0 1119.64 0 -1119.64
11 0 10.7003 0 -10.7003
2 0 10.969 0 -10.969
15 0 12.4719 0 -12.4719
5 0 642.492 0 -642.492
8 0 343.598 0 -343.598
19 0 13.458 0 -13.458
8 0 18.1812 0 -18.1812
21 41 327.075 327.692 0.616465
16 0 637.954 0 -637.954
39 42 291.136 291.311 0.174604
9 0 639.983 0 -639.983
36 41 18.612 19.2284 0.616459
22 0 307.983 0 -307.983
14 0 1123.16 0 -1123.16
39 42 21.1362 21.3108 0.174604
32 0 21.1333 0 -21.1333
25 41 21.3253 21.9418 0.616464
3 0 1131.22 0 -1131.22
37 40 632.992 633.167 0.174602
15 0 805.84 0 -805.84
20 0 784.334 0 -784.334
17 0 806.93 0 -806.93
34 41 21.4312 22.0477 0.616448
35 41 21.5407 21.8694 0.328712
39 42 621.136 621.311 0.174604
39 42 1101.14 1101.31 0.174604
33 41 306.873 307.49 0.616452
9 0 21.6907 0 -21.6907
5 0 24.2 0 -24.2
21 0 21.9333 0 -21.9333
16 0 1126.18 0 -1126.18
21 41 1120.44 1121.06 0.616465
38 42 22.0727 22.4014 0.328711
29 0 24.4305 0 -24.4305
14 0 24.6467 0 -24.6467
1 0 331.168 0 -331.168
19 0 684.77 0 -684.77
38 42 347.49 347.818 0.328711
11 0 791.701 0 -791.701
3 0 24.8004 0 -24.8004
6 42 672.56 673.177 0.616465
1 0 26.0258 0 -26.0258
16 0 27.6707 0 -27.6707
38 42 803.073 803.402 0.328711
30 41 674.992 675.609 0.616465
13 41 28.6437 29.2602 0.616464
30 41 308.822 309.438 0.616465
35 41 1127.96 1128.29 0.328712
0 0 35.5209 0 -35.5209
37 40 32.992 33.1666 0.174602
29 0 634.714 0 -634.714
22 0 674.153 0 -674.153
20 0 1142.29 0 -1142.29
20 0 35.8746 0 -35.8746
38 42 314.948 315.277 0.328711
10 0 799.373 0 -799.373
0 0 653.813 0 -653.813
6 42 306.39 307.007 0.616465
13 41 638.927 639.544 0.616464
4 0 39.2159 0 -39.2159
26 41 342.952 343.281 0.328719
0 0 1141.94 0 -1141.94
33 41 673.044 673.66 0.616452
11 0 43.242 0 -43.242
31 41 46.2429 46.5717 0.328719
26 41 50.0765 50.4052 0.328719
8 0 50.7228 0 -50.7228
5 0 349.617 0 -349.617
39 42 51.1362 51.3108 0.174604
18 41 802.426 803.043 0.616467
10 0 311.146 0 -311.146
35 41 54.0824 54.4111 0.328712
9 0 54.2323 0 -54.2323
38 42 54.6144 54.9431 0.328711
5 0 56.7417 0 -56.7417
28 0 677.784 0 -677.784
10 0 677.316 0 -677.316
5 0 675.034 0 -675.034
9 0 672.525 0 -672.525
39 42 1131.14 1131.31 0.174604
11 0 661.534 0 -661.534
3 0 57.3421 0 -57.3421
3 0 675.634 0 -675.634
37 40 302.992 303.167 0.174602
27 0 312.761 0 -312.761
6 42 62.2769 62.8933 0.616465
33 41 62.76 63.3764 0.616452
12 0 63.0967 0 -63.0967
22 0 63.8692 0 -63.8692
37 40 62.992 63.1666 0.174602
0 0 68.0626 0 -68.0626
4 0 71.7576 0 -71.7576
20 0 68.4163 0 -68.4163
28 0 67.5004 0 -67.5004
10 0 67.0327 0 -67.0327
30 41 64.7086 65.325 0.616465
23 41 68.4444 69.0609 0.616467
35 41 314.416 314.745 0.328712
17 0 318.704 0 -318.704
3 0 643.093 0 -643.093
27 41 68.6472 69.2637 0.616467
36 41 811.981 812.597 0.616459
28 0 311.614 0 -311.614
24 0 69.9298 0 -69.9298
3 0 317.676 0 -317.676
18 0 70.0859 0 -70.0859
11 0 75.7837 0 -75.7837
2 0 71.9973 0 -71.9973
15 0 73.5002 0 -73.5002
19 0 74.4863 0 -74.4863
29 0 329.572 0 -329.572
4 0 1145.63 0 -1145.63
35 41 672.375 672.703 0.328712
12 0 673.38 0 -673.38
4 0 787.675 0 -787.675
17 0 74.5902 0 -74.5902
31 41 78.7846 79.1134 0.328719
31 41 664.535 664.864 0.328719
12 0 307.21 0 -307.21
7 41 77.6307 78.2472 0.616467
26 41 82.6182 82.9469 0.328719
8 0 83.2645 0 -83.2645
36 41 79.6403 80.2568 0.616459
34 41 82.4596 83.076 0.616448
39 42 81.1362 81.3108 0.174604
32 0 82.1616 0 -82.1616
25 0 82.3536 0 -82.3536
24 0 802.27 0 -802.27
35 41 86.6241 86.9528 0.328712
9 0 86.774 0 -86.774
21 0 82.9617 0 -82.9617
38 42 87.1561 87.4848 0.328711
5 0 1130.62 0 -1130.62
24 0 314.043 0 -314.043
5 0 89.2834 0 -89.2834
11 0 1149.66 0 -1149.66
36 41 323.754 324.37 0.616459
8 0 311.056 0 -311.056
4 0 657.508 0 -657.508
18 41 314.199 314.816 0.616467
4 0 332.091 0 -332.091
3 0 89.8838 0 -89.8838
29 0 85.4589 0 -85.4589
21 41 815.302 815.918 0.616465
15 0 683.784 0 -683.784
14 0 85.6751 0 -85.6751
1 0 87.0542 0 -87.0542
35 41 346.958 347.286 0.328712
34 41 326.573 327.189 0.616448
11 0 336.117 0 -336.117
35 41 639.833 640.162 0.328712
19 0 806.827 0 -806.827
31 41 339.118 339.447 0.328719
38 42 640.365 640.694 0.328711
16 0 88.699 0 -88.699
13 41 89.6721 90.2886 0.616464
9 0 347.108 0 -347.108
26 41 668.369 668.697 0.328719
23 0 312.558 0 -312.558
26 41 1156.49 1156.82 0.328719
39 42 801.136 801.311 0.174604
15 0 317.614 0 -317.614
8 0 669.015 0 -669.015
19 0 318.6 0 -318.6
0 0 100.604 0 -100.604
37 40 92.992 93.1666 0.174602
14 0 329.788 0 -329.788
20 0 100.958 0 -100.958
4 0 104.299 0 -104.299
2 0 682.281 0 -682.281
23 41 800.785 801.401 0.616467
11 0 108.325 0 -108.325
32 0 326.275 0 -326.275
31 41 111.326 111.655 0.328719
5 0 317.075 0 -317.075
26 41 115.16 115.489 0.328719
8 0 115.806 0 -115.806
39 42 111.136 111.311 0.174604
2 0 316.111 0 -316.111
35 41 119.166 119.494 0.328712
9 0 314.566 0 -314.566
0 0 686.355 0 -686.355
37 40 662.992 663.167 0.174602
39 42 321.136 321.311 0.174604
9 0 119.316 0 -119.316
38 42 119.698 120.026 0.328711
5 0 121.825 0 -121.825
3 0 122.425 0 -122.425
6 42 123.305 123.922 0.616465
33 41 123.788 124.405 0.616452
12 0 124.125 0 -124.125
22 0 124.898 0 -124.898
0 0 133.146 0 -133.146
37 40 122.992 123.167 0.174602
30 41 125.737 126.353 0.616465
20 0 133.5 0 -133.5
28 0 128.529 0 -128.529
10 0 128.061 0 -128.061
4 0 136.841 0 -136.841
23 0 129.473 0 -129.473
27 0 129.676 0 -129.676
24 0 130.958 0 -130.958
18 41 131.114 131.731 0.616467
11 0 140.867 0 -140.867
2 0 133.026 0 -133.026
15 0 134.529 0 -134.529
19 0 135.515 0 -135.515
17 0 135.619 0 -135.619
31 41 143.868 144.197 0.328719
7 41 138.659 139.276 0.616467
26 41 147.702 148.03 0.328719
8 0 148.348 0 -148.348
36 41 140.669 141.285 0.616459
32 0 143.19 0 -143.19
39 42 141.136 141.311 0.174604
35 41 151.707 152.036 0.328712
25 0 143.382 0 -143.382
34 41 143.488 144.104 0.616448
9 0 151.857 0 -151.857
21 41 143.99 144.607 0.616465
38 42 152.239 152.568 0.328711
3 0 154.967 0 -154.967
5 0 154.367 0 -154.367
29 0 146.487 0 -146.487
14 0 146.703 0 -146.703
16 0 149.727 0 -149.727
1 0 148.083 0 -148.083
13 41 150.7 151.317 0.616464
0 0 165.688 0 -165.688
37 40 152.992 153.167 0.174602
20 0 166.041 0 -166.041
4 0 169.383 0 -169.383
11 0 173.409 0 -173.409
31 41 176.41 176.738 0.328719
26 41 180.243 180.572 0.328719
8 0 180.89 0 -180.89
39 42 171.136 171.311 0.174604
35 41 184.249 184.578 0.328712
9 0 184.399 0 -184.399
38 42 184.781 185.11 0.328711
5 0 186.908 0 -186.908
3 0 187.509 0 -187.509
6 42 184.334 184.95 0.616465
33 41 184.817 185.433 0.616452
12 0 185.153 0 -185.153
22 0 185.926 0 -185.926
0 0 198.229 0 -198.229
37 40 182.992 183.167 0.174602
30 41 186.765 187.382 0.616465
20 0 198.583 0 -198.583
28 0 189.557 0 -189.557
4 0 201.924 0 -201.924
10 0 189.089 0 -189.089
23 0 190.501 0 -190.501
27 0 190.704 0 -190.704
24 0 191.986 0 -191.986
18 0 192.143 0 -192.143
11 0 205.95 0 -205.95
2 0 194.054 0 -194.054
15 0 195.557 0 -195.557
19 0 196.543 0 -196.543
17 0 196.647 0 -196.647
31 41 208.951 209.28 0.328719
7 41 199.687 200.304 0.616467
26 41 212.785 213.114 0.328719
8 0 213.431 0 -213.431
36 41 201.697 202.313 0.616459
39 42 201.136 201.311 0.174604
32 0 204.218 0 -204.218
34 41 204.516 205.133 0.616448
25 0 204.41 0 -204.41
35 41 216.791 217.12 0.328712
9 0 216.941 0 -216.941
21 0 205.018 0 -205.018
38 42 217.323 217.652 0.328711
3 0 220.051 0 -220.051
14 0 207.732 0 -207.732
29 0 207.516 0 -207.516
5 0 219.45 0 -219.45
16 0 210.756 0 -210.756
13 41 211.729 212.345 0.616464
1 0 209.111 0 -209.111
0 0 230.771 0 -230.771
37 40 212.992 213.167 0.174602
20 0 231.125 0 -231.125
4 0 234.466 0 -234.466
11 0 238.492 0 -238.492
31 41 241.493 241.822 0.328719
26 41 245.327 245.655 0.328719
8 0 245.973 0 -245.973
39 42 231.136 231.311 0.174604
35 41 249.333 249.661 0.328712
9 0 249.483 0 -249.483
38 42 249.865 250.193 0.328711
5 0 251.992 0 -251.992
3 0 252.592 0 -252.592
6 42 245.362 245.978 0.616465
33 41 245.845 246.462 0.616452
22 0 246.954 0 -246.954
12 0 246.182 0 -246.182
0 0 263.313 0 -263.313
37 40 242.992 243.167 0.174602
30 41 247.794 248.41 0.616465
20 0 263.666 0 -263.666
18 0 253.171 0 -253.171
10 0 250.118 0 -250.118
23 41 251.529 252.146 0.616467
4 0 267.008 0 -267.008
28 0 250.585 0 -250.585
27 41 251.732 252.349 0.616467
24 0 253.015 0 -253.015
11 0 271.034 0 -271.034
2 0 255.082 0 -255.082
15 0 256.585 0 -256.585
19 0 257.571 0 -257.571
17 0 257.675 0 -257.675
31 41 274.035 274.364 0.328719
7 41 260.716 261.332 0.616467
26 41 277.868 278.197 0.328719
8 0 278.515 0 -278.515
36 41 262.725 263.342 0.616459
32 0 265.247 0 -265.247
39 42 261.136 261.311 0.174604
35 41 281.874 282.203 0.328712
25 0 265.439 0 -265.439
34 41 265.545 266.161 0.616448
9 0 282.024 0 -282.024
21 41 266.047 266.663 0.616465
38 42 282.406 282.735 0.328711
14 0 268.76 0 -268.76
29 0 268.544 0 -268.544
5 0 284.534 0 -284.534
3 0 285.134 0 -285.134
1 0 270.139 0 -270.139
16 0 271.784 0 -271.784
13 41 272.757 273.374 0.616464
0 0 295.854 0 -295.854
37 40 272.992 273.167 0.174602
20 0 296.208 0 -296.208
4 0 299.549 0 -299.549
11 0 303.576 0 -303.576
31 41 306.577 306.905 0.328719
37 40 1112.99 1113.17 0.174602
26 41 798.536 798.864 0.328719
39 42 651.136 651.311 0.174604
13 41 333.785 334.402 0.616464
16 0 332.812 0 -332.812
1 0 636.309 0 -636.309
14 0 634.93 0 -634.93
31 41 794.702 795.031 0.328719
24 0 680.213 0 -680.213
23 41 678.728 679.344 0.616467
27 41 678.931 679.547 0.616467
31 41 1152.66 1152.99 0.328719
18 41 680.369 680.986 0.616467
11 0 694.076 0 -694.076
20 0 654.167 0 -654.167
0 0 360.938 0 -360.938
37 40 332.992 333.167 0.174602
20 0 361.292 0 -361.292
4 0 364.633 0 -364.633
11 0 368.659 0 -368.659
31 41 371.66 371.989 0.328719
4 0 690.05 0 -690.05
8 0 376.14 0 -376.14
26 41 375.493 375.822 0.328719
39 42 351.136 351.311 0.174604
35 41 379.499 379.828 0.328712
9 0 379.649 0 -379.649
38 42 380.031 380.36 0.328711
5 0 382.159 0 -382.159
3 0 382.759 0 -382.759
6 42 367.419 368.035 0.616465
33 41 367.902 368.518 0.616452
12 0 368.239 0 -368.239
22 0 369.011 0 -369.011
37 40 362.992 363.167 0.174602
30 41 369.85 370.467 0.616465
10 0 372.174 0 -372.174
28 0 372.642 0 -372.642
23 41 373.586 374.203 0.616467
27 41 373.789 374.405 0.616467
18 0 375.228 0 -375.228
24 0 375.072 0 -375.072
2 0 377.139 0 -377.139
19 0 379.628 0 -379.628
15 0 378.642 0 -378.642
17 0 379.732 0 -379.732
7 41 382.772 383.389 0.616467
36 41 384.782 385.399 0.616459
32 0 387.303 0 -387.303
39 42 381.136 381.311 0.174604
34 41 387.601 388.218 0.616448
25 0 387.495 0 -387.495
21 41 388.103 388.72 0.616465
29 0 390.601 0 -390.601
14 0 390.817 0 -390.817
16 0 393.841 0 -393.841
1 0 392.196 0 -392.196
13 41 394.814 395.43 0.616464
0 0 393.48 0 -393.48
37 40 392.992 393.167 0.174602
20 0 393.833 0 -393.833
4 0 397.175 0 -397.175
11 0 401.201 0 -401.201
31 41 404.202 404.53 0.328719
26 41 408.035 408.364 0.328719
8 0 408.682 0 -408.682
39 42 411.136 411.311 0.174604
35 41 412.041 412.37 0.328712
9 0 412.191 0 -412.191
38 42 412.573 412.902 0.328711
5 0 414.7 0 -414.7
3 0 415.301 0 -415.301
6 42 428.447 429.063 0.616465
33 41 428.93 429.547 0.616452
12 0 429.267 0 -429.267
22 0 430.039 0 -430.039
0 0 426.021 0 -426.021
37 40 422.992 423.167 0.174602
30 41 430.879 431.495 0.616465
20 0 426.375 0 -426.375
10 0 433.203 0 -433.203
28 0 433.67 0 -433.67
4 0 429.716 0 -429.716
23 0 434.615 0 -434.615
27 0 434.817 0 -434.817
24 0 436.1 0 -436.1
18 41 436.256 436.872 0.616467
11 0 433.742 0 -433.742
15 0 439.67 0 -439.67
2 0 438.167 0 -438.167
19 0 440.656 0 -440.656
17 0 440.76 0 -440.76
31 41 436.743 437.072 0.328719
7 41 443.801 444.417 0.616467
26 41 440.577 440.906 0.328719
8 0 441.223 0 -441.223
36 41 445.81 446.427 0.616459
39 42 441.136 441.311 0.174604
32 0 448.332 0 -448.332
34 41 448.63 449.246 0.616448
25 41 448.524 449.14 0.616464
35 41 444.583 444.911 0.328712
9 0 444.733 0 -444.733
21 41 449.132 449.748 0.616465
38 42 445.115 445.443 0.328711
5 0 447.242 0 -447.242
29 0 451.629 0 -451.629
14 0 451.845 0 -451.845
3 0 447.842 0 -447.842
1 0 453.224 0 -453.224
13 41 455.842 456.459 0.616464
16 0 454.869 0 -454.869
0 0 458.563 0 -458.563
37 40 452.992 453.167 0.174602
20 0 458.917 0 -458.917
4 0 462.258 0 -462.258
20 0 686.709 0 -686.709
11 0 466.284 0 -466.284
31 41 469.285 469.614 0.328719
26 41 473.119 473.447 0.328719
8 0 473.765 0 -473.765
39 42 471.136 471.311 0.174604
35 41 477.124 477.453 0.328712
9 0 477.274 0 -477.274
38 42 477.656 477.985 0.328711
5 0 479.784 0 -479.784
3 0 480.384 0 -480.384
6 42 489.475 490.092 0.616465
33 41 489.958 490.575 0.616452
12 0 490.295 0 -490.295
22 0 491.068 0 -491.068
0 0 491.105 0 -491.105
37 40 482.992 483.167 0.174602
30 41 491.907 492.524 0.616465
20 0 491.458 0 -491.458
10 0 494.231 0 -494.231
28 0 494.699 0 -494.699
4 0 494.8 0 -494.8
23 41 495.643 496.259 0.616467
27 41 495.846 496.462 0.616467
24 0 497.128 0 -497.128
18 0 497.284 0 -497.284
2 0 499.196 0 -499.196
11 0 498.826 0 -498.826
17 0 501.789 0 -501.789
15 0 500.699 0 -500.699
19 0 501.685 0 -501.685
31 41 501.827 502.155 0.328719
7 41 504.829 505.446 0.616467
26 41 505.66 505.989 0.328719
8 0 506.307 0 -506.307
36 41 506.839 507.455 0.616459
32 0 509.36 0 -509.36
39 42 501.136 501.311 0.174604
34 41 509.658 510.274 0.616448
25 0 509.552 0 -509.552
35 41 509.666 509.995 0.328712
9 0 509.816 0 -509.816
21 41 510.16 510.777 0.616465
38 42 510.198 510.527 0.328711
29 0 512.657 0 -512.657
5 0 512.325 0 -512.325
14 0 512.874 0 -512.874
3 0 512.926 0 -512.926
1 0 514.253 0 -514.253
13 41 516.871 517.487 0.616464
16 0 515.898 0 -515.898
0 0 523.646 0 -523.646
37 40 512.992 513.167 0.174602
20 0 524 0 -524
4 0 527.341 0 -527.341
11 0 531.367 0 -531.367
31 41 534.368 534.697 0.328719
26 41 538.202 538.531 0.328719
8 0 538.848 0 -538.848
39 42 531.136 531.311 0.174604
35 41 542.208 542.537 0.328712
9 0 542.358 0 -542.358
38 42 542.74 543.069 0.328711
5 0 544.867 0 -544.867
3 0 545.467 0 -545.467
6 42 550.504 551.12 0.616465
33 41 550.987 551.603 0.616452
12 0 551.324 0 -551.324
37 40 542.992 543.167 0.174602
0 0 556.188 0 -556.188
22 0 552.096 0 -552.096
20 0 556.542 0 -556.542
30 41 552.935 553.552 0.616465
10 0 555.259 0 -555.259
28 0 555.727 0 -555.727
4 0 559.883 0 -559.883
23 41 556.671 557.288 0.616467
27 41 556.874 557.49 0.616467
24 0 558.157 0 -558.157
18 0 558.313 0 -558.313
11 0 563.909 0 -563.909
2 0 560.224 0 -560.224
19 0 562.713 0 -562.713
31 41 566.91 567.239 0.328719
15 0 561.727 0 -561.727
17 0 562.817 0 -562.817
7 41 565.858 566.474 0.616467
26 41 570.744 571.072 0.328719
8 0 571.39 0 -571.39
36 41 567.867 568.484 0.616459
32 0 570.388 0 -570.388
39 42 561.136 561.311 0.174604
34 41 570.686 571.303 0.616448
25 41 570.58 571.197 0.616464
35 41 574.75 575.078 0.328712
9 0 574.899 0 -574.899
21 41 571.189 571.805 0.616465
38 42 575.282 575.61 0.328711
5 0 577.409 0 -577.409
29 0 573.686 0 -573.686
14 0 573.902 0 -573.902
3 0 578.009 0 -578.009
1 0 575.281 0 -575.281
16 0 576.926 0 -576.926
13 41 577.899 578.515 0.616464
30 41 797.049 797.665 0.616465
0 0 588.73 0 -588.73
37 40 572.992 573.167 0.174602
20 0 589.083 0 -589.083
9 0 1128.11 0 -1128.11
4 0 592.425 0 -592.425
11 0 596.451 0 -596.451
31 41 599.452 599.78 0.328719
26 41 603.285 603.614 0.328719
8 0 603.932 0 -603.932
39 42 591.136 591.311 0.174604
35 41 607.291 607.62 0.328712
9 0 607.441 0 -607.441
38 42 607.823 608.152 0.328711
5 0 609.95 0 -609.95
3 0 610.551 0 -610.551
33 41 612.015 612.632 0.616452
6 42 611.532 612.148 0.616465
12 0 612.352 0 -612.352
22 0 613.124 0 -613.124
0 0 621.271 0 -621.271
37 40 602.992 603.167 0.174602
20 0 621.625 0 -621.625
30 41 613.964 614.58 0.616465
10 0 616.288 0 -616.288
28 0 616.756 0 -616.756
4 0 624.966 0 -624.966
23 41 617.7 618.316 0.616467
27 41 617.902 618.519 0.616467
24 0 619.185 0 -619.185
18 0 619.341 0 -619.341
11 0 628.992 0 -628.992
2 0 621.252 0 -621.252
31 0 631.993 0 -631.993
15 0 622.755 0 -622.755
26 41 635.827 636.156 0.328719
17 0 623.845 0 -623.845
19 0 623.742 0 -623.742
7 41 626.886 627.502 0.616467
8 0 636.473 0 -636.473
36 41 628.895 629.512 0.616459
32 0 631.417 0 -631.417
17 0 684.874 0 -684.874
7 41 687.914 688.531 0.616467
31 41 697.077 697.406 0.328719
8 0 799.182 0 -799.182
32 0 814.502 0 -814.502
2 0 804.338 0 -804.338
7 41 809.971 810.587 0.616467
9 0 802.691 0 -802.691
25 41 814.694 815.31 0.616464
26 41 700.91 701.239 0.328719
8 0 701.557 0 -701.557
36 41 689.924 690.54 0.616459
39 42 681.136 681.311 0.174604
32 0 692.445 0 -692.445
34 41 692.743 693.36 0.616448
25 41 692.637 693.254 0.616464
35 41 704.916 705.245 0.328712
9 0 705.066 0 -705.066
21 41 693.245 693.862 0.616465
38 42 705.448 705.777 0.328711
5 0 707.576 0 -707.576
29 0 695.742 0 -695.742
14 0 695.959 0 -695.959
3 0 708.176 0 -708.176
29 0 1122.94 0 -1122.94
1 0 1124.54 0 -1124.54
34 41 814.8 815.416 0.616448
1 0 697.338 0 -697.338
38 42 1128.49 1128.82 0.328711
35 41 802.541 802.87 0.328712
16 0 698.983 0 -698.983
13 41 699.956 700.572 0.616464
0 0 718.897 0 -718.897
37 40 692.992 693.167 0.174602
20 0 719.25 0 -719.25
4 0 722.592 0 -722.592
11 0 726.618 0 -726.618
31 41 729.619 729.947 0.328719
26 41 733.452 733.781 0.328719
8 0 734.098 0 -734.098
39 42 711.136 711.311 0.174604
35 41 737.458 737.787 0.328712
9 0 737.608 0 -737.608
38 42 737.99 738.319 0.328711
5 0 740.117 0 -740.117
3 0 740.718 0 -740.718
6 42 733.589 734.205 0.616465
33 41 734.072 734.688 0.616452
12 0 734.409 0 -734.409
22 0 735.181 0 -735.181
0 0 751.438 0 -751.438
37 40 722.992 723.167 0.174602
30 41 736.02 736.637 0.616465
20 0 751.792 0 -751.792
10 0 738.345 0 -738.345
28 0 738.812 0 -738.812
4 0 755.133 0 -755.133
23 41 739.756 740.373 0.616467
27 41 739.959 740.576 0.616467
24 0 741.242 0 -741.242
18 41 741.398 742.014 0.616467
2 0 743.309 0 -743.309
11 0 759.159 0 -759.159
15 0 744.812 0 -744.812
19 0 745.798 0 -745.798
17 0 745.902 0 -745.902
31 41 762.16 762.489 0.328719
7 41 748.943 749.559 0.616467
26 41 765.994 766.323 0.328719
36 41 750.952 751.569 0.616459
8 0 766.64 0 -766.64
32 0 753.473 0 -753.473
39 42 741.136 741.311 0.174604
34 41 753.771 754.388 0.616448
25 41 753.666 754.282 0.616464
35 41 770 770.328 0.328712
9 0 770.15 0 -770.15
21 41 754.274 754.89 0.616465
5 0 772.659 0 -772.659
38 42 770.532 770.86 0.328711
29 0 756.771 0 -756.771
14 0 756.987 0 -756.987
3 0 773.259 0 -773.259
1 0 758.366 0 -758.366
16 0 760.011 0 -760.011
13 41 760.984 761.6 0.616464
37 40 752.992 753.167 0.174602
39 42 771.136 771.311 0.174604
6 42 794.617 795.234 0.616465
33 41 795.1 795.717 0.616452
12 0 795.437 0 -795.437
22 0 796.209 0 -796.209
0 0 783.98 0 -783.98
37 40 782.992 783.167 0.174602
29 0 817.799 0 -817.799
5 0 805.201 0 -805.201
14 0 818.015 0 -818.015
3 0 805.801 0 -805.801
1 0 819.394 0 -819.394
16 0 821.039 0 -821.039
13 41 822.012 822.629 0.616464
37 40 812.992 813.167 0.174602
0 0 816.522 0 -816.522
20 0 816.875 0 -816.875
4 0 820.217 0 -820.217
11 0 824.243 0 -824.243
31 41 827.244 827.572 0.328719
26 41 831.077 831.406 0.328719
8 0 831.724 0 -831.724
39 42 831.136 831.311 0.174604
35 41 835.083 835.412 0.328712
9 0 835.233 0 -835.233
38 42 835.615 835.944 0.328711
5 0 837.742 0 -837.742
3 0 838.343 0 -838.343
6 42 855.645 856.262 0.616465
33 41 856.129 856.745 0.616452
12 0 856.465 0 -856.465
22 0 857.238 0 -857.238
0 0 849.063 0 -849.063
37 40 842.992 843.167 0.174602
30 41 858.077 858.694 0.616465
20 0 849.417 0 -849.417
10 0 860.401 0 -860.401
28 0 860.869 0 -860.869
4 0 852.758 0 -852.758
23 0 861.813 0 -861.813
27 0 862.016 0 -862.016
24 0 863.298 0 -863.298
18 41 863.454 864.071 0.616467
11 0 856.784 0 -856.784
2 0 865.366 0 -865.366
15 0 866.869 0 -866.869
19 0 867.855 0 -867.855
17 0 867.959 0 -867.959
31 41 859.785 860.114 0.328719
8 0 864.265 0 -864.265
7 41 870.999 871.616 0.616467
36 41 873.009 873.625 0.616459
26 41 863.619 863.948 0.328719
39 42 861.136 861.311 0.174604
32 0 875.53 0 -875.53
34 41 875.828 876.445 0.616448
25 0 875.722 0 -875.722
35 41 867.625 867.953 0.328712
9 0 867.775 0 -867.775
21 0 876.33 0 -876.33
38 42 868.157 868.485 0.328711
5 0 870.284 0 -870.284
29 0 878.827 0 -878.827
14 0 879.044 0 -879.044
3 0 870.884 0 -870.884
1 0 880.423 0 -880.423
16 0 882.068 0 -882.068
13 41 883.041 883.657 0.616464
0 0 881.605 0 -881.605
37 40 872.992 873.167 0.174602
20 0 881.959 0 -881.959
4 0 885.3 0 -885.3
11 0 889.326 0 -889.326
31 41 892.327 892.656 0.328719
26 41 896.161 896.489 0.328719
8 0 896.807 0 -896.807
39 42 891.136 891.311 0.174604
35 41 900.166 900.495 0.328712
9 0 900.316 0 -900.316
38 42 900.698 901.027 0.328711
5 0 902.826 0 -902.826
3 0 903.426 0 -903.426
6 42 916.674 917.29 0.616465
33 41 917.157 917.773 0.616452
12 0 917.494 0 -917.494
22 0 918.266 0 -918.266
0 0 914.147 0 -914.147
37 40 902.992 903.167 0.174602
20 0 914.5 0 -914.5
30 41 919.106 919.722 0.616465
10 0 921.43 0 -921.43
28 0 921.897 0 -921.897
4 0 917.842 0 -917.842
23 41 922.841 923.458 0.616467
27 41 923.044 923.661 0.616467
24 0 924.327 0 -924.327
18 41 924.483 925.099 0.616467
11 0 921.868 0 -921.868
2 0 926.394 0 -926.394
15 0 927.897 0 -927.897
19 0 928.883 0 -928.883
17 0 928.987 0 -928.987
31 41 924.869 925.197 0.328719
7 41 932.028 932.644 0.616467
32 0 936.559 0 -936.559
26 41 928.702 929.031 0.328719
36 41 934.037 934.654 0.616459
8 0 929.349 0 -929.349
39 42 921.136 921.311 0.174604
34 41 936.856 937.473 0.616448
25 41 936.751 937.367 0.616464
35 41 932.708 933.037 0.328712
9 0 932.858 0 -932.858
21 41 937.359 937.975 0.616465
38 42 933.24 933.569 0.328711
5 0 935.367 0 -935.367
29 0 939.856 0 -939.856
14 0 940.072 0 -940.072
3 0 935.968 0 -935.968
1 0 941.451 0 -941.451
16 0 943.096 0 -943.096
13 41 944.069 944.685 0.616464
0 0 946.688 0 -946.688
37 40 932.992 933.167 0.174602
20 0 947.042 0 -947.042
4 0 950.383 0 -950.383
11 0 954.409 0 -954.409
31 41 957.41 957.739 0.328719
26 41 961.244 961.573 0.328719
8 0 961.89 0 -961.89
39 42 951.136 951.311 0.174604
35 41 965.25 965.579 0.328712
9 0 965.4 0 -965.4
38 42 965.782 966.111 0.328711
5 0 967.909 0 -967.909
3 0 968.51 0 -968.51
6 42 977.702 978.319 0.616465
33 41 978.185 978.802 0.616452
12 0 978.522 0 -978.522
22 0 979.294 0 -979.294
0 0 979.23 0 -979.23
37 40 962.992 963.167 0.174602
30 41 980.134 980.75 0.616465
20 0 979.584 0 -979.584
28 0 982.926 0 -982.926
4 0 982.925 0 -982.925
10 0 982.458 0 -982.458
23 41 983.87 984.486 0.616467
27 41 984.072 984.689 0.616467
24 0 985.355 0 -985.355
18 41 985.511 986.128 0.616467
11 0 986.951 0 -986.951
2 0 987.423 0 -987.423
15 0 988.926 0 -988.926
19 0 989.912 0 -989.912
17 0 990.015 0 -990.015
31 41 989.952 990.281 0.328719
7 41 993.056 993.672 0.616467
26 41 993.786 994.114 0.328719
8 0 994.432 0 -994.432
39 42 981.136 981.311 0.174604
36 41 995.066 995.682 0.616459
32 0 997.587 0 -997.587
34 41 997.885 998.501 0.616448
25 41 997.779 998.395 0.616464
35 41 997.792 998.12 0.328712
9 0 997.942 0 -997.942
21 41 998.387 999.003 0.616465
38 42 998.324 998.652 0.328711
5 0 1000.45 0 -1000.45
29 0 1000.88 0 -1000.88
1 0 1002.48 0 -1002.48
14 0 1001.1 0 -1001.1
3 0 1001.05 0 -1001.05
16 0 1004.12 0 -1004.12
13 41 1005.1 1005.71 0.616464
0 0 1011.77 0 -1011.77
37 40 992.992 993.167 0.174602
20 0 1012.13 0 -1012.13
4 0 1015.47 0 -1015.47
11 0 1019.49 0 -1019.49
31 41 1022.49 1022.82 0.328719
26 41 1026.33 1026.66 0.328719
8 0 1026.97 0 -1026.97
39 42 1011.14 1011.31 0.174604
35 41 1030.33 1030.66 0.328712
9 0 1030.48 0 -1030.48
38 42 1030.87 1031.19 0.328711
5 0 1032.99 0 -1032.99
3 0 1033.59 0 -1033.59
6 42 1038.73 1039.35 0.616465
33 41 1039.21 1039.83 0.616452
12 0 1039.55 0 -1039.55
0 0 1044.31 0 -1044.31
22 0 1040.32 0 -1040.32
37 40 1022.99 1023.17 0.174602
30 41 1041.16 1041.78 0.616465
20 0 1044.67 0 -1044.67
10 0 1043.49 0 -1043.49
28 0 1043.95 0 -1043.95
4 0 1048.01 0 -1048.01
23 41 1044.9 1045.51 0.616467
27 41 1045.1 1045.72 0.616467
24 0 1046.38 0 -1046.38
18 0 1046.54 0 -1046.54
2 0 1048.45 0 -1048.45
11 0 1052.03 0 -1052.03
15 0 1049.95 0 -1049.95
19 0 1050.94 0 -1050.94
17 0 1051.04 0 -1051.04
31 41 1055.04 1055.36 0.328719
7 41 1054.08 1054.7 0.616467
26 0 1058.87 0 -1058.87
8 0 1059.52 0 -1059.52
36 41 1056.09 1056.71 0.616459
34 41 1058.91 1059.53 0.616448
32 0 1058.62 0 -1058.62
39 42 1041.14 1041.31 0.174604
25 41 1058.81 1059.42 0.616464
35 41 1062.87 1063.2 0.328712
9 0 1063.02 0 -1063.02
38 42 1063.41 1063.74 0.328711
21 41 1059.42 1060.03 0.616465
5 0 1065.53 0 -1065.53
29 0 1061.91 0 -1061.91
14 0 1062.13 0 -1062.13
3 0 1066.13 0 -1066.13
1 0 1063.51 0 -1063.51
16 0 1065.15 0 -1065.15
13 41 1066.13 1066.74 0.616464
0 0 1076.86 0 -1076.86
37 40 1052.99 1053.17 0.174602
20 0 1077.21 0 -1077.21
4 0 1080.55 0 -1080.55
11 0 1084.58 0 -1084.58
31 41 1087.58 1087.91 0.328719
8 0 1092.06 0 -1092.06
26 41 1091.41 1091.74 0.328719
39 42 1071.14 1071.31 0.174604
35 41 1095.42 1095.75 0.328712
9 0 1095.57 0 -1095.57
38 42 1095.95 1096.28 0.328711
5 0 1098.08 0 -1098.08
3 0 1098.68 0 -1098.68
6 42 1099.76 1100.38 0.616465
33 41 1100.24 1100.86 0.616452
12 0 1100.58 0 -1100.58
22 0 1101.35 0 -1101.35
0 0 1109.4 0 -1109.4
37 40 1082.99 1083.17 0.174602
30 41 1102.19 1102.81 0.616465
20 0 1109.75 0 -1109.75
10 0 1104.51 0 -1104.51
28 0 1104.98 0 -1104.98
4 0 1113.09 0 -1113.09
23 0 1105.93 0 -1105.93
27 0 1106.13 0 -1106.13
18 41 1107.57 1108.18 0.616467
24 0 1107.41 0 -1107.41
11 0 1117.12 0 -1117.12
2 0 1109.48 0 -1109.48
15 0 1110.98 0 -1110.98
19 0 1111.97 0 -1111.97
17 0 1112.07 0 -1112.07
31 41 1120.12 1120.45 0.328719
7 41 1115.11 1115.73 0.616467
26 41 1123.95 1124.28 0.328719
8 0 1124.6 0 -1124.6
36 41 1117.12 1117.74 0.616459
35 41 1160.5 1160.83 0.328712
9 0 1160.65 0 -1160.65
38 42 1161.03 1161.36 0.328711
5 0 1163.16 0 -1163.16
3 0 1163.76 0 -1163.76
6 42 1160.79 1161.4 0.616465
33 41 1161.27 1161.89 0.616452
12 0 1161.61 0 -1161.61
22 0 1162.38 0 -1162.38
37 40 1142.99 1143.17 0.174602
30 41 1163.22 1163.84 0.616465
10 0 1165.54 0 -1165.54
28 0 1166.01 0 -1166.01
23 41 1166.95 1167.57 0.616467
27 41 1167.16 1167.77 0.616467
24 0 1168.44 0 -1168.44
18 41 1168.6 1169.21 0.616467
2 0 1170.51 0 -1170.51
15 0 1172.01 0 -1172.01
17 0 1173.1 0 -1173.1
19 0 1173 0 -1173
7 41 1176.14 1176.76 0.616467
36 41 1178.15 1178.77 0.616459
39 42 1161.14 1161.31 0.174604
32 0 1180.67 0 -1180.67
34 41 1180.97 1181.59 0.616448
25 41 1180.86 1181.48 0.616464
21 41 1181.47 1182.09 0.616465
29 0 1183.97 0 -1183.97
14 0 1184.19 0 -1184.19
1 0 1185.56 0 -1185.56
33 41 1222.3 1222.92 0.616452
16 0 1187.21 0 -1187.21
13 41 1188.18 1188.8 0.616464
6 42 1221.82 1222.43 0.616465
12 0 1222.64 0 -1222.64
22 0 1223.41 0 -1223.41
0 0 1174.48 0 -1174.48
37 40 1172.99 1173.17 0.174602
30 41 1224.25 1224.86 0.616465
20 0 1174.83 0 -1174.83
10 0 1226.57 0 -1226.57
28 0 1227.04 0 -1227.04
4 0 1178.18 0 -1178.18
27 41 1228.19 1228.8 0.616467
23 41 1227.98 1228.6 0.616467
11 0 1182.2 0 -1182.2
18 41 1229.62 1230.24 0.616467
24 0 1229.47 0 -1229.47
2 0 1231.54 0 -1231.54
19 0 1234.03 0 -1234.03
15 0 1233.04 0 -1233.04
17 0 1234.13 0 -1234.13
26 41 1189.04 1189.36 0.328719
31 41 1185.2 1185.53 0.328719
7 41 1237.17 1237.79 0.616467
8 0 1189.68 0 -1189.68
36 41 1239.18 1239.8 0.616459
32 0 1241.7 0 -1241.7
39 42 1191.14 1191.31 0.174604
34 41 1242 1242.61 0.616448
25 0 1241.89 0 -1241.89
35 41 1193.04 1193.37 0.328712
9 0 1193.19 0 -1193.19
21 41 1242.5 1243.12 0.616465
38 42 1193.57 1193.9 0.328711
14 0 1245.21 0 -1245.21
5 0 1195.7 0 -1195.7
29 0 1245 0 -1245
3 0 1196.3 0 -1196.3
1 0 1246.59 0 -1246.59
16 0 1248.24 0 -1248.24
13 41 1249.21 1249.83 0.616464
