8 11 3.83637 4.16509 0.328719
8 11 231.628 231.957 0.328719
5 0 5.41046 0 -5.41046
4 0 6.13598 0 -6.13598
3 10 9.43877 9.53632 0.0975433
6 11 13.011 13.1086 0.097539
2 0 18.0174 0 -18.0174
0 10 15.8955 15.9931 0.0975413
7 11 21.2677 21.4423 0.174604
5 0 575.41 0 -575.41
1 10 21.5201 21.6176 0.0975446
9 0 23.3763 0 -23.3763
1 10 561.52 561.618 0.0975446
8 11 36.3781 36.7068 0.328719
5 0 35.4105 0 -35.4105
4 0 36.136 0 -36.136
3 10 39.4388 39.5363 0.0975433
6 11 43.011 43.1086 0.097539
2 0 48.0174 0 -48.0174
4 0 576.136 0 -576.136
0 10 45.8955 45.9931 0.0975413
7 11 51.2677 51.4423 0.174604
1 10 51.5201 51.6176 0.0975446
8 11 68.9198 69.2485 0.328719
7 11 561.268 561.442 0.174604
5 0 65.4105 0 -65.4105
4 0 66.136 0 -66.136
9 0 572.631 0 -572.631
3 10 69.4388 69.5363 0.0975433
6 11 73.011 73.1086 0.097539
8 11 589.587 589.916 0.328719
2 0 78.0174 0 -78.0174
2 0 558.017 0 -558.017
0 10 75.8955 75.9931 0.0975413
7 11 81.2677 81.4423 0.174604
0 10 555.896 555.993 0.0975413
1 10 81.5201 81.6176 0.0975446
8 11 101.461 101.79 0.328719
9 0 84.4046 0 -84.4046
5 0 95.4105 0 -95.4105
4 0 96.136 0 -96.136
3 10 99.4388 99.5363 0.0975433
6 11 103.011 103.109 0.097539
2 0 108.017 0 -108.017
0 10 105.896 105.993 0.0975413
7 11 111.268 111.442 0.174604
6 11 553.011 553.109 0.097539
1 10 111.52 111.618 0.0975446
8 11 134.003 134.332 0.328719
2 0 978.017 0 -978.017
5 0 125.41 0 -125.41
4 0 126.136 0 -126.136
3 10 549.439 549.536 0.0975433
3 10 129.439 129.536 0.0975433
6 11 133.011 133.109 0.097539
0 10 135.896 135.993 0.0975413
2 0 138.017 0 -138.017
7 11 141.268 141.442 0.174604
1 10 141.52 141.618 0.0975446
8 11 166.545 166.874 0.328719
9 0 145.433 0 -145.433
5 0 155.41 0 -155.41
4 0 156.136 0 -156.136
3 10 159.439 159.536 0.0975433
6 11 163.011 163.109 0.097539
0 10 165.896 165.993 0.0975413
2 0 168.017 0 -168.017
7 11 171.268 171.442 0.174604
4 0 546.136 0 -546.136
1 10 171.52 171.618 0.0975446
8 11 199.087 199.415 0.328719
5 0 185.41 0 -185.41
4 0 186.136 0 -186.136
3 10 189.439 189.536 0.0975433
6 11 193.011 193.109 0.097539
2 0 198.017 0 -198.017
0 10 195.896 195.993 0.0975413
7 11 201.268 201.442 0.174604
1 10 201.52 201.618 0.0975446
9 0 206.461 0 -206.461
5 0 545.41 0 -545.41
5 0 215.41 0 -215.41
4 0 216.136 0 -216.136
3 10 219.439 219.536 0.0975433
6 11 223.011 223.109 0.097539
2 0 228.017 0 -228.017
0 10 225.896 225.993 0.0975413
7 11 231.268 231.442 0.174604
1 10 231.52 231.618 0.0975446
8 11 264.17 264.499 0.328719
5 0 245.41 0 -245.41
4 0 246.136 0 -246.136
3 10 249.439 249.536 0.0975433
6 11 253.011 253.109 0.097539
2 0 258.017 0 -258.017
0 10 255.896 255.993 0.0975413
7 11 261.268 261.442 0.174604
1 10 261.52 261.618 0.0975446
9 0 267.49 0 -267.49
5 0 275.41 0 -275.41
8 11 296.712 297.04 0.328719
4 0 276.136 0 -276.136
3 10 279.439 279.536 0.0975433
6 11 283.011 283.109 0.097539
2 0 288.017 0 -288.017
0 10 285.896 285.993 0.0975413
7 11 291.268 291.442 0.174604
1 10 291.52 291.618 0.0975446
5 0 305.41 0 -305.41
8 11 329.253 329.582 0.328719
4 0 306.136 0 -306.136
3 10 309.439 309.536 0.0975433
6 11 313.011 313.109 0.097539
2 0 318.017 0 -318.017
0 10 315.896 315.993 0.0975413
7 11 321.268 321.442 0.174604
1 10 321.52 321.618 0.0975446
9 0 328.518 0 -328.518
5 0 335.41 0 -335.41
8 11 361.795 362.124 0.328719
4 0 336.136 0 -336.136
3 10 339.439 339.536 0.0975433
6 11 343.011 343.109 0.097539
2 0 348.017 0 -348.017
0 10 345.896 345.993 0.0975413
7 11 351.268 351.442 0.174604
1 10 351.52 351.618 0.0975446
5 0 365.41 0 -365.41
4 0 366.136 0 -366.136
3 10 369.439 369.536 0.0975433
6 11 373.011 373.109 0.097539
2 0 378.017 0 -378.017
0 10 375.896 375.993 0.0975413
7 11 381.268 381.442 0.174604
1 10 381.52 381.618 0.0975446
8 11 394.337 394.665 0.328719
9 0 389.546 0 -389.546
5 0 395.41 0 -395.41
4 0 396.136 0 -396.136
3 10 399.439 399.536 0.0975433
6 11 403.011 403.109 0.097539
2 0 408.017 0 -408.017
0 10 405.896 405.993 0.0975413
7 11 411.268 411.442 0.174604
1 10 411.52 411.618 0.0975446
8 11 426.878 427.207 0.328719
5 0 425.41 0 -425.41
4 0 426.136 0 -426.136
3 10 429.439 429.536 0.0975433
6 11 433.011 433.109 0.097539
2 0 438.017 0 -438.017
0 10 435.896 435.993 0.0975413
7 11 441.268 441.442 0.174604
1 10 441.52 441.618 0.0975446
8 11 459.42 459.749 0.328719
9 0 450.575 0 -450.575
5 0 455.41 0 -455.41
4 0 456.136 0 -456.136
3 10 459.439 459.536 0.0975433
6 11 463.011 463.109 0.097539
2 0 468.017 0 -468.017
0 10 465.896 465.993 0.0975413
7 11 471.268 471.442 0.174604
1 10 471.52 471.618 0.0975446
8 11 491.962 492.291 0.328719
5 0 485.41 0 -485.41
4 0 486.136 0 -486.136
3 10 489.439 489.536 0.0975433
6 11 493.011 493.109 0.097539
2 0 498.017 0 -498.017
0 10 495.896 495.993 0.0975413
7 11 501.268 501.442 0.174604
1 10 501.52 501.618 0.0975446
8 11 524.504 524.832 0.328719
9 0 511.603 0 -511.603
5 0 515.41 0 -515.41
4 0 516.136 0 -516.136
3 10 519.439 519.536 0.0975433
6 11 523.011 523.109 0.097539
0 10 525.896 525.993 0.0975413
2 0 528.017 0 -528.017
7 11 531.268 531.442 0.174604
1 10 531.52 531.618 0.0975446
8 11 557.045 557.374 0.328719
3 10 579.439 579.536 0.0975433
6 11 583.011 583.109 0.097539
2 0 588.017 0 -588.017
0 10 585.896 585.993 0.0975413
7 11 591.268 591.442 0.174604
1 10 591.52 591.618 0.0975446
8 11 622.129 622.457 0.328719
5 0 605.41 0 -605.41
4 0 606.136 0 -606.136
3 10 609.439 609.536 0.0975433
6 11 613.011 613.109 0.097539
2 0 618.017 0 -618.017
0 10 615.896 615.993 0.0975413
7 11 621.268 621.442 0.174604
1 10 621.52 621.618 0.0975446
8 11 654.67 654.999 0.328719
9 0 633.66 0 -633.66
5 0 635.41 0 -635.41
4 0 636.136 0 -636.136
3 10 639.439 639.536 0.0975433
6 11 643.011 643.109 0.097539
2 0 648.017 0 -648.017
0 10 645.896 645.993 0.0975413
7 11 651.268 651.442 0.174604
1 10 651.52 651.618 0.0975446
5 0 665.41 0 -665.41
8 11 687.212 687.541 0.328719
4 0 666.136 0 -666.136
3 10 669.439 669.536 0.0975433
6 11 673.011 673.109 0.097539
2 0 678.017 0 -678.017
0 10 675.896 675.993 0.0975413
7 11 681.268 681.442 0.174604
1 10 681.52 681.618 0.0975446
9 0 694.688 0 -694.688
5 0 695.41 0 -695.41
8 11 719.754 720.082 0.328719
4 0 696.136 0 -696.136
3 10 699.439 699.536 0.0975433
6 11 703.011 703.109 0.097539
2 0 708.017 0 -708.017
0 10 705.896 705.993 0.0975413
7 11 711.268 711.442 0.174604
1 10 711.52 711.618 0.0975446
5 0 725.41 0 -725.41
8 11 752.295 752.624 0.328719
4 0 726.136 0 -726.136
3 10 729.439 729.536 0.0975433
6 11 733.011 733.109 0.097539
2 0 738.017 0 -738.017
0 10 735.896 735.993 0.0975413
7 11 741.268 741.442 0.174604
1 10 741.52 741.618 0.0975446
9 0 755.716 0 -755.716
5 0 755.41 0 -755.41
4 0 756.136 0 -756.136
3 10 759.439 759.536 0.0975433
6 11 763.011 763.109 0.097539
2 0 768.017 0 -768.017
0 10 765.896 765.993 0.0975413
7 11 771.268 771.442 0.174604
1 10 771.52 771.618 0.0975446
8 11 784.837 785.166 0.328719
5 0 785.41 0 -785.41
4 0 786.136 0 -786.136
3 10 789.439 789.536 0.0975433
6 11 793.011 793.109 0.097539
2 0 798.017 0 -798.017
0 10 795.896 795.993 0.0975413
7 11 801.268 801.442 0.174604
1 10 801.52 801.618 0.0975446
8 11 817.379 817.707 0.328719
9 0 816.745 0 -816.745
5 0 815.41 0 -815.41
4 0 816.136 0 -816.136
3 10 819.439 819.536 0.0975433
6 11 823.011 823.109 0.097539
2 0 828.017 0 -828.017
0 10 825.896 825.993 0.0975413
7 11 831.268 831.442 0.174604
1 10 831.52 831.618 0.0975446
8 11 849.92 850.249 0.328719
5 0 845.41 0 -845.41
4 0 846.136 0 -846.136
3 10 849.439 849.536 0.0975433
6 11 853.011 853.109 0.097539
2 0 858.017 0 -858.017
0 10 855.896 855.993 0.0975413
7 11 861.268 861.442 0.174604
1 10 861.52 861.618 0.0975446
8 11 882.462 882.791 0.328719
9 0 877.773 0 -877.773
5 0 875.41 0 -875.41
4 0 876.136 0 -876.136
3 10 879.439 879.536 0.0975433
6 11 883.011 883.109 0.097539
2 0 888.017 0 -888.017
0 10 885.896 885.993 0.0975413
7 11 891.268 891.442 0.174604
1 10 891.52 891.618 0.0975446
8 11 915.004 915.333 0.328719
5 0 905.41 0 -905.41
4 0 906.136 0 -906.136
3 10 909.439 909.536 0.0975433
6 11 913.011 913.109 0.097539
0 10 915.896 915.993 0.0975413
2 0 918.017 0 -918.017
7 11 921.268 921.442 0.174604
1 10 921.52 921.618 0.0975446
8 11 947.546 947.874 0.328719
9 0 938.802 0 -938.802
5 0 935.41 0 -935.41
4 0 936.136 0 -936.136
3 10 939.439 939.536 0.0975433
6 11 943.011 943.109 0.097539
0 10 945.896 945.993 0.0975413
2 0 948.017 0 -948.017
7 11 951.268 951.442 0.174604
1 10 951.52 951.618 0.0975446
8 11 980.087 980.416 0.328719
5 0 965.41 0 -965.41
4 0 966.136 0 -966.136
3 10 969.439 969.536 0.0975433
6 11 973.011 973.109 0.097539
0 10 975.896 975.993 0.0975413
7 11 981.268 981.442 0.174604
1 10 981.52 981.618 0.0975446
8 11 1012.63 1012.96 0.328719
9 0 999.83 0 -999.83
5 0 995.41 0 -995.41
4 0 996.136 0 -996.136
3 10 999.439 999.536 0.0975433
6 11 1003.01 1003.11 0.097539
2 0 1008.02 0 -1008.02
0 10 1005.9 1005.99 0.0975413
7 11 1011.27 1011.44 0.174604
1 10 1011.52 1011.62 0.0975446
8 11 1045.17 1045.5 0.328719
5 0 1025.41 0 -1025.41
4 0 1026.14 0 -1026.14
3 10 1029.44 1029.54 0.0975433
6 11 1033.01 1033.11 0.097539
2 0 1038.02 0 -1038.02
0 10 1035.9 1035.99 0.0975413
7 11 1041.27 1041.44 0.174604
1 10 1041.52 1041.62 0.0975446
9 0 1060.86 0 -1060.86
5 0 1055.41 0 -1055.41
8 11 1077.71 1078.04 0.328719
4 0 1056.14 0 -1056.14
3 10 1059.44 1059.54 0.0975433
6 11 1063.01 1063.11 0.097539
2 0 1068.02 0 -1068.02
0 10 1065.9 1065.99 0.0975413
7 11 1071.27 1071.44 0.174604
1 10 1071.52 1071.62 0.0975446
5 0 1085.41 0 -1085.41
8 11 1110.25 1110.58 0.328719
4 0 1086.14 0 -1086.14
3 10 1089.44 1089.54 0.0975433
6 11 1093.01 1093.11 0.097539
2 0 1098.02 0 -1098.02
0 10 1095.9 1095.99 0.0975413
7 11 1101.27 1101.44 0.174604
1 10 1101.52 1101.62 0.0975446
9 0 1121.89 0 -1121.89
5 0 1115.41 0 -1115.41
8 11 1142.8 1143.12 0.328719
4 0 1116.14 0 -1116.14
3 10 1119.44 1119.54 0.0975433
6 11 1123.01 1123.11 0.097539
2 0 1128.02 0 -1128.02
0 10 1125.9 1125.99 0.0975413
7 11 1131.27 1131.44 0.174604
1 10 1131.52 1131.62 0.0975446
5 0 1145.41 0 -1145.41
4 0 1146.14 0 -1146.14
3 10 1149.44 1149.54 0.0975433
6 11 1153.01 1153.11 0.097539
2 0 1158.02 0 -1158.02
0 10 1155.9 1155.99 0.0975413
7 11 1161.27 1161.44 0.174604
1 10 1161.52 1161.62 0.0975446
8 11 1175.34 1175.67 0.328719
9 0 1182.91 0 -1182.91
5 0 1175.41 0 -1175.41
4 0 1176.14 0 -1176.14
3 10 1179.44 1179.54 0.0975433
6 11 1183.01 1183.11 0.097539
2 0 1188.02 0 -1188.02
0 10 1185.9 1185.99 0.0975413
7 11 1191.27 1191.44 0.174604
1 10 1191.52 1191.62 0.0975446
9 0 1243.94 0 -1243.94
