8 21 0.0202166 0.348932 0.328716
11 21 0.684788 1.30125 0.616462
12 21 0.744958 1.07367 0.32871
14 21 260.3 260.916 0.616454
1 0 246.518 0 -246.518
6 21 3.76025 4.08896 0.328716
15 0 7.06004 0 -7.06004
1 0 6.51801 0 -6.51801
13 21 7.66329 7.76084 0.0975454
19 21 7.66602 7.84062 0.174603
13 21 1147.66 1147.76 0.0975454
9 21 8.6048 9.22126 0.616461
4 21 10.2014 10.2989 0.0975438
3 0 296.753 0 -296.753
5 0 14.6265 0 -14.6265
10 21 15.5215 15.6961 0.174604
0 21 290.802 290.9 0.0975467
5 0 254.627 0 -254.627
14 21 16.1865 16.803 0.616454
18 21 20.4153 21.0317 0.616455
16 0 19.7714 0 -19.7714
0 21 20.8022 20.8998 0.0975467
13 21 277.663 277.761 0.0975454
9 21 252.718 253.335 0.616461
2 20 23.1312 23.2287 0.097545
17 20 22.678 23.0067 0.328716
8 21 1171.52 1171.85 0.328716
7 21 26.1084 26.4371 0.328713
8 21 32.5619 32.8906 0.328716
15 0 299.935 0 -299.935
3 0 26.7534 0 -26.7534
12 21 33.2867 33.6154 0.32871
5 0 284.627 0 -284.627
17 20 901.304 901.633 0.328716
1 0 36.518 0 -36.518
6 21 36.3019 36.6307 0.328716
13 21 37.6633 37.7608 0.0975454
15 0 39.6017 0 -39.6017
19 21 37.666 37.8406 0.174603
4 21 40.2014 40.2989 0.0975438
5 0 44.6265 0 -44.6265
10 21 45.5215 45.6961 0.174604
16 0 52.3131 0 -52.3131
4 21 280.201 280.299 0.0975438
0 21 50.8022 50.8998 0.0975467
8 21 325.437 325.766 0.328716
6 21 329.177 329.506 0.328716
17 20 55.2197 55.5484 0.328716
2 20 53.1312 53.2287 0.097545
3 0 56.7534 0 -56.7534
7 21 58.65 58.9788 0.328713
12 21 65.8284 66.1571 0.32871
4 21 1120.2 1120.3 0.0975438
8 21 65.1036 65.4323 0.328716
11 21 61.7131 62.3296 0.616462
6 21 68.8436 69.1724 0.328716
15 0 72.1434 0 -72.1434
1 0 66.518 0 -66.518
13 21 67.6633 67.7608 0.0975454
19 21 67.666 67.8406 0.174603
10 21 885.521 885.696 0.174604
9 21 69.6332 70.2496 0.616461
5 0 74.6265 0 -74.6265
4 21 70.2014 70.2989 0.0975438
4 21 1150.2 1150.3 0.0975438
10 21 75.5215 75.6961 0.174604
2 20 1133.13 1133.23 0.097545
0 21 1130.8 1130.9 0.0975467
0 21 80.8022 80.8998 0.0975467
14 21 77.2149 77.8313 0.616454
16 0 84.8548 0 -84.8548
18 21 81.4436 82.0601 0.616455
2 20 83.1312 83.2287 0.097545
3 0 266.753 0 -266.753
17 20 87.7614 88.0901 0.328716
4 21 250.201 250.299 0.0975438
7 21 91.1917 91.5205 0.328713
2 20 293.131 293.229 0.097545
3 0 86.7534 0 -86.7534
17 20 283.012 283.34 0.328716
11 21 305.827 306.443 0.616462
12 21 326.162 326.491 0.32871
8 21 97.6453 97.974 0.328716
12 21 98.37 98.6988 0.32871
2 20 263.131 263.229 0.097545
1 0 276.518 0 -276.518
15 0 104.685 0 -104.685
6 21 101.385 101.714 0.328716
1 0 96.518 0 -96.518
13 21 97.6633 97.7608 0.0975454
12 21 293.62 293.949 0.32871
6 21 296.636 296.964 0.328716
10 21 255.521 255.696 0.174604
19 21 97.666 97.8406 0.174603
13 21 247.663 247.761 0.0975454
18 21 264.529 265.145 0.616455
4 21 100.201 100.299 0.0975438
10 21 105.521 105.696 0.174604
16 0 280.105 0 -280.105
5 0 104.627 0 -104.627
7 21 1165.07 1165.4 0.328713
7 21 318.984 319.312 0.328713
16 0 117.397 0 -117.397
7 21 286.442 286.771 0.328713
18 21 1179.95 1180.57 0.616455
0 21 1160.8 1160.9 0.0975467
0 21 110.802 110.9 0.0975467
2 20 113.131 113.229 0.097545
17 20 120.303 120.632 0.328716
3 0 116.753 0 -116.753
7 21 123.733 124.062 0.328713
3 0 1166.75 0 -1166.75
8 21 130.187 130.516 0.328716
19 21 1117.67 1117.84 0.174603
12 21 130.912 131.24 0.32871
11 21 122.741 123.358 0.616462
6 21 133.927 134.256 0.328716
15 0 137.227 0 -137.227
13 21 127.663 127.761 0.0975454
1 0 126.518 0 -126.518
19 21 127.666 127.841 0.174603
1 0 1146.52 0 -1146.52
9 21 130.662 131.278 0.616461
4 21 130.201 130.299 0.0975438
19 21 277.666 277.841 0.174603
8 21 292.895 293.224 0.328716
10 21 135.521 135.696 0.174604
19 21 247.666 247.841 0.174603
5 0 134.627 0 -134.627
14 21 138.243 138.86 0.616454
3 0 146.753 0 -146.753
18 21 142.472 143.088 0.616455
0 21 140.802 140.9 0.0975467
16 0 149.938 0 -149.938
17 20 152.845 153.174 0.328716
0 21 260.802 260.9 0.0975467
7 21 156.275 156.604 0.328713
6 21 264.094 264.423 0.328716
2 20 143.131 143.229 0.097545
8 21 162.729 163.057 0.328716
12 21 163.453 163.782 0.32871
6 21 166.469 166.797 0.328716
1 0 156.518 0 -156.518
17 20 315.553 315.882 0.328716
13 21 157.663 157.761 0.0975454
15 0 169.769 0 -169.769
19 21 157.666 157.841 0.174603
16 0 312.647 0 -312.647
4 21 160.201 160.299 0.0975438
10 21 165.521 165.696 0.174604
10 21 285.521 285.696 0.174604
3 0 476.753 0 -476.753
5 0 164.627 0 -164.627
15 0 267.394 0 -267.394
0 21 170.802 170.9 0.0975467
16 0 182.48 0 -182.48
2 20 173.131 173.229 0.097545
17 20 185.386 185.715 0.328716
3 0 176.753 0 -176.753
7 21 188.817 189.146 0.328713
8 21 195.27 195.599 0.328716
11 21 183.77 184.386 0.616462
12 21 195.995 196.324 0.32871
6 21 199.01 199.339 0.328716
1 0 186.518 0 -186.518
15 0 202.31 0 -202.31
13 21 187.663 187.761 0.0975454
19 21 187.666 187.841 0.174603
9 21 191.69 192.306 0.616461
5 0 194.627 0 -194.627
4 21 190.201 190.299 0.0975438
10 21 195.521 195.696 0.174604
14 21 199.272 199.888 0.616454
16 0 215.022 0 -215.022
18 21 203.5 204.117 0.616455
0 21 200.802 200.9 0.0975467
17 20 217.928 218.257 0.328716
2 20 203.131 203.229 0.097545
8 21 227.812 228.141 0.328716
7 21 221.359 221.687 0.328713
3 0 206.753 0 -206.753
12 21 228.537 228.866 0.32871
6 21 231.552 231.881 0.328716
1 0 216.518 0 -216.518
15 0 234.852 0 -234.852
13 21 217.663 217.761 0.0975454
19 21 217.666 217.841 0.174603
4 21 220.201 220.299 0.0975438
10 21 225.521 225.696 0.174604
5 0 224.627 0 -224.627
0 21 230.802 230.9 0.0975467
16 0 247.563 0 -247.563
2 20 233.131 233.229 0.097545
17 20 250.47 250.799 0.328716
7 21 253.9 254.229 0.328713
3 0 236.753 0 -236.753
8 21 260.354 260.683 0.328716
11 21 244.798 245.415 0.616462
12 21 261.079 261.407 0.32871
1 0 306.518 0 -306.518
15 0 332.477 0 -332.477
13 21 307.663 307.761 0.0975454
16 0 898.397 0 -898.397
19 21 307.666 307.841 0.174603
14 21 1175.73 1176.34 0.616454
9 21 313.747 314.363 0.616461
4 21 310.201 310.299 0.0975438
5 0 314.627 0 -314.627
10 21 315.521 315.696 0.174604
14 21 321.328 321.945 0.616454
2 20 323.131 323.229 0.097545
18 21 325.557 326.173 0.616455
0 21 320.802 320.9 0.0975467
16 0 345.188 0 -345.188
17 20 348.095 348.424 0.328716
3 0 1136.75 0 -1136.75
5 0 1124.63 0 -1124.63
10 21 1125.52 1125.7 0.174604
7 21 351.525 351.854 0.328713
2 20 893.131 893.229 0.097545
5 0 1154.63 0 -1154.63
6 21 361.719 362.048 0.328716
3 0 326.753 0 -326.753
0 21 890.802 890.9 0.0975467
12 21 358.704 359.032 0.32871
8 21 357.979 358.308 0.328716
1 0 336.518 0 -336.518
15 0 365.019 0 -365.019
13 21 337.663 337.761 0.0975454
19 21 337.666 337.841 0.174603
4 21 340.201 340.299 0.0975438
5 0 344.627 0 -344.627
10 21 345.521 345.696 0.174604
16 0 377.73 0 -377.73
0 21 350.802 350.9 0.0975467
7 21 384.067 384.396 0.328713
2 20 353.131 353.229 0.097545
17 20 380.637 380.965 0.328716
3 0 356.753 0 -356.753
1 0 366.518 0 -366.518
11 21 366.855 367.471 0.616462
13 21 367.663 367.761 0.0975454
19 21 367.666 367.841 0.174603
9 21 374.775 375.391 0.616461
4 21 370.201 370.299 0.0975438
5 0 374.627 0 -374.627
10 21 375.521 375.696 0.174604
14 21 382.357 382.973 0.616454
18 21 386.585 387.202 0.616455
0 21 380.802 380.9 0.0975467
2 20 383.131 383.229 0.097545
12 21 391.245 391.574 0.32871
3 0 386.753 0 -386.753
8 21 390.521 390.849 0.328716
13 21 397.663 397.761 0.0975454
6 21 394.261 394.589 0.328716
15 0 397.56 0 -397.56
1 0 396.518 0 -396.518
19 21 397.666 397.841 0.174603
4 21 400.201 400.299 0.0975438
5 0 404.627 0 -404.627
10 21 405.521 405.696 0.174604
16 0 410.272 0 -410.272
0 21 410.802 410.9 0.0975467
2 20 413.131 413.229 0.097545
17 20 413.178 413.507 0.328716
7 21 416.609 416.937 0.328713
3 0 416.753 0 -416.753
12 21 423.787 424.116 0.32871
8 21 423.062 423.391 0.328716
11 21 427.883 428.5 0.616462
6 21 426.802 427.131 0.328716
15 0 430.102 0 -430.102
1 0 426.518 0 -426.518
19 21 427.666 427.841 0.174603
13 21 427.663 427.761 0.0975454
9 21 435.803 436.42 0.616461
4 21 430.201 430.299 0.0975438
5 0 434.627 0 -434.627
10 21 435.521 435.696 0.174604
18 21 447.614 448.23 0.616455
14 21 443.385 444.001 0.616454
16 0 442.813 0 -442.813
0 21 440.802 440.9 0.0975467
17 20 445.72 446.049 0.328716
2 20 443.131 443.229 0.097545
7 21 449.15 449.479 0.328713
3 0 446.753 0 -446.753
12 21 456.329 456.657 0.32871
8 21 455.604 455.933 0.328716
6 21 459.344 459.673 0.328716
1 0 456.518 0 -456.518
13 21 457.663 457.761 0.0975454
15 0 462.644 0 -462.644
19 21 457.666 457.841 0.174603
5 0 464.627 0 -464.627
4 21 460.201 460.299 0.0975438
10 21 465.521 465.696 0.174604
16 0 475.355 0 -475.355
0 21 470.802 470.9 0.0975467
2 20 473.131 473.229 0.097545
17 20 478.262 478.59 0.328716
7 21 481.692 482.021 0.328713
8 21 488.146 488.474 0.328716
11 21 488.912 489.528 0.616462
12 21 488.87 489.199 0.32871
15 0 495.185 0 -495.185
6 21 491.886 492.214 0.328716
1 0 486.518 0 -486.518
13 21 487.663 487.761 0.0975454
19 21 487.666 487.841 0.174603
9 21 496.832 497.448 0.616461
4 21 490.201 490.299 0.0975438
10 21 495.521 495.696 0.174604
5 0 494.627 0 -494.627
18 21 508.642 509.259 0.616455
2 20 1163.13 1163.23 0.097545
14 21 504.413 505.03 0.616454
16 0 507.897 0 -507.897
0 21 500.802 500.9 0.0975467
2 20 503.131 503.229 0.097545
17 20 510.803 511.132 0.328716
6 21 1175.26 1175.59 0.328716
7 21 514.234 514.563 0.328713
3 0 506.753 0 -506.753
15 0 1146.02 0 -1146.02
12 21 521.412 521.741 0.32871
8 21 520.687 521.016 0.328716
6 21 524.427 524.756 0.328716
15 0 527.727 0 -527.727
13 21 517.663 517.761 0.0975454
1 0 516.518 0 -516.518
19 21 517.666 517.841 0.174603
4 21 520.201 520.299 0.0975438
5 0 524.627 0 -524.627
10 21 525.521 525.696 0.174604
16 0 540.439 0 -540.439
0 21 530.802 530.9 0.0975467
2 20 533.131 533.229 0.097545
17 20 543.345 543.674 0.328716
3 0 536.753 0 -536.753
7 21 546.775 547.104 0.328713
8 21 553.229 553.558 0.328716
11 21 549.94 550.556 0.616462
12 21 553.954 554.283 0.32871
1 0 546.518 0 -546.518
6 21 556.969 557.298 0.328716
15 0 560.269 0 -560.269
19 21 547.666 547.841 0.174603
13 21 547.663 547.761 0.0975454
4 21 550.201 550.299 0.0975438
9 21 557.86 558.476 0.616461
10 21 555.521 555.696 0.174604
5 0 554.627 0 -554.627
14 21 565.442 566.058 0.616454
18 21 569.67 570.287 0.616455
16 0 572.98 0 -572.98
0 21 560.802 560.9 0.0975467
2 20 563.131 563.229 0.097545
17 20 575.887 576.216 0.328716
3 0 566.753 0 -566.753
7 21 579.317 579.646 0.328713
8 21 585.771 586.099 0.328716
6 21 589.511 589.839 0.328716
12 21 586.495 586.824 0.32871
1 0 576.518 0 -576.518
15 0 592.811 0 -592.811
13 21 577.663 577.761 0.0975454
19 21 577.666 577.841 0.174603
5 0 584.627 0 -584.627
4 21 580.201 580.299 0.0975438
10 21 585.521 585.696 0.174604
17 20 608.429 608.757 0.328716
16 0 605.522 0 -605.522
0 21 590.802 590.9 0.0975467
2 20 593.131 593.229 0.097545
3 0 596.753 0 -596.753
7 21 611.859 612.188 0.328713
8 21 618.312 618.641 0.328716
11 21 610.968 611.585 0.616462
12 21 619.037 619.366 0.32871
6 21 622.052 622.381 0.328716
1 0 606.518 0 -606.518
15 0 625.352 0 -625.352
13 21 607.663 607.761 0.0975454
19 21 607.666 607.841 0.174603
9 21 618.888 619.505 0.616461
4 21 610.201 610.299 0.0975438
10 21 615.521 615.696 0.174604
5 0 614.627 0 -614.627
14 21 626.47 627.086 0.616454
18 21 630.699 631.315 0.616455
16 0 638.064 0 -638.064
0 21 620.802 620.9 0.0975467
2 20 623.131 623.229 0.097545
17 20 640.97 641.299 0.328716
7 21 644.401 644.729 0.328713
3 0 626.753 0 -626.753
12 21 651.579 651.908 0.32871
8 21 650.854 651.183 0.328716
15 0 657.894 0 -657.894
6 21 654.594 654.923 0.328716
1 0 636.518 0 -636.518
13 21 637.663 637.761 0.0975454
19 21 637.666 637.841 0.174603
4 21 640.201 640.299 0.0975438
5 0 644.627 0 -644.627
16 0 670.605 0 -670.605
10 21 645.521 645.696 0.174604
0 21 650.802 650.9 0.0975467
2 20 653.131 653.229 0.097545
17 20 673.512 673.841 0.328716
7 21 676.942 677.271 0.328713
3 0 656.753 0 -656.753
8 21 683.396 683.725 0.328716
11 21 671.997 672.613 0.616462
12 21 684.121 684.449 0.32871
6 21 687.136 687.465 0.328716
1 0 666.518 0 -666.518
15 0 690.436 0 -690.436
13 21 667.663 667.761 0.0975454
19 21 667.666 667.841 0.174603
9 21 679.917 680.533 0.616461
4 21 670.201 670.299 0.0975438
5 0 674.627 0 -674.627
10 21 675.521 675.696 0.174604
19 21 1147.67 1147.84 0.174603
14 21 687.498 688.115 0.616454
0 21 680.802 680.9 0.0975467
16 0 703.147 0 -703.147
18 21 691.727 692.344 0.616455
2 20 683.131 683.229 0.097545
12 21 1172.25 1172.57 0.32871
17 20 706.054 706.382 0.328716
7 21 709.484 709.813 0.328713
3 0 686.753 0 -686.753
12 21 716.662 716.991 0.32871
8 21 715.938 716.266 0.328716
15 0 722.977 0 -722.977
6 21 719.678 720.006 0.328716
1 0 696.518 0 -696.518
13 21 697.663 697.761 0.0975454
19 21 697.666 697.841 0.174603
10 21 1155.52 1155.7 0.174604
4 21 700.201 700.299 0.0975438
5 0 704.627 0 -704.627
10 21 705.521 705.696 0.174604
16 0 735.689 0 -735.689
17 20 738.595 738.924 0.328716
0 21 710.802 710.9 0.0975467
2 20 713.131 713.229 0.097545
7 21 742.026 742.354 0.328713
3 0 716.753 0 -716.753
12 21 749.204 749.533 0.32871
6 21 752.219 752.548 0.328716
11 21 733.025 733.641 0.616462
8 21 748.479 748.808 0.328716
1 0 726.518 0 -726.518
15 0 755.519 0 -755.519
13 21 727.663 727.761 0.0975454
19 21 727.666 727.841 0.174603
9 21 740.945 741.561 0.616461
4 21 730.201 730.299 0.0975438
5 0 734.627 0 -734.627
10 21 735.521 735.696 0.174604
14 21 748.527 749.143 0.616454
18 21 752.755 753.372 0.616455
16 0 768.23 0 -768.23
0 21 740.802 740.9 0.0975467
7 21 774.567 774.896 0.328713
2 20 743.131 743.229 0.097545
17 20 771.137 771.466 0.328716
3 0 746.753 0 -746.753
1 0 756.518 0 -756.518
13 21 757.663 757.761 0.0975454
19 21 757.666 757.841 0.174603
4 21 760.201 760.299 0.0975438
5 0 764.627 0 -764.627
10 21 765.521 765.696 0.174604
0 21 770.802 770.9 0.0975467
2 20 773.131 773.229 0.097545
8 21 781.021 781.35 0.328716
3 0 776.753 0 -776.753
11 21 794.053 794.67 0.616462
12 21 781.746 782.074 0.32871
13 21 787.663 787.761 0.0975454
6 21 784.761 785.09 0.328716
15 0 788.061 0 -788.061
1 0 786.518 0 -786.518
19 21 787.666 787.841 0.174603
9 21 801.973 802.59 0.616461
4 21 790.201 790.299 0.0975438
5 0 794.627 0 -794.627
10 21 795.521 795.696 0.174604
16 0 800.772 0 -800.772
14 21 809.555 810.172 0.616454
18 21 813.784 814.4 0.616455
0 21 800.802 800.9 0.0975467
17 20 803.679 804.007 0.328716
2 20 803.131 803.229 0.097545
7 21 807.109 807.438 0.328713
3 0 806.753 0 -806.753
6 21 817.303 817.631 0.328716
8 21 813.563 813.891 0.328716
12 21 814.287 814.616 0.32871
15 0 820.602 0 -820.602
1 0 816.518 0 -816.518
19 21 817.666 817.841 0.174603
13 21 817.663 817.761 0.0975454
4 21 820.201 820.299 0.0975438
5 0 824.627 0 -824.627
10 21 825.521 825.696 0.174604
16 0 833.314 0 -833.314
0 21 830.802 830.9 0.0975467
2 20 833.131 833.229 0.097545
17 20 836.22 836.549 0.328716
7 21 839.651 839.979 0.328713
3 0 836.753 0 -836.753
12 21 846.829 847.158 0.32871
11 21 855.082 855.698 0.616462
8 21 846.104 846.433 0.328716
6 21 849.844 850.173 0.328716
1 0 846.518 0 -846.518
15 0 853.144 0 -853.144
19 21 847.666 847.841 0.174603
13 21 847.663 847.761 0.0975454
9 21 863.002 863.618 0.616461
5 0 854.627 0 -854.627
4 21 850.201 850.299 0.0975438
10 21 855.521 855.696 0.174604
14 21 870.583 871.2 0.616454
16 0 865.856 0 -865.856
18 21 874.812 875.429 0.616455
0 21 860.802 860.9 0.0975467
2 20 863.131 863.229 0.097545
17 20 868.762 869.091 0.328716
7 21 872.192 872.521 0.328713
3 0 866.753 0 -866.753
9 21 1168.14 1168.76 0.616461
8 21 878.646 878.975 0.328716
12 21 879.371 879.699 0.32871
6 21 882.386 882.715 0.328716
13 21 877.663 877.761 0.0975454
16 0 1158.73 0 -1158.73
15 0 885.686 0 -885.686
1 0 876.518 0 -876.518
19 21 877.666 877.841 0.174603
11 21 1221.25 1221.87 0.616462
13 21 1117.66 1117.76 0.0975454
4 21 880.201 880.299 0.0975438
5 0 884.627 0 -884.627
7 21 904.734 905.063 0.328713
3 0 896.753 0 -896.753
8 21 911.188 911.516 0.328716
11 21 916.11 916.727 0.616462
12 21 911.912 912.241 0.32871
6 21 914.928 915.256 0.328716
15 0 918.228 0 -918.228
13 21 907.663 907.761 0.0975454
1 0 906.518 0 -906.518
19 21 907.666 907.841 0.174603
9 21 924.03 924.647 0.616461
4 21 910.201 910.299 0.0975438
14 21 931.612 932.228 0.616454
5 0 914.627 0 -914.627
10 21 915.521 915.696 0.174604
16 0 930.939 0 -930.939
18 21 935.841 936.457 0.616455
0 21 920.802 920.9 0.0975467
2 20 923.131 923.229 0.097545
17 20 933.846 934.174 0.328716
7 21 937.276 937.605 0.328713
3 0 926.753 0 -926.753
8 21 943.729 944.058 0.328716
12 21 944.454 944.783 0.32871
6 21 947.469 947.798 0.328716
15 0 950.769 0 -950.769
1 0 936.518 0 -936.518
19 21 937.666 937.841 0.174603
13 21 937.663 937.761 0.0975454
4 21 940.201 940.299 0.0975438
5 0 944.627 0 -944.627
10 21 945.521 945.696 0.174604
0 21 950.802 950.9 0.0975467
16 0 963.481 0 -963.481
2 20 953.131 953.229 0.097545
17 20 966.387 966.716 0.328716
3 0 956.753 0 -956.753
7 21 969.818 970.146 0.328713
8 21 976.271 976.6 0.328716
11 21 977.138 977.755 0.616462
12 21 976.996 977.325 0.32871
6 21 980.011 980.34 0.328716
1 0 966.518 0 -966.518
13 21 967.663 967.761 0.0975454
15 0 983.311 0 -983.311
19 21 967.666 967.841 0.174603
9 21 985.058 985.675 0.616461
5 0 974.627 0 -974.627
4 21 970.201 970.299 0.0975438
10 21 975.521 975.696 0.174604
14 21 992.64 993.257 0.616454
16 0 996.022 0 -996.022
17 20 998.929 999.258 0.328716
0 21 980.802 980.9 0.0975467
18 21 996.869 997.485 0.616455
2 20 983.131 983.229 0.097545
3 0 986.753 0 -986.753
7 21 1002.36 1002.69 0.328713
8 21 1008.81 1009.14 0.328716
12 21 1009.54 1009.87 0.32871
15 0 1015.85 0 -1015.85
1 0 996.518 0 -996.518
6 21 1012.55 1012.88 0.328716
19 21 997.666 997.841 0.174603
13 21 997.663 997.761 0.0975454
4 21 1000.2 1000.3 0.0975438
10 21 1005.52 1005.7 0.174604
5 0 1004.63 0 -1004.63
16 0 1028.56 0 -1028.56
0 21 1010.8 1010.9 0.0975467
17 20 1031.47 1031.8 0.328716
7 21 1034.9 1035.23 0.328713
2 20 1013.13 1013.23 0.097545
3 0 1016.75 0 -1016.75
8 21 1041.35 1041.68 0.328716
11 21 1038.17 1038.78 0.616462
12 21 1042.08 1042.41 0.32871
6 21 1045.09 1045.42 0.328716
1 0 1026.52 0 -1026.52
15 0 1048.39 0 -1048.39
13 21 1027.66 1027.76 0.0975454
19 21 1027.67 1027.84 0.174603
9 21 1046.09 1046.7 0.616461
4 21 1030.2 1030.3 0.0975438
5 0 1034.63 0 -1034.63
14 21 1053.67 1054.28 0.616454
16 0 1061.11 0 -1061.11
10 21 1035.52 1035.7 0.174604
18 21 1057.9 1058.51 0.616455
0 21 1040.8 1040.9 0.0975467
2 20 1043.13 1043.23 0.097545
17 20 1064.01 1064.34 0.328716
3 0 1046.75 0 -1046.75
11 21 1160.22 1160.84 0.616462
7 21 1067.44 1067.77 0.328713
8 21 1073.9 1074.22 0.328716
12 21 1074.62 1074.95 0.32871
17 20 1161.64 1161.97 0.328716
6 21 1077.64 1077.96 0.328716
15 0 1080.94 0 -1080.94
13 21 1057.66 1057.76 0.0975454
1 0 1056.52 0 -1056.52
19 21 1057.67 1057.84 0.174603
4 21 1060.2 1060.3 0.0975438
5 0 1064.63 0 -1064.63
10 21 1065.52 1065.7 0.174604
0 21 1070.8 1070.9 0.0975467
16 0 1093.65 0 -1093.65
2 20 1073.13 1073.23 0.097545
17 20 1096.55 1096.88 0.328716
7 21 1099.98 1100.31 0.328713
3 0 1076.75 0 -1076.75
12 21 1107.16 1107.49 0.32871
8 21 1106.44 1106.77 0.328716
11 21 1099.2 1099.81 0.616462
6 21 1110.18 1110.51 0.328716
1 0 1086.52 0 -1086.52
15 0 1113.48 0 -1113.48
13 21 1087.66 1087.76 0.0975454
19 21 1087.67 1087.84 0.174603
9 21 1107.12 1107.73 0.616461
4 21 1090.2 1090.3 0.0975438
5 0 1094.63 0 -1094.63
10 21 1095.52 1095.7 0.174604
14 21 1114.7 1115.31 0.616454
17 20 1129.1 1129.42 0.328716
16 0 1126.19 0 -1126.19
0 21 1100.8 1100.9 0.0975467
18 21 1118.93 1119.54 0.616455
2 20 1103.13 1103.23 0.097545
7 21 1132.53 1132.85 0.328713
3 0 1106.75 0 -1106.75
6 21 1142.72 1143.05 0.328716
8 21 1138.98 1139.31 0.328716
12 21 1139.7 1140.03 0.32871
1 0 1116.52 0 -1116.52
15 0 1178.56 0 -1178.56
1 0 1176.52 0 -1176.52
13 21 1177.66 1177.76 0.0975454
19 21 1177.67 1177.84 0.174603
9 21 1229.17 1229.79 0.616461
4 21 1180.2 1180.3 0.0975438
10 21 1185.52 1185.7 0.174604
5 0 1184.63 0 -1184.63
16 0 1191.27 0 -1191.27
14 21 1236.75 1237.37 0.616454
18 21 1240.98 1241.6 0.616455
0 21 1190.8 1190.9 0.0975467
2 20 1193.13 1193.23 0.097545
17 20 1194.18 1194.51 0.328716
7 21 1197.61 1197.94 0.328713
3 0 1196.75 0 -1196.75
