2 20 0.146234 0.474945 0.328711
1 0 863.167 0 -863.167
5 20 4.25769 4.43228 0.174596
3 20 5.14366 5.2412 0.0975418
13 20 835.545 835.874 0.328716
1 0 833.167 0 -833.167
16 0 5.54895 0 -5.54895
3 20 305.144 305.241 0.0975418
4 0 6.69834 0 -6.69834
0 20 6.85642 7.18513 0.328711
14 20 10.8674 11.4839 0.61646
8 21 10.8981 11.5145 0.616467
11 0 10.9358 0 -10.9358
17 21 319.303 319.401 0.0975387
18 0 321.791 0 -321.791
15 21 311.975 312.15 0.1746
9 0 11.7201 0 -11.7201
12 20 11.8175 12.434 0.616465
15 21 11.9753 12.1499 0.1746
4 0 846.698 0 -846.698
12 20 316.959 317.576 0.616465
6 20 14.8367 15.0113 0.174599
19 21 15.7643 16.3808 0.61646
7 21 15.8018 16.4183 0.616466
17 21 19.303 19.4006 0.0975387
5 20 334.258 334.432 0.174596
13 20 22.0025 22.3312 0.328716
18 0 354.333 0 -354.333
10 0 22.9098 0 -22.9098
1 0 23.1672 0 -23.1672
18 0 28.916 0 -28.916
6 20 824.837 825.011 0.174599
2 20 358.105 358.434 0.328711
1 0 293.167 0 -293.167
7 21 870.199 870.815 0.616466
0 20 852.941 853.269 0.328711
2 20 32.6879 33.0166 0.328711
5 20 34.2577 34.4323 0.174596
3 20 35.1437 35.2412 0.0975418
16 0 35.5489 0 -35.5489
4 0 36.6983 0 -36.6983
0 20 39.3981 39.7268 0.328711
6 20 854.837 855.011 0.174599
9 0 41.7201 0 -41.7201
15 21 41.9753 42.1499 0.1746
6 20 44.8367 45.0113 0.174599
15 21 821.975 822.15 0.1746
17 21 49.303 49.4006 0.0975387
9 0 311.72 0 -311.72
13 20 54.5442 54.8729 0.328716
1 0 53.1672 0 -53.1672
11 0 316.078 0 -316.078
8 0 316.04 0 -316.04
2 20 65.2296 65.5583 0.328711
18 0 61.4577 0 -61.4577
5 20 64.2577 64.4323 0.174596
14 20 316.009 316.626 0.61646
1 0 323.167 0 -323.167
10 0 328.052 0 -328.052
3 20 65.1437 65.2412 0.0975418
16 0 65.5489 0 -65.5489
4 0 66.6983 0 -66.6983
0 20 71.9398 72.2685 0.328711
14 20 71.8957 72.5122 0.61646
8 0 71.9264 0 -71.9264
11 0 71.9641 0 -71.9641
9 0 71.7201 0 -71.7201
12 20 72.8458 73.4623 0.616465
6 20 314.837 315.011 0.174599
2 20 878.772 879.101 0.328711
13 20 314.878 315.207 0.328716
15 21 71.9753 72.1499 0.1746
6 20 74.8367 75.0113 0.174599
7 0 76.8302 0 -76.8302
19 21 76.7927 77.4091 0.61646
17 21 79.303 79.4006 0.0975387
10 0 83.9382 0 -83.9382
13 20 87.0859 87.4146 0.328716
2 20 846.23 846.559 0.328711
1 0 83.1672 0 -83.1672
2 20 97.7713 98.1 0.328711
18 0 93.9994 0 -93.9994
4 0 876.698 0 -876.698
5 20 94.2577 94.4323 0.174596
17 21 289.303 289.401 0.0975387
3 20 95.1437 95.2412 0.0975418
16 0 95.5489 0 -95.5489
4 0 96.6983 0 -96.6983
0 20 104.482 104.81 0.328711
3 20 845.144 845.241 0.0975418
2 20 325.563 325.892 0.328711
7 0 320.944 0 -320.944
0 20 332.273 332.602 0.328711
16 0 815.549 0 -815.549
10 0 877.307 0 -877.307
19 21 320.906 321.523 0.61646
9 0 101.72 0 -101.72
15 21 101.975 102.15 0.1746
4 0 306.698 0 -306.698
13 20 347.419 347.748 0.328716
6 20 104.837 105.011 0.174599
16 0 845.549 0 -845.549
17 21 109.303 109.401 0.0975387
13 20 119.628 119.956 0.328716
1 0 113.167 0 -113.167
18 0 126.541 0 -126.541
9 0 821.72 0 -821.72
5 20 124.258 124.432 0.174596
2 20 130.313 130.642 0.328711
3 20 125.144 125.241 0.0975418
16 0 125.549 0 -125.549
4 0 126.698 0 -126.698
5 20 304.258 304.432 0.174596
15 21 551.975 552.15 0.1746
0 20 137.023 137.352 0.328711
8 21 132.955 133.571 0.616467
14 20 132.924 133.541 0.61646
11 0 132.992 0 -132.992
9 0 131.72 0 -131.72
12 20 133.874 134.491 0.616465
15 21 131.975 132.15 0.1746
16 0 305.549 0 -305.549
6 20 134.837 135.011 0.174599
16 0 875.549 0 -875.549
7 21 137.859 138.475 0.616466
19 21 137.821 138.437 0.61646
17 21 139.303 139.401 0.0975387
10 0 144.967 0 -144.967
13 20 152.169 152.498 0.328716
17 21 829.303 829.401 0.0975387
1 0 143.167 0 -143.167
18 0 159.083 0 -159.083
17 21 859.303 859.401 0.0975387
2 20 162.855 163.183 0.328711
5 20 154.258 154.432 0.174596
3 20 155.144 155.241 0.0975418
3 20 815.144 815.241 0.0975418
16 0 155.549 0 -155.549
19 21 870.161 870.778 0.61646
4 0 156.698 0 -156.698
0 20 169.565 169.894 0.328711
13 20 868.087 868.415 0.328716
18 0 875 0 -875
8 0 865.295 0 -865.295
9 0 161.72 0 -161.72
3 20 875.144 875.241 0.0975418
15 21 161.975 162.15 0.1746
6 20 164.837 165.011 0.174599
17 21 169.303 169.401 0.0975387
12 20 866.214 866.831 0.616465
13 20 184.711 185.04 0.328716
1 0 173.167 0 -173.167
18 0 191.625 0 -191.625
2 20 195.396 195.725 0.328711
5 20 184.258 184.432 0.174596
15 21 1091.98 1092.15 0.1746
3 20 185.144 185.241 0.0975418
16 0 185.549 0 -185.549
4 0 186.698 0 -186.698
0 20 202.107 202.435 0.328711
14 20 193.952 194.569 0.61646
8 21 193.983 194.6 0.616467
11 0 194.021 0 -194.021
9 0 191.72 0 -191.72
12 20 194.903 195.519 0.616465
15 21 191.975 192.15 0.1746
6 20 194.837 195.011 0.174599
19 21 198.849 199.466 0.61646
7 0 198.887 0 -198.887
17 21 199.303 199.401 0.0975387
13 20 217.253 217.581 0.328716
1 0 203.167 0 -203.167
10 0 205.995 0 -205.995
18 0 224.166 0 -224.166
2 20 227.938 228.267 0.328711
5 20 214.258 214.432 0.174596
3 20 215.144 215.241 0.0975418
16 0 215.549 0 -215.549
4 0 216.698 0 -216.698
0 20 234.648 234.977 0.328711
9 0 221.72 0 -221.72
15 21 221.975 222.15 0.1746
6 20 224.837 225.011 0.174599
17 21 229.303 229.401 0.0975387
13 20 249.794 250.123 0.328716
1 0 233.167 0 -233.167
2 20 260.48 260.809 0.328711
18 0 256.708 0 -256.708
5 20 244.258 244.432 0.174596
3 20 245.144 245.241 0.0975418
16 0 245.549 0 -245.549
4 0 246.698 0 -246.698
0 20 267.19 267.519 0.328711
8 0 255.011 0 -255.011
14 20 254.981 255.597 0.61646
11 0 255.049 0 -255.049
9 0 251.72 0 -251.72
12 20 255.931 256.547 0.616465
15 21 251.975 252.15 0.1746
6 20 254.837 255.011 0.174599
19 21 259.878 260.494 0.61646
7 0 259.915 0 -259.915
17 21 259.303 259.401 0.0975387
13 20 282.336 282.665 0.328716
10 0 267.023 0 -267.023
1 0 263.167 0 -263.167
2 20 293.021 293.35 0.328711
18 0 289.25 0 -289.25
5 20 274.258 274.432 0.174596
3 20 275.144 275.241 0.0975418
16 0 275.549 0 -275.549
4 0 276.698 0 -276.698
0 20 299.732 300.06 0.328711
9 0 281.72 0 -281.72
15 21 281.975 282.15 0.1746
6 20 284.837 285.011 0.174599
3 20 335.144 335.241 0.0975418
16 0 335.549 0 -335.549
4 0 336.698 0 -336.698
0 20 364.815 365.144 0.328711
9 0 851.72 0 -851.72
18 0 842.458 0 -842.458
9 0 341.72 0 -341.72
15 21 341.975 342.15 0.1746
11 0 865.333 0 -865.333
6 20 344.837 345.011 0.174599
5 20 844.258 844.432 0.174596
17 21 349.303 349.401 0.0975387
13 20 379.961 380.29 0.328716
1 0 353.167 0 -353.167
15 21 851.975 852.15 0.1746
0 20 820.399 820.728 0.328711
18 0 386.875 0 -386.875
5 20 364.258 364.432 0.174596
3 20 365.144 365.241 0.0975418
5 20 874.258 874.432 0.174596
16 0 365.549 0 -365.549
14 20 865.264 865.881 0.61646
4 0 366.698 0 -366.698
14 20 377.038 377.654 0.61646
8 0 377.068 0 -377.068
11 0 377.106 0 -377.106
9 0 371.72 0 -371.72
12 20 377.988 378.604 0.616465
15 21 371.975 372.15 0.1746
6 20 374.837 375.011 0.174599
7 0 381.972 0 -381.972
19 21 381.934 382.551 0.61646
17 21 379.303 379.401 0.0975387
1 0 383.167 0 -383.167
10 0 389.08 0 -389.08
2 20 390.647 390.975 0.328711
5 20 394.258 394.432 0.174596
3 20 395.144 395.241 0.0975418
16 0 395.549 0 -395.549
4 0 396.698 0 -396.698
0 20 397.357 397.685 0.328711
9 0 401.72 0 -401.72
15 21 401.975 402.15 0.1746
6 20 404.837 405.011 0.174599
17 21 409.303 409.401 0.0975387
1 0 413.167 0 -413.167
13 20 412.503 412.832 0.328716
18 0 419.416 0 -419.416
2 20 423.188 423.517 0.328711
5 20 424.258 424.432 0.174596
3 20 425.144 425.241 0.0975418
16 0 425.549 0 -425.549
4 0 426.698 0 -426.698
0 20 429.898 430.227 0.328711
8 0 438.097 0 -438.097
14 20 438.066 438.682 0.61646
11 0 438.134 0 -438.134
9 0 431.72 0 -431.72
12 20 439.016 439.632 0.616465
15 21 431.975 432.15 0.1746
6 20 434.837 435.011 0.174599
7 21 443 443.617 0.616466
19 21 442.963 443.579 0.61646
17 21 439.303 439.401 0.0975387
13 20 445.045 445.373 0.328716
10 0 450.108 0 -450.108
1 0 443.167 0 -443.167
2 20 455.73 456.059 0.328711
18 0 451.958 0 -451.958
5 20 454.258 454.432 0.174596
3 20 455.144 455.241 0.0975418
16 0 455.549 0 -455.549
4 0 456.698 0 -456.698
0 20 462.44 462.769 0.328711
9 0 461.72 0 -461.72
15 21 461.975 462.15 0.1746
6 20 464.837 465.011 0.174599
17 21 469.303 469.401 0.0975387
13 20 477.586 477.915 0.328716
1 0 473.167 0 -473.167
2 20 488.272 488.6 0.328711
18 0 484.5 0 -484.5
5 20 484.258 484.432 0.174596
3 20 485.144 485.241 0.0975418
16 0 485.549 0 -485.549
4 0 486.698 0 -486.698
0 20 494.982 495.311 0.328711
8 21 499.125 499.741 0.616467
14 20 499.094 499.711 0.61646
11 0 499.163 0 -499.163
9 0 491.72 0 -491.72
12 20 500.044 500.661 0.616465
15 21 491.975 492.15 0.1746
6 20 494.837 495.011 0.174599
19 21 503.991 504.608 0.61646
7 0 504.029 0 -504.029
17 21 499.303 499.401 0.0975387
13 20 510.128 510.457 0.328716
10 0 511.137 0 -511.137
1 0 503.167 0 -503.167
18 0 517.041 0 -517.041
2 20 520.813 521.142 0.328711
5 20 514.258 514.432 0.174596
3 20 515.144 515.241 0.0975418
16 0 515.549 0 -515.549
4 0 516.698 0 -516.698
0 20 527.524 527.852 0.328711
9 0 521.72 0 -521.72
15 21 521.975 522.15 0.1746
6 20 524.837 525.011 0.174599
17 21 529.303 529.401 0.0975387
13 20 542.67 542.998 0.328716
1 0 533.167 0 -533.167
18 0 549.583 0 -549.583
2 20 553.355 553.684 0.328711
5 20 544.258 544.432 0.174596
3 20 545.144 545.241 0.0975418
16 0 545.549 0 -545.549
4 0 546.698 0 -546.698
0 20 560.065 560.394 0.328711
14 20 560.123 560.739 0.61646
8 21 560.153 560.77 0.616467
11 0 560.191 0 -560.191
9 0 551.72 0 -551.72
12 20 561.073 561.689 0.616465
6 20 554.837 555.011 0.174599
7 21 565.057 565.673 0.616466
19 21 565.019 565.636 0.61646
17 21 559.303 559.401 0.0975387
13 20 575.211 575.54 0.328716
10 0 572.165 0 -572.165
1 0 563.167 0 -563.167
18 0 582.125 0 -582.125
2 20 585.897 586.225 0.328711
5 20 574.258 574.432 0.174596
3 20 575.144 575.241 0.0975418
16 0 575.549 0 -575.549
4 0 576.698 0 -576.698
0 20 592.607 592.936 0.328711
9 0 581.72 0 -581.72
15 21 581.975 582.15 0.1746
6 20 584.837 585.011 0.174599
17 21 589.303 589.401 0.0975387
13 20 607.753 608.082 0.328716
1 0 593.167 0 -593.167
18 0 614.667 0 -614.667
2 20 618.438 618.767 0.328711
5 20 604.258 604.432 0.174596
3 20 605.144 605.241 0.0975418
16 0 605.549 0 -605.549
4 0 606.698 0 -606.698
0 20 625.149 625.477 0.328711
8 21 621.182 621.798 0.616467
14 20 621.151 621.767 0.61646
11 0 621.219 0 -621.219
9 0 611.72 0 -611.72
12 20 622.101 622.717 0.616465
15 21 611.975 612.15 0.1746
6 20 614.837 615.011 0.174599
7 21 626.085 626.702 0.616466
19 21 626.048 626.664 0.61646
17 21 619.303 619.401 0.0975387
1 0 623.167 0 -623.167
13 20 640.295 640.623 0.328716
10 0 633.193 0 -633.193
2 20 650.98 651.309 0.328711
18 0 647.208 0 -647.208
5 20 634.258 634.432 0.174596
3 20 635.144 635.241 0.0975418
16 0 635.549 0 -635.549
4 0 636.698 0 -636.698
0 20 657.69 658.019 0.328711
9 0 641.72 0 -641.72
15 21 641.975 642.15 0.1746
6 20 644.837 645.011 0.174599
17 21 649.303 649.401 0.0975387
13 20 672.836 673.165 0.328716
1 0 653.167 0 -653.167
2 20 683.522 683.851 0.328711
18 0 679.75 0 -679.75
5 20 664.258 664.432 0.174596
3 20 665.144 665.241 0.0975418
16 0 665.549 0 -665.549
4 0 666.698 0 -666.698
0 20 690.232 690.561 0.328711
14 20 682.179 682.796 0.61646
8 21 682.21 682.826 0.616467
11 0 682.248 0 -682.248
9 0 671.72 0 -671.72
12 20 683.129 683.746 0.616465
15 21 671.975 672.15 0.1746
6 20 674.837 675.011 0.174599
7 21 687.114 687.73 0.616466
19 21 687.076 687.693 0.61646
17 21 679.303 679.401 0.0975387
13 20 705.378 705.707 0.328716
10 0 694.222 0 -694.222
1 0 683.167 0 -683.167
18 0 712.292 0 -712.292
2 20 716.064 716.392 0.328711
5 20 694.258 694.432 0.174596
3 20 695.144 695.241 0.0975418
16 0 695.549 0 -695.549
4 0 696.698 0 -696.698
0 20 722.774 723.102 0.328711
9 0 701.72 0 -701.72
15 21 701.975 702.15 0.1746
6 20 704.837 705.011 0.174599
17 21 709.303 709.401 0.0975387
13 20 737.92 738.249 0.328716
1 0 713.167 0 -713.167
2 20 748.605 748.934 0.328711
18 0 744.833 0 -744.833
5 20 724.258 724.432 0.174596
3 20 725.144 725.241 0.0975418
16 0 725.549 0 -725.549
4 0 726.698 0 -726.698
0 20 755.315 755.644 0.328711
4 0 816.698 0 -816.698
14 20 743.208 743.824 0.61646
8 21 743.238 743.855 0.616467
11 0 743.276 0 -743.276
9 0 731.72 0 -731.72
12 20 744.158 744.774 0.616465
15 21 731.975 732.15 0.1746
6 20 734.837 735.011 0.174599
7 21 748.142 748.759 0.616466
19 21 748.105 748.721 0.61646
17 21 739.303 739.401 0.0975387
10 0 755.25 0 -755.25
13 20 770.462 770.79 0.328716
1 0 743.167 0 -743.167
18 0 777.375 0 -777.375
5 20 754.258 754.432 0.174596
3 20 755.144 755.241 0.0975418
16 0 755.549 0 -755.549
4 0 756.698 0 -756.698
9 0 761.72 0 -761.72
15 21 761.975 762.15 0.1746
6 20 764.837 765.011 0.174599
17 21 769.303 769.401 0.0975387
1 0 773.167 0 -773.167
2 20 781.147 781.476 0.328711
5 20 784.258 784.432 0.174596
3 20 785.144 785.241 0.0975418
16 0 785.549 0 -785.549
4 0 786.698 0 -786.698
0 20 787.857 788.186 0.328711
8 21 804.267 804.883 0.616467
14 20 804.236 804.852 0.61646
11 0 804.304 0 -804.304
9 0 791.72 0 -791.72
12 20 805.186 805.803 0.616465
15 21 791.975 792.15 0.1746
6 20 794.837 795.011 0.174599
7 0 809.17 0 -809.17
19 21 809.133 809.749 0.61646
17 21 799.303 799.401 0.0975387
10 0 816.278 0 -816.278
13 20 803.003 803.332 0.328716
1 0 803.167 0 -803.167
18 0 809.917 0 -809.917
2 20 813.689 814.017 0.328711
5 20 814.258 814.432 0.174596
0 20 885.482 885.811 0.328711
9 0 881.72 0 -881.72
15 21 881.975 882.15 0.1746
6 20 884.837 885.011 0.174599
17 21 889.303 889.401 0.0975387
13 20 900.628 900.957 0.328716
1 0 893.167 0 -893.167
18 0 907.542 0 -907.542
2 20 911.314 911.642 0.328711
5 20 904.258 904.432 0.174596
3 20 905.144 905.241 0.0975418
16 0 905.549 0 -905.549
4 0 906.698 0 -906.698
0 20 918.024 918.353 0.328711
14 20 926.293 926.909 0.61646
8 0 926.323 0 -926.323
11 0 926.361 0 -926.361
9 0 911.72 0 -911.72
12 20 927.243 927.859 0.616465
15 21 911.975 912.15 0.1746
6 20 914.837 915.011 0.174599
7 21 931.227 931.844 0.616466
19 21 931.19 931.806 0.61646
17 21 919.303 919.401 0.0975387
10 0 938.335 0 -938.335
13 20 933.17 933.499 0.328716
1 0 923.167 0 -923.167
18 0 940.084 0 -940.084
2 20 943.855 944.184 0.328711
5 20 934.258 934.432 0.174596
3 20 935.144 935.241 0.0975418
16 0 935.549 0 -935.549
4 0 936.698 0 -936.698
0 20 950.566 950.894 0.328711
9 0 941.72 0 -941.72
15 21 941.975 942.15 0.1746
6 20 944.837 945.011 0.174599
17 21 949.303 949.401 0.0975387
13 20 965.712 966.04 0.328716
1 0 953.167 0 -953.167
18 0 972.625 0 -972.625
2 20 976.397 976.726 0.328711
5 20 964.258 964.432 0.174596
3 20 965.144 965.241 0.0975418
16 0 965.549 0 -965.549
4 0 966.698 0 -966.698
0 20 983.107 983.436 0.328711
14 20 987.321 987.937 0.61646
8 21 987.352 987.968 0.616467
11 0 987.389 0 -987.389
9 0 971.72 0 -971.72
12 20 988.271 988.888 0.616465
15 21 971.975 972.15 0.1746
6 20 974.837 975.011 0.174599
7 0 992.255 0 -992.255
19 21 992.218 992.834 0.61646
17 21 979.303 979.401 0.0975387
10 0 999.363 0 -999.363
13 20 998.253 998.582 0.328716
1 0 983.167 0 -983.167
18 0 1005.17 0 -1005.17
2 20 1008.94 1009.27 0.328711
5 20 994.258 994.432 0.174596
3 20 995.144 995.241 0.0975418
16 0 995.549 0 -995.549
4 0 996.698 0 -996.698
0 20 1015.65 1015.98 0.328711
9 0 1001.72 0 -1001.72
15 21 1001.98 1002.15 0.1746
6 20 1004.84 1005.01 0.174599
17 21 1009.3 1009.4 0.0975387
13 20 1030.8 1031.12 0.328716
1 0 1013.17 0 -1013.17
2 20 1041.48 1041.81 0.328711
18 0 1037.71 0 -1037.71
5 20 1024.26 1024.43 0.174596
3 20 1025.14 1025.24 0.0975418
16 0 1025.55 0 -1025.55
4 0 1026.7 0 -1026.7
0 20 1048.19 1048.52 0.328711
14 20 1048.35 1048.97 0.61646
8 0 1048.38 0 -1048.38
11 0 1048.42 0 -1048.42
9 0 1031.72 0 -1031.72
12 20 1049.3 1049.92 0.616465
15 21 1031.98 1032.15 0.1746
6 20 1034.84 1035.01 0.174599
7 21 1053.28 1053.9 0.616466
19 21 1053.25 1053.86 0.61646
17 21 1039.3 1039.4 0.0975387
10 0 1060.39 0 -1060.39
13 20 1063.34 1063.67 0.328716
1 0 1043.17 0 -1043.17
2 20 1074.02 1074.35 0.328711
18 0 1070.25 0 -1070.25
5 20 1054.26 1054.43 0.174596
3 20 1055.14 1055.24 0.0975418
16 0 1055.55 0 -1055.55
4 0 1056.7 0 -1056.7
0 20 1080.73 1081.06 0.328711
9 0 1061.72 0 -1061.72
15 21 1061.98 1062.15 0.1746
6 20 1064.84 1065.01 0.174599
17 21 1069.3 1069.4 0.0975387
13 20 1095.88 1096.21 0.328716
1 0 1073.17 0 -1073.17
2 20 1106.56 1106.89 0.328711
18 0 1102.79 0 -1102.79
5 20 1084.26 1084.43 0.174596
3 20 1085.14 1085.24 0.0975418
16 0 1085.55 0 -1085.55
4 0 1086.7 0 -1086.7
0 20 1113.27 1113.6 0.328711
14 20 1109.38 1109.99 0.61646
8 0 1109.41 0 -1109.41
11 0 1109.45 0 -1109.45
9 0 1091.72 0 -1091.72
12 20 1110.33 1110.94 0.616465
6 20 1094.84 1095.01 0.174599
7 21 1114.31 1114.93 0.616466
19 21 1114.27 1114.89 0.61646
17 21 1099.3 1099.4 0.0975387
13 20 1128.42 1128.75 0.328716
10 0 1121.42 0 -1121.42
1 0 1103.17 0 -1103.17
18 0 1135.33 0 -1135.33
2 20 1139.11 1139.43 0.328711
5 20 1114.26 1114.43 0.174596
3 20 1115.14 1115.24 0.0975418
16 0 1115.55 0 -1115.55
4 0 1116.7 0 -1116.7
0 20 1145.82 1146.14 0.328711
9 0 1121.72 0 -1121.72
15 21 1121.98 1122.15 0.1746
6 20 1124.84 1125.01 0.174599
17 21 1129.3 1129.4 0.0975387
13 20 1160.96 1161.29 0.328716
1 0 1133.17 0 -1133.17
18 0 1167.88 0 -1167.88
5 20 1144.26 1144.43 0.174596
3 20 1145.14 1145.24 0.0975418
16 0 1145.55 0 -1145.55
4 0 1146.7 0 -1146.7
14 20 1170.41 1171.02 0.61646
8 0 1170.44 0 -1170.44
11 0 1170.47 0 -1170.47
9 0 1151.72 0 -1151.72
12 20 1171.36 1171.97 0.616465
15 21 1151.98 1152.15 0.1746
6 20 1154.84 1155.01 0.174599
7 21 1175.34 1175.96 0.616466
19 21 1175.3 1175.92 0.61646
17 21 1159.3 1159.4 0.0975387
10 0 1182.45 0 -1182.45
1 0 1163.17 0 -1163.17
2 20 1171.65 1171.98 0.328711
5 20 1174.26 1174.43 0.174596
3 20 1175.14 1175.24 0.0975418
16 0 1175.55 0 -1175.55
4 0 1176.7 0 -1176.7
0 20 1178.36 1178.69 0.328711
8 21 1231.47 1232.08 0.616467
14 20 1231.43 1232.05 0.61646
11 0 1231.5 0 -1231.5
9 0 1181.72 0 -1181.72
12 20 1232.38 1233 0.616465
15 21 1181.98 1182.15 0.1746
6 20 1184.84 1185.01 0.174599
7 21 1236.37 1236.99 0.616466
19 21 1236.33 1236.95 0.61646
17 21 1189.3 1189.4 0.0975387
10 0 1243.48 0 -1243.48
13 20 1193.5 1193.83 0.328716
1 0 1193.17 0 -1193.17
18 0 1200.42 0 -1200.42
