35 57 0.61634 2.91829 2.30195
20 50 9.85362 12.1556 2.30195
2 51 19.8526 22.1546 2.30195
6 50 27.8512 30.1531 2.30195
30 55 19.8884 22.1904 2.30195
23 53 19.9405 22.2424 2.30195
22 54 0.96901 3.27096 2.30195
10 52 1.81013 4.11208 2.30195
9 58 933.479 935.781 2.30196
17 50 913.561 913.663 0.102657
38 58 1.95878 4.26074 2.30196
17 50 1.98756 4.28951 2.30195
23 53 931.513 933.815 2.30195
7 52 969.126 969.223 0.0975385
25 54 2.51323 4.81518 2.30195
42 60 1076.42 1076.52 0.0975382
24 56 2.99489 5.29684 2.30195
39 58 3.22396 5.52591 2.30196
5 50 710.138 712.44 2.30196
19 54 6.76763 9.06959 2.30195
7 52 9.12577 11.4277 2.30195
4 50 8.58644 10.8884 2.30195
34 57 8.45705 10.759 2.30196
23 53 475.727 478.029 2.30195
24 56 932.995 933.098 0.102657
15 50 11.119 13.421 2.30195
48 61 10.2166 12.5186 2.30196
8 51 11.3071 13.609 2.30195
36 57 10.5389 12.8409 2.30195
25 54 1142.51 1142.61 0.0975362
2 51 1099.85 1099.95 0.0975372
22 54 912.542 914.844 2.30195
38 54 913.532 915.834 2.30196
37 57 15.3565 17.6584 2.30195
3 51 14.9691 17.271 2.30195
49 0 13.7352 0 -13.7352
43 55 928.285 930.587 2.30196
41 59 15.5975 17.8994 2.30195
16 50 928.679 930.981 2.30195
34 57 920.03 922.332 2.30196
31 55 16.2508 18.5528 2.30196
24 56 914.568 914.671 0.102657
43 55 16.7118 19.0137 2.30196
28 50 16.8018 19.1038 2.30195
44 58 707.131 709.433 2.30195
12 52 707.349 709.651 2.30195
0 52 17.0429 19.3449 2.30195
8 51 922.88 922.983 0.102658
9 52 705.585 707.887 2.30195
1 58 17.0956 19.3976 2.30195
29 0 705.34 0 -705.34
0 52 1157.04 1157.14 0.0975371
16 50 17.1064 19.4084 2.30195
11 52 704.552 706.854 2.30195
21 0 17.2688 0 -17.2688
20 50 921.427 921.529 0.102658
40 0 703.73 0 -703.73
46 0 703.967 0 -703.967
6 50 711.531 713.833 2.30195
33 0 18.3092 0 -18.3092
47 61 17.5516 19.8536 2.30195
30 55 703.568 705.87 2.30195
23 50 703.62 705.922 2.30196
14 0 18.2893 0 -18.2893
33 0 701.989 0 -701.989
2 51 703.532 705.834 2.30195
44 58 935.024 935.209 0.184833
49 57 925.308 927.61 2.30196
40 59 20.0507 22.3526 2.30195
14 51 701.969 704.271 2.30195
29 0 933.234 0 -933.234
21 0 700.949 0 -700.949
47 61 701.231 703.533 2.30195
46 0 20.2876 0 -20.2876
11 52 20.8722 23.1741 2.30195
1 58 700.775 703.077 2.30195
16 50 700.786 703.088 2.30195
29 0 21.6606 0 -21.6606
9 51 21.9056 24.2076 2.30195
28 50 928.375 930.677 2.30195
28 50 700.482 702.784 2.30195
0 58 700.723 703.025 2.30196
35 57 912.189 912.292 0.102658
31 55 699.931 702.233 2.30196
43 55 700.392 702.693 2.30196
18 53 25.5681 27.87 2.30195
44 58 23.4513 25.7533 2.30195
12 52 23.6693 25.9712 2.30195
37 59 699.036 701.338 2.30196
41 59 699.277 701.579 2.30195
27 56 25.5209 27.8228 2.30195
32 55 25.6914 27.9934 2.30195
13 52 986.313 986.416 0.102657
49 0 697.415 0 -697.415
3 50 698.649 700.951 2.30196
15 0 694.799 0 -694.799
8 51 694.987 697.289 2.30195
42 60 26.4245 28.7265 2.30195
13 52 26.313 28.6149 2.30195
5 51 26.4581 28.76 2.30195
26 56 26.0992 28.4011 2.30195
48 61 693.896 696.198 2.30196
36 57 694.219 696.521 2.30195
36 57 922.112 922.215 0.102658
30 0 931.461 0 -931.461
20 53 693.533 695.835 2.30195
18 53 709.248 711.55 2.30195
45 0 27.4439 0 -27.4439
4 50 692.266 694.568 2.30195
7 52 692.806 695.107 2.30195
6 50 255.744 258.046 2.30195
30 55 247.782 250.084 2.30195
46 56 248.181 250.483 2.30196
44 58 479.238 481.54 2.30195
14 52 929.862 932.164 2.30196
40 59 247.944 250.246 2.30195
2 51 247.746 250.048 2.30195
5 51 254.351 256.653 2.30195
1 58 472.882 475.184 2.30195
30 55 475.675 477.977 2.30195
48 61 921.79 921.974 0.184841
23 53 247.834 250.136 2.30195
42 60 254.318 256.62 2.30195
0 52 928.616 928.719 0.102657
20 50 465.64 467.942 2.30195
34 57 464.244 466.546 2.30196
10 51 913.383 913.486 0.102658
35 57 228.51 230.812 2.30195
22 0 228.862 0 -228.862
10 51 229.703 232.005 2.30195
38 54 229.852 232.154 2.30196
17 50 229.881 232.183 2.30195
25 54 230.406 232.708 2.30195
24 56 230.888 233.19 2.30195
39 58 231.117 233.419 2.30196
19 54 234.661 236.963 2.30195
34 57 236.35 238.652 2.30196
4 50 236.48 238.782 2.30195
7 52 237.019 239.321 2.30195
20 53 237.747 240.049 2.30195
48 61 238.11 240.412 2.30196
36 57 238.432 240.734 2.30195
15 50 239.012 241.314 2.30195
8 51 239.2 241.502 2.30195
49 0 241.628 0 -241.628
3 51 242.862 245.164 2.30195
37 57 243.25 245.552 2.30195
41 59 243.491 245.793 2.30195
31 0 244.144 0 -244.144
43 0 244.605 0 -244.605
28 50 244.695 246.997 2.30195
0 52 244.936 247.238 2.30195
1 58 244.989 247.291 2.30195
16 50 245 247.302 2.30195
21 0 245.162 0 -245.162
47 61 245.445 247.747 2.30195
14 58 246.183 248.484 2.30196
33 55 246.202 248.504 2.30196
47 61 977.552 977.649 0.0975378
34 57 692.137 694.439 2.30196
39 58 686.904 689.206 2.30196
19 50 690.447 692.749 2.30196
36 57 970.539 970.636 0.0975379
7 52 920.699 920.801 0.102658
39 58 914.797 914.9 0.10266
24 56 686.675 688.977 2.30195
10 51 1081.81 1081.91 0.0975379
6 50 939.424 939.527 0.102657
19 54 918.341 918.443 0.102656
24 56 962.995 963.092 0.0975369
17 50 685.667 687.969 2.30195
25 54 686.193 688.495 2.30195
29 55 249.554 251.856 2.30196
11 52 248.765 251.067 2.30195
45 0 711.124 0 -711.124
9 51 249.799 252.101 2.30195
12 52 251.563 253.864 2.30195
44 58 251.345 253.647 2.30195
32 55 253.585 255.887 2.30195
13 52 254.206 256.508 2.30195
26 56 253.992 256.294 2.30195
45 57 255.337 257.639 2.30196
27 56 253.414 255.716 2.30195
18 53 253.461 255.763 2.30195
0 52 472.829 475.131 2.30195
38 0 685.639 0 -685.639
22 50 684.649 686.951 2.30195
10 51 685.49 687.792 2.30195
35 57 684.296 686.598 2.30195
47 61 929.125 929.227 0.102658
6 50 1077.85 1077.95 0.0975374
13 52 1076.31 1076.41 0.0975374
13 52 937.886 937.989 0.102657
32 55 709.371 711.673 2.30195
1 58 928.669 930.971 2.30195
15 50 922.692 924.994 2.30195
20 50 969.854 969.951 0.0975377
13 52 709.993 712.295 2.30195
25 54 914.086 914.189 0.102656
18 53 937.141 939.443 2.30195
0 52 977.043 977.14 0.0975371
32 55 985.691 985.789 0.0975378
5 51 938.031 940.333 2.30195
3 51 926.542 928.844 2.30195
37 57 926.929 929.231 2.30195
44 58 1073.45 1073.55 0.102657
31 55 927.824 930.126 2.30196
21 53 928.842 931.144 2.30195
41 59 927.17 929.472 2.30195
4 50 920.159 922.461 2.30195
2 51 979.853 979.95 0.0975372
29 0 477.447 0 -477.447
46 56 931.861 934.163 2.30196
11 52 980.872 980.975 0.102657
42 60 937.997 938.1 0.102658
12 52 935.242 937.544 2.30195
6 50 483.638 485.94 2.30195
33 0 929.882 0 -929.882
36 57 466.325 468.627 2.30195
3 51 470.756 473.058 2.30195
14 58 474.076 476.378 2.30196
18 53 481.355 483.657 2.30195
42 60 710.104 712.406 2.30195
43 55 472.498 474.8 2.30196
40 59 475.837 478.139 2.30195
45 0 483.23 0 -483.23
20 50 1149.85 1149.95 0.0975377
48 61 466.003 468.305 2.30196
7 52 464.912 467.214 2.30195
27 56 481.307 483.609 2.30195
26 56 481.886 484.188 2.30195
42 60 482.211 484.513 2.30195
4 50 464.373 466.675 2.30195
8 51 971.307 971.405 0.0975378
26 0 937.672 0 -937.672
41 59 471.384 473.686 2.30195
28 50 472.588 474.89 2.30195
33 55 474.096 476.398 2.30196
12 52 479.456 481.758 2.30195
2 51 931.426 931.528 0.102657
27 0 709.201 0 -709.201
13 52 482.099 484.401 2.30195
5 51 482.245 484.547 2.30195
19 54 462.554 464.856 2.30195
31 55 472.037 474.339 2.30196
16 0 472.893 0 -472.893
45 57 939.017 941.319 2.30196
26 0 709.779 0 -709.779
15 50 466.906 469.207 2.30195
21 0 473.055 0 -473.055
32 55 481.478 483.78 2.30195
35 57 456.403 458.705 2.30195
22 54 456.756 459.057 2.30195
10 51 457.597 459.899 2.30195
38 0 457.745 0 -457.745
17 50 457.774 460.076 2.30195
25 54 458.3 460.602 2.30195
24 56 458.781 461.083 2.30195
39 58 459.01 461.312 2.30196
37 57 471.143 473.445 2.30195
49 0 469.522 0 -469.522
8 51 467.094 469.396 2.30195
47 61 473.338 475.64 2.30195
46 56 476.074 478.376 2.30196
11 52 476.659 478.961 2.30195
9 58 477.692 479.994 2.30196
2 51 475.639 477.941 2.30195
19 54 966.768 966.87 0.102656
30 55 979.888 979.986 0.0975367
32 55 1075.69 1075.79 0.0975378
39 58 963.224 963.321 0.0975399
48 61 970.217 970.391 0.174601
7 52 939.126 939.228 0.102658
36 57 940.539 940.642 0.102658
47 61 1097.55 1097.65 0.0975378
44 58 983.451 983.554 0.102657
25 54 1082.51 1082.61 0.0975362
8 51 941.307 941.41 0.102658
48 61 940.217 940.391 0.174601
40 61 931.624 933.926 2.30196
11 52 932.445 932.548 0.102657
27 54 937.094 939.396 2.30196
17 53 931.988 932.085 0.0975393
32 55 937.264 937.367 0.102658
10 51 931.81 931.913 0.102658
35 52 930.616 930.719 0.102662
42 60 1016.42 1016.52 0.0975382
25 54 932.513 932.611 0.0975362
17 50 1081.99 1082.09 0.0975368
24 56 1082.99 1083.09 0.0975369
17 50 1171.99 1172.09 0.0975368
19 54 1086.77 1086.87 0.0975365
30 55 1099.89 1099.99 0.0975367
48 61 1090.22 1090.39 0.174601
36 57 1090.54 1090.64 0.0975379
39 58 1083.22 1083.32 0.0975399
13 52 956.313 956.411 0.0975374
39 58 933.224 933.327 0.10266
19 54 936.768 936.87 0.102656
11 52 950.872 950.97 0.097537
47 61 947.552 947.649 0.0975378
20 50 939.854 939.956 0.102658
42 60 956.425 956.527 0.102658
0 52 947.043 947.14 0.0975371
3 51 1164.6 1164.7 0.102657
30 55 949.888 949.986 0.0975367
2 51 949.853 949.955 0.102657
17 50 961.988 962.085 0.0975368
25 54 962.513 962.611 0.0975362
44 58 953.451 953.554 0.102657
10 51 961.81 961.908 0.0975379
6 50 957.851 957.949 0.0975374
32 55 955.691 955.789 0.0975378
35 57 960.616 960.714 0.0975379
42 60 986.425 986.522 0.0975382
8 51 1091.31 1091.4 0.0975378
0 52 1097.04 1097.14 0.0975371
6 50 987.851 987.954 0.102657
36 57 1000.54 1000.64 0.0975379
17 50 991.988 992.085 0.0975368
10 51 991.81 991.908 0.0975379
25 54 992.513 992.611 0.0975362
39 58 993.224 993.321 0.0975399
35 57 990.616 990.719 0.102658
2 51 1009.85 1009.95 0.0975372
44 58 1163.45 1163.55 0.0975373
20 50 999.854 999.951 0.0975377
47 61 1007.55 1007.65 0.0975378
19 54 996.768 996.87 0.102656
24 56 992.995 993.092 0.0975369
48 61 1000.22 1000.39 0.174601
30 55 1009.89 1009.99 0.0975367
0 52 1007.04 1007.14 0.0975371
8 51 1001.31 1001.4 0.0975378
7 52 999.126 999.223 0.0975385
11 52 1010.87 1010.97 0.102657
13 52 1016.31 1016.41 0.0975374
6 50 1017.85 1017.95 0.0975374
44 58 1013.45 1013.55 0.102657
48 61 1030.22 1030.39 0.174601
10 51 1021.81 1021.91 0.0975379
25 54 1022.51 1022.61 0.0975362
39 58 1023.22 1023.32 0.0975399
32 55 1015.69 1015.79 0.0975378
35 57 1020.62 1020.71 0.0975379
17 50 1021.99 1022.09 0.0975368
2 51 1039.85 1039.95 0.0975372
36 57 1030.54 1030.64 0.0975379
24 56 1022.99 1023.09 0.0975369
47 61 1037.55 1037.65 0.0975378
20 50 1029.85 1029.95 0.0975377
11 52 1040.87 1040.97 0.097537
19 54 1026.77 1026.87 0.0975365
7 52 1029.13 1029.22 0.0975385
8 51 1031.31 1031.4 0.0975378
30 55 1039.89 1039.99 0.0975367
0 52 1037.04 1037.14 0.0975371
16 50 1166.74 1166.84 0.102657
44 58 1043.45 1043.55 0.102657
6 50 1047.85 1047.95 0.0975374
13 52 1046.31 1046.41 0.0975374
17 50 1051.99 1052.09 0.0975368
25 54 1052.51 1052.61 0.0975362
36 57 1060.54 1060.64 0.0975379
10 51 1051.81 1051.91 0.0975379
35 57 1140.62 1140.71 0.0975379
32 55 1045.69 1045.79 0.0975378
42 60 1046.42 1046.52 0.0975382
35 57 1050.62 1050.71 0.0975379
2 51 1069.85 1069.95 0.0975372
20 50 1059.85 1059.95 0.0975377
19 54 1056.77 1056.87 0.0975365
47 61 1067.55 1067.65 0.0975378
48 61 1060.22 1060.39 0.174601
0 52 1067.04 1067.14 0.0975371
24 56 1052.99 1053.09 0.0975369
39 58 1053.22 1053.32 0.0975399
35 57 1080.62 1080.71 0.0975379
30 55 1069.89 1069.99 0.0975367
7 52 1089.13 1089.22 0.0975385
7 52 1059.13 1059.22 0.0975385
11 52 1070.87 1070.97 0.097537
8 51 1061.31 1061.4 0.0975378
2 51 1159.85 1159.95 0.0975372
41 59 1165.23 1165.33 0.102657
20 50 1089.85 1089.95 0.0975377
37 57 1164.99 1165.09 0.102656
11 52 1100.87 1100.97 0.097537
38 52 1141.43 1143.73 2.30196
13 52 1106.31 1106.41 0.0975374
19 54 1116.77 1116.87 0.0975365
6 50 1107.85 1107.95 0.0975374
44 58 1103.45 1103.55 0.102657
17 50 1111.99 1112.09 0.0975368
22 54 1140.44 1140.54 0.102658
39 58 1113.22 1113.32 0.0975399
25 54 1112.51 1112.61 0.0975362
32 55 1105.69 1105.79 0.0975378
42 60 1106.42 1106.52 0.0975382
10 51 1111.81 1111.91 0.0975379
35 57 1110.62 1110.71 0.0975379
20 50 1119.85 1119.95 0.0975377
24 56 1112.99 1113.09 0.0975369
34 57 1147.92 1148.25 0.328708
4 50 1148.05 1148.16 0.102658
7 52 1119.13 1119.22 0.0975385
5 51 1165.92 1166.03 0.102657
48 61 1120.22 1120.39 0.174601
9 58 1161.37 1163.67 2.30196
2 51 1129.85 1129.95 0.0975372
16 50 1156.57 1156.68 0.102657
0 52 1127.04 1127.14 0.0975371
14 51 1157.76 1160.06 2.30195
22 54 1150.6 1150.7 0.102658
21 53 1156.74 1159.04 2.30195
1 58 1156.56 1156.66 0.102658
33 55 1157.78 1160.08 2.30196
26 0 1165.57 0 -1165.57
36 57 1120.54 1120.64 0.0975379
11 52 1130.87 1130.97 0.097537
40 59 1159.52 1161.82 2.30195
30 55 1129.89 1129.99 0.0975367
12 52 1163.14 1165.44 2.30195
46 56 1159.75 1162.06 2.30196
29 55 1161.13 1163.43 2.30196
15 50 1150.59 1152.89 2.30195
8 51 1121.31 1121.4 0.0975378
47 61 1127.55 1127.65 0.0975378
47 61 1157.55 1157.65 0.0975378
45 50 1166.91 1169.21 2.30196
7 52 1149.13 1149.22 0.0975385
23 53 1159.41 1159.51 0.102657
49 57 1153.2 1155.5 2.30196
3 51 1154.44 1154.54 0.102657
28 50 1156.27 1156.37 0.102656
43 55 1156.18 1156.28 0.102663
31 55 1155.72 1155.82 0.102663
37 57 1154.82 1154.93 0.102656
41 59 1155.06 1155.17 0.102657
6 50 1137.85 1137.95 0.0975374
10 51 1141.81 1141.91 0.0975379
13 52 1136.31 1136.41 0.0975374
17 50 1141.99 1142.09 0.0975368
9 51 1389.27 1391.57 2.30195
44 58 1133.45 1133.55 0.102657
1 58 1187.1 1187.19 0.0975377
27 0 1164.99 0 -1164.99
18 53 1165.03 1167.34 2.30195
32 55 1135.69 1135.79 0.0975378
42 60 1136.42 1136.52 0.0975382
39 58 1143.22 1143.32 0.0975399
36 57 1150.54 1150.64 0.0975379
19 54 1146.77 1146.87 0.0975365
24 56 1142.99 1143.09 0.0975369
48 61 1150.22 1150.39 0.174601
31 55 1165.88 1165.98 0.102663
11 52 1160.87 1160.97 0.097537
4 50 1158.22 1158.32 0.102658
23 53 1169.57 1169.67 0.102657
8 51 1151.31 1151.4 0.0975378
30 55 1159.89 1159.99 0.0975367
32 55 1165.69 1165.79 0.0975378
42 60 1166.42 1166.52 0.0975382
25 54 1172.51 1172.61 0.0975362
13 52 1166.31 1166.41 0.0975374
5 51 1176.09 1176.19 0.102657
35 57 1170.62 1170.71 0.0975379
6 50 1167.85 1167.95 0.0975374
38 54 1369.32 1369.93 0.616454
4 50 1178.59 1178.68 0.0975377
24 56 1172.99 1173.09 0.0975369
10 51 1171.81 1171.91 0.0975379
39 58 1173.22 1173.32 0.0975399
22 54 1170.97 1171.07 0.097538
21 53 1384.63 1386.93 2.30195
45 57 1394.8 1397.11 2.30196
8 51 1181.31 1181.4 0.0975378
19 54 1176.77 1176.87 0.0975365
48 61 1180.22 1180.39 0.174601
20 50 1179.85 1179.95 0.0975377
34 57 1180.46 1180.79 0.328708
36 57 1180.54 1180.64 0.0975379
41 59 1185.6 1185.7 0.0975373
15 50 1378.48 1378.58 0.102657
47 61 1187.55 1187.65 0.0975378
37 57 1185.36 1185.45 0.0975364
49 57 1381.09 1383.4 2.30196
0 52 1187.04 1187.14 0.0975371
43 55 1186.71 1186.81 0.0975428
7 52 1179.13 1179.22 0.0975385
28 50 1186.8 1186.9 0.0975365
31 55 1186.25 1186.35 0.0975426
16 50 1187.11 1187.2 0.0975369
14 51 1385.65 1385.75 0.102659
32 55 1195.69 1195.79 0.0975378
42 60 1196.42 1196.52 0.0975382
40 59 1387.41 1387.51 0.102657
33 55 1385.67 1387.97 2.30196
3 51 1184.97 1185.07 0.0975367
2 51 1189.85 1189.95 0.0975372
23 53 1189.94 1190.04 0.0975369
30 55 1189.89 1189.99 0.0975367
11 52 1190.87 1190.97 0.097537
44 58 1193.45 1193.55 0.0975373
5 51 1196.46 1196.56 0.102657
18 53 1392.93 1393.03 0.102656
12 52 1391.03 1391.13 0.102658
27 56 1392.88 1395.18 2.30195
46 56 1387.65 1387.75 0.102661
29 60 1389.02 1391.32 2.30196
6 50 1197.85 1197.95 0.0975374
13 52 1196.31 1196.41 0.0975374
26 56 1393.46 1395.76 2.30195
