39 61 0.0970861 2.39905 2.30196
2 64 0.350147 2.6521 2.30195
31 65 5.03498 7.33694 2.30195
0 0 5.47679 0 -5.47679
46 0 5.59785 0 -5.59785
36 0 5.1714 0 -5.1714
25 65 1094.62 1094.72 0.0975387
4 64 0.844655 3.14661 2.30195
11 60 1090.66 1090.75 0.0975368
13 62 1.03756 3.33951 2.30195
49 64 1133.17 1133.27 0.0975372
18 0 2.98597 0 -2.98597
7 60 2.74233 5.04428 2.30195
1 63 2.67638 4.97833 2.30195
38 62 3.74355 6.04551 2.30196
29 65 3.50995 5.81191 2.30195
51 64 697.349 699.651 2.30196
31 65 1115.03 1115.13 0.0975383
42 0 4.3295 0 -4.3295
22 62 1165.16 1167.46 2.30196
32 61 697.172 699.474 2.30195
14 62 1152.46 1152.56 0.102658
37 0 1166.8 0 -1166.8
9 0 4.55531 0 -4.55531
48 0 4.41408 0 -4.41408
50 63 4.9282 7.23016 2.30197
14 62 696.669 698.971 2.30195
36 61 1144.64 1146.94 2.30196
52 61 695.187 697.489 2.30197
13 62 1171.04 1171.14 0.0975387
7 60 1082.74 1082.84 0.0975374
36 61 916.744 919.046 2.30196
44 60 694.72 697.022 2.30196
48 0 915.987 0 -915.987
11 60 694.336 696.638 2.30195
41 0 7.18185 0 -7.18185
20 62 7.08675 9.38871 2.30196
58 63 691.817 694.119 2.30197
42 0 915.902 0 -915.902
54 62 691.648 693.95 2.30195
58 0 8.13706 0 -8.13706
54 62 7.96781 10.2698 2.30195
41 64 690.862 693.164 2.30196
20 62 690.766 693.068 2.30196
11 60 10.6566 12.9586 2.30195
44 64 11.0402 13.3422 2.30195
52 62 11.5076 13.8095 2.30196
46 0 689.278 0 -689.278
21 61 926.895 929.197 2.30197
0 0 689.157 0 -689.157
1 0 1172.68 0 -1172.68
36 0 688.851 0 -688.851
14 62 12.9891 15.2911 2.30195
31 61 688.715 691.017 2.30196
59 62 1157.81 1157.99 0.184839
51 0 13.6689 0 -13.6689
32 61 13.4919 15.7938 2.30195
50 0 688.608 0 -688.608
33 0 1159.71 0 -1159.71
9 0 688.235 0 -688.235
10 60 1163.11 1165.41 2.30195
43 0 1166.85 0 -1166.85
55 0 14.9003 0 -14.9003
21 62 15.3224 17.6243 2.30195
25 65 14.6177 16.9197 2.30195
48 0 688.094 0 -688.094
42 0 688.009 0 -688.009
38 0 687.423 0 -687.423
34 61 16.7365 19.0385 2.30195
29 65 687.19 689.492 2.30195
59 62 18.3412 20.6432 2.30196
53 0 19.3331 0 -19.3331
26 65 18.2427 20.5446 2.30196
18 0 686.666 0 -686.666
1 63 1142.68 1142.77 0.0975382
7 60 686.422 688.724 2.30195
57 0 19.6759 0 -19.6759
33 61 20.244 22.5459 2.30195
41 0 1146.65 0 -1146.65
32 61 1152.96 1153.06 0.102657
20 62 1117.09 1117.18 0.097539
3 64 1168.42 1170.72 2.30195
23 60 1168 1170.3 2.30197
1 63 686.356 688.658 2.30195
16 62 20.452 22.7539 2.30196
13 62 684.717 687.019 2.30195
4 64 684.524 686.826 2.30195
8 63 22.1756 24.4776 2.30195
45 0 21.2946 0 -21.2946
5 63 20.7129 23.0149 2.30195
44 64 922.613 924.915 2.30195
2 0 684.03 0 -684.03
48 0 1143.88 0 -1143.88
39 61 683.777 686.079 2.30196
27 61 22.0068 24.3087 2.30195
40 0 22.0656 0 -22.0656
30 61 22.5007 24.8027 2.30195
2 64 1139.82 1139.92 0.102658
54 62 1147.43 1149.74 2.30195
20 62 1087.09 1087.18 0.097539
46 0 917.171 0 -917.171
32 61 925.065 927.367 2.30195
55 60 1154.37 1156.67 2.30197
47 0 22.6076 0 -22.6076
34 61 1156.2 1158.5 2.30195
10 0 23.6398 0 -23.6398
49 64 23.1745 25.4764 2.30195
44 64 1150.51 1150.61 0.102658
26 61 1128.24 1128.34 0.0975387
28 65 24.4579 26.7599 2.30195
15 62 25.5174 27.8194 2.30196
52 61 923.081 925.383 2.30197
25 65 1124.62 1124.72 0.0975387
12 0 24.8965 0 -24.8965
56 0 25.6398 0 -25.6398
13 62 912.611 912.713 0.102659
24 0 1165.5 0 -1165.5
22 0 25.6895 0 -25.6895
20 62 918.66 918.762 0.102659
7 60 1142.74 1142.84 0.0975374
24 65 26.0328 28.3348 2.30195
17 0 26.4258 0 -26.4258
45 60 1160.76 1163.06 2.30196
35 0 26.6771 0 -26.6771
39 61 911.67 913.972 2.30196
43 64 27.3832 29.6852 2.30196
37 64 27.3374 29.6394 2.30196
6 64 28.923 31.225 2.30195
31 65 1085.03 1085.13 0.0975383
53 0 1158.8 0 -1158.8
19 0 27.8978 0 -27.8978
9 60 1144.02 1146.32 2.30195
23 62 28.5307 30.8327 2.30195
3 0 28.9544 0 -28.9544
4 0 1140.84 0 -1140.84
25 65 1154.62 1154.72 0.0975387
41 64 918.755 921.057 2.30196
57 0 247.569 0 -247.569
53 0 247.226 0 -247.226
30 0 250.394 0 -250.394
15 0 253.411 0 -253.411
12 0 252.79 0 -252.79
3 64 256.848 259.15 2.30195
53 0 475.12 0 -475.12
57 0 475.462 0 -475.462
59 62 246.234 248.536 2.30196
16 62 248.345 250.647 2.30196
24 65 253.926 256.228 2.30195
4 64 1080.84 1080.94 0.0975368
17 0 254.319 0 -254.319
43 64 255.276 257.578 2.30196
22 62 253.583 255.885 2.30196
19 62 255.791 258.093 2.30196
26 61 1098.24 1098.34 0.0975387
29 65 1143.51 1143.61 0.0975384
13 62 1111.04 1111.14 0.0975387
50 0 1144.39 0 -1144.39
26 65 1158.24 1158.34 0.0975393
38 0 1143.21 0 -1143.21
17 0 1165.89 0 -1165.89
6 64 256.816 259.118 2.30195
10 0 251.533 0 -251.533
47 0 250.501 0 -250.501
23 62 256.424 258.726 2.30195
56 0 253.533 0 -253.533
25 65 926.191 926.293 0.102659
31 65 916.608 916.711 0.102658
11 60 466.443 468.745 2.30195
50 0 916.501 0 -916.501
9 60 916.128 918.43 2.30195
5 0 476.499 0 -476.499
23 62 484.317 486.619 2.30195
33 61 248.137 250.439 2.30195
45 0 249.188 0 -249.188
37 0 255.231 0 -255.231
35 0 1166.14 0 -1166.14
52 0 467.294 0 -467.294
21 61 1154.79 1157.09 2.30197
43 0 711.063 0 -711.063
26 61 246.136 248.438 2.30195
8 0 250.069 0 -250.069
49 64 251.068 253.37 2.30195
28 65 252.351 254.653 2.30195
35 0 254.57 0 -254.57
49 64 478.961 481.263 2.30195
6 64 1168.39 1168.49 0.102656
1 63 1112.68 1112.77 0.0975382
27 61 249.9 252.202 2.30195
40 0 249.959 0 -249.959
39 61 1139.56 1141.87 2.30196
0 60 1144.94 1147.24 2.30195
46 61 1145.06 1147.37 2.30197
39 61 227.99 230.292 2.30196
2 64 228.243 230.545 2.30195
4 64 228.738 231.04 2.30195
13 62 228.931 231.233 2.30195
1 63 230.57 232.872 2.30195
7 63 230.636 232.938 2.30196
18 62 230.879 233.181 2.30196
29 65 231.403 233.705 2.30195
38 0 231.637 0 -231.637
42 64 232.223 234.525 2.30196
48 0 232.307 0 -232.307
9 0 232.449 0 -232.449
50 0 232.821 0 -232.821
31 65 232.928 235.23 2.30195
36 0 233.065 0 -233.065
0 0 233.37 0 -233.37
46 64 233.491 235.793 2.30196
20 62 234.98 237.282 2.30196
41 0 235.075 0 -235.075
54 62 235.861 238.163 2.30195
58 0 236.03 0 -236.03
11 60 238.55 240.852 2.30195
44 64 238.933 241.235 2.30195
52 0 239.401 0 -239.401
14 62 240.882 243.184 2.30195
32 61 241.385 243.687 2.30195
51 64 241.562 243.864 2.30196
25 65 242.511 244.813 2.30195
55 62 242.794 245.095 2.30196
21 62 243.216 245.518 2.30195
34 61 244.63 246.932 2.30195
52 0 1150.97 0 -1150.97
55 61 698.58 700.882 2.30196
44 64 1160.67 1160.77 0.102658
29 65 1083.51 1083.61 0.0975384
58 0 1147.6 0 -1147.6
5 64 248.606 250.908 2.30196
51 64 1153.14 1155.44 2.30196
4 64 912.418 912.52 0.102657
57 0 1159.14 0 -1159.14
5 63 1160.18 1160.28 0.102658
2 64 911.923 914.225 2.30195
0 60 917.05 919.352 2.30195
1 63 914.249 914.352 0.102658
25 65 698.297 700.599 2.30195
11 60 922.23 922.332 0.102657
29 65 915.083 915.186 0.102658
7 60 914.315 914.418 0.102657
18 62 914.559 916.861 2.30196
40 0 1161.53 0 -1161.53
38 0 915.317 0 -915.317
54 0 919.541 0 -919.541
58 61 919.71 922.012 2.30197
42 64 1143.8 1146.1 2.30196
11 60 1120.66 1120.75 0.0975368
27 61 1161.47 1163.77 2.30195
13 62 1141.04 1141.14 0.0975387
28 65 1163.92 1164.03 0.102657
11 60 1150.66 1150.75 0.0975368
49 64 1103.17 1103.27 0.0975372
13 62 1081.04 1081.14 0.0975387
7 60 932.742 932.84 0.0975374
51 64 925.242 927.544 2.30196
58 0 463.924 0 -463.924
51 64 469.455 471.757 2.30196
32 61 469.278 471.58 2.30195
10 60 479.426 481.728 2.30195
35 64 482.464 484.766 2.30196
24 0 481.819 0 -481.819
6 64 484.71 487.011 2.30195
28 65 708.138 710.44 2.30195
12 0 708.576 0 -708.576
6 64 712.603 714.905 2.30195
54 62 463.754 466.056 2.30195
44 64 466.827 469.129 2.30195
34 61 472.523 474.825 2.30195
21 62 471.109 473.411 2.30195
55 62 470.687 472.989 2.30196
16 0 476.238 0 -476.238
47 60 478.394 480.696 2.30195
30 61 478.287 480.589 2.30195
41 64 462.968 465.27 2.30196
14 62 468.776 471.078 2.30195
25 65 470.404 472.706 2.30195
28 65 480.244 482.546 2.30195
8 0 477.962 0 -477.962
7 60 1112.74 1112.84 0.0975374
22 0 481.476 0 -481.476
12 0 480.683 0 -480.683
19 62 483.684 485.986 2.30196
37 0 483.124 0 -483.124
17 0 710.106 0 -710.106
20 62 462.873 465.175 2.30196
12 62 936.469 938.771 2.30196
40 0 477.852 0 -477.852
45 0 477.081 0 -477.081
27 61 477.793 480.095 2.30195
15 62 481.304 483.606 2.30196
56 0 481.426 0 -481.426
43 0 483.17 0 -483.17
3 64 484.741 487.043 2.30195
35 0 710.357 0 -710.357
19 0 939.471 0 -939.471
24 65 937.606 939.908 2.30195
22 62 709.369 711.671 2.30196
26 61 474.029 476.331 2.30195
59 62 474.128 476.43 2.30196
33 61 476.03 478.332 2.30195
17 0 482.212 0 -482.212
24 0 709.713 0 -709.713
39 61 455.884 458.186 2.30196
2 64 456.137 458.439 2.30195
4 64 456.631 458.933 2.30195
13 62 456.824 459.126 2.30195
1 63 458.463 460.765 2.30195
7 60 458.529 460.831 2.30195
18 0 458.772 0 -458.772
29 65 459.296 461.598 2.30195
38 0 459.53 0 -459.53
42 0 460.116 0 -460.116
48 62 460.201 462.503 2.30196
9 60 460.342 462.644 2.30195
50 0 460.715 0 -460.715
31 65 460.821 463.123 2.30195
36 62 460.958 463.26 2.30196
0 60 461.263 463.565 2.30195
46 0 461.384 0 -461.384
56 0 709.32 0 -709.32
59 62 929.914 932.216 2.30196
31 65 1145.03 1145.13 0.0975383
15 0 709.197 0 -709.197
3 0 712.634 0 -712.634
19 0 711.578 0 -711.578
23 62 712.21 714.512 2.30195
1 63 1082.68 1082.77 0.0975382
21 62 699.002 701.304 2.30195
34 61 700.416 702.718 2.30195
26 61 701.922 704.224 2.30195
59 62 702.021 704.323 2.30196
53 0 703.013 0 -703.013
57 0 703.356 0 -703.356
33 65 703.924 706.226 2.30196
16 65 704.132 706.434 2.30197
5 64 704.393 706.695 2.30196
45 0 704.974 0 -704.974
27 0 705.687 0 -705.687
40 0 705.745 0 -705.745
8 0 705.855 0 -705.855
30 61 706.18 708.482 2.30195
47 60 706.287 708.589 2.30195
49 64 706.854 709.156 2.30195
10 60 707.32 709.621 2.30195
4 64 1110.84 1110.94 0.0975368
19 61 1167.36 1169.67 2.30196
37 0 711.017 0 -711.017
30 61 1161.97 1164.27 2.30195
29 65 1113.51 1113.61 0.0975384
47 60 1162.07 1164.38 2.30195
7 60 962.742 962.84 0.0975374
25 65 944.618 944.72 0.102659
14 62 924.562 926.864 2.30195
55 61 926.473 928.775 2.30196
33 0 931.817 0 -931.817
57 62 931.249 933.551 2.30196
5 63 932.286 934.588 2.30195
56 0 937.213 0 -937.213
17 0 937.999 0 -937.999
29 65 933.51 933.613 0.102658
31 65 935.035 935.138 0.102658
34 65 928.309 930.611 2.30196
53 0 930.906 0 -930.906
10 60 935.213 937.515 2.30195
16 0 932.025 0 -932.025
22 62 937.263 939.564 2.30196
37 0 938.91 0 -938.91
4 64 930.845 930.942 0.0975368
13 62 931.038 931.14 0.102659
1 63 932.676 932.779 0.102658
11 60 940.657 940.754 0.0975368
26 65 929.816 929.918 0.102659
27 61 933.58 935.882 2.30195
30 61 934.074 936.376 2.30195
15 0 937.09 0 -937.09
47 60 934.181 936.483 2.30195
12 62 1164.36 1166.66 2.30196
8 0 1161.64 0 -1161.64
56 0 1165.11 0 -1165.11
16 62 1159.92 1162.22 2.30196
2 64 1149.98 1150.08 0.102658
15 0 1164.98 0 -1164.98
45 64 932.868 935.17 2.30196
8 63 933.749 936.051 2.30195
40 0 933.639 0 -933.639
49 64 934.747 934.85 0.102657
35 64 938.25 940.552 2.30196
3 64 940.527 942.829 2.30195
28 61 936.031 938.333 2.30196
43 0 938.956 0 -938.956
6 64 940.496 942.798 2.30195
23 62 940.104 942.406 2.30195
20 62 937.087 937.189 0.102659
26 61 948.243 948.345 0.102659
49 64 953.174 953.277 0.102657
4 64 960.845 960.942 0.0975368
13 62 961.038 961.135 0.0975387
1 63 962.676 962.774 0.0975382
18 62 1142.45 1144.75 2.30196
31 65 965.035 965.138 0.102658
29 65 963.51 963.607 0.0975384
20 62 967.087 967.184 0.097539
11 60 970.657 970.754 0.0975368
26 61 978.243 978.345 0.102659
29 65 1173.51 1173.61 0.0975384
25 65 974.618 974.715 0.0975387
49 64 983.174 983.272 0.0975372
49 60 1163.17 1163.27 0.0975408
4 64 990.845 990.942 0.0975368
1 63 992.676 992.774 0.0975382
13 62 991.038 991.135 0.0975387
7 60 992.742 992.84 0.0975374
20 62 1147.09 1147.18 0.097539
20 62 997.087 997.189 0.102659
26 61 1008.24 1008.35 0.102659
11 60 1000.66 1000.75 0.0975368
29 65 993.51 993.607 0.0975384
31 65 995.035 995.133 0.0975383
26 61 1038.24 1038.34 0.0975387
4 64 1020.84 1020.94 0.0975368
25 65 1004.62 1004.72 0.0975387
49 64 1013.17 1013.27 0.0975372
1 63 1022.68 1022.77 0.0975382
13 62 1021.04 1021.14 0.0975387
7 60 1022.74 1022.84 0.0975374
11 60 1030.66 1030.75 0.0975368
39 61 1367.46 1369.76 2.30196
2 64 1170.35 1170.45 0.102658
31 65 1025.03 1025.13 0.0975383
29 65 1023.51 1023.61 0.0975384
20 62 1027.09 1027.18 0.097539
49 64 1043.17 1043.27 0.0975372
25 65 1034.62 1034.72 0.0975387
29 65 1053.51 1053.61 0.0975384
20 62 1057.09 1057.18 0.097539
4 64 1050.84 1050.94 0.0975368
13 62 1051.04 1051.14 0.0975387
11 60 1060.66 1060.75 0.0975368
4 64 1170.84 1170.94 0.0975368
31 65 1055.03 1055.13 0.0975383
7 60 1052.74 1052.84 0.0975374
1 63 1052.68 1052.77 0.0975382
25 65 1064.62 1064.72 0.0975387
14 62 1162.62 1162.72 0.102658
18 62 1370.35 1372.65 2.30196
49 64 1073.17 1073.27 0.0975372
7 60 1172.74 1172.84 0.0975374
26 61 1068.24 1068.34 0.0975387
38 62 1371.1 1373.4 2.30196
28 65 1174.09 1174.19 0.102657
9 60 1371.91 1374.22 2.30195
14 62 1182.99 1183.09 0.0975375
47 60 1389.97 1390.07 0.102658
5 63 1170.34 1170.44 0.102658
48 64 1371.77 1374.08 2.30196
42 0 1371.69 0 -1371.69
50 0 1372.29 0 -1372.29
11 60 1180.66 1180.75 0.0975368
59 62 1188.34 1188.52 0.174599
54 62 1375.33 1375.43 0.102657
26 61 1188.24 1188.34 0.0975387
0 60 1372.84 1375.14 2.30195
34 61 1384.1 1384.2 0.102657
44 64 1181.04 1181.14 0.102658
20 62 1177.09 1177.18 0.097539
58 0 1375.5 0 -1375.5
16 62 1387.81 1390.11 2.30196
52 62 1378.87 1381.17 2.30196
41 0 1374.54 0 -1374.54
21 62 1382.68 1384.98 2.30195
46 0 1372.96 0 -1372.96
31 65 1175.03 1175.13 0.0975383
36 61 1372.53 1374.83 2.30196
25 65 1184.62 1184.72 0.0975387
51 62 1381.03 1382.34 1.31482
33 65 1387.6 1389.91 2.30196
32 61 1183.49 1183.59 0.0975366
15 0 1392.88 0 -1392.88
10 60 1391 1393.3 2.30195
37 0 1394.7 0 -1394.7
8 63 1389.54 1391.84 2.30195
45 64 1388.65 1390.96 2.30196
30 61 1389.86 1392.16 2.30195
57 0 1387.04 0 -1387.04
53 0 1386.69 0 -1386.69
55 61 1382.26 1384.56 2.30196
40 64 1389.43 1391.73 2.30196
27 61 1389.37 1391.67 2.30195
43 64 1394.74 1397.04 2.30196
49 64 1193.17 1193.27 0.0975372
12 64 1392.26 1394.56 2.30197
5 63 1190.71 1190.81 0.0975379
28 65 1194.46 1194.56 0.0975373
23 62 1395.89 1398.19 2.30195
6 64 1198.92 1199.02 0.0975364
19 62 1395.26 1397.56 2.30196
35 62 1394.04 1396.34 2.30196
3 64 1396.31 1396.42 0.102657
22 0 1393.05 0 -1393.05
56 0 1393 0 -1393
17 0 1393.79 0 -1393.79
24 65 1393.39 1395.69 2.30195
