4 67 0.49376 2.79571 2.30195
56 0 0.755584 0 -0.755584
31 72 9.71376 12.0157 2.30195
53 0 11.8046 0 -11.8046
35 74 958.944 959.041 0.0975385
50 62 8.73064 11.0326 2.30195
23 60 0.986739 3.28869 2.30195
41 69 992.219 992.316 0.0975382
26 60 991.097 991.195 0.0975372
5 61 1.08318 3.38513 2.30195
6 73 989.781 989.878 0.0975377
24 60 977.664 977.761 0.0975366
26 60 1.09699 3.39895 2.30195
58 71 1065.87 1065.97 0.0975369
23 60 1170.99 1171.08 0.0975388
8 61 1035.37 1035.47 0.0975371
41 69 2.21868 4.52064 2.30195
49 62 2.7566 5.05855 2.30195
45 66 1052.94 1053.04 0.0975379
7 67 3.15786 5.45981 2.30195
45 66 2.94495 5.2469 2.30195
12 70 712.654 714.956 2.30195
40 0 711.083 0 -711.083
38 0 711.301 0 -711.301
30 74 3.60939 5.91134 2.30195
27 75 3.55572 5.85768 2.30195
48 62 1182.9 1182.99 0.097537
14 70 1374.6 1375.22 0.616451
52 74 3.96701 6.26896 2.30196
35 74 988.944 989.041 0.0975385
20 63 930.937 933.239 2.30195
18 63 6.01059 8.31254 2.30195
19 68 7.2681 9.57006 2.30195
14 0 7.24099 0 -7.24099
9 61 10.244 12.546 2.30195
47 62 708.084 710.386 2.30195
21 68 929.666 931.968 2.30195
22 60 1391.1 1391.2 0.102658
41 69 1142.22 1142.32 0.0975382
11 63 11.673 13.9749 2.30195
52 74 1023.97 1024.07 0.10266
48 62 12.8968 15.1988 2.30195
52 74 963.967 964.07 0.10266
39 69 13.7067 16.0087 2.30196
42 66 15.0549 17.3568 2.30195
15 70 13.3378 15.6398 2.30195
59 70 13.9562 16.2582 2.30196
12 70 1078.97 1079.07 0.097538
8 61 15.3713 17.6733 2.30195
25 60 15.228 17.5299 2.30195
1 61 947.509 947.612 0.102658
20 63 1168.99 1169.1 0.102658
17 63 16.7418 19.0438 2.30195
58 71 15.87 18.172 2.30195
35 74 1078.94 1079.05 0.102659
1 61 1037.51 1037.61 0.0975375
29 65 16.5738 18.8758 2.30195
1 61 17.509 19.811 2.30195
13 63 957.622 957.725 0.102657
25 60 1065.23 1065.33 0.0975372
24 60 17.6637 19.9657 2.30195
21 68 18.0931 20.395 2.30195
44 66 17.8144 20.1164 2.30195
4 67 990.494 990.591 0.0975365
43 71 1189.36 1189.46 0.097538
46 0 18.6274 0 -18.6274
43 71 19.3583 21.6603 2.30195
20 63 19.3636 21.6655 2.30195
30 74 1173.61 1173.71 0.0975371
8 61 1065.37 1065.47 0.0975371
29 65 1186.57 1186.67 0.097537
30 74 993.609 993.707 0.0975371
54 62 966.282 966.61 0.328713
30 74 1143.61 1143.71 0.0975371
57 66 21.0085 23.3105 2.30196
37 62 20.4326 22.7346 2.30196
48 62 1062.9 1062.99 0.097537
18 63 1026.01 1026.11 0.0975383
54 62 22.167 24.469 2.30196
47 0 935.977 0 -935.977
2 61 23.0809 25.3828 2.30195
22 60 23.7425 26.0444 2.30195
51 62 24.5091 26.811 2.30195
34 64 25.2448 27.5468 2.30195
47 62 24.404 26.7059 2.30195
28 65 24.4614 26.7634 2.30195
33 64 25.1173 27.4193 2.30195
43 71 979.358 979.461 0.102658
0 61 1166.68 1166.78 0.0975371
43 71 1069.36 1069.46 0.097538
19 68 1057.27 1057.37 0.0975386
50 62 1058.73 1058.83 0.102658
1 61 977.509 977.607 0.0975375
0 61 956.683 956.786 0.102657
58 71 1035.87 1035.97 0.0975369
11 63 1031.67 1031.77 0.0975369
16 63 27.0764 29.3783 2.30195
0 61 26.683 28.985 2.30195
36 72 26.2998 28.6018 2.30195
37 62 932.006 934.308 2.30196
40 69 27.403 29.705 2.30195
38 69 27.6216 29.9236 2.30195
50 62 1148.73 1148.83 0.102658
0 61 710.363 712.665 2.30195
36 74 709.98 712.282 2.30196
49 62 1052.76 1052.85 0.0975381
13 63 27.6225 29.9244 2.30195
28 75 708.141 710.443 2.30196
33 0 708.797 0 -708.797
24 60 1067.66 1067.76 0.0975366
26 60 961.097 961.195 0.0975372
32 64 27.9663 30.2683 2.30195
3 0 28.4051 0 -28.4051
55 0 28.0353 0 -28.0353
42 66 975.055 975.152 0.0975377
24 60 947.664 947.761 0.0975366
44 66 929.387 931.689 2.30195
12 70 28.9738 31.2758 2.30195
35 74 28.9439 31.2459 2.30195
19 68 967.268 967.366 0.0975386
6 73 29.7808 32.0828 2.30195
10 61 29.9442 32.2461 2.30196
20 63 247.257 249.559 2.30195
57 66 248.902 251.204 2.30196
6 73 257.674 259.976 2.30195
43 71 247.252 249.554 2.30195
37 62 248.326 250.628 2.30196
0 61 1046.68 1046.78 0.0975371
51 62 252.402 254.704 2.30195
32 64 255.86 258.162 2.30195
55 0 255.928 0 -255.928
8 61 975.371 975.469 0.0975371
32 64 483.753 486.055 2.30195
28 65 252.355 254.657 2.30195
47 62 252.297 254.599 2.30195
0 61 254.576 256.878 2.30195
40 0 255.296 0 -255.296
3 0 256.298 0 -256.298
50 62 464.517 466.819 2.30195
45 66 1142.94 1143.04 0.0975379
46 0 246.521 0 -246.521
54 64 250.06 252.362 2.30196
22 60 251.636 253.938 2.30195
27 75 1053.56 1053.65 0.0975378
6 73 1049.78 1049.88 0.0975377
11 63 971.673 971.771 0.0975369
2 61 250.974 253.276 2.30195
16 63 254.97 257.272 2.30195
10 0 257.837 0 -257.837
45 66 962.945 963.042 0.0975379
4 67 228.387 230.689 2.30195
56 73 228.649 230.951 2.30196
23 0 228.88 0 -228.88
5 61 228.976 231.278 2.30195
26 60 228.99 231.292 2.30195
41 69 230.112 232.414 2.30195
49 62 230.65 232.952 2.30195
45 66 230.838 233.14 2.30195
7 67 231.051 233.353 2.30195
27 75 231.449 233.751 2.30195
30 74 231.503 233.805 2.30195
52 72 231.86 234.162 2.30196
18 63 233.904 236.206 2.30195
14 70 235.134 237.436 2.30196
19 68 235.161 237.463 2.30195
50 62 236.624 238.926 2.30195
31 72 237.607 239.909 2.30195
9 61 238.137 240.439 2.30195
11 63 239.566 241.868 2.30195
53 0 239.698 0 -239.698
48 62 240.79 243.092 2.30195
15 70 241.231 243.533 2.30195
39 69 241.6 243.902 2.30196
59 66 241.849 244.151 2.30196
42 66 242.948 245.25 2.30195
25 60 243.121 245.423 2.30195
8 61 243.265 245.567 2.30195
58 71 243.763 246.065 2.30195
29 65 244.467 246.769 2.30195
17 63 244.635 246.937 2.30195
1 61 245.402 247.704 2.30195
24 60 245.557 247.859 2.30195
44 66 245.708 248.01 2.30195
21 68 245.986 248.288 2.30195
54 62 1063.91 1064.24 0.328713
58 71 975.87 975.973 0.102657
19 68 1027.27 1027.37 0.0975386
13 63 1047.62 1047.73 0.102657
11 63 1061.67 1061.77 0.0975369
25 60 1035.23 1035.33 0.0975372
9 61 1030.24 1030.34 0.0975368
2 61 1193.08 1193.18 0.102657
6 73 959.781 959.878 0.0975377
27 75 1173.56 1173.65 0.0975378
0 61 986.683 986.781 0.0975371
43 71 1039.36 1039.46 0.097538
36 72 254.193 256.495 2.30195
33 64 253.011 255.313 2.30195
34 64 253.138 255.44 2.30195
13 63 255.516 257.818 2.30195
38 69 255.515 257.817 2.30195
15 70 1183.34 1183.44 0.102658
21 68 1188.09 1188.19 0.0975366
59 66 986.558 987.174 0.616458
12 70 256.867 259.169 2.30195
35 74 256.837 259.139 2.30195
25 60 1185.23 1185.33 0.0975372
49 62 962.757 962.854 0.0975381
5 61 1150.71 1150.82 0.102658
39 69 1033.71 1033.81 0.102661
30 74 963.609 963.707 0.0975371
27 75 993.556 993.653 0.0975378
26 60 1051.1 1051.19 0.0975372
26 60 1141.1 1141.19 0.0975372
39 69 1063.71 1063.81 0.102661
52 74 1053.97 1054.06 0.0975401
12 70 1048.97 1049.07 0.097538
24 60 1037.66 1037.76 0.0975366
0 61 1076.68 1076.78 0.0975371
57 66 1221.5 1222.12 0.616455
4 67 1050.49 1050.59 0.0975365
35 74 712.624 714.926 2.30195
55 0 711.715 0 -711.715
28 65 1174.09 1174.19 0.102657
17 63 976.742 976.839 0.0975376
39 69 1153.71 1153.8 0.0975409
13 63 987.622 987.725 0.102657
42 66 1035.05 1035.15 0.0975377
48 62 1032.9 1032.99 0.097537
6 73 485.567 487.869 2.30195
24 60 473.45 475.752 2.30195
32 64 711.646 713.948 2.30195
31 72 465.5 467.802 2.30195
9 61 466.031 468.332 2.30195
39 69 469.493 471.795 2.30196
43 71 475.145 477.447 2.30195
47 62 480.19 482.492 2.30195
40 0 483.19 0 -483.19
38 69 483.408 485.71 2.30195
51 0 708.189 0 -708.189
34 74 708.925 711.227 2.30196
59 70 469.743 472.045 2.30196
29 65 472.36 474.662 2.30195
17 63 472.528 474.83 2.30195
54 64 477.954 480.255 2.30196
36 72 482.086 484.388 2.30195
55 0 483.822 0 -483.822
30 74 933.609 933.712 0.102657
8 61 471.158 473.46 2.30195
1 61 473.296 475.597 2.30195
21 68 473.88 476.182 2.30195
51 0 480.296 0 -480.296
35 74 484.73 487.032 2.30195
0 61 482.469 484.771 2.30195
8 61 926.944 927.047 0.102657
19 68 463.055 465.357 2.30195
11 63 467.459 469.761 2.30195
20 63 475.15 477.452 2.30195
57 75 476.795 479.097 2.30196
33 64 480.904 483.206 2.30195
16 63 482.863 485.165 2.30195
3 0 484.192 0 -484.192
16 63 710.756 713.058 2.30195
14 70 463.027 465.329 2.30196
58 71 471.657 473.958 2.30195
25 60 471.014 473.316 2.30195
2 61 478.867 481.169 2.30195
34 64 481.031 483.333 2.30195
13 63 483.409 485.711 2.30195
13 63 711.302 713.604 2.30195
53 62 467.591 469.893 2.30196
44 66 473.601 475.903 2.30195
28 65 480.248 482.55 2.30195
22 60 479.529 481.831 2.30195
12 70 484.76 487.062 2.30195
10 0 485.731 0 -485.731
4 67 456.28 458.582 2.30195
56 0 456.542 0 -456.542
23 60 456.773 459.075 2.30195
5 61 456.87 459.172 2.30195
26 60 456.883 459.185 2.30195
41 69 458.005 460.307 2.30195
49 62 458.543 460.845 2.30195
45 66 458.731 461.033 2.30195
7 67 458.944 461.246 2.30195
27 75 459.342 461.644 2.30195
30 74 459.396 461.698 2.30195
52 74 459.754 462.055 2.30196
18 63 461.797 464.099 2.30195
42 66 470.841 473.143 2.30195
15 70 469.124 471.426 2.30195
48 62 468.683 470.985 2.30195
37 62 476.219 478.521 2.30196
46 0 474.414 0 -474.414
12 70 940.547 940.649 0.102658
28 65 936.034 938.336 2.30195
41 69 962.219 962.316 0.0975382
48 62 972.897 972.999 0.102657
27 75 963.556 963.653 0.0975378
51 0 936.082 0 -936.082
6 73 941.354 941.456 0.102658
25 60 975.228 975.325 0.0975372
17 63 1036.74 1036.84 0.0975376
4 67 684.174 686.475 2.30195
56 0 684.435 0 -684.435
23 60 684.666 686.968 2.30195
5 61 684.763 687.065 2.30195
26 60 684.777 687.079 2.30195
41 69 685.898 688.2 2.30195
49 62 686.436 688.738 2.30195
45 66 686.625 688.927 2.30195
7 0 686.838 0 -686.838
27 75 687.235 689.537 2.30195
30 74 687.289 689.591 2.30195
52 72 687.647 689.949 2.30196
18 63 689.69 691.992 2.30195
14 0 690.921 0 -690.921
19 68 690.948 693.25 2.30195
50 62 692.41 694.712 2.30195
31 72 693.394 695.695 2.30195
9 61 693.924 696.226 2.30195
11 63 695.353 697.655 2.30195
53 69 695.484 697.786 2.30197
48 62 696.577 698.879 2.30195
15 63 697.018 699.32 2.30195
39 69 697.386 699.688 2.30196
59 68 697.636 699.938 2.30196
42 66 698.735 701.037 2.30195
25 60 698.908 701.21 2.30195
8 61 699.051 701.353 2.30195
58 71 699.55 701.852 2.30195
29 71 700.254 702.556 2.30196
17 63 700.422 702.724 2.30195
1 67 701.189 703.491 2.30195
24 75 701.343 703.645 2.30196
44 70 701.494 703.796 2.30197
21 0 701.773 0 -701.773
46 0 702.307 0 -702.307
43 74 703.038 705.34 2.30195
20 0 703.043 0 -703.043
37 62 704.112 706.414 2.30196
57 66 704.688 706.99 2.30196
54 64 705.847 708.149 2.30196
2 61 706.761 709.063 2.30195
22 60 707.422 709.724 2.30195
9 61 940.244 940.347 0.102657
50 62 1028.73 1028.83 0.102658
46 75 930.2 932.502 2.30196
43 71 930.931 931.034 0.102658
38 69 939.195 941.497 2.30195
42 66 1065.05 1065.15 0.0975377
39 69 973.707 973.809 0.102661
13 63 1077.62 1077.72 0.0975372
43 71 949.358 949.461 0.102658
4 67 960.494 960.591 0.0975365
1 61 1067.51 1067.61 0.0975375
35 74 1048.94 1049.04 0.0975385
12 70 988.974 989.071 0.097538
54 62 998.823 999.152 0.328713
9 61 1060.24 1060.34 0.0975368
19 68 1177.27 1177.37 0.0975386
9 61 970.244 970.347 0.102657
7 67 1152.79 1152.89 0.102658
19 68 1147.27 1147.37 0.0975386
3 73 712.085 714.387 2.30195
25 60 926.801 926.904 0.102657
6 73 713.461 715.763 2.30195
2 61 934.654 936.956 2.30195
10 0 713.624 0 -713.624
24 60 929.237 929.339 0.102657
4 67 930.494 930.591 0.0975365
42 66 926.628 926.731 0.102658
27 75 933.556 933.658 0.102658
57 75 932.582 934.883 2.30196
10 0 941.517 0 -941.517
40 0 938.976 0 -938.976
30 74 1023.61 1023.71 0.0975371
12 70 958.974 959.076 0.102658
36 72 937.873 940.175 2.30195
48 62 942.897 942.999 0.102657
1 61 1007.51 1007.61 0.0975375
15 70 924.911 927.213 2.30195
48 62 924.47 924.572 0.102657
32 0 939.539 0 -939.539
55 73 939.608 941.91 2.30196
13 68 939.195 939.298 0.102659
26 60 931.097 931.2 0.102657
16 70 938.649 940.951 2.30196
11 63 941.673 941.771 0.0975369
19 68 937.268 937.371 0.102659
58 71 1005.87 1005.97 0.0975369
8 61 945.371 945.474 0.102657
4 67 912.067 912.169 0.102657
56 73 912.329 914.631 2.30196
23 75 912.56 914.862 2.30196
5 61 912.656 914.958 2.30195
26 60 912.67 912.773 0.102657
41 69 913.792 913.894 0.102658
49 62 914.33 914.432 0.102658
45 66 914.518 914.621 0.102658
7 67 914.731 917.033 2.30195
27 75 915.129 915.231 0.102658
30 74 915.182 915.285 0.102657
52 74 915.54 915.643 0.10266
18 63 917.584 917.686 0.102658
14 70 918.814 921.116 2.30196
19 68 918.841 918.944 0.102659
50 62 920.304 920.488 0.184834
31 72 921.287 923.589 2.30195
9 61 921.817 921.92 0.102657
11 63 923.246 923.349 0.102657
53 0 923.378 0 -923.378
39 69 925.28 925.382 0.102661
49 62 992.757 992.854 0.0975381
45 66 992.945 993.042 0.0975379
27 75 1143.56 1143.65 0.0975378
59 66 1047.59 1048.2 0.616458
17 63 946.742 946.844 0.102658
18 63 966.011 966.113 0.102658
25 60 945.228 945.325 0.0975372
59 66 925.529 926.146 0.616458
18 63 1056.01 1056.11 0.0975383
3 73 939.978 942.28 2.30195
22 0 935.315 0 -935.315
41 69 932.219 932.321 0.102658
0 61 938.256 938.359 0.102657
1 61 929.082 929.185 0.102658
58 71 927.443 927.546 0.102657
58 71 945.87 945.973 0.102657
54 62 933.74 934.069 0.328713
35 60 940.517 940.62 0.102668
29 65 928.147 930.449 2.30195
17 63 928.315 928.417 0.102658
49 62 932.757 932.859 0.102658
33 0 936.69 0 -936.69
45 71 932.945 933.048 0.102658
34 64 936.818 939.12 2.30195
52 74 933.967 934.07 0.10266
50 62 968.731 968.905 0.174594
50 62 938.731 938.905 0.174594
42 66 945.055 945.158 0.102658
39 69 943.707 943.804 0.0975409
18 63 936.011 936.113 0.102658
52 74 993.967 994.07 0.10266
52 74 1173.97 1174.06 0.0975401
30 74 1053.61 1053.71 0.0975371
0 61 1016.68 1016.78 0.0975371
13 63 1017.62 1017.73 0.102657
42 66 1005.05 1005.15 0.0975377
50 62 998.731 998.833 0.102658
8 61 1005.37 1005.47 0.0975371
18 63 996.011 996.108 0.0975383
9 61 1000.24 1000.34 0.0975368
20 63 1189.36 1189.46 0.097538
19 68 997.268 997.366 0.0975386
25 60 1005.23 1005.33 0.0975372
39 69 1003.71 1003.81 0.102661
41 69 1052.22 1052.32 0.0975382
5 61 1171.08 1171.18 0.097538
48 62 1002.9 1002.99 0.097537
17 63 1006.74 1006.84 0.0975376
24 60 1007.66 1007.76 0.0975366
4 67 1170.49 1170.59 0.0975365
11 63 1001.67 1001.77 0.0975369
39 69 1183.71 1183.8 0.0975409
41 69 1022.22 1022.32 0.0975382
4 67 1020.49 1020.59 0.0975365
12 70 1018.97 1019.07 0.097538
43 71 1009.36 1009.46 0.097538
2 61 1172.71 1172.81 0.102657
54 64 1031.37 1031.69 0.328714
35 74 1018.94 1019.04 0.0975385
45 66 1022.94 1023.04 0.0975379
4 67 1140.49 1140.59 0.0975365
27 75 1023.56 1023.65 0.0975378
6 73 1019.78 1019.88 0.0975377
26 60 1021.1 1021.19 0.0975372
49 62 1022.76 1022.85 0.0975381
17 63 1066.74 1066.84 0.0975376
54 62 1096.45 1096.78 0.328713
50 62 1088.73 1088.83 0.102658
27 75 1083.56 1083.65 0.0975378
6 73 1079.78 1079.88 0.0975377
44 66 1187.81 1187.92 0.102658
49 62 1142.76 1142.85 0.0975381
23 60 1140.45 1140.56 0.102659
52 74 1083.97 1084.06 0.0975401
30 74 1083.61 1083.71 0.0975371
45 66 1082.94 1083.04 0.0975379
26 60 1081.1 1081.19 0.0975372
41 69 1082.22 1082.32 0.0975382
49 62 1082.76 1082.85 0.0975381
31 72 1159.34 1159.45 0.102657
4 67 1080.49 1080.59 0.0975365
9 61 1150.24 1150.34 0.0975368
50 62 1178.73 1178.83 0.097538
31 72 1179.71 1179.82 0.102657
52 74 1143.97 1144.07 0.10266
15 70 1162.97 1163.07 0.102658
11 63 1181.67 1181.77 0.0975369
18 63 1146.01 1146.11 0.0975383
8 61 1185.37 1185.47 0.0975371
42 66 1155.05 1155.15 0.0975377
25 60 1155.23 1155.33 0.0975372
6 73 1169.78 1169.88 0.0975377
8 61 1155.37 1155.47 0.0975371
13 63 1167.62 1167.72 0.0975372
35 74 1168.94 1169.05 0.102659
24 60 1187.66 1187.76 0.0975366
19 68 1087.27 1087.37 0.0975386
18 63 1086.01 1086.11 0.0975383
9 61 1180.24 1180.34 0.0975368
58 71 1155.87 1155.97 0.0975369
59 66 1108.61 1109.23 0.616458
56 73 1140.22 1142.52 2.30196
48 62 1092.9 1092.99 0.097537
39 69 1093.71 1093.8 0.0975409
16 63 1166.54 1168.84 2.30195
48 62 1152.9 1152.99 0.097537
58 71 1095.87 1095.97 0.0975369
8 61 1095.37 1095.47 0.0975371
11 63 1091.67 1091.77 0.0975369
0 61 1106.68 1106.78 0.0975371
25 60 1095.23 1095.33 0.0975372
24 60 1097.66 1097.76 0.0975366
42 66 1095.05 1095.15 0.0975377
9 61 1090.24 1090.34 0.0975368
1 61 1187.51 1187.61 0.0975375
17 63 1186.74 1186.84 0.0975376
11 63 1151.67 1151.77 0.0975369
59 66 1169.64 1170.26 0.616458
17 63 1096.74 1096.84 0.0975376
20 63 1158.83 1158.93 0.102658
12 70 1168.97 1169.07 0.097538
36 72 1165.77 1168.07 2.30195
43 71 1099.36 1099.46 0.097538
6 73 1109.78 1109.88 0.0975377
13 63 1107.62 1107.72 0.0975372
26 60 1111.1 1111.19 0.0975372
1 61 1097.51 1097.61 0.0975375
54 62 1128.99 1129.32 0.328713
35 74 1108.94 1109.05 0.102659
49 62 1172.76 1172.85 0.0975381
0 61 1136.68 1136.78 0.0975371
22 60 1163.21 1165.51 2.30195
12 70 1108.97 1109.07 0.097538
42 66 1125.05 1125.15 0.0975377
7 67 1142.62 1142.73 0.102658
39 69 1123.71 1123.8 0.0975409
58 71 1125.87 1125.97 0.0975369
49 62 1112.76 1112.85 0.0975381
31 72 1149.18 1149.28 0.102657
23 60 1150.62 1150.72 0.102659
30 74 1113.61 1113.71 0.0975371
45 66 1112.94 1113.04 0.0975379
5 61 1140.55 1140.65 0.102658
52 74 1113.97 1114.07 0.10266
53 62 1151.27 1153.57 2.30196
50 62 1118.73 1118.83 0.102658
41 69 1112.22 1112.32 0.0975382
38 69 1167.09 1167.19 0.102657
46 65 1158.09 1160.4 2.30196
4 67 1110.49 1110.59 0.0975365
29 65 1156.04 1156.14 0.102657
27 75 1113.56 1113.65 0.0975378
11 63 1121.67 1121.77 0.0975369
3 73 1167.87 1170.17 2.30195
19 68 1117.27 1117.37 0.0975386
44 66 1157.28 1157.47 0.184834
14 70 1146.71 1149.01 2.30196
8 61 1125.37 1125.47 0.0975371
25 60 1125.23 1125.33 0.0975372
32 0 1167.43 0 -1167.43
15 70 1152.8 1152.91 0.102658
18 63 1116.01 1116.11 0.0975383
48 62 1122.9 1122.99 0.097537
40 69 1166.87 1169.17 2.30195
24 60 1127.66 1127.76 0.0975366
9 61 1120.24 1120.34 0.0975368
13 63 1137.62 1137.72 0.0975372
17 63 1126.74 1126.84 0.0975376
43 71 1129.36 1129.46 0.097538
28 65 1163.93 1164.03 0.102657
34 64 1164.71 1164.81 0.102656
55 0 1167.5 0 -1167.5
10 61 1169.41 1171.71 2.30196
54 62 1161.53 1161.86 0.328713
21 68 1157.56 1157.66 0.102657
1 61 1127.51 1127.61 0.0975375
37 62 1159.9 1160.23 0.32871
57 66 1160.47 1161.09 0.616455
33 64 1164.58 1166.89 2.30195
2 61 1162.55 1162.65 0.102657
51 0 1163.98 0 -1163.98
47 62 1163.87 1166.17 2.30195
35 74 1138.94 1139.05 0.102659
12 70 1138.97 1139.07 0.097538
6 73 1139.78 1139.88 0.0975377
59 66 1230.67 1231.29 0.616458
43 71 1159.36 1159.46 0.097538
1 61 1157.51 1157.61 0.0975375
24 60 1157.66 1157.76 0.0975366
44 66 1175.58 1175.68 0.102658
29 65 1166.2 1166.31 0.102657
17 63 1156.74 1156.84 0.0975376
37 62 1192.44 1192.77 0.32871
58 71 1185.87 1185.97 0.0975369
42 66 1185.05 1185.15 0.0975377
46 66 1385.99 1388.29 2.30196
18 63 1176.01 1176.11 0.0975383
53 62 1379.16 1381.47 2.30196
7 67 1173.16 1173.26 0.102658
56 73 1368.12 1370.42 2.30196
41 69 1172.22 1172.32 0.0975382
26 60 1171.1 1171.19 0.0975372
45 66 1172.94 1173.04 0.0975379
54 62 1194.07 1194.4 0.328713
33 64 1392.48 1392.58 0.102657
28 65 1194.46 1194.56 0.0975368
47 62 1391.76 1391.87 0.102658
34 64 1195.24 1195.34 0.0975361
6 73 1199.78 1199.88 0.0975377
16 63 1394.44 1394.54 0.102658
51 72 1391.87 1394.17 2.30196
3 73 1395.76 1398.07 2.30195
35 74 1198.94 1199.05 0.102659
55 68 1395.39 1397.7 2.30197
36 72 1393.66 1393.76 0.102658
0 61 1196.68 1196.78 0.0975371
38 69 1197.62 1197.72 0.0975374
10 61 1397.3 1399.61 2.30196
40 69 1394.76 1397.06 2.30195
13 63 1197.62 1197.72 0.0975372
32 64 1395.33 1397.63 2.30195
12 70 1198.97 1199.07 0.097538
