35 62 0.262365 2.56432 2.30195
6 0 5.68502 0 -5.68502
22 0 5.47321 0 -5.47321
46 0 0.37896 0 -0.37896
11 0 0.769483 0 -0.769483
49 62 0.905875 3.20784 2.30196
2 0 927.782 0 -927.782
7 0 927.695 0 -927.695
52 60 935.576 937.878 2.30197
29 60 1.62819 3.93015 2.30196
9 61 1.85408 4.15603 2.30195
42 0 2.1879 0 -2.1879
56 62 2.87488 5.17684 2.30196
33 0 4.11873 0 -4.11873
36 62 4.18553 6.48749 2.30196
15 60 4.16418 6.46614 2.30195
0 60 4.49965 6.80161 2.30196
38 0 1373.76 0 -1373.76
32 0 5.10022 0 -5.10022
44 0 5.12615 0 -5.12615
9 61 1141.85 1141.95 0.0975377
13 63 707.671 709.973 2.30195
59 62 708.2 710.502 2.30196
5 63 951.865 951.968 0.102659
53 0 5.16318 0 -5.16318
50 0 5.35064 0 -5.35064
40 0 5.99189 0 -5.99189
54 0 6.21203 0 -6.21203
38 0 6.39674 0 -6.39674
15 60 1054.16 1054.26 0.0975378
30 0 10.4017 0 -10.4017
21 61 8.96345 11.2654 2.30195
8 60 8.08633 10.3883 2.30195
10 60 11.0068 13.3088 2.30195
26 63 1390.36 1392.67 2.30196
25 0 11.3523 0 -11.3523
24 0 11.7695 0 -11.7695
12 0 12.0161 0 -12.0161
45 0 1396.62 0 -1396.62
3 0 12.2267 0 -12.2267
18 63 946.655 946.753 0.0975376
19 61 12.2723 14.5743 2.30195
58 0 12.3296 0 -12.3296
0 60 1054.5 1054.6 0.0975395
13 63 1391.35 1391.45 0.102658
57 0 13.1574 0 -13.1574
43 0 13.1583 0 -13.1583
13 0 935.564 0 -935.564
17 61 1068.68 1068.78 0.0975386
27 0 13.29 0 -13.29
52 0 707.683 0 -707.683
4 60 711.152 713.454 2.30195
16 60 926.094 928.396 2.30195
16 60 14.5213 16.8233 2.30195
7 61 16.1218 18.4237 2.30195
23 0 15.4703 0 -15.4703
2 61 16.2092 18.5111 2.30195
1 63 1047.66 1047.76 0.0975378
18 63 16.6554 18.9573 2.30195
28 62 17.7916 20.0936 2.30197
48 0 18.6898 0 -18.6898
26 60 23.0043 25.3063 2.30196
17 61 18.6831 20.9851 2.30195
55 63 937.933 940.235 2.30196
14 63 19.017 21.319 2.30196
5 63 21.8652 24.1672 2.30196
37 62 19.9034 22.2054 2.30195
39 62 21.6093 23.9112 2.30196
0 60 1174.5 1174.6 0.10266
13 63 23.9914 26.2934 2.30195
52 62 24.0031 26.305 2.30196
47 0 1396.83 0 -1396.83
31 0 1392.91 0 -1392.91
5 63 1071.87 1071.96 0.0975391
15 60 934.164 934.262 0.0975377
20 60 25.1175 27.4194 2.30195
59 0 24.5205 0 -24.5205
51 0 711.886 0 -711.886
31 0 25.5548 0 -25.5548
41 0 26.6303 0 -26.6303
55 0 26.3596 0 -26.3596
1 63 711.338 713.64 2.30195
34 62 27.6818 29.9838 2.30195
4 60 27.4724 29.7743 2.30195
1 63 27.6578 29.9598 2.30195
5 63 1041.87 1041.96 0.0975391
51 62 28.2067 30.5086 2.30196
45 0 29.2557 0 -29.2557
47 0 29.4739 0 -29.4739
17 61 246.576 248.878 2.30195
37 62 247.797 250.099 2.30195
13 63 251.885 254.187 2.30195
52 62 251.896 254.198 2.30196
28 0 473.578 0 -473.578
4 60 255.366 257.668 2.30195
54 0 461.999 0 -461.999
8 60 463.873 466.175 2.30195
1 63 483.444 485.746 2.30195
14 63 246.91 249.212 2.30196
31 0 253.448 0 -253.448
25 0 467.139 0 -467.139
45 62 485.042 487.344 2.30197
34 62 255.575 257.877 2.30195
1 63 255.551 257.853 2.30195
47 0 257.367 0 -257.367
42 0 457.974 0 -457.974
12 63 467.803 470.105 2.30195
59 0 480.307 0 -480.307
41 62 482.417 484.719 2.30196
39 63 249.503 251.804 2.30196
48 62 474.476 476.778 2.30196
51 62 256.1 258.402 2.30196
41 62 254.524 256.826 2.30196
38 0 462.183 0 -462.183
55 0 254.253 0 -254.253
51 0 483.993 0 -483.993
24 0 467.556 0 -467.556
48 62 246.583 248.885 2.30196
26 0 250.898 0 -250.898
14 63 474.804 477.105 2.30196
59 62 252.414 254.716 2.30196
20 60 253.011 255.313 2.30195
10 60 466.793 469.095 2.30195
5 63 249.758 252.06 2.30196
45 62 257.149 259.451 2.30197
3 63 468.013 470.315 2.30195
5 63 477.652 479.954 2.30196
35 62 228.156 230.458 2.30195
46 0 228.272 0 -228.272
11 0 228.663 0 -228.663
49 0 228.799 0 -228.799
29 60 229.521 231.823 2.30196
9 61 229.747 232.049 2.30195
42 0 230.081 0 -230.081
56 62 230.768 233.07 2.30196
33 0 232.012 0 -232.012
15 60 232.057 234.359 2.30195
36 0 232.079 0 -232.079
0 60 232.393 234.695 2.30196
32 0 232.993 0 -232.993
44 0 233.019 0 -233.019
53 0 233.056 0 -233.056
50 0 233.244 0 -233.244
22 61 233.366 235.668 2.30195
6 0 233.578 0 -233.578
40 0 233.885 0 -233.885
54 0 234.105 0 -234.105
38 0 234.29 0 -234.29
8 60 235.98 238.282 2.30195
21 60 236.857 239.159 2.30195
30 0 238.295 0 -238.295
10 60 238.9 241.202 2.30195
25 0 239.245 0 -239.245
24 0 239.663 0 -239.663
12 0 239.909 0 -239.909
3 0 240.12 0 -240.12
19 61 240.166 242.468 2.30195
58 0 240.223 0 -240.223
57 63 241.051 243.353 2.30195
43 0 241.052 0 -241.052
27 0 241.183 0 -241.183
16 60 242.415 244.717 2.30195
23 0 243.364 0 -243.364
7 61 244.015 246.317 2.30195
2 61 244.102 246.404 2.30195
18 63 244.549 246.851 2.30195
28 0 245.685 0 -245.685
4 60 1394.83 1394.93 0.102658
18 63 1036.66 1036.75 0.0975376
40 0 461.778 0 -461.778
6 0 461.472 0 -461.472
22 61 461.26 463.562 2.30195
50 0 461.137 0 -461.137
53 0 460.95 0 -460.95
35 62 1050.26 1050.36 0.0975372
44 62 460.913 463.215 2.30197
32 0 460.887 0 -460.887
0 63 460.286 462.588 2.30196
36 62 459.972 462.274 2.30196
15 60 459.951 462.253 2.30195
33 0 459.905 0 -459.905
56 0 458.661 0 -458.661
9 61 457.641 459.943 2.30195
29 0 457.415 0 -457.415
49 62 456.692 458.994 2.30196
11 61 456.556 458.858 2.30195
46 0 456.165 0 -456.165
35 62 456.049 458.351 2.30195
21 60 1058.96 1059.06 0.0975381
52 0 479.79 0 -479.79
55 62 482.146 484.448 2.30197
47 0 485.26 0 -485.26
55 60 710.039 712.341 2.30197
20 60 708.797 711.099 2.30195
47 62 713.154 715.456 2.30196
21 60 464.75 467.052 2.30195
34 62 483.468 485.77 2.30195
19 61 468.059 470.361 2.30195
43 0 468.945 0 -468.945
58 0 468.116 0 -468.116
31 60 709.235 711.537 2.30196
13 63 479.778 482.08 2.30195
37 62 475.69 477.992 2.30195
20 60 480.904 483.206 2.30195
26 0 478.791 0 -478.791
31 0 481.341 0 -481.341
45 0 712.935 0 -712.935
18 63 472.442 474.744 2.30195
57 0 468.944 0 -468.944
7 61 471.908 474.21 2.30195
27 0 469.076 0 -469.076
2 61 471.996 474.298 2.30195
16 60 470.308 472.61 2.30195
4 60 483.259 485.561 2.30195
17 61 474.47 476.772 2.30195
39 62 477.396 479.698 2.30196
31 60 937.128 939.43 2.30196
30 0 466.188 0 -466.188
23 0 471.257 0 -471.257
12 63 923.589 925.891 2.30195
15 60 964.164 964.262 0.0975377
41 62 710.31 712.612 2.30196
27 0 924.863 0 -924.863
35 62 930.262 930.36 0.0975372
35 62 683.942 686.244 2.30195
46 63 684.059 686.361 2.30197
11 0 684.449 0 -684.449
49 63 684.586 686.888 2.30196
29 0 685.308 0 -685.308
9 61 685.534 687.836 2.30195
42 63 685.868 688.17 2.30197
56 0 686.555 0 -686.555
33 0 687.798 0 -687.798
15 60 687.844 690.146 2.30195
36 0 687.865 0 -687.865
0 60 688.179 690.481 2.30196
32 0 688.78 0 -688.78
44 0 688.806 0 -688.806
53 0 688.843 0 -688.843
50 0 689.03 0 -689.03
22 0 689.153 0 -689.153
6 0 689.365 0 -689.365
40 0 689.672 0 -689.672
54 0 689.892 0 -689.892
38 62 690.076 692.378 2.30195
8 0 691.766 0 -691.766
21 61 692.643 694.945 2.30195
30 0 694.081 0 -694.081
10 60 694.687 696.988 2.30195
25 0 695.032 0 -695.032
24 0 695.449 0 -695.449
12 63 695.696 697.998 2.30195
3 63 695.906 698.208 2.30195
19 0 695.952 0 -695.952
58 0 696.009 0 -696.009
57 0 696.837 0 -696.837
43 0 696.838 0 -696.838
27 0 696.97 0 -696.97
16 60 698.201 700.503 2.30195
23 60 699.15 701.452 2.30196
7 61 699.802 702.103 2.30195
2 61 699.889 702.191 2.30195
18 63 700.335 702.637 2.30195
28 0 701.471 0 -701.471
17 61 702.363 704.665 2.30195
48 0 702.37 0 -702.37
14 60 702.697 704.999 2.30196
37 62 703.583 705.885 2.30195
39 0 705.289 0 -705.289
5 61 705.545 707.847 2.30196
26 0 706.684 0 -706.684
17 61 1038.68 1038.78 0.0975386
9 61 1051.85 1051.95 0.0975377
25 63 1378.71 1381.01 2.30196
34 62 711.362 713.664 2.30195
18 63 1066.66 1066.75 0.0975376
58 0 923.903 0 -923.903
1 63 987.658 987.755 0.0975378
43 0 924.731 0 -924.731
35 62 990.262 990.36 0.0975372
5 63 933.438 933.541 0.102659
35 62 960.262 960.36 0.0975372
59 62 936.094 938.395 2.30196
10 60 1378.37 1378.47 0.102658
26 0 934.577 0 -934.577
46 0 1367.74 0 -1367.74
1 63 939.231 939.333 0.102658
20 60 936.69 938.992 2.30195
41 62 938.203 940.505 2.30196
34 63 1395.04 1397.34 2.30197
21 60 968.963 969.061 0.0975381
28 0 929.365 0 -929.365
18 63 976.655 976.753 0.0975376
20 60 1195.12 1195.22 0.0975379
0 60 964.5 964.597 0.0975395
9 61 961.854 961.952 0.0975377
45 0 940.829 0 -940.829
0 60 934.5 934.602 0.10266
3 63 923.8 926.102 2.30195
57 63 924.73 927.032 2.30195
32 0 1372.46 0 -1372.46
23 0 927.043 0 -927.043
14 61 930.59 932.892 2.30196
39 63 933.182 935.484 2.30196
49 63 1368.27 1370.57 2.30196
47 0 941.047 0 -941.047
19 61 923.845 926.147 2.30195
18 63 928.228 928.331 0.102658
48 62 930.263 932.565 2.30196
17 61 948.683 948.786 0.102659
4 61 939.045 941.347 2.30196
9 61 931.854 931.952 0.0975377
51 62 939.78 942.082 2.30196
40 0 1373.35 0 -1373.35
21 60 938.963 939.066 0.102658
17 61 930.256 930.359 0.102659
37 62 931.476 933.778 2.30195
53 0 1372.52 0 -1372.52
34 62 939.255 941.557 2.30195
1 63 957.658 957.76 0.102658
17 61 1158.68 1158.78 0.0975386
35 62 1140.26 1140.36 0.0975372
35 62 911.835 911.938 0.102657
46 0 911.952 0 -911.952
11 61 912.342 914.644 2.30195
49 0 912.479 0 -912.479
29 0 913.201 0 -913.201
9 61 913.427 913.53 0.102658
42 62 913.761 916.063 2.30196
56 0 914.448 0 -914.448
33 0 915.692 0 -915.692
15 60 915.737 915.84 0.102658
36 62 915.759 918.06 2.30196
0 60 916.073 916.175 0.10266
32 0 916.673 0 -916.673
44 62 916.699 919.001 2.30197
53 0 916.736 0 -916.736
50 63 916.924 919.226 2.30196
22 0 917.046 0 -917.046
6 0 917.258 0 -917.258
40 0 917.565 0 -917.565
54 60 917.785 920.087 2.30196
38 0 917.97 0 -917.97
8 60 919.659 921.961 2.30195
21 61 920.536 920.639 0.102658
30 0 921.975 0 -921.975
10 0 922.58 0 -922.58
25 0 922.925 0 -922.925
24 0 923.343 0 -923.343
17 61 978.683 978.781 0.0975386
9 61 991.854 991.952 0.0975377
5 63 981.865 981.968 0.102659
35 62 1170.26 1170.36 0.0975372
17 61 1188.68 1188.78 0.0975386
56 62 1370.23 1372.54 2.30196
55 60 1393.72 1396.02 2.30197
54 0 1373.57 0 -1373.57
21 60 998.963 999.061 0.0975381
0 60 994.5 994.597 0.0975395
21 60 1178.96 1179.06 0.0975381
15 60 994.164 994.262 0.0975377
33 0 1371.48 0 -1371.48
18 63 1006.66 1006.75 0.0975376
21 60 1148.96 1149.06 0.0975381
9 60 1171.85 1171.95 0.097539
1 63 1017.66 1017.76 0.0975378
9 61 1021.85 1021.95 0.0975377
22 61 1372.83 1375.13 2.30195
17 61 1008.68 1008.78 0.0975386
15 60 1174.16 1174.26 0.0975378
5 63 1011.87 1011.96 0.0975391
35 62 1020.26 1020.36 0.0975372
50 0 1372.71 0 -1372.71
42 0 1369.55 0 -1369.55
0 60 1024.5 1024.6 0.0975395
18 60 1156.66 1156.75 0.0975407
21 60 1028.96 1029.06 0.0975381
15 60 1024.16 1024.26 0.0975378
35 62 1080.26 1080.36 0.0975372
9 61 1081.85 1081.95 0.0975377
1 63 1167.66 1167.76 0.0975378
1 63 1077.66 1077.76 0.0975378
41 62 1176.26 1176.36 0.102659
18 63 1096.66 1096.75 0.0975376
11 61 1140.24 1142.54 2.30195
0 60 1084.5 1084.6 0.0975395
49 63 1140.37 1142.67 2.30196
46 62 1139.85 1142.15 2.30197
29 0 1141.09 0 -1141.09
5 63 1101.87 1101.97 0.102659
0 60 1144.5 1144.6 0.0975395
15 60 1084.16 1084.26 0.0975378
21 60 1088.96 1089.06 0.0975381
5 63 1161.87 1161.96 0.0975391
51 0 1167.67 0 -1167.67
1 63 1107.66 1107.76 0.0975378
58 0 1151.8 0 -1151.8
6 61 1373.04 1375.35 2.30195
17 61 1098.68 1098.78 0.0975386
42 0 1141.65 0 -1141.65
33 0 1143.58 0 -1143.58
18 63 1126.66 1126.75 0.0975376
9 61 1111.85 1111.95 0.0975377
35 62 1110.26 1110.36 0.0975372
37 62 1159.37 1159.47 0.102658
32 0 1144.57 0 -1144.57
2 0 1155.68 0 -1155.68
27 0 1152.76 0 -1152.76
56 0 1142.34 0 -1142.34
14 63 1158.48 1160.79 2.30196
22 61 1144.94 1147.24 2.30195
44 0 1144.59 0 -1144.59
53 0 1144.63 0 -1144.63
0 60 1114.5 1114.6 0.0975395
34 61 1167.15 1169.45 2.30197
39 63 1161.08 1163.38 2.30196
26 63 1162.47 1164.77 2.30196
43 0 1152.62 0 -1152.62
4 60 1166.94 1169.24 2.30195
50 61 1144.82 1147.12 2.30196
7 0 1155.59 0 -1155.59
28 61 1157.26 1159.56 2.30196
23 60 1154.94 1157.24 2.30196
36 0 1143.65 0 -1143.65
15 60 1114.16 1114.26 0.0975378
16 61 1153.99 1154.09 0.10266
6 61 1145.15 1147.45 2.30195
30 0 1149.87 0 -1149.87
57 0 1152.62 0 -1152.62
45 0 1168.72 0 -1168.72
11 61 1368.13 1370.43 2.30195
54 0 1145.68 0 -1145.68
38 63 1145.86 1148.16 2.30197
40 0 1145.46 0 -1145.46
21 60 1118.96 1119.06 0.0975381
8 60 1147.55 1147.66 0.102657
5 63 1131.87 1131.96 0.0975391
25 0 1150.82 0 -1150.82
24 0 1151.24 0 -1151.24
10 60 1150.47 1152.77 2.30195
3 63 1151.69 1153.99 2.30195
19 61 1151.74 1154.04 2.30195
12 63 1151.48 1153.78 2.30195
41 62 1166.1 1166.2 0.102659
37 62 1189.9 1190 0.0975378
15 60 1144.16 1144.26 0.0975378
1 63 1137.66 1137.76 0.0975378
47 0 1168.94 0 -1168.94
48 62 1158.16 1160.46 2.30196
17 61 1128.68 1128.78 0.0975386
29 0 1368.99 0 -1368.99
52 0 1163.47 0 -1163.47
59 0 1163.99 0 -1163.99
13 63 1163.46 1165.76 2.30195
31 60 1165.02 1167.32 2.30196
55 0 1165.83 0 -1165.83
20 60 1164.58 1164.69 0.102658
44 0 1372.49 0 -1372.49
8 60 1178.09 1178.18 0.0975369
39 62 1388.97 1391.27 2.30196
27 60 1380.65 1382.95 2.30196
36 62 1371.55 1373.85 2.30196
7 0 1383.48 0 -1383.48
43 62 1380.52 1382.82 2.30197
18 63 1186.66 1186.75 0.0975376
16 60 1184.52 1184.62 0.0975373
14 63 1386.38 1386.48 0.10266
2 61 1383.57 1385.87 2.30195
28 63 1385.15 1387.45 2.30196
30 63 1377.76 1380.06 2.30196
48 62 1386.05 1386.38 0.328712
23 60 1382.83 1385.13 2.30196
5 63 1191.87 1191.96 0.0975391
59 62 1391.88 1394.18 2.30196
12 63 1379.38 1379.48 0.102657
3 63 1379.59 1379.69 0.102657
24 60 1379.13 1381.43 2.30196
58 0 1379.69 0 -1379.69
57 63 1380.52 1382.82 2.30195
19 61 1379.63 1379.73 0.102658
41 62 1196.63 1196.73 0.0975393
51 0 1395.57 0 -1395.57
52 62 1391.36 1393.66 2.30196
1 63 1197.66 1197.76 0.0975378
