6 20 2.65259 4.95454 2.30195
13 22 3.22945 5.5314 2.30195
18 31 4.56523 6.86719 2.30195
19 25 6.85615 9.15811 2.30195
14 22 10.7183 13.0203 2.30195
3 20 7.91436 10.2163 2.30195
2 20 10.4297 12.7316 2.30195
16 27 12.1936 14.4956 2.30195
4 20 13.5516 15.8536 2.30195
0 23 13.1968 15.4988 2.30195
5 24 18.6634 20.9653 2.30195
12 21 17.6377 19.9396 2.30195
17 30 14.0155 16.3175 2.30195
7 20 15.139 17.441 2.30195
8 23 16.9324 19.2343 2.30195
15 26 983.981 984.084 0.102657
15 26 21.5684 23.8703 2.30195
1 20 22.8532 25.1551 2.30195
9 29 26.2932 28.5952 2.30195
1 20 1162.32 1162.42 0.102656
11 21 29.6597 31.9617 2.30195
10 28 26.7826 29.0846 2.30195
15 26 249.462 251.764 2.30195
13 22 1023.23 1023.33 0.102659
10 28 254.676 256.978 2.30195
6 20 230.546 232.848 2.30195
13 22 231.123 233.425 2.30195
18 31 232.458 234.76 2.30195
19 25 234.749 237.051 2.30195
3 20 235.808 238.11 2.30195
2 20 238.323 240.625 2.30195
14 22 238.612 240.914 2.30195
16 27 240.087 242.389 2.30195
0 23 241.09 243.392 2.30195
4 24 241.445 243.747 2.30195
17 30 241.909 244.211 2.30195
7 20 243.032 245.334 2.30195
8 23 244.826 247.128 2.30195
12 21 245.531 247.833 2.30195
5 24 246.557 248.859 2.30195
1 20 250.746 253.048 2.30195
9 29 254.186 256.488 2.30195
11 21 257.553 259.855 2.30195
8 23 472.719 475.021 2.30195
9 29 482.08 484.382 2.30195
4 20 469.338 471.64 2.30195
1 20 478.64 480.942 2.30195
14 22 466.505 468.807 2.30195
10 28 482.569 484.871 2.30195
2 20 466.216 468.518 2.30195
0 23 468.983 471.285 2.30195
5 24 474.45 476.752 2.30195
15 26 477.355 479.657 2.30195
16 27 467.98 470.282 2.30195
11 21 485.446 487.748 2.30195
6 20 458.439 460.741 2.30195
13 22 459.016 461.318 2.30195
18 31 460.352 462.654 2.30195
19 25 462.643 464.945 2.30195
3 20 463.701 466.003 2.30195
15 26 705.248 707.55 2.30195
1 20 706.533 708.835 2.30195
12 21 473.424 475.726 2.30195
7 20 470.926 473.227 2.30195
17 30 469.802 472.104 2.30195
10 28 710.462 712.764 2.30195
6 20 686.332 688.634 2.30195
13 22 686.909 689.211 2.30195
18 31 688.245 690.547 2.30195
19 25 690.536 692.838 2.30195
3 20 691.594 693.896 2.30195
2 20 694.109 696.411 2.30195
14 22 694.398 696.7 2.30195
16 27 695.873 698.175 2.30195
0 23 696.877 699.179 2.30195
4 24 697.231 699.533 2.30195
17 30 697.695 699.997 2.30195
7 25 698.819 701.121 2.30196
8 29 700.612 702.914 2.30196
12 21 701.317 703.619 2.30195
5 24 702.343 704.645 2.30195
9 29 709.973 712.275 2.30195
15 26 933.141 933.47 0.328705
12 21 929.211 929.313 0.102658
11 21 713.339 715.641 2.30195
7 20 926.712 929.014 2.30195
17 30 944.016 944.118 0.102658
8 23 928.505 928.608 0.102658
5 20 930.236 930.421 0.184834
19 25 936.856 936.959 0.102658
10 28 938.356 940.658 2.30195
0 23 1153.2 1153.29 0.0975377
6 20 914.226 914.41 0.184833
13 22 914.802 914.987 0.184835
18 31 916.138 916.323 0.184834
19 25 918.429 918.532 0.102658
3 20 919.487 921.789 2.30195
2 20 922.003 922.105 0.102657
14 22 922.291 922.62 0.328705
16 27 923.767 923.869 0.102658
0 23 924.77 924.872 0.102658
4 20 925.125 925.227 0.102657
17 30 925.589 925.691 0.102658
13 22 933.229 933.332 0.102659
9 29 937.866 937.969 0.102658
11 21 941.233 941.418 0.184834
1 20 934.426 936.728 2.30195
18 31 934.565 934.668 0.102658
5 24 948.663 948.766 0.102658
9 29 956.293 956.396 0.102658
6 20 932.653 932.755 0.102657
12 21 947.638 947.735 0.0975375
14 22 954.833 954.936 0.102657
14 22 1090.72 1090.82 0.0975374
2 20 940.43 940.532 0.102657
2 20 970.43 970.532 0.102657
16 27 942.194 942.296 0.102658
4 20 943.552 943.654 0.102657
8 23 946.932 947.035 0.102658
0 23 943.197 943.299 0.102658
12 21 977.638 977.74 0.102658
18 31 964.565 964.668 0.102658
17 30 974.016 974.118 0.102658
9 29 1016.29 1016.4 0.102658
13 22 963.229 963.327 0.0975389
19 25 966.856 966.959 0.102658
15 26 965.683 965.868 0.184833
1 20 1172.48 1172.59 0.102656
14 22 1000.72 1000.82 0.102657
11 21 959.66 959.834 0.174594
0 23 973.197 973.299 0.102658
16 27 1002.19 1002.29 0.0975379
6 20 962.653 962.75 0.0975373
9 29 986.293 986.396 0.102658
5 24 978.663 978.761 0.097538
8 23 976.932 977.035 0.102658
6 20 1022.65 1022.75 0.0975373
14 22 970.718 970.821 0.102657
16 27 972.194 972.291 0.0975379
4 20 973.552 973.654 0.102657
18 31 994.565 994.668 0.102658
13 22 993.229 993.332 0.102659
4 20 1003.55 1003.65 0.0975373
19 25 996.856 996.959 0.102658
11 21 989.66 989.762 0.102658
17 30 1034.02 1034.11 0.0975378
6 20 992.653 992.75 0.0975373
5 24 1008.66 1008.77 0.102658
12 21 1007.64 1007.74 0.102658
2 20 1000.43 1000.53 0.102657
14 22 1030.72 1030.82 0.102657
18 31 1054.57 1054.67 0.102658
0 23 1003.2 1003.29 0.0975377
17 30 1004.02 1004.12 0.102658
8 23 1006.93 1007.03 0.097538
9 29 1166.29 1166.39 0.0975376
11 21 1019.66 1019.76 0.102658
4 20 1033.55 1033.65 0.0975373
2 20 1030.43 1030.53 0.102657
8 23 1036.93 1037.03 0.097538
15 26 1011.57 1011.67 0.102657
2 20 1060.43 1060.53 0.0975375
0 23 1033.2 1033.29 0.0975377
19 25 1026.86 1026.95 0.0975382
12 21 1067.64 1067.74 0.0975375
18 31 1024.57 1024.67 0.102658
16 27 1032.19 1032.29 0.0975379
5 24 1038.66 1038.77 0.102658
12 21 1037.64 1037.74 0.102658
4 20 1063.55 1063.65 0.0975373
13 22 1053.23 1053.33 0.102659
8 23 1066.93 1067.03 0.097538
9 29 1046.29 1046.39 0.0975376
14 22 1060.72 1060.82 0.0975374
11 21 1049.66 1049.76 0.102658
13 22 1083.23 1083.33 0.102659
17 30 1064.02 1064.11 0.0975378
11 21 1109.66 1109.76 0.0975385
15 26 1041.57 1041.67 0.102657
5 24 1068.66 1068.77 0.102658
19 25 1056.86 1056.95 0.0975382
6 20 1052.65 1052.76 0.102657
0 23 1093.2 1093.29 0.0975377
18 31 1084.57 1084.66 0.0975382
3 20 1147.38 1147.57 0.184835
8 23 1096.93 1097.03 0.097538
17 30 1094.02 1094.11 0.0975378
0 23 1063.2 1063.29 0.0975377
16 27 1062.19 1062.29 0.0975379
9 29 1106.29 1106.39 0.0975376
19 25 1086.86 1086.95 0.0975382
4 20 1183.55 1183.65 0.0975373
16 27 1092.19 1092.29 0.0975379
14 22 1120.72 1120.82 0.0975374
12 21 1097.64 1097.74 0.0975375
9 29 1076.29 1076.39 0.0975376
11 21 1079.66 1079.76 0.102658
15 26 1071.57 1071.67 0.102657
5 24 1128.66 1128.76 0.097538
2 20 1090.43 1090.53 0.0975375
17 30 1124.02 1124.11 0.0975378
6 20 1082.65 1082.76 0.102657
3 20 1165.68 1165.78 0.102659
12 21 1127.64 1127.74 0.0975375
5 24 1098.66 1098.77 0.102658
17 30 1154.02 1154.11 0.0975378
13 22 1113.23 1113.33 0.0975389
4 20 1093.55 1093.65 0.0975373
2 20 1120.43 1120.53 0.0975375
11 21 1139.66 1139.76 0.0975385
16 27 1122.19 1122.29 0.0975379
13 22 1143.23 1143.33 0.0975389
4 20 1153.55 1153.65 0.0975373
4 20 1123.55 1123.65 0.0975373
12 21 1157.64 1157.74 0.0975375
19 25 1116.86 1116.95 0.0975382
18 31 1114.57 1114.66 0.0975382
15 26 1101.57 1101.67 0.0975372
7 20 1154.61 1154.71 0.102656
6 20 1112.65 1112.76 0.102657
16 27 1152.19 1152.29 0.0975379
0 23 1123.2 1123.29 0.0975377
14 22 1150.72 1150.82 0.0975374
10 28 1166.25 1166.35 0.102659
8 23 1126.93 1127.03 0.097538
9 29 1136.29 1136.39 0.0975376
18 31 1144.57 1144.66 0.0975382
15 26 1131.57 1131.67 0.0975372
5 24 1158.66 1158.76 0.097538
6 20 1142.65 1142.76 0.102657
7 20 1164.77 1164.87 0.102656
19 25 1176.86 1176.95 0.0975382
2 20 1150.43 1150.53 0.0975375
19 25 1146.86 1146.95 0.0975382
8 23 1156.93 1157.03 0.097538
13 22 1173.23 1173.33 0.0975389
15 26 1161.57 1161.67 0.0975372
3 20 1177.91 1178.02 0.102659
11 21 1169.66 1169.76 0.0975385
6 20 1172.65 1172.76 0.102657
10 28 1196.78 1196.88 0.0975386
14 22 1180.72 1180.82 0.0975374
5 24 1188.66 1188.76 0.097538
0 23 1183.2 1183.29 0.0975377
18 31 1174.57 1174.66 0.0975382
17 30 1184.02 1184.11 0.0975378
12 21 1187.64 1187.74 0.0975375
11 21 1199.66 1199.76 0.0975385
9 29 1196.29 1196.39 0.0975376
16 27 1182.19 1182.29 0.0975379
2 20 1180.43 1180.53 0.0975375
7 20 1185.14 1185.24 0.102656
8 23 1186.93 1187.03 0.097538
1 20 1192.85 1192.96 0.102656
15 26 1191.57 1191.67 0.0975372
