16 40 0.423624 2.72558 2.30195
36 56 0.880319 3.18227 2.30195
9 43 4.58109 6.88305 2.30195
34 54 6.53255 8.8345 2.30195
37 45 1060.78 1060.88 0.0975374
21 41 1056.9 1057 0.0975374
1 42 692.175 694.477 2.30195
14 45 1.04868 3.35064 2.30196
7 46 693.791 696.093 2.30195
24 48 2.28436 4.58631 2.30196
12 40 2.95521 5.25716 2.30195
29 49 1143.75 1143.84 0.0975373
29 49 3.74641 6.04836 2.30195
27 41 4.19485 6.4968 2.30195
31 47 699.507 701.809 2.30195
21 41 6.90326 9.20522 2.30195
1 42 8.49521 10.7972 2.30195
28 49 7.63417 9.93612 2.30195
26 41 7.94248 10.2444 2.30195
38 53 7.72034 10.0223 2.30195
33 60 1159.14 1159.23 0.0975374
1 42 1148.5 1148.59 0.0975373
1 42 998.495 998.598 0.102657
21 41 1146.9 1147 0.0975374
36 56 684.56 686.862 2.30195
13 44 693.393 695.695 2.30195
7 46 10.1113 12.4133 2.30195
13 44 9.71323 12.0152 2.30195
26 41 1057.94 1058.04 0.0975369
15 40 12.0626 14.3645 2.30195
37 45 10.7798 13.0818 2.30195
8 50 11.9909 14.2929 2.30195
10 46 1043 1043.1 0.0975382
31 47 927.4 927.503 0.102658
39 55 699.28 701.582 2.30195
20 57 1071.03 1071.13 0.097537
16 40 684.103 686.405 2.30195
19 44 12.7904 15.0924 2.30195
6 42 13.7787 16.0807 2.30195
31 47 15.8272 18.1292 2.30195
33 60 19.1354 21.4373 2.30195
6 42 697.458 699.76 2.30195
39 55 15.6006 17.9025 2.30195
23 48 16.9024 19.2044 2.30195
30 59 19.145 21.4469 2.30195
26 41 691.622 693.924 2.30195
3 43 18.3051 20.6071 2.30195
0 42 20.7704 23.0723 2.30195
35 45 18.7563 21.0582 2.30195
24 41 685.964 688.266 2.30195
11 44 20.7551 23.057 2.30195
17 45 20.0099 22.3119 2.30195
38 53 691.4 693.702 2.30195
2 52 20.239 22.5409 2.30195
20 57 21.0315 23.3334 2.30195
6 42 1063.78 1063.88 0.0975378
10 46 23.0032 25.3051 2.30195
4 43 22.7834 25.0854 2.30195
4 43 1042.78 1042.88 0.0975378
5 51 1197.15 1197.25 0.0975377
22 48 24.9541 27.256 2.30195
32 47 24.1698 26.4717 2.30195
18 40 26.6853 28.9873 2.30195
12 44 686.635 688.937 2.30196
5 51 27.1475 29.4495 2.30195
24 41 992.284 992.387 0.102658
25 58 1047.88 1047.99 0.102657
25 58 27.8828 30.1848 2.30195
4 43 250.677 252.979 2.30195
30 59 247.038 249.34 2.30195
20 57 248.925 251.227 2.30195
25 58 255.776 258.078 2.30195
34 54 690.212 692.514 2.30195
21 41 690.583 692.885 2.30195
31 47 471.614 473.916 2.30195
33 60 247.029 249.331 2.30195
14 45 684.728 687.03 2.30196
2 52 248.132 250.434 2.30195
17 45 247.903 250.205 2.30195
10 46 706.683 708.985 2.30195
0 42 704.45 706.752 2.30195
35 45 246.65 248.951 2.30195
34 54 1056.53 1056.63 0.0975364
18 40 254.579 256.881 2.30195
4 43 706.463 708.765 2.30195
21 48 462.69 464.992 2.30196
20 48 704.711 707.013 2.30196
6 42 469.565 471.867 2.30195
11 44 704.435 706.737 2.30195
2 50 703.919 706.221 2.30195
17 45 703.69 705.992 2.30195
1 42 1058.5 1058.59 0.0975373
10 46 250.896 253.198 2.30195
22 48 252.847 255.149 2.30195
16 40 228.317 230.619 2.30195
36 56 228.774 231.076 2.30195
14 40 228.942 231.244 2.30195
24 41 230.178 232.48 2.30195
12 0 230.848 0 -230.848
29 49 231.64 233.942 2.30195
27 41 232.088 234.39 2.30195
9 43 232.474 234.776 2.30195
34 54 234.426 236.728 2.30195
21 41 234.797 237.098 2.30195
28 49 235.527 237.829 2.30195
38 53 235.614 237.916 2.30195
26 41 235.836 238.138 2.30195
1 42 236.388 238.69 2.30195
13 44 237.606 239.908 2.30195
7 46 238.005 240.307 2.30195
37 45 238.673 240.975 2.30195
8 50 239.884 242.186 2.30195
15 40 239.956 242.258 2.30195
19 44 240.684 242.986 2.30195
6 42 241.672 243.974 2.30195
39 55 243.494 245.796 2.30195
31 47 243.72 246.022 2.30195
23 48 244.796 247.098 2.30195
3 43 246.198 248.5 2.30195
0 42 248.664 250.966 2.30195
11 44 248.648 250.95 2.30195
32 47 252.063 254.365 2.30195
12 40 1160.72 1160.82 0.102658
24 41 1172.28 1172.38 0.0975382
9 43 1054.58 1054.68 0.097537
28 0 691.314 0 -691.314
37 45 1180.78 1180.88 0.0975374
36 56 1050.88 1050.98 0.0975369
8 50 1151.99 1152.09 0.0975382
19 40 696.47 698.772 2.30195
5 51 255.041 257.343 2.30195
29 49 687.426 689.728 2.30195
24 41 1052.28 1052.38 0.0975382
15 40 1002.06 1002.16 0.0975374
15 40 695.742 698.044 2.30195
26 41 463.729 466.031 2.30195
33 60 1069.14 1069.23 0.0975374
38 53 997.72 997.818 0.0975375
8 50 1001.99 1002.09 0.102658
34 54 1146.53 1146.63 0.0975364
8 50 695.671 697.973 2.30195
20 57 1191.03 1191.13 0.097537
9 43 688.261 690.563 2.30195
10 46 478.79 481.092 2.30195
15 40 1152.06 1152.16 0.0975374
37 45 694.46 696.762 2.30195
31 47 1155.83 1155.92 0.0975376
27 49 687.875 690.177 2.30196
38 53 463.507 465.809 2.30195
1 42 464.282 466.584 2.30195
3 43 474.092 476.394 2.30195
5 51 710.827 713.129 2.30195
28 49 463.421 465.723 2.30195
33 60 702.815 705.117 2.30195
23 48 700.582 702.884 2.30195
34 54 462.319 464.621 2.30195
35 45 702.436 704.738 2.30195
3 43 701.985 704.287 2.30195
18 40 482.472 484.774 2.30195
5 51 482.934 485.236 2.30195
30 59 702.825 705.127 2.30195
38 53 937.72 937.823 0.102657
20 57 476.818 479.12 2.30195
11 44 476.542 478.844 2.30195
16 40 456.21 458.512 2.30195
36 56 456.667 458.969 2.30195
14 40 456.835 459.137 2.30195
24 41 458.071 460.373 2.30195
12 40 458.742 461.044 2.30195
29 49 459.533 461.835 2.30195
27 41 459.981 462.283 2.30195
9 43 460.368 462.67 2.30195
37 45 1000.78 1000.88 0.0975374
25 58 711.563 713.865 2.30195
39 55 1155.6 1155.7 0.0975366
32 47 1074.17 1074.27 0.102658
29 49 1053.75 1053.85 0.102657
13 44 465.5 467.802 2.30195
7 46 465.898 468.2 2.30195
37 45 466.566 468.868 2.30195
15 40 467.849 470.151 2.30195
39 55 1065.6 1065.7 0.0975366
10 46 1193 1193.1 0.0975382
8 50 467.777 470.079 2.30195
19 44 468.577 470.879 2.30195
31 47 1065.83 1065.92 0.0975376
9 43 1144.58 1144.68 0.097537
36 56 1140.88 1140.98 0.0975369
23 48 472.689 474.991 2.30195
35 45 474.543 476.845 2.30195
39 55 471.387 473.689 2.30195
32 47 1044.17 1044.27 0.102658
35 45 1158.76 1158.85 0.0975366
34 54 996.533 996.63 0.0975364
38 53 1057.72 1057.82 0.0975375
16 40 1050.42 1050.52 0.097537
22 48 1044.95 1045.05 0.0975386
30 59 474.931 477.233 2.30195
33 60 474.922 477.224 2.30195
0 42 476.557 478.859 2.30195
17 45 475.796 478.098 2.30195
4 43 478.57 480.872 2.30195
2 52 476.025 478.327 2.30195
25 58 483.669 485.971 2.30195
22 48 480.741 483.043 2.30195
32 47 479.956 482.258 2.30195
18 40 710.365 712.667 2.30195
22 57 708.634 710.936 2.30195
32 47 707.85 710.151 2.30195
18 40 1046.69 1046.78 0.0975369
7 46 1060.11 1060.21 0.0975368
28 49 1157.26 1157.37 0.102658
32 47 935.743 935.928 0.184834
25 58 1197.88 1197.99 0.102657
29 49 993.746 993.844 0.0975373
35 45 1068.76 1068.85 0.0975366
8 50 1061.99 1062.09 0.0975382
3 43 1188.31 1188.41 0.102657
30 59 1069.14 1069.24 0.0975382
6 42 1153.78 1153.88 0.0975378
17 45 931.583 931.686 0.102657
30 59 930.718 930.821 0.102658
39 55 927.174 927.276 0.102657
18 40 938.258 938.361 0.102657
22 48 936.527 936.63 0.102659
17 45 1070.01 1070.11 0.0975369
23 48 1166.53 1166.63 0.102658
7 46 1180.11 1180.21 0.0975368
33 60 930.708 930.811 0.102657
31 47 945.827 945.93 0.102658
36 56 930.88 930.983 0.102657
7 46 940.111 940.214 0.102657
15 40 923.636 923.738 0.102657
15 40 1062.06 1062.16 0.0975374
35 45 930.329 930.432 0.102657
4 43 934.356 934.459 0.102658
10 46 1073 1073.1 0.0975382
9 43 934.581 934.684 0.102657
3 43 929.878 932.18 2.30195
16 40 911.997 912.099 0.102657
36 56 912.453 912.556 0.102657
14 44 912.622 914.924 2.30196
24 41 913.857 914.042 0.184834
12 40 914.528 916.83 2.30195
29 49 915.319 915.422 0.102657
27 41 915.768 915.87 0.102657
9 43 916.154 916.257 0.102657
34 54 918.106 918.208 0.102656
21 41 918.476 918.579 0.102657
28 49 919.207 921.509 2.30195
38 53 919.293 919.396 0.102657
26 41 919.515 919.618 0.102657
1 42 920.068 920.171 0.102657
13 44 921.286 923.588 2.30195
7 46 921.684 921.787 0.102657
37 45 922.353 922.455 0.102657
8 50 923.564 923.667 0.102658
27 41 1054.19 1054.29 0.0975368
19 44 924.363 926.665 2.30195
0 42 932.343 934.645 2.30195
10 46 934.576 934.679 0.102658
6 42 925.352 925.454 0.102658
11 44 932.328 934.63 2.30195
23 48 928.475 930.777 2.30195
2 52 931.812 931.915 0.102659
20 57 932.604 932.707 0.102657
5 51 938.721 938.823 0.102658
24 41 932.284 932.387 0.102658
25 58 939.456 939.558 0.102657
16 40 930.424 930.526 0.102657
34 54 936.533 936.635 0.102656
27 41 934.195 934.298 0.102657
29 49 933.746 933.849 0.102657
36 56 960.88 960.983 0.102657
21 41 936.903 937.001 0.0975374
10 46 953.003 953.106 0.102658
26 41 1147.94 1148.04 0.0975369
1 42 938.495 938.598 0.102657
26 41 937.942 938.045 0.102657
37 45 940.78 940.882 0.102657
33 60 949.135 949.233 0.0975374
30 59 949.145 949.248 0.102658
22 48 1194.95 1195.05 0.0975386
6 42 943.779 943.881 0.102658
2 52 950.239 950.342 0.102659
39 55 945.601 945.703 0.102657
15 40 942.063 942.165 0.102657
8 50 941.991 942.094 0.102658
2 52 1070.24 1070.34 0.0975386
21 49 966.903 967.006 0.10266
20 57 951.031 951.134 0.102657
25 58 957.883 957.98 0.097537
32 47 954.17 954.272 0.102658
2 52 980.239 980.342 0.102659
35 45 948.756 948.859 0.102657
18 40 956.685 956.788 0.102657
22 48 954.954 955.057 0.102659
17 45 950.01 950.113 0.102657
4 43 952.783 952.886 0.102658
5 51 957.148 957.25 0.102658
29 49 963.746 963.844 0.0975373
9 43 964.581 964.684 0.102657
15 40 972.063 972.16 0.0975374
1 42 968.495 968.598 0.102657
16 40 960.424 960.521 0.097537
37 45 970.78 970.877 0.0975374
38 53 967.72 967.823 0.102657
27 41 964.195 964.298 0.102657
26 41 967.942 968.04 0.0975369
24 41 962.284 962.382 0.0975382
30 59 979.145 979.243 0.0975382
6 42 973.779 973.876 0.0975378
34 54 966.533 966.635 0.102656
31 47 975.827 975.93 0.102658
8 50 971.991 972.094 0.102658
7 46 970.111 970.214 0.102657
39 55 975.601 975.703 0.102657
35 45 978.756 978.859 0.102657
33 60 979.135 979.233 0.0975374
20 57 981.031 981.129 0.097537
22 48 984.954 985.057 0.102659
10 46 983.003 983.101 0.0975382
4 43 982.783 982.881 0.0975378
25 58 987.883 987.98 0.097537
17 45 980.01 980.113 0.102657
9 43 994.581 994.679 0.097537
18 40 986.685 986.788 0.102657
26 41 997.942 998.04 0.0975369
21 41 996.903 997.006 0.102657
32 47 984.17 984.272 0.102658
7 46 1000.11 1000.21 0.0975368
36 56 990.88 990.983 0.102657
27 41 994.195 994.298 0.102657
5 51 987.148 987.25 0.102658
16 40 990.424 990.521 0.097537
30 59 1039.14 1039.24 0.0975382
31 47 1005.83 1005.92 0.0975376
33 60 1009.14 1009.23 0.0975374
7 46 1030.11 1030.21 0.0975368
4 43 1012.78 1012.88 0.0975378
6 42 1003.78 1003.88 0.0975378
39 55 1005.6 1005.7 0.0975366
37 45 1030.78 1030.88 0.0975374
27 41 1024.19 1024.29 0.0975368
10 46 1013 1013.1 0.0975382
2 52 1010.24 1010.34 0.0975386
30 59 1009.14 1009.24 0.0975382
30 59 1159.14 1159.24 0.0975382
27 41 1144.19 1144.29 0.0975368
18 40 1076.69 1076.78 0.0975369
4 43 1072.78 1072.88 0.0975378
35 45 1008.76 1008.86 0.102657
5 51 1077.15 1077.25 0.0975377
22 48 1074.95 1075.05 0.0975386
19 44 1182.79 1182.89 0.102658
3 43 1167.93 1168.04 0.102657
5 51 1047.15 1047.25 0.0975377
20 57 1011.03 1011.13 0.097537
17 45 1010.01 1010.11 0.102657
39 55 1185.6 1185.7 0.0975366
33 60 1189.14 1189.23 0.0975374
22 48 1014.95 1015.06 0.102659
2 52 1040.24 1040.34 0.0975386
5 51 1017.15 1017.25 0.102658
29 49 1023.75 1023.85 0.102657
12 40 1172.96 1173.05 0.0975383
32 47 1014.17 1014.27 0.102658
18 40 1016.69 1016.78 0.0975369
38 53 1027.72 1027.82 0.0975375
17 45 1040.01 1040.11 0.0975369
25 58 1017.88 1017.98 0.097537
39 55 1035.6 1035.7 0.0975366
20 57 1041.03 1041.13 0.097537
1 42 1028.5 1028.59 0.0975373
36 56 1020.88 1020.98 0.102657
9 43 1024.58 1024.68 0.097537
24 41 1022.28 1022.39 0.102658
33 60 1039.14 1039.23 0.0975374
16 40 1020.42 1020.52 0.097537
34 54 1026.53 1026.63 0.0975364
31 47 1035.83 1035.92 0.0975376
26 41 1027.94 1028.04 0.0975369
21 41 1026.9 1027 0.0975374
15 40 1032.06 1032.16 0.0975374
8 50 1031.99 1032.09 0.0975382
6 42 1033.78 1033.88 0.0975378
35 45 1038.76 1038.85 0.0975366
27 41 1084.19 1084.29 0.0975368
22 48 1104.95 1105.05 0.0975386
21 41 1086.9 1087 0.0975374
15 40 1092.06 1092.16 0.0975374
36 56 1080.88 1080.98 0.0975369
25 58 1077.88 1077.99 0.102657
28 49 1177.63 1177.73 0.0975379
9 43 1084.58 1084.68 0.097537
37 45 1090.78 1090.88 0.0975374
26 41 1087.94 1088.04 0.0975369
24 41 1082.28 1082.39 0.102658
16 40 1080.42 1080.52 0.097537
29 49 1083.75 1083.84 0.0975373
34 54 1086.53 1086.63 0.0975364
9 43 1174.58 1174.68 0.097537
36 56 1170.88 1170.98 0.0975369
24 41 1142.28 1142.38 0.0975382
11 44 1190.76 1190.86 0.102658
21 41 1176.9 1177 0.0975374
38 53 1087.72 1087.82 0.0975375
1 42 1178.5 1178.59 0.0975373
31 47 1185.83 1185.92 0.0975376
13 44 1179.71 1179.82 0.102658
4 43 1192.78 1192.88 0.0975378
6 42 1183.78 1183.88 0.0975378
32 47 1104.17 1104.27 0.0975382
8 50 1091.99 1092.09 0.0975382
1 42 1088.5 1088.59 0.0975373
16 40 1140.42 1140.52 0.097537
37 45 1150.78 1150.88 0.0975374
17 45 1190.01 1190.11 0.0975369
23 48 1186.9 1187.01 0.102658
38 53 1147.72 1147.82 0.0975375
19 44 1162.42 1162.52 0.102658
7 46 1090.11 1090.21 0.0975368
20 57 1101.03 1101.13 0.097537
30 59 1099.14 1099.24 0.0975382
9 43 1114.58 1114.68 0.097537
33 60 1129.14 1129.23 0.0975374
2 52 1130.24 1130.34 0.0975386
33 60 1099.14 1099.23 0.0975374
25 58 1107.88 1107.99 0.102657
2 52 1100.24 1100.34 0.0975386
36 56 1110.88 1110.98 0.0975369
31 47 1095.83 1095.92 0.0975376
6 42 1093.78 1093.88 0.0975378
39 55 1095.6 1095.7 0.0975366
14 40 1171.05 1171.15 0.097538
13 44 1159.34 1159.45 0.102658
7 46 1150.11 1150.21 0.0975368
35 45 1098.76 1098.85 0.0975366
4 43 1102.78 1102.88 0.0975378
17 45 1100.01 1100.11 0.0975369
8 50 1181.99 1182.09 0.0975382
14 40 1140.51 1140.62 0.102658
10 46 1103 1103.1 0.0975382
31 47 1125.83 1125.92 0.0975376
18 40 1106.69 1106.78 0.0975369
27 41 1114.19 1114.29 0.0975368
24 41 1112.28 1112.39 0.102658
34 54 1116.53 1116.63 0.0975364
19 44 1152.26 1152.36 0.102658
21 41 1116.9 1117 0.0975374
37 45 1120.78 1120.88 0.0975374
5 51 1137.15 1137.25 0.0975377
0 42 1160.24 1160.34 0.102658
5 51 1107.15 1107.25 0.0975377
20 57 1131.03 1131.13 0.097537
12 40 1142.42 1142.61 0.184834
26 41 1117.94 1118.04 0.0975369
28 49 1147.1 1147.2 0.102658
29 49 1113.75 1113.84 0.0975373
16 40 1110.42 1110.52 0.097537
38 53 1117.72 1117.82 0.0975375
1 42 1118.5 1118.59 0.0975373
25 58 1137.88 1137.99 0.102657
10 46 1133 1133.1 0.0975382
32 47 1134.17 1134.27 0.0975382
23 48 1156.37 1156.47 0.102658
11 44 1160.22 1160.32 0.102658
13 44 1149.18 1149.28 0.102658
7 46 1120.11 1120.21 0.0975368
30 59 1129.14 1129.24 0.0975382
15 40 1122.06 1122.16 0.0975374
8 50 1121.99 1122.09 0.0975382
39 55 1125.6 1125.7 0.0975366
6 42 1123.78 1123.88 0.0975378
3 43 1157.77 1157.87 0.102657
35 45 1128.76 1128.85 0.0975366
4 43 1132.78 1132.88 0.0975378
17 45 1130.01 1130.11 0.0975369
18 40 1136.69 1136.78 0.0975369
22 48 1134.95 1135.05 0.0975386
38 53 1177.72 1177.82 0.0975375
0 42 1170.4 1170.5 0.102658
11 44 1170.38 1170.49 0.102658
4 43 1162.78 1162.88 0.0975378
2 52 1160.24 1160.34 0.0975386
26 41 1177.94 1178.04 0.0975369
20 57 1161.03 1161.13 0.097537
27 41 1174.19 1174.29 0.0975368
17 45 1160.01 1160.11 0.0975369
29 49 1173.75 1173.84 0.0975373
0 42 1190.77 1190.87 0.0975379
15 40 1182.06 1182.16 0.0975374
10 46 1163 1163.1 0.0975382
5 51 1167.15 1167.25 0.0975377
25 58 1167.88 1167.99 0.102657
18 40 1166.69 1166.78 0.0975369
32 47 1194.17 1194.27 0.0975382
2 52 1190.24 1190.34 0.0975386
34 54 1176.53 1176.63 0.0975364
35 45 1188.76 1188.85 0.0975366
30 59 1189.14 1189.24 0.0975382
32 47 1164.17 1164.27 0.0975382
22 48 1164.95 1165.05 0.0975386
18 40 1196.69 1196.78 0.0975369
16 40 1170.42 1170.52 0.097537
