45 60 0.0971401 2.39911 2.30197
6 60 1.33673 3.6387 2.30197
46 0 14.2724 0 -14.2724
19 0 14.3489 0 -14.3489
13 0 14.7407 0 -14.7407
20 0 13.507 0 -13.507
59 60 2.79373 5.09569 2.30197
28 0 3.35201 0 -3.35201
15 60 3.68928 5.99124 2.30196
54 0 3.97413 0 -3.97413
39 60 4.0969 6.39886 2.30196
47 60 6.44633 8.74831 2.30198
30 60 7.14728 9.44923 2.30195
32 60 8.80486 11.1068 2.30196
16 0 9.40023 0 -9.40023
48 0 9.51745 0 -9.51745
18 0 9.8011 0 -9.8011
38 60 10.0029 12.3048 2.30195
44 0 10.2159 0 -10.2159
57 0 10.5884 0 -10.5884
17 0 10.6093 0 -10.6093
10 0 10.9909 0 -10.9909
36 60 11.6998 14.0018 2.30196
0 0 12.1233 0 -12.1233
52 0 12.2793 0 -12.2793
4 60 14.7563 17.0583 2.30196
42 60 15.0607 17.3626 2.30195
31 60 15.473 17.775 2.30196
9 60 17.6382 19.9401 2.30196
21 0 18.4186 0 -18.4186
49 0 18.8364 0 -18.8364
33 60 19.8666 22.1686 2.30195
25 0 19.9887 0 -19.9887
23 0 20.0378 0 -20.0378
3 0 20.3424 0 -20.3424
50 0 20.7023 0 -20.7023
24 0 21.1021 0 -21.1021
55 0 21.5126 0 -21.5126
51 0 22.3521 0 -22.3521
40 60 22.3927 24.6947 2.30196
27 0 22.8773 0 -22.8773
43 60 22.9748 25.2768 2.30196
41 0 22.9786 0 -22.9786
26 60 23.3177 25.6197 2.30197
1 0 24.089 0 -24.089
56 0 24.5193 0 -24.5193
14 0 25.3716 0 -25.3716
58 0 25.4353 0 -25.4353
11 0 25.5332 0 -25.5332
7 0 25.5954 0 -25.5954
35 60 25.6748 27.9768 2.30195
53 0 25.6788 0 -25.6788
37 60 25.7414 28.0433 2.30196
34 0 26.3232 0 -26.3232
5 0 26.4604 0 -26.4604
2 0 27.0894 0 -27.0894
29 0 27.7922 0 -27.7922
12 0 28.8657 0 -28.8657
22 60 29.3995 31.7015 2.30197
8 0 29.6209 0 -29.6209
40 60 250.286 252.588 2.30196
23 60 247.931 250.233 2.30197
56 0 252.413 0 -252.413
58 0 253.329 0 -253.329
2 0 254.983 0 -254.983
12 0 256.759 0 -256.759
42 60 975.061 975.158 0.0975385
32 60 464.591 466.893 2.30196
16 0 465.187 0 -465.187
48 0 465.304 0 -465.304
20 0 469.293 0 -469.293
13 0 470.527 0 -470.527
33 60 475.653 477.955 2.30195
26 0 479.104 0 -479.104
55 0 477.299 0 -477.299
51 0 250.245 0 -250.245
25 60 247.882 250.184 2.30196
55 0 249.406 0 -249.406
7 0 253.489 0 -253.489
26 0 251.211 0 -251.211
8 60 1169.09 1171.39 2.30196
2 0 482.876 0 -482.876
5 0 482.247 0 -482.247
23 60 475.824 478.126 2.30197
50 0 476.489 0 -476.489
2 0 710.769 0 -710.769
3 0 248.236 0 -248.236
33 60 247.76 250.062 2.30195
24 0 248.995 0 -248.995
35 60 253.568 255.87 2.30195
1 0 251.982 0 -251.982
18 0 465.588 0 -465.588
17 0 466.396 0 -466.396
12 0 712.545 0 -712.545
25 0 475.775 0 -475.775
44 0 1377.58 0 -1377.58
11 0 709.213 0 -709.213
49 0 246.73 0 -246.73
50 0 248.596 0 -248.596
53 0 253.572 0 -253.572
27 0 250.771 0 -250.771
5 0 254.354 0 -254.354
29 0 255.685 0 -255.685
38 60 465.789 468.091 2.30195
47 60 1373.81 1376.11 2.30198
34 0 482.11 0 -482.11
58 0 481.222 0 -481.222
21 0 246.312 0 -246.312
14 0 253.265 0 -253.265
43 0 250.868 0 -250.868
22 0 257.293 0 -257.293
8 0 257.514 0 -257.514
30 60 462.934 465.236 2.30195
53 0 709.359 0 -709.359
37 60 481.528 483.83 2.30196
51 0 478.139 0 -478.139
3 0 476.129 0 -476.129
14 0 936.945 0 -936.945
37 60 253.635 255.937 2.30196
11 0 253.426 0 -253.426
41 0 250.872 0 -250.872
34 0 254.216 0 -254.216
52 0 923.852 0 -923.852
14 0 481.158 0 -481.158
29 0 483.579 0 -483.579
45 0 227.99 0 -227.99
6 60 229.23 231.532 2.30197
59 0 230.687 0 -230.687
28 0 231.245 0 -231.245
15 0 231.583 0 -231.583
54 60 231.867 234.169 2.30197
39 0 231.99 0 -231.99
47 60 234.34 236.642 2.30198
30 60 235.041 237.342 2.30195
32 60 236.698 239 2.30196
16 60 237.293 239.595 2.30196
48 0 237.411 0 -237.411
18 0 237.694 0 -237.694
38 60 237.896 240.198 2.30195
44 0 238.109 0 -238.109
57 0 238.482 0 -238.482
17 0 238.503 0 -238.503
10 0 238.884 0 -238.884
36 60 239.593 241.895 2.30196
0 0 240.017 0 -240.017
52 0 240.173 0 -240.173
20 0 241.4 0 -241.4
46 0 242.166 0 -242.166
19 0 242.242 0 -242.242
13 0 242.634 0 -242.634
4 60 242.65 244.952 2.30196
42 60 242.954 245.256 2.30195
31 60 243.366 245.668 2.30196
9 0 245.531 0 -245.531
1 0 707.769 0 -707.769
33 60 931.44 933.742 2.30195
56 0 708.199 0 -708.199
3 60 1387.7 1390 2.30196
56 0 480.306 0 -480.306
40 0 478.179 0 -478.179
54 0 1371.33 0 -1371.33
11 0 481.32 0 -481.32
53 0 481.465 0 -481.465
11 0 937.106 0 -937.106
49 0 1386.2 0 -1386.2
57 0 466.375 0 -466.375
0 0 467.91 0 -467.91
31 60 471.26 473.561 2.30196
42 60 1035.06 1035.16 0.0975385
1 0 479.875 0 -479.875
7 0 481.382 0 -481.382
35 60 481.461 483.763 2.30195
8 60 485.407 487.709 2.30196
55 0 933.086 0 -933.086
42 60 926.634 926.736 0.102659
44 0 466.002 0 -466.002
19 0 470.135 0 -470.135
10 0 466.777 0 -466.777
4 60 470.543 472.845 2.30196
58 0 937.008 0 -937.008
35 60 955.675 955.777 0.102659
49 0 930.409 0 -930.409
27 0 478.664 0 -478.664
16 0 1376.76 0 -1376.76
8 0 713.301 0 -713.301
4 60 1382.12 1384.42 2.30196
5 0 938.033 0 -938.033
37 0 1393.1 0 -1393.1
47 60 462.233 464.535 2.30198
5 0 710.14 0 -710.14
22 0 713.079 0 -713.079
36 60 467.486 469.788 2.30196
42 60 470.847 473.149 2.30195
52 0 1379.64 0 -1379.64
50 0 932.275 0 -932.275
21 0 474.205 0 -474.205
43 60 1390.33 1392.64 2.30196
43 0 478.761 0 -478.761
38 0 1377.36 0 -1377.36
14 0 709.051 0 -709.051
22 60 940.972 943.274 2.30197
1 0 935.662 0 -935.662
35 60 709.355 711.657 2.30195
42 60 1005.06 1005.16 0.0975385
52 0 468.066 0 -468.066
46 0 470.059 0 -470.059
19 0 925.922 0 -925.922
19 0 1381.71 0 -1381.71
9 60 473.425 475.727 2.30196
46 0 925.845 0 -925.845
49 0 474.623 0 -474.623
24 0 476.889 0 -476.889
41 0 478.765 0 -478.765
3 60 931.915 934.217 2.30196
56 0 1391.88 0 -1391.88
12 0 484.652 0 -484.652
7 0 709.275 0 -709.275
22 0 485.186 0 -485.186
20 0 925.08 0 -925.08
58 0 709.115 0 -709.115
12 0 940.439 0 -940.439
45 0 455.884 0 -455.884
6 0 457.123 0 -457.123
59 60 458.58 460.882 2.30197
28 0 459.139 0 -459.139
15 60 459.476 461.778 2.30196
54 0 459.761 0 -459.761
39 60 459.883 462.185 2.30196
32 60 1376.16 1378.47 2.30196
10 0 1378.35 0 -1378.35
43 60 934.548 936.85 2.30196
35 60 985.675 985.772 0.0975385
26 0 934.891 0 -934.891
36 0 1379.06 0 -1379.06
21 0 929.992 0 -929.992
13 0 926.314 0 -926.314
8 60 941.194 943.496 2.30196
27 0 934.45 0 -934.45
4 0 926.329 0 -926.329
37 0 709.421 0 -709.421
0 60 923.696 925.998 2.30196
53 0 1393.04 0 -1393.04
40 60 933.966 936.268 2.30196
31 60 1382.83 1385.13 2.30196
40 60 1389.75 1392.05 2.30196
35 60 1165.67 1165.77 0.0975385
53 0 937.252 0 -937.252
42 60 1155.06 1155.16 0.0975385
23 0 1387.4 0 -1387.4
56 0 936.092 0 -936.092
35 60 1195.67 1195.77 0.0975385
45 60 683.777 686.079 2.30197
6 60 685.016 687.318 2.30197
59 0 686.473 0 -686.473
28 60 687.032 689.334 2.30196
15 0 687.369 0 -687.369
54 60 687.654 689.956 2.30197
39 0 687.777 0 -687.777
47 0 690.126 0 -690.126
30 60 690.827 693.129 2.30195
32 0 692.485 0 -692.485
16 0 693.08 0 -693.08
48 0 693.197 0 -693.197
18 0 693.481 0 -693.481
38 0 693.683 0 -693.683
44 0 693.896 0 -693.896
57 0 694.268 0 -694.268
17 0 694.289 0 -694.289
10 0 694.671 0 -694.671
36 0 695.38 0 -695.38
0 0 695.803 0 -695.803
52 0 695.959 0 -695.959
20 0 697.187 0 -697.187
46 0 697.952 0 -697.952
19 0 698.029 0 -698.029
13 60 698.42 700.722 2.30196
4 0 698.436 0 -698.436
42 60 698.74 701.042 2.30195
31 60 699.153 701.455 2.30196
9 0 701.318 0 -701.318
21 0 702.098 0 -702.098
49 0 702.516 0 -702.516
33 0 703.546 0 -703.546
25 0 703.668 0 -703.668
23 0 703.718 0 -703.718
3 0 704.022 0 -704.022
50 0 704.382 0 -704.382
24 60 704.782 707.084 2.30196
55 0 705.192 0 -705.192
51 0 706.032 0 -706.032
40 60 706.072 708.374 2.30196
27 0 706.557 0 -706.557
43 60 706.655 708.957 2.30196
41 0 706.658 0 -706.658
26 0 706.997 0 -706.997
34 0 710.003 0 -710.003
29 0 711.472 0 -711.472
31 0 927.046 0 -927.046
25 0 1387.35 0 -1387.35
0 0 1379.48 0 -1379.48
51 0 933.925 0 -933.925
39 0 1371.46 0 -1371.46
22 0 1396.76 0 -1396.76
36 0 923.273 0 -923.273
9 0 929.211 0 -929.211
25 60 931.562 933.864 2.30196
24 0 932.675 0 -932.675
41 60 934.552 936.854 2.30196
8 60 1396.98 1399.28 2.30196
35 60 937.248 937.35 0.102659
42 60 1185.06 1185.16 0.0975385
35 60 1015.67 1015.77 0.0975385
2 0 938.662 0 -938.662
51 0 1389.71 0 -1389.71
45 60 1367.46 1369.76 2.30197
23 0 931.611 0 -931.611
48 0 1376.88 0 -1376.88
35 60 1045.67 1045.77 0.0975385
7 0 937.168 0 -937.168
37 0 937.314 0 -937.314
34 0 937.896 0 -937.896
14 0 1392.73 0 -1392.73
29 0 939.365 0 -939.365
41 60 1390.34 1392.64 2.30196
42 60 945.061 945.163 0.102659
45 60 911.67 913.972 2.30197
6 0 912.91 0 -912.91
59 0 914.367 0 -914.367
28 60 914.925 917.227 2.30196
15 0 915.262 0 -915.262
54 60 915.547 917.849 2.30197
39 0 915.67 0 -915.67
47 0 918.019 0 -918.019
30 60 918.72 921.022 2.30195
32 0 920.378 0 -920.378
16 0 920.973 0 -920.973
48 0 921.09 0 -921.09
18 0 921.374 0 -921.374
38 0 921.576 0 -921.576
44 0 921.789 0 -921.789
57 0 922.161 0 -922.161
17 0 922.182 0 -922.182
10 0 922.564 0 -922.564
59 60 1370.15 1372.46 2.30197
42 60 1065.06 1065.16 0.0975385
2 0 1394.45 0 -1394.45
55 0 1388.87 0 -1388.87
29 0 1395.15 0 -1395.15
34 60 1393.68 1395.98 2.30195
26 0 1390.68 0 -1390.68
9 0 1385 0 -1385
58 0 1392.79 0 -1392.79
35 60 1075.67 1075.77 0.0975385
5 0 1393.82 0 -1393.82
33 0 1387.23 0 -1387.23
46 0 1381.63 0 -1381.63
6 60 1368.7 1370.01 1.31483
18 0 1377.16 0 -1377.16
17 0 1377.97 0 -1377.97
13 0 1382.1 0 -1382.1
28 0 1370.71 0 -1370.71
42 60 1095.06 1095.16 0.0975385
50 0 1388.06 0 -1388.06
12 0 1396.23 0 -1396.23
27 0 1390.24 0 -1390.24
7 0 1392.95 0 -1392.95
11 0 1392.89 0 -1392.89
1 0 1391.45 0 -1391.45
24 0 1388.46 0 -1388.46
21 0 1385.78 0 -1385.78
35 60 1105.67 1105.77 0.0975385
20 0 1380.87 0 -1380.87
59 0 1142.26 0 -1142.26
57 0 1377.95 0 -1377.95
48 0 1148.98 0 -1148.98
0 0 1151.59 0 -1151.59
30 60 1177.15 1177.24 0.097538
54 0 1143.44 0 -1143.44
15 0 1371.05 0 -1371.05
47 60 1145.91 1148.21 2.30198
15 0 1143.16 0 -1143.16
32 0 1148.27 0 -1148.27
39 0 1143.56 0 -1143.56
16 60 1148.87 1151.17 2.30196
30 60 1146.61 1146.72 0.102658
18 0 1149.27 0 -1149.27
38 60 1149.47 1151.77 2.30195
44 0 1149.68 0 -1149.68
57 0 1150.05 0 -1150.05
17 0 1150.08 0 -1150.08
10 0 1150.46 0 -1150.46
36 60 1151.17 1153.47 2.30196
28 0 1142.82 0 -1142.82
45 60 1139.56 1141.87 2.30197
6 60 1140.8 1143.1 2.30197
52 0 1151.75 0 -1151.75
20 0 1152.97 0 -1152.97
46 0 1153.74 0 -1153.74
19 0 1153.82 0 -1153.82
13 0 1154.21 0 -1154.21
4 0 1154.22 0 -1154.22
42 60 1125.06 1125.16 0.0975385
50 0 1160.17 0 -1160.17
31 60 1154.94 1157.24 2.30196
9 0 1157.1 0 -1157.1
5 0 1165.93 0 -1165.93
49 0 1158.3 0 -1158.3
53 0 1165.15 0 -1165.15
25 0 1159.45 0 -1159.45
21 0 1157.88 0 -1157.88
43 60 1162.44 1164.74 2.30196
33 60 1159.33 1161.63 2.30195
26 0 1162.78 0 -1162.78
24 0 1160.57 0 -1160.57
55 0 1160.98 0 -1160.98
51 0 1161.82 0 -1161.82
40 60 1161.86 1164.16 2.30196
27 0 1162.34 0 -1162.34
7 0 1165.06 0 -1165.06
41 60 1162.44 1164.75 2.30196
1 0 1163.56 0 -1163.56
56 0 1163.99 0 -1163.99
14 0 1164.84 0 -1164.84
58 0 1164.9 0 -1164.9
11 0 1165 0 -1165
37 0 1165.21 0 -1165.21
35 60 1135.67 1135.77 0.0975385
23 0 1159.5 0 -1159.5
3 0 1159.81 0 -1159.81
34 0 1165.79 0 -1165.79
2 0 1166.56 0 -1166.56
12 0 1168.33 0 -1168.33
29 0 1167.26 0 -1167.26
22 0 1168.87 0 -1168.87
