59 67 0.400877 2.70283 2.30195
1 60 1.00363 3.30558 2.30195
10 60 9.42883 11.7308 2.30195
5 60 1.09703 3.39898 2.30195
34 68 1180.38 1180.48 0.0975366
6 62 1.17708 3.47904 2.30195
9 60 1153.66 1153.75 0.0975374
19 64 2.68932 4.99127 2.30195
40 70 1056.71 1056.81 0.102659
54 0 1156.85 0 -1156.85
38 0 4.62795 0 -4.62795
23 65 4.17728 6.47923 2.30195
45 61 3.94832 6.25027 2.30196
33 71 4.86883 7.17079 2.30195
8 61 1166.95 1169.25 2.30195
31 67 971.875 971.972 0.0975379
59 67 1140.4 1140.5 0.102658
52 0 5.67274 0 -5.67274
13 0 8.68874 0 -8.68874
40 70 6.70767 9.00963 2.30195
22 65 8.95076 11.2527 2.30195
11 61 7.36095 9.6629 2.30195
21 64 1152.67 1154.97 2.30195
20 64 1093.1 1093.19 0.0975369
18 72 7.54238 9.84433 2.30195
56 60 8.05147 10.3534 2.30196
16 64 8.47507 10.777 2.30195
34 68 10.3848 12.6868 2.30195
20 64 13.0969 15.3989 2.30195
24 65 11.2784 13.5804 2.30195
31 67 11.8749 14.1768 2.30195
3 62 13.3785 15.6804 2.30195
29 66 12.8828 15.1847 2.30195
28 67 12.2358 14.5378 2.30196
43 63 12.6416 14.9436 2.30195
21 0 13.2027 0 -13.2027
51 70 1167.98 1168.31 0.328706
16 64 1058.48 1058.57 0.0975373
33 71 1174.87 1174.97 0.0975385
27 0 1158.57 0 -1158.57
12 61 1070.6 1070.7 0.0975373
6 62 1141.18 1141.27 0.0975387
37 63 1064.86 1064.96 0.0975378
48 65 930.746 933.048 2.30196
19 64 1112.69 1112.79 0.0975381
46 61 13.8583 16.1602 2.30195
9 60 13.655 15.957 2.30195
34 68 1060.38 1060.48 0.0975366
18 72 967.542 967.64 0.097537
37 63 14.8594 17.1614 2.30195
36 67 14.8427 17.1447 2.30195
47 0 14.8964 0 -14.8964
32 66 980.695 980.797 0.102658
14 0 708.678 0 -708.678
0 0 15.151 0 -15.151
52 68 1373.03 1375.33 2.30196
41 69 1043.66 1043.76 0.0975372
18 72 1147.54 1147.64 0.097537
2 60 15.6365 17.9384 2.30195
49 73 15.7516 18.0535 2.30195
35 66 17.8721 20.1741 2.30195
54 68 17.3826 19.6846 2.30197
7 62 17.2021 19.5041 2.30195
59 67 990.401 990.498 0.0975384
31 67 1091.87 1091.97 0.0975379
49 73 1155.22 1155.32 0.102657
48 72 19.1726 21.4745 2.30196
55 0 18.72 0 -18.72
27 0 19.1012 0 -19.1012
30 71 18.4678 20.7698 2.30195
44 69 19.0688 21.3707 2.30195
15 65 18.3997 20.7017 2.30195
49 73 1185.75 1185.85 0.102657
9 60 1123.66 1123.75 0.0975374
41 69 1133.66 1133.76 0.0975372
4 62 989.721 989.818 0.0975379
44 69 979.069 979.166 0.0975379
20 64 1183.1 1183.19 0.0975369
10 60 969.429 969.531 0.102658
34 68 970.385 970.482 0.0975366
20 64 1063.1 1063.19 0.0975369
12 61 1130.6 1130.7 0.0975373
5 60 991.097 991.2 0.102657
45 63 1053.95 1054.05 0.0975378
26 0 19.83 0 -19.83
58 74 19.5346 21.8365 2.30195
6 62 961.177 961.28 0.102659
3 62 973.378 973.476 0.0975367
33 71 1054.87 1054.97 0.0975385
4 62 1109.72 1109.82 0.102658
5 60 961.097 961.195 0.0975372
9 60 1063.66 1063.75 0.0975374
12 61 20.603 22.9049 2.30195
32 66 20.6947 22.9966 2.30195
11 61 1147.36 1147.46 0.0975368
33 71 1144.87 1144.97 0.0975385
42 0 23.6157 0 -23.6157
25 72 23.5292 25.8312 2.30195
41 69 23.6647 25.9666 2.30195
43 63 972.642 972.739 0.0975387
17 65 23.8449 26.1468 2.30195
53 74 24.6097 26.9117 2.30197
14 65 24.9985 27.3004 2.30195
50 70 25.0691 27.371 2.30195
39 69 27.2678 29.5698 2.30195
13 64 1376.05 1376.15 0.102658
22 65 1178.95 1179.05 0.0975376
10 60 1059.43 1059.53 0.0975383
16 64 968.475 968.573 0.0975373
51 70 28.5149 30.8168 2.30195
8 61 27.4791 29.7811 2.30195
57 68 27.5031 29.8051 2.30197
20 64 973.097 973.194 0.0975369
58 74 1129.53 1129.63 0.0975379
30 71 1157.93 1160.24 2.30195
4 62 29.7206 32.0226 2.30195
48 72 247.066 249.368 2.30196
26 0 247.723 0 -247.723
22 65 1058.95 1059.05 0.0975376
14 65 1164.46 1166.77 2.30195
44 69 474.855 477.157 2.30195
55 67 246.613 248.915 2.30196
58 74 247.428 249.73 2.30195
27 0 246.994 0 -246.994
8 61 255.372 257.674 2.30195
39 69 255.161 257.463 2.30195
11 61 463.147 465.449 2.30195
11 61 1057.36 1057.46 0.0975368
30 71 246.361 248.663 2.30195
44 69 246.962 249.264 2.30195
17 65 251.738 254.04 2.30195
57 68 255.396 257.698 2.30197
4 62 1139.72 1139.82 0.102658
15 65 246.293 248.595 2.30195
19 64 1142.69 1142.79 0.0975381
25 72 479.316 481.618 2.30195
23 65 1054.18 1054.27 0.0975388
42 70 251.509 253.811 2.30196
14 0 252.892 0 -252.892
41 69 479.451 481.753 2.30195
59 67 228.294 230.596 2.30195
1 0 228.897 0 -228.897
5 60 228.99 231.292 2.30195
6 62 229.07 231.372 2.30195
19 64 230.583 232.885 2.30195
45 63 231.842 234.144 2.30195
23 65 232.071 234.372 2.30195
38 63 232.521 234.823 2.30195
33 71 232.762 235.064 2.30195
52 68 233.566 235.868 2.30196
40 70 234.601 236.903 2.30195
11 61 235.254 237.556 2.30195
18 72 235.436 237.738 2.30195
56 70 235.945 238.247 2.30196
16 64 236.368 238.67 2.30195
13 64 236.582 238.884 2.30195
22 65 236.844 239.146 2.30195
10 60 237.322 239.624 2.30195
34 68 238.278 240.58 2.30195
24 65 239.172 241.474 2.30195
31 67 239.768 242.07 2.30195
28 67 240.129 242.431 2.30196
43 63 240.535 242.837 2.30195
29 66 240.776 243.078 2.30195
20 64 240.99 243.292 2.30195
21 64 241.096 243.398 2.30195
3 62 241.272 243.574 2.30195
9 60 241.548 243.85 2.30195
46 61 241.752 244.053 2.30195
36 67 242.736 245.038 2.30195
37 63 242.753 245.055 2.30195
47 61 242.79 245.092 2.30196
0 61 243.044 245.346 2.30195
2 60 243.53 245.832 2.30195
49 73 243.645 245.947 2.30195
7 62 245.095 247.397 2.30195
54 0 245.276 0 -245.276
35 66 245.765 248.067 2.30195
9 60 973.655 973.753 0.0975374
3 62 1123.38 1123.48 0.0975367
28 67 1379.6 1379.7 0.10266
19 64 1172.69 1172.79 0.0975381
32 66 1100.69 1100.79 0.0975378
38 63 1144.09 1144.2 0.102658
4 62 959.721 959.818 0.0975379
12 61 980.603 980.706 0.102657
51 70 940.088 942.39 2.30195
40 70 966.708 966.805 0.0975388
43 63 1062.64 1062.74 0.0975387
50 70 252.962 255.264 2.30195
32 66 248.588 250.89 2.30195
12 61 248.496 250.798 2.30195
41 69 251.558 253.86 2.30195
4 62 257.614 259.916 2.30195
25 72 251.422 253.724 2.30195
53 67 252.503 254.805 2.30196
45 63 1173.95 1174.05 0.0975378
37 63 974.859 974.957 0.0975378
51 70 256.408 258.71 2.30195
44 69 1069.07 1069.17 0.0975379
19 64 962.689 962.792 0.102658
38 63 1154.26 1154.36 0.102658
39 69 1166.73 1166.84 0.102658
11 61 967.361 967.464 0.102657
44 69 1129.07 1129.17 0.0975379
41 69 953.665 953.767 0.102657
31 67 1061.87 1061.97 0.0975379
25 72 953.529 953.627 0.0975374
23 65 964.177 964.28 0.102659
9 60 1093.66 1093.75 0.0975374
58 74 1069.53 1069.63 0.0975379
24 65 1181.28 1181.38 0.0975375
1 60 1150.63 1150.74 0.102658
10 60 1179.43 1179.53 0.0975383
18 72 1117.54 1117.64 0.097537
40 70 1146.71 1146.81 0.102659
5 60 1141.1 1141.19 0.0975372
33 71 964.869 964.971 0.102659
11 61 1177.36 1177.46 0.0975368
40 70 1176.71 1176.81 0.0975388
17 65 983.845 983.942 0.0975376
3 62 1063.38 1063.48 0.0975367
26 0 1159.3 0 -1159.3
17 65 1133.84 1133.94 0.0975376
23 65 1144.18 1144.27 0.0975388
58 74 1159.53 1159.63 0.0975379
43 63 468.428 470.73 2.30195
50 0 708.749 0 -708.749
24 65 467.065 469.367 2.30195
0 60 470.937 473.239 2.30196
12 61 476.389 478.691 2.30195
48 72 474.959 477.261 2.30196
17 65 479.631 481.933 2.30195
16 64 464.262 466.564 2.30195
31 67 467.661 469.963 2.30195
53 0 480.396 0 -480.396
55 0 474.507 0 -474.507
56 0 463.838 0 -463.838
22 65 464.737 467.039 2.30195
49 73 471.538 473.84 2.30195
47 61 470.683 472.985 2.30196
32 66 476.481 478.783 2.30195
50 70 480.856 483.158 2.30195
51 70 484.301 486.603 2.30195
57 0 483.29 0 -483.29
18 72 463.329 465.631 2.30195
34 68 466.171 468.473 2.30195
29 66 468.669 470.971 2.30195
15 65 474.186 476.488 2.30195
27 0 474.888 0 -474.888
58 74 475.321 477.623 2.30195
14 0 480.785 0 -480.785
39 69 483.054 485.356 2.30195
4 62 485.507 487.809 2.30195
40 70 462.494 464.796 2.30195
46 61 469.645 471.947 2.30195
37 63 470.646 472.948 2.30195
30 71 474.254 476.556 2.30195
54 0 928.956 0 -928.956
6 62 931.177 931.28 0.102659
36 67 470.629 472.931 2.30195
26 0 475.616 0 -475.616
42 70 479.402 481.704 2.30196
8 61 483.266 485.568 2.30195
17 64 935.418 935.521 0.102659
59 67 456.187 458.489 2.30195
1 60 456.79 459.092 2.30195
5 60 456.884 459.185 2.30195
6 62 456.964 459.266 2.30195
19 64 458.476 460.778 2.30195
45 63 459.735 462.037 2.30195
23 65 459.964 462.266 2.30195
38 63 460.414 462.716 2.30195
33 71 460.655 462.957 2.30195
52 0 461.459 0 -461.459
13 0 464.475 0 -464.475
35 66 473.659 475.961 2.30195
10 60 465.215 467.517 2.30195
20 64 468.883 471.185 2.30195
21 0 468.989 0 -468.989
28 67 468.022 470.324 2.30196
7 62 472.989 475.291 2.30195
2 60 471.423 473.725 2.30195
54 0 473.169 0 -473.169
9 60 469.442 471.743 2.30195
3 62 469.165 471.467 2.30195
32 66 1070.69 1070.79 0.0975378
17 65 1043.84 1043.94 0.0975376
3 62 1093.38 1093.48 0.0975367
25 72 1133.53 1133.63 0.0975374
53 0 708.289 0 -708.289
35 66 1127.87 1127.97 0.0975376
18 72 1057.54 1057.64 0.097537
8 61 939.052 941.354 2.30195
23 65 934.177 934.28 0.102659
59 67 684.081 686.383 2.30195
1 60 684.683 686.985 2.30195
5 60 684.777 687.079 2.30195
6 62 684.857 687.159 2.30195
19 64 686.369 688.671 2.30195
45 63 687.628 689.93 2.30195
23 65 687.857 690.159 2.30195
38 63 688.308 690.61 2.30195
33 71 688.549 690.851 2.30195
52 0 689.352 0 -689.352
40 70 690.387 692.689 2.30195
11 61 691.041 693.343 2.30195
18 72 691.222 693.524 2.30195
56 60 691.731 694.033 2.30196
16 64 692.155 694.457 2.30195
13 64 692.368 694.67 2.30195
22 65 692.631 694.932 2.30195
10 60 693.109 695.411 2.30195
34 68 694.065 696.367 2.30195
24 71 694.958 697.26 2.30196
31 67 695.555 697.857 2.30195
28 67 695.916 698.218 2.30196
43 63 696.321 698.623 2.30195
29 0 696.562 0 -696.562
20 72 696.777 699.079 2.30196
21 72 696.882 699.184 2.30196
3 62 697.058 699.36 2.30195
9 60 697.335 699.637 2.30195
46 0 697.538 0 -697.538
36 71 698.522 700.824 2.30196
37 70 698.539 700.841 2.30195
47 69 698.576 700.878 2.30195
0 0 698.831 0 -698.831
2 60 699.316 701.618 2.30195
49 73 699.431 701.733 2.30195
7 0 700.882 0 -700.882
54 0 701.062 0 -701.062
35 66 701.552 703.854 2.30195
15 65 702.079 704.381 2.30195
30 66 702.148 704.449 2.30195
55 67 702.4 704.702 2.30196
44 69 702.749 705.05 2.30195
27 68 702.781 705.083 2.30195
48 60 702.852 705.154 2.30197
58 74 703.214 705.516 2.30195
26 68 703.51 705.812 2.30195
12 61 704.283 706.585 2.30195
32 71 704.374 706.676 2.30196
25 72 707.209 709.511 2.30195
42 63 707.295 709.597 2.30196
41 63 707.344 709.646 2.30196
17 65 707.525 709.827 2.30195
34 68 1090.38 1090.48 0.0975366
59 67 1110.4 1110.5 0.102658
33 71 1114.87 1114.97 0.0975385
11 61 1117.36 1117.46 0.0975368
6 62 991.177 991.275 0.0975387
25 72 983.529 983.632 0.102657
19 64 1052.69 1052.79 0.0975381
39 69 710.948 713.25 2.30195
41 69 983.665 983.767 0.102657
8 61 711.159 713.461 2.30195
57 68 711.183 713.485 2.30197
22 65 968.951 969.048 0.0975376
35 66 977.872 977.97 0.0975376
51 70 712.195 714.497 2.30195
4 60 713.4 715.702 2.30195
42 61 935.189 937.491 2.30196
22 65 1088.95 1089.05 0.0975376
1 60 1140.47 1140.57 0.102658
45 63 933.948 934.051 0.102658
21 64 924.776 927.078 2.30195
27 0 930.674 0 -930.674
19 64 932.689 932.792 0.102658
4 62 941.294 941.396 0.102658
20 64 943.097 943.194 0.0975369
14 65 936.571 938.873 2.30195
5 62 931.097 931.2 0.102661
20 64 924.67 924.773 0.102657
55 0 930.293 0 -930.293
22 65 938.951 939.048 0.0975376
35 66 929.445 929.548 0.102658
39 69 938.841 941.143 2.30195
25 72 935.102 935.205 0.102657
59 67 962.814 962.917 0.102658
45 63 963.948 964.051 0.102658
30 66 930.041 932.343 2.30195
44 63 930.642 930.744 0.102659
41 69 935.238 935.34 0.102657
50 63 936.642 938.944 2.30196
17 65 953.845 953.942 0.0975376
26 67 931.403 933.705 2.30196
32 66 932.268 932.37 0.102658
28 67 923.809 926.111 2.30196
37 63 926.432 926.535 0.102658
49 73 927.325 929.627 2.30195
15 65 929.973 932.275 2.30195
12 61 932.176 932.279 0.102657
42 63 1173.24 1173.35 0.102659
18 72 937.542 937.645 0.102657
0 61 926.724 929.026 2.30195
7 62 928.775 931.077 2.30195
53 66 936.183 938.485 2.30197
57 68 939.076 941.378 2.30197
59 67 944.516 944.7 0.184834
59 67 911.974 912.303 0.328706
1 61 912.577 914.879 2.30196
5 60 912.67 912.773 0.102657
6 62 912.75 912.853 0.102659
19 64 914.262 914.365 0.102658
45 63 915.521 915.624 0.102658
23 65 915.75 915.853 0.102659
38 69 916.201 918.503 2.30196
33 71 916.442 916.544 0.102659
52 68 917.246 919.548 2.30196
40 70 918.281 918.383 0.102659
11 61 918.934 919.037 0.102657
18 72 919.115 919.218 0.102657
56 70 919.624 921.926 2.30196
16 64 920.048 920.151 0.102657
13 64 920.262 922.564 2.30195
22 65 920.524 920.626 0.102658
10 60 921.002 921.104 0.102658
34 68 921.958 922.06 0.102657
24 65 922.851 925.153 2.30195
31 67 923.448 923.551 0.102658
36 67 926.416 928.718 2.30195
29 66 924.456 926.758 2.30195
43 63 924.215 924.317 0.102659
46 61 925.431 927.733 2.30195
2 60 927.209 929.511 2.30195
47 69 926.469 928.771 2.30195
33 67 934.869 934.971 0.102662
11 61 937.361 937.464 0.102657
58 74 931.108 931.21 0.102658
3 62 924.951 925.054 0.102657
9 60 925.228 925.331 0.102657
43 63 1092.64 1092.74 0.0975387
3 62 1153.38 1153.48 0.0975367
16 64 1088.48 1088.57 0.0975373
58 74 979.535 979.637 0.102658
12 61 1100.6 1100.7 0.0975373
40 63 936.708 936.805 0.097539
58 74 949.535 949.637 0.102658
10 60 939.429 939.526 0.0975383
16 64 938.475 938.573 0.0975373
31 67 1001.87 1001.97 0.0975379
34 68 940.385 940.482 0.0975366
37 63 944.859 944.962 0.102658
31 67 941.875 941.978 0.102658
3 62 943.378 943.476 0.0975367
35 66 947.872 947.975 0.102658
9 60 943.655 943.753 0.0975374
20 64 1153.1 1153.19 0.0975369
43 63 942.642 942.744 0.102659
44 69 949.069 949.171 0.102658
32 66 950.695 950.792 0.0975378
12 61 950.603 950.7 0.0975373
9 60 1003.66 1003.75 0.0975374
33 71 994.869 994.966 0.0975385
43 63 1002.64 1002.74 0.0975387
16 64 1148.48 1148.57 0.0975373
3 62 1003.38 1003.48 0.0975367
20 64 1003.1 1003.19 0.0975369
37 63 1004.86 1004.96 0.0975378
36 67 1164.47 1164.57 0.102659
23 65 994.177 994.28 0.102659
10 60 999.429 999.531 0.102658
18 72 997.542 997.64 0.097537
45 63 993.948 994.051 0.102658
16 64 998.475 998.573 0.0975373
19 64 992.689 992.792 0.102658
11 61 997.361 997.458 0.0975368
40 70 996.708 996.805 0.0975388
35 66 1067.87 1067.97 0.0975376
15 65 1168.03 1168.13 0.102658
57 74 1166.97 1169.27 2.30197
29 66 1182.88 1182.98 0.0975383
45 63 1143.95 1144.05 0.0975378
16 64 1178.48 1178.57 0.0975373
24 65 1150.74 1150.85 0.102657
40 70 1116.71 1116.81 0.102659
38 63 1174.63 1174.73 0.102658
24 65 1160.91 1161.01 0.102657
43 63 1182.64 1182.74 0.0975387
17 65 1013.84 1013.94 0.0975376
22 65 998.951 999.048 0.0975376
34 68 1000.38 1000.48 0.0975366
58 74 1009.53 1009.63 0.0975379
44 69 1009.07 1009.17 0.0975379
35 66 1007.87 1007.97 0.0975376
25 72 1013.53 1013.63 0.0975374
4 62 1019.72 1019.82 0.0975379
41 69 1013.66 1013.76 0.0975372
32 66 1010.69 1010.79 0.0975378
12 61 1010.6 1010.71 0.102657
44 69 1039.07 1039.17 0.0975379
5 60 1171.1 1171.19 0.0975372
11 61 1027.36 1027.46 0.0975368
59 67 1020.4 1020.5 0.0975384
10 60 1029.43 1029.53 0.102658
18 72 1027.54 1027.64 0.097537
20 64 1033.1 1033.19 0.0975369
45 63 1023.95 1024.05 0.102658
23 65 1024.18 1024.27 0.0975388
16 64 1028.48 1028.57 0.0975373
5 60 1021.1 1021.19 0.0975372
6 62 1021.18 1021.27 0.0975387
22 65 1028.95 1029.05 0.0975376
33 71 1024.87 1024.97 0.0975385
40 70 1026.71 1026.81 0.102659
3 62 1033.38 1033.48 0.0975367
37 63 1034.86 1034.96 0.0975378
19 64 1022.69 1022.79 0.102658
34 68 1030.38 1030.48 0.0975366
43 63 1032.64 1032.74 0.0975387
31 67 1031.87 1031.97 0.0975379
9 60 1033.66 1033.75 0.0975374
58 74 1039.53 1039.63 0.0975379
35 66 1037.87 1037.97 0.0975376
5 60 1051.1 1051.19 0.0975372
59 67 1050.4 1050.5 0.0975384
12 61 1040.6 1040.7 0.0975373
32 66 1040.69 1040.79 0.0975378
4 62 1049.72 1049.82 0.0975379
6 62 1051.18 1051.27 0.0975387
25 72 1043.53 1043.63 0.0975374
25 72 1163.53 1163.63 0.0975374
25 72 1073.53 1073.63 0.0975374
22 65 1148.95 1149.05 0.0975376
59 67 1080.4 1080.5 0.102658
19 64 1082.69 1082.79 0.0975381
18 72 1087.54 1087.64 0.097537
41 69 1073.66 1073.76 0.0975372
17 65 1073.84 1073.94 0.0975376
56 70 1208.55 1208.87 0.328712
29 66 1152.35 1152.45 0.102658
10 60 1089.43 1089.53 0.0975383
2 60 1155.1 1155.21 0.102657
41 69 1103.66 1103.76 0.0975372
43 63 1122.64 1122.74 0.0975387
4 62 1079.72 1079.82 0.102658
17 65 1103.84 1103.94 0.0975376
32 66 1130.69 1130.79 0.0975378
58 74 1099.53 1099.63 0.0975379
35 66 1097.87 1097.97 0.0975376
33 71 1084.87 1084.97 0.0975385
37 63 1094.86 1094.96 0.0975378
48 73 1158.64 1158.82 0.184834
22 65 1118.95 1119.05 0.0975376
23 65 1084.18 1084.27 0.0975388
11 61 1087.36 1087.46 0.0975368
5 60 1081.1 1081.19 0.0975372
6 62 1081.18 1081.27 0.0975387
53 68 1164.08 1166.38 2.30197
47 63 1154.36 1154.47 0.102658
15 65 1157.87 1157.97 0.102658
18 72 1177.54 1177.64 0.097537
31 67 1181.87 1181.97 0.0975379
45 63 1113.95 1114.05 0.0975378
42 63 1163.08 1163.18 0.102659
36 67 1154.31 1154.41 0.102659
52 68 1145.14 1147.44 2.30196
13 64 1148.15 1150.46 2.30195
45 63 1083.95 1084.05 0.0975378
5 60 1111.1 1111.19 0.0975372
6 62 1111.18 1111.27 0.0975387
56 70 1147.52 1148.13 0.616456
10 60 1119.43 1119.53 0.0975383
20 64 1123.1 1123.19 0.0975369
40 70 1086.71 1086.81 0.102659
34 68 1120.38 1120.48 0.0975366
31 67 1121.87 1121.97 0.0975379
44 69 1099.07 1099.17 0.0975379
25 72 1103.53 1103.63 0.0975374
0 60 1154.62 1156.92 2.30196
3 62 1183.38 1183.48 0.0975367
55 67 1158.19 1160.49 2.30196
16 64 1118.48 1118.57 0.0975373
23 65 1114.18 1114.27 0.0975388
37 63 1124.86 1124.96 0.0975378
7 62 1156.67 1156.77 0.102658
28 67 1151.7 1154 2.30196
46 61 1153.32 1155.63 2.30195
23 65 1174.18 1174.27 0.0975388
50 70 1164.54 1166.84 2.30195
10 60 1149.43 1149.53 0.102658
21 64 1380.56 1380.66 0.102658
43 63 1152.64 1152.74 0.0975387
29 66 1162.51 1162.61 0.102658
34 68 1150.38 1150.48 0.0975366
54 67 1384.74 1387.04 2.30197
26 68 1387.19 1389.49 2.30195
31 67 1151.87 1151.97 0.0975379
2 60 1185.64 1185.73 0.0975372
32 66 1190.69 1190.79 0.0975378
0 61 1382.51 1382.61 0.102659
46 61 1381.22 1381.32 0.102657
36 67 1184.84 1184.94 0.0975385
37 63 1184.86 1184.96 0.0975378
47 63 1184.9 1184.99 0.0975384
7 62 1166.83 1166.93 0.102658
47 63 1164.53 1164.63 0.102658
37 63 1154.86 1154.96 0.0975378
9 60 1183.66 1183.75 0.0975374
32 66 1160.69 1160.79 0.0975378
35 66 1157.87 1157.97 0.0975376
49 73 1165.38 1165.48 0.102657
44 69 1159.07 1159.17 0.0975379
12 61 1160.6 1160.7 0.0975373
41 69 1163.66 1163.76 0.0975372
17 65 1163.84 1163.94 0.0975376
6 0 1171.18 0 -1171.18
39 69 1176.9 1177 0.102658
1 60 1171 1171.1 0.0975381
59 67 1170.4 1170.5 0.0975384
4 62 1169.72 1169.82 0.0975379
35 66 1187.87 1187.97 0.0975376
48 73 1189.17 1189.35 0.174594
55 67 1386.08 1388.38 2.30196
15 65 1188.4 1188.5 0.0975379
53 67 1391.97 1394.27 2.30196
7 62 1187.2 1187.3 0.0975377
30 71 1385.83 1385.93 0.102657
39 69 1197.27 1197.37 0.102658
58 74 1189.53 1189.63 0.0975379
12 61 1190.6 1190.7 0.0975373
14 65 1392.36 1394.66 2.30195
44 69 1189.07 1189.17 0.0975379
27 68 1386.46 1388.76 2.30195
17 65 1193.84 1193.94 0.0975376
8 61 1394.84 1395.02 0.184834
51 70 1200.52 1200.85 0.328706
57 0 1394.86 0 -1394.86
41 69 1193.66 1193.76 0.0975372
42 63 1193.62 1193.72 0.102659
25 72 1193.53 1193.63 0.0975374
4 62 1199.72 1199.82 0.0975379
50 70 1392.43 1394.73 2.30195
