55 63 0.179521 2.48147 2.30195
7 65 0.581574 2.88353 2.30195
38 0 7.28098 0 -7.28098
37 0 7.42559 0 -7.42559
8 65 1063.39 1063.49 0.0975386
14 61 1.02636 3.32832 2.30195
10 60 1136.8 1136.89 0.0975371
47 0 1161.23 0 -1161.23
49 64 1162.95 1165.25 2.30197
27 60 1149.85 1152.15 2.30195
20 0 1.12766 0 -1.12766
2 0 1.49549 0 -1.49549
43 62 1135.24 1135.57 0.328715
43 62 1070.16 1070.49 0.328715
13 0 1.64262 0 -1.64262
5 61 2.24929 4.55125 2.30195
46 60 920.212 922.514 2.30196
31 62 2.39475 4.6967 2.30195
25 61 1070.26 1070.36 0.0975388
16 0 2.54444 0 -2.54444
48 63 3.44843 5.7504 2.30197
33 0 1386.1 0 -1386.1
30 62 6.36877 8.67072 2.30195
31 62 1152.02 1152.13 0.102658
28 62 5.56953 7.87149 2.30196
59 0 6.58038 0 -6.58038
42 63 1388.83 1391.14 2.30196
21 61 6.84397 9.14592 2.30195
12 65 7.72275 10.0247 2.30195
28 60 917.143 919.444 2.30197
6 60 7.93907 10.241 2.30196
46 64 8.63923 10.9412 2.30197
23 0 1160.58 0 -1160.58
14 0 912.599 0 -912.599
44 63 1183.15 1183.25 0.0975412
9 65 10.9538 13.2557 2.30195
27 65 10.3844 12.6864 2.30195
53 65 10.44 12.7419 2.30196
48 63 1370.81 1373.11 2.30197
33 0 1158.21 0 -1158.21
29 62 11.001 13.3029 2.30195
5 61 913.822 913.925 0.102657
12 65 1057.72 1057.82 0.0975371
53 0 922.013 0 -922.013
45 0 11.9095 0 -11.9095
32 62 12.303 14.6049 2.30195
41 0 13.1132 0 -13.1132
19 61 1187.06 1187.16 0.097538
1 65 1393.34 1395.65 2.30195
58 64 1391.09 1393.39 2.30198
7 65 1080.58 1080.68 0.0975382
44 63 13.1549 15.4569 2.30196
51 64 13.0525 15.3545 2.30195
55 63 1110.18 1110.28 0.0975366
2 60 1140.96 1143.26 2.30195
13 0 1141.11 0 -1141.11
20 0 1140.59 0 -1140.59
12 65 919.296 919.398 0.102657
38 62 918.854 921.156 2.30196
41 63 1380.47 1382.77 2.30196
8 65 13.3898 15.6918 2.30195
0 60 14.174 16.4759 2.30195
51 64 1063.05 1063.15 0.0975376
36 0 13.857 0 -13.857
20 0 912.701 0 -912.701
23 61 1388.48 1390.78 2.30195
3 61 1046.65 1046.75 0.0975367
57 64 1388.34 1390.65 2.30197
0 61 1153.64 1155.94 2.30196
16 0 1142.01 0 -1142.01
54 63 15.6268 17.9288 2.30195
56 0 15.2867 0 -15.2867
59 0 1146.05 0 -1146.05
28 62 1145.04 1147.34 2.30196
17 60 16.1022 18.4041 2.30195
55 63 1170.18 1170.28 0.0975366
19 61 17.0638 19.3658 2.30195
17 60 1066.1 1066.2 0.0975375
52 65 18.1682 20.4702 2.30196
13 0 913.216 0 -913.216
39 62 18.78 21.082 2.30196
16 0 914.117 0 -914.117
58 0 707.407 0 -707.407
55 63 1050.18 1050.28 0.0975366
33 0 18.7438 0 -18.7438
22 60 18.7344 21.0364 2.30195
49 63 707.163 709.465 2.30197
3 61 1106.65 1106.75 0.0975367
47 60 705.442 707.744 2.30196
3 61 1136.65 1136.75 0.0975367
55 63 1140.18 1140.28 0.0975366
21 61 1176.84 1176.94 0.0975384
27 0 921.957 0 -921.957
42 63 705.154 707.456 2.30196
25 61 20.2638 22.5657 2.30195
40 62 20.6341 22.936 2.30196
35 62 705.137 707.439 2.30196
23 0 21.1169 0 -21.1169
57 0 20.9844 0 -20.9844
53 0 1377.8 0 -1377.8
34 0 705.01 0 -705.01
18 61 704.892 707.193 2.30195
18 0 21.2118 0 -21.2118
34 60 21.3303 23.6323 2.30196
26 60 1194.59 1194.69 0.0975381
23 61 704.797 707.099 2.30195
6 60 919.512 921.814 2.30196
57 0 704.664 0 -704.664
32 62 1122.3 1122.4 0.0975372
41 65 1152.58 1154.88 2.30197
40 62 704.314 706.616 2.30196
44 63 1093.15 1093.26 0.102661
35 0 21.4574 0 -21.4574
25 61 703.944 706.245 2.30195
42 63 21.4741 23.776 2.30196
26 60 24.5914 26.8934 2.30195
47 0 21.7626 0 -21.7626
29 62 922.574 924.876 2.30195
39 62 702.46 704.762 2.30196
37 0 1146.89 0 -1146.89
36 60 1381.22 1383.52 2.30196
28 62 1372.93 1373.11 0.184836
33 62 702.424 704.725 2.30196
51 64 1183.05 1183.15 0.0975376
49 0 23.483 0 -23.483
22 0 702.414 0 -702.414
21 61 1056.84 1056.94 0.0975384
58 61 23.7272 26.0291 2.30196
50 64 25.4915 27.7935 2.30195
52 0 701.848 0 -701.848
1 0 25.9849 0 -25.9849
19 0 700.744 0 -700.744
22 60 1386.09 1386.2 0.102658
43 62 1167.78 1168.11 0.328715
17 60 699.782 702.084 2.30195
4 0 26.3482 0 -26.3482
3 61 26.6509 28.9528 2.30195
10 60 26.7959 29.0978 2.30195
54 0 699.307 0 -699.307
25 61 1100.26 1100.36 0.0975388
34 0 1160.8 0 -1160.8
53 65 1149.91 1152.21 2.30196
48 63 915.021 917.323 2.30197
56 0 698.966 0 -698.966
38 62 1374.64 1376.94 2.30196
55 63 911.753 911.855 0.102657
0 0 697.854 0 -697.854
15 61 27.0463 29.3483 2.30195
11 0 27.4738 0 -27.4738
24 0 27.0152 0 -27.0152
36 0 697.537 0 -697.537
0 60 1381.53 1381.64 0.102658
32 62 1062.3 1062.4 0.0975372
21 61 918.417 918.52 0.102658
37 62 918.999 921.301 2.30196
8 65 697.07 699.372 2.30195
7 65 912.155 912.257 0.102658
44 63 696.835 699.137 2.30196
43 62 28.4167 30.7186 2.30196
33 62 246.637 248.939 2.30196
41 0 696.793 0 -696.793
54 63 1165.26 1165.36 0.102657
18 61 249.105 251.407 2.30195
1 65 253.878 256.18 2.30195
38 0 463.067 0 -463.067
21 61 462.63 464.932 2.30195
22 60 246.628 248.93 2.30195
49 63 251.376 253.678 2.30197
34 0 249.224 0 -249.224
51 64 1093.05 1093.15 0.0975376
3 61 1076.65 1076.75 0.0975367
12 65 463.509 465.811 2.30195
26 60 1104.59 1104.69 0.0975381
50 64 709.171 711.473 2.30195
47 0 1389.12 0 -1389.12
25 65 248.157 250.459 2.30196
42 63 249.367 251.669 2.30196
35 0 249.351 0 -249.351
58 61 251.62 253.922 2.30196
26 60 252.485 254.787 2.30195
30 0 917.942 0 -917.942
10 60 254.689 256.991 2.30195
6 0 463.726 0 -463.726
37 0 463.212 0 -463.212
27 0 466.171 0 -466.171
41 63 468.9 471.202 2.30196
10 60 482.582 484.884 2.30195
39 62 246.673 248.975 2.30196
3 61 254.544 256.846 2.30195
40 63 248.527 250.829 2.30196
57 63 248.878 251.18 2.30197
47 0 249.656 0 -249.656
26 60 1074.59 1074.69 0.0975381
24 0 254.908 0 -254.908
39 62 1386.14 1386.24 0.10266
52 0 246.061 0 -246.061
23 61 249.01 251.312 2.30195
15 61 254.94 257.242 2.30195
10 60 1106.8 1106.89 0.0975371
11 0 255.367 0 -255.367
32 62 1092.3 1092.4 0.0975372
26 60 1164.59 1164.69 0.0975381
43 62 256.31 258.612 2.30196
4 65 254.241 256.543 2.30195
50 64 253.385 255.687 2.30195
51 64 1123.05 1123.15 0.0975376
35 0 1388.82 0 -1388.82
21 61 1086.84 1086.94 0.0975384
15 61 482.833 485.135 2.30195
55 63 228.073 230.375 2.30195
7 65 228.475 230.777 2.30195
14 0 228.92 0 -228.92
20 0 229.021 0 -229.021
2 0 229.389 0 -229.389
13 61 229.536 231.838 2.30195
5 61 230.143 232.444 2.30195
31 62 230.288 232.59 2.30195
16 0 230.438 0 -230.438
48 64 231.342 233.644 2.30197
28 0 233.463 0 -233.463
30 62 234.262 236.564 2.30195
59 0 234.474 0 -234.474
21 61 234.737 237.039 2.30195
38 62 235.174 237.476 2.30196
37 62 235.319 237.621 2.30196
12 65 235.616 237.918 2.30195
6 60 235.832 238.134 2.30196
46 0 236.532 0 -236.532
27 65 238.278 240.58 2.30195
53 65 238.333 240.635 2.30196
9 65 238.847 241.149 2.30195
29 0 238.894 0 -238.894
45 62 239.803 242.105 2.30196
32 62 240.196 242.498 2.30195
51 64 240.946 243.248 2.30195
41 63 241.006 243.308 2.30196
44 63 241.048 243.35 2.30196
8 65 241.283 243.585 2.30195
36 0 241.75 0 -241.75
0 60 242.067 244.369 2.30195
56 0 243.18 0 -243.18
54 63 243.52 245.822 2.30195
17 60 243.995 246.297 2.30195
19 61 244.957 247.259 2.30195
10 60 1076.8 1076.89 0.0975371
32 62 942.303 942.401 0.0975372
51 64 696.732 699.034 2.30195
36 0 1153.32 0 -1153.32
38 0 1146.75 0 -1146.75
32 62 695.983 698.285 2.30195
10 60 1046.8 1046.89 0.0975371
45 0 695.589 0 -695.589
50 64 1135.49 1135.59 0.0975378
1 65 1165.45 1167.75 2.30195
29 0 1150.47 0 -1150.47
29 0 694.681 0 -694.681
9 0 694.634 0 -694.634
10 60 1196.8 1196.89 0.0975371
53 0 694.12 0 -694.12
46 64 692.319 694.621 2.30197
27 61 694.064 696.366 2.30196
40 63 1160.1 1162.4 2.30196
46 61 1148.11 1148.72 0.616454
5 61 1112.25 1112.35 0.0975373
12 65 1177.72 1177.82 0.0975371
12 65 691.402 693.704 2.30195
6 62 691.619 693.921 2.30197
18 0 1160.68 0 -1160.68
38 63 690.961 693.263 2.30197
37 62 691.105 693.407 2.30196
56 60 1154.75 1157.05 2.30197
59 0 690.26 0 -690.26
21 61 690.524 692.826 2.30195
28 0 689.249 0 -689.249
30 0 690.049 0 -690.049
16 0 686.224 0 -686.224
48 64 687.128 689.43 2.30197
43 62 1102.7 1103.03 0.328715
5 61 1172.25 1172.35 0.0975373
29 0 1378.36 0 -1378.36
5 61 685.929 688.231 2.30195
31 62 686.074 688.376 2.30195
55 63 1080.18 1080.28 0.0975366
24 61 1166.48 1168.78 2.30196
17 60 1126.1 1126.2 0.0975375
54 63 1155.09 1155.2 0.102657
2 0 685.175 0 -685.175
13 0 685.322 0 -685.322
57 0 1160.45 0 -1160.45
19 61 1156.53 1156.63 0.102658
14 61 684.706 687.008 2.30195
20 0 684.807 0 -684.807
12 65 1087.72 1087.82 0.0975371
9 61 1150.42 1152.72 2.30196
31 62 1141.86 1141.96 0.102658
45 63 1379.27 1381.57 2.30196
55 63 683.859 686.161 2.30195
7 65 684.261 686.563 2.30195
31 62 913.968 916.27 2.30195
16 0 1369.9 0 -1369.9
46 60 1209.13 1209.46 0.328709
17 60 1096.1 1096.2 0.0975375
9 0 922.527 0 -922.527
50 64 1075.49 1075.59 0.0975378
15 61 1166.51 1168.81 2.30195
59 60 1373.94 1376.24 2.30196
48 64 1142.91 1145.22 2.30197
43 62 1200.32 1200.65 0.328715
24 61 1394.37 1396.68 2.30196
59 0 918.153 0 -918.153
34 0 932.903 0 -932.903
30 62 1145.84 1148.14 2.30195
44 63 1123.15 1123.26 0.102661
2 60 913.068 915.37 2.30195
15 61 1394.41 1394.51 0.102658
50 64 937.064 937.167 0.102658
17 60 1186.1 1186.2 0.0975375
45 0 1151.38 0 -1151.38
12 65 1117.72 1117.82 0.0975371
5 61 1052.25 1052.35 0.0975373
52 62 1157.63 1159.94 2.30197
14 61 1140.49 1142.79 2.30195
37 62 1374.79 1377.09 2.30196
25 61 1130.26 1130.36 0.0975388
30 62 1373.73 1373.83 0.102657
8 65 469.176 471.478 2.30195
11 60 939.047 941.349 2.30195
57 0 476.771 0 -476.771
47 0 477.549 0 -477.549
58 61 479.514 481.816 2.30196
24 0 482.802 0 -482.802
29 0 466.787 0 -466.787
53 0 466.226 0 -466.226
39 62 474.566 476.868 2.30196
35 0 477.244 0 -477.244
1 65 481.771 484.073 2.30195
4 65 482.135 484.437 2.30195
51 64 924.626 924.728 0.102658
45 63 467.696 469.998 2.30196
54 63 471.413 473.715 2.30195
25 61 476.05 478.352 2.30195
22 60 474.521 476.823 2.30195
42 0 477.261 0 -477.261
23 0 476.903 0 -476.903
50 64 481.278 483.58 2.30195
3 61 482.437 484.739 2.30195
1 65 709.665 711.967 2.30195
8 65 943.39 943.493 0.102659
59 0 462.367 0 -462.367
21 61 936.844 936.947 0.102658
9 0 466.74 0 -466.74
51 64 468.839 471.141 2.30195
23 60 932.69 934.992 2.30196
33 65 474.53 476.832 2.30196
34 60 477.117 479.419 2.30196
43 62 484.203 486.505 2.30196
30 62 462.155 464.457 2.30195
32 62 468.089 470.391 2.30195
17 60 471.889 474.191 2.30195
36 65 469.644 471.945 2.30196
56 62 471.073 473.375 2.30197
40 0 476.421 0 -476.421
11 0 711.154 0 -711.154
43 63 712.096 714.398 2.30196
46 64 464.426 466.728 2.30197
44 63 468.941 471.243 2.30196
0 60 469.96 472.262 2.30195
52 65 473.955 476.257 2.30196
19 61 472.85 475.152 2.30195
49 63 479.269 481.571 2.30197
18 0 476.998 0 -476.998
26 60 480.378 482.68 2.30195
11 60 483.26 485.562 2.30195
8 65 1153.39 1153.49 0.0975386
55 63 455.966 458.268 2.30195
7 65 456.368 458.67 2.30195
14 0 456.813 0 -456.813
20 0 456.914 0 -456.914
2 0 457.282 0 -457.282
13 61 457.429 459.731 2.30195
5 61 458.036 460.338 2.30195
31 62 458.181 460.483 2.30195
16 0 458.331 0 -458.331
48 64 459.235 461.537 2.30197
28 62 461.356 463.658 2.30196
44 63 943.155 943.258 0.102661
44 63 924.728 924.831 0.102661
26 60 708.271 710.573 2.30195
4 65 710.028 712.33 2.30195
3 61 710.331 712.633 2.30195
24 0 710.695 0 -710.695
57 0 932.557 0 -932.557
35 62 933.03 935.332 2.30196
42 0 933.047 0 -933.047
19 61 928.637 930.939 2.30195
8 65 924.963 925.065 0.102659
10 60 710.476 712.778 2.30195
15 61 710.726 713.028 2.30195
54 62 927.2 929.502 2.30197
3 61 956.651 956.748 0.0975367
40 0 932.207 0 -932.207
7 65 960.582 960.679 0.0975382
36 0 925.43 0 -925.43
56 62 1382.65 1384.95 2.30197
32 62 1182.3 1182.4 0.0975372
52 65 1385.53 1387.83 2.30196
3 61 1196.65 1196.75 0.0975367
50 64 1195.49 1195.59 0.0975378
18 61 1388.57 1390.87 2.30195
3 61 1166.65 1166.75 0.0975367
27 65 1377.74 1377.85 0.102658
7 65 1050.58 1050.68 0.0975382
42 0 1160.94 0 -1160.94
26 60 1134.59 1134.69 0.0975381
58 61 1163.19 1165.5 2.30196
7 65 1110.58 1110.68 0.0975382
6 60 1147.41 1147.51 0.10266
50 64 1105.49 1105.59 0.0975378
5 61 1082.25 1082.35 0.0975373
4 65 1196.35 1196.45 0.0975377
25 61 1190.26 1190.36 0.0975388
13 0 1369 0 -1369
39 62 1158.25 1160.55 2.30196
22 65 1158.2 1160.5 2.30196
35 0 1160.92 0 -1160.92
8 65 1093.39 1093.49 0.0975386
11 65 1166.94 1169.24 2.30195
49 64 935.056 937.358 2.30197
3 61 938.224 938.327 0.102657
15 61 938.619 940.921 2.30195
1 0 937.558 0 -937.558
31 62 1172.39 1172.49 0.0975383
45 63 923.482 925.784 2.30196
39 0 930.353 0 -930.353
0 60 925.747 928.049 2.30195
12 65 937.723 937.82 0.0975371
56 0 926.86 0 -926.86
33 0 930.317 0 -930.317
26 60 936.164 936.267 0.102658
55 63 930.18 930.277 0.0975366
4 60 937.921 940.223 2.30195
7 65 930.582 930.684 0.102658
51 64 943.053 943.15 0.0975376
41 0 924.686 0 -924.686
17 60 927.675 927.778 0.102657
52 0 929.741 0 -929.741
18 0 932.785 0 -932.785
24 0 938.588 0 -938.588
10 60 938.369 938.472 0.102657
7 65 1140.58 1140.68 0.0975382
32 62 923.876 923.979 0.102657
25 61 931.837 931.939 0.102659
22 0 930.307 0 -930.307
47 60 933.336 935.638 2.30196
58 61 935.3 937.602 2.30196
43 62 939.99 940.318 0.328715
5 60 932.249 932.347 0.0975389
12 65 1147.72 1147.82 0.0975371
4 65 1165.81 1165.92 0.102658
11 60 1394.83 1397.14 2.30195
21 61 1116.84 1116.94 0.0975384
8 65 1123.39 1123.49 0.0975386
44 63 1063.15 1063.26 0.102661
8 65 1183.39 1183.49 0.0975386
40 63 1387.99 1390.3 2.30196
17 60 946.102 946.205 0.102657
50 64 955.492 955.589 0.0975378
25 61 950.264 950.366 0.102659
43 62 972.531 972.86 0.328715
5 61 962.249 962.347 0.0975373
26 60 954.591 954.694 0.102658
55 63 960.18 960.277 0.0975366
10 65 956.796 956.893 0.0975392
21 61 1146.84 1146.94 0.0975384
12 65 967.723 967.82 0.0975371
20 61 1368.49 1370.79 2.30195
17 60 1156.1 1156.2 0.0975375
32 62 972.303 972.401 0.0975372
51 64 973.053 973.15 0.0975376
21 61 966.844 966.942 0.0975384
8 65 973.39 973.487 0.0975386
51 64 1153.05 1153.15 0.0975376
50 64 985.492 985.589 0.0975378
44 63 973.155 973.258 0.102661
3 61 986.651 986.748 0.0975367
7 65 1170.58 1170.68 0.0975382
7 65 990.582 990.679 0.0975382
5 61 992.249 992.347 0.0975373
17 60 976.102 976.2 0.0975375
43 62 1005.07 1005.4 0.328715
25 61 980.264 980.361 0.0975388
5 61 1142.25 1142.35 0.0975373
26 60 984.591 984.694 0.102658
6 60 1157.57 1157.67 0.10266
10 60 986.796 986.893 0.0975371
55 63 990.18 990.277 0.0975366
32 62 1002.3 1002.4 0.0975372
12 65 997.723 997.82 0.0975371
8 65 1003.39 1003.49 0.0975386
21 61 996.844 996.942 0.0975384
44 63 1003.15 1003.26 0.102661
51 64 1003.05 1003.15 0.0975376
50 64 1015.49 1015.59 0.0975378
3 61 1016.65 1016.75 0.0975367
17 60 1006.1 1006.2 0.0975375
32 62 1032.3 1032.4 0.0975372
25 61 1010.26 1010.36 0.0975388
43 62 1037.61 1037.94 0.328715
26 60 1014.59 1014.69 0.0975381
7 65 1020.58 1020.68 0.0975382
12 65 1027.72 1027.82 0.0975371
2 60 1368.85 1371.16 2.30195
5 61 1022.25 1022.35 0.0975373
55 63 1020.18 1020.28 0.0975366
44 63 1033.15 1033.25 0.0975412
10 60 1016.8 1016.89 0.0975371
26 60 1044.59 1044.69 0.0975381
21 61 1026.84 1026.94 0.0975384
32 62 1152.3 1152.4 0.0975372
51 64 1033.05 1033.15 0.0975376
10 60 1166.8 1166.89 0.0975371
8 65 1033.39 1033.49 0.0975386
25 61 1040.26 1040.36 0.0975388
50 64 1045.49 1045.59 0.0975378
17 60 1036.1 1036.2 0.0975375
14 0 1368.39 0 -1368.39
19 61 1166.69 1166.8 0.102658
34 0 1388.69 0 -1388.69
49 63 1390.84 1393.14 2.30197
9 61 1378.31 1380.62 2.30196
54 0 1185.63 0 -1185.63
6 60 1177.94 1178.04 0.10266
44 63 1153.15 1153.26 0.102661
25 61 1160.26 1160.36 0.0975388
50 64 1165.49 1165.59 0.0975378
