7 44 0.27085 2.5728 2.30195
19 42 0.487361 2.78932 2.30196
38 0 13.8861 0 -13.8861
39 42 15.3489 17.6509 2.30197
18 0 16.5774 0 -16.5774
17 42 14.8485 17.1504 2.30196
32 43 2.48961 4.79156 2.30195
32 43 992.49 992.587 0.097537
22 42 701.457 703.759 2.30195
27 0 2.67556 0 -2.67556
25 43 700.952 703.254 2.30196
37 0 4.3156 0 -4.3156
11 41 3.48477 5.78672 2.30195
18 0 700.257 0 -700.257
21 0 4.85636 0 -4.85636
39 42 699.029 701.331 2.30197
3 0 929.583 0 -929.583
17 0 698.528 0 -698.528
30 43 13.0297 15.3317 2.30196
31 41 6.3784 8.68036 2.30196
35 0 6.35688 0 -6.35688
6 41 1181.62 1181.72 0.0975382
11 41 933.485 933.587 0.102657
2 0 9.75134 0 -9.75134
20 0 9.56318 0 -9.56318
6 41 11.621 13.9229 2.30195
8 44 10.3459 12.6479 2.30195
37 44 1143.78 1146.08 2.30196
8 44 1180.35 1180.44 0.0975386
25 41 17.2719 19.5739 2.30196
6 41 1031.62 1031.72 0.102658
8 44 1030.35 1030.44 0.0975386
36 0 17.8015 0 -17.8015
3 44 18.0099 20.3118 2.30196
22 42 17.7773 20.0793 2.30195
11 41 993.485 993.582 0.0975374
16 44 985.094 985.197 0.102659
36 0 929.375 0 -929.375
22 42 947.777 947.875 0.0975375
4 41 18.0611 20.363 2.30195
34 43 19.4918 21.7937 2.30196
29 0 19.1698 0 -19.1698
12 41 19.3592 21.6612 2.30196
14 0 940.186 0 -940.186
4 0 929.634 0 -929.634
33 0 941.045 0 -941.045
5 40 940.218 942.52 2.30195
0 41 24.3064 26.6083 2.30196
1 40 19.971 22.273 2.30195
13 40 939.517 941.819 2.30195
9 40 22.8943 25.1963 2.30195
16 44 25.0942 27.3961 2.30195
6 41 695.301 697.603 2.30195
28 43 25.4143 27.7162 2.30196
10 40 26.5032 28.8052 2.30195
26 43 25.2337 27.5356 2.30196
8 44 694.026 696.328 2.30195
34 43 979.492 979.594 0.102661
10 40 1016.5 1016.6 0.097538
2 0 693.431 0 -693.431
32 43 962.49 962.587 0.097537
13 40 27.9437 30.2457 2.30195
23 0 28.2426 0 -28.2426
24 43 27.8928 30.1948 2.30196
20 0 693.243 0 -693.243
10 40 938.076 938.179 0.102658
16 0 936.667 0 -936.667
31 40 690.058 692.36 2.30196
14 0 28.6125 0 -28.6125
33 43 29.4719 31.7738 2.30195
15 0 29.7713 0 -29.7713
5 0 28.6453 0 -28.6453
35 0 690.037 0 -690.037
21 40 688.536 690.838 2.30196
32 0 932.49 0 -932.49
29 40 247.063 249.365 2.30196
22 42 1037.78 1037.87 0.0975375
37 0 687.995 0 -687.995
11 41 687.165 689.466 2.30195
14 41 256.506 258.808 2.30195
12 0 475.146 0 -475.146
26 0 481.02 0 -481.02
24 43 711.573 713.874 2.30196
13 40 255.837 258.139 2.30195
23 0 256.136 0 -256.136
33 43 713.152 715.454 2.30195
28 0 481.201 0 -481.201
16 44 708.774 711.076 2.30195
1 44 247.864 250.166 2.30196
28 43 253.308 255.609 2.30196
16 44 252.987 255.289 2.30195
0 0 252.2 0 -252.2
8 44 466.132 468.434 2.30195
36 42 473.588 475.89 2.30197
34 43 247.385 249.687 2.30196
10 44 254.396 256.698 2.30196
9 40 250.788 253.09 2.30195
32 43 1172.49 1172.59 0.097537
9 40 1162.89 1162.99 0.0975377
24 43 255.786 258.088 2.30196
15 41 257.665 259.967 2.30195
18 0 472.364 0 -472.364
12 41 247.252 249.554 2.30196
15 0 713.451 0 -713.451
26 43 253.127 255.429 2.30196
33 43 257.365 259.667 2.30195
5 41 712.325 714.627 2.30195
17 42 470.635 472.937 2.30196
7 44 228.164 230.466 2.30195
19 42 228.381 230.683 2.30196
32 43 230.383 232.685 2.30195
27 41 230.569 232.871 2.30196
11 41 231.378 233.68 2.30195
37 42 232.209 234.511 2.30195
21 42 232.75 235.052 2.30195
35 42 234.25 236.552 2.30197
31 41 234.272 236.574 2.30196
20 0 237.456 0 -237.456
2 40 237.645 239.947 2.30195
8 44 238.239 240.541 2.30195
6 41 239.514 241.816 2.30195
30 40 240.923 243.225 2.30196
38 0 241.779 0 -241.779
17 42 242.742 245.044 2.30196
39 0 243.242 0 -243.242
18 42 244.471 246.773 2.30196
25 43 245.165 247.467 2.30196
22 42 245.671 247.973 2.30195
36 0 245.695 0 -245.695
3 40 245.903 248.205 2.30195
4 41 245.954 248.256 2.30195
9 40 982.894 982.992 0.0975377
27 41 686.355 688.657 2.30196
32 43 686.169 688.471 2.30195
27 41 1370.04 1370.22 0.184838
33 43 959.472 959.569 0.0975384
19 42 684.167 686.469 2.30196
8 44 970.346 970.443 0.0975386
5 40 256.539 258.841 2.30195
33 43 1019.47 1019.57 0.102658
34 43 949.492 949.589 0.0975408
7 44 683.951 686.253 2.30195
34 43 1009.49 1009.59 0.102661
32 0 1022.49 0 -1022.49
38 0 697.566 0 -697.566
34 43 1159.49 1159.59 0.102661
33 43 1169.47 1169.57 0.0975384
33 43 989.472 989.569 0.0975384
22 42 929.35 929.453 0.102658
9 40 706.574 708.876 2.30195
30 40 696.709 699.011 2.30196
20 0 1376.92 0 -1376.92
26 43 708.913 711.215 2.30196
34 43 1039.49 1039.59 0.0975408
7 44 1020.27 1020.37 0.097538
11 41 963.485 963.582 0.0975374
10 40 986.503 986.606 0.102658
30 40 1022.23 1022.56 0.328712
1 40 703.651 705.953 2.30195
22 42 473.564 475.866 2.30195
12 40 703.039 705.341 2.30195
29 0 702.85 0 -702.85
2 40 465.538 467.84 2.30195
39 0 471.135 0 -471.135
23 0 484.029 0 -484.029
14 0 484.399 0 -484.399
15 41 485.558 487.86 2.30195
20 0 465.35 0 -465.35
30 40 468.816 471.118 2.30196
9 40 478.681 480.983 2.30195
5 0 484.432 0 -484.432
16 44 480.881 483.183 2.30195
13 40 711.623 713.925 2.30195
31 41 462.165 464.467 2.30196
29 0 474.956 0 -474.956
3 40 473.796 476.098 2.30195
7 44 960.271 960.368 0.097538
3 44 701.69 703.992 2.30196
13 40 483.73 486.032 2.30195
0 41 707.986 710.288 2.30196
35 43 462.143 464.445 2.30198
38 42 469.673 471.975 2.30197
25 0 473.058 0 -473.058
4 41 473.848 476.15 2.30195
4 41 701.741 704.043 2.30195
10 40 710.183 712.485 2.30195
8 44 1000.35 1000.44 0.0975386
22 42 977.777 977.875 0.0975375
23 0 711.922 0 -711.922
34 43 475.278 477.58 2.30196
6 41 467.407 469.709 2.30195
7 44 990.271 990.368 0.097538
24 43 483.679 485.981 2.30196
1 44 475.758 478.059 2.30196
33 43 485.258 487.56 2.30195
0 40 480.093 482.395 2.30195
10 40 482.29 484.592 2.30195
7 44 456.057 458.359 2.30195
19 42 456.274 458.576 2.30196
32 43 458.276 460.578 2.30195
27 0 458.462 0 -458.462
11 41 459.271 461.573 2.30195
37 42 460.102 462.404 2.30195
21 42 460.643 462.945 2.30195
7 40 930.271 930.374 0.102659
14 0 712.292 0 -712.292
11 41 1023.48 1023.58 0.0975374
6 41 971.621 971.719 0.0975382
28 43 709.094 711.396 2.30196
16 44 1015.09 1015.19 0.097539
34 43 703.172 705.473 2.30196
36 0 701.481 0 -701.481
32 43 1142.49 1142.59 0.097537
30 40 1054.77 1054.95 0.18484
9 40 1012.89 1012.99 0.0975377
23 40 939.816 942.118 2.30197
11 40 1173.48 1173.58 0.0975387
26 43 1183 1183.1 0.102661
6 41 1001.62 1001.72 0.102658
9 40 952.894 952.997 0.102658
34 43 931.065 931.167 0.102661
6 41 941.621 941.724 0.102658
29 40 930.743 933.045 2.30196
26 43 936.807 939.109 2.30196
24 0 939.466 0 -939.466
30 40 957.144 957.473 0.328712
8 44 940.346 940.449 0.102659
7 44 911.844 911.946 0.102658
19 42 912.06 914.362 2.30196
32 43 914.063 914.165 0.102657
27 43 914.249 916.551 2.30196
11 41 915.058 915.16 0.102657
37 0 915.889 0 -915.889
21 40 916.429 918.731 2.30196
35 0 917.93 0 -917.93
31 41 917.951 920.253 2.30196
20 0 921.136 0 -921.136
2 40 921.324 923.626 2.30195
8 44 921.919 922.022 0.102659
6 41 923.194 923.297 0.102658
19 42 1367.85 1370.15 2.30196
16 44 955.094 955.192 0.097539
17 42 926.421 928.723 2.30196
18 0 928.15 0 -928.15
1 44 931.544 933.846 2.30196
15 41 941.344 943.646 2.30195
12 0 930.932 0 -930.932
39 42 926.922 929.224 2.30197
30 40 924.603 924.931 0.328712
25 43 928.845 931.147 2.30196
38 42 925.459 927.761 2.30197
21 42 1174.86 1174.95 0.0975382
22 42 1007.78 1007.87 0.0975375
30 40 989.686 990.015 0.328712
0 41 935.879 938.181 2.30196
9 40 934.467 934.57 0.102658
10 40 956.503 956.601 0.097538
28 43 936.987 939.289 2.30196
9 40 1042.89 1042.99 0.0975377
10 40 1166.5 1166.6 0.097538
10 40 1046.5 1046.6 0.097538
16 44 1045.09 1045.19 0.097539
35 0 1373.72 0 -1373.72
2 40 1377.11 1377.21 0.102659
31 41 1373.74 1376.04 2.30196
32 43 1052.49 1052.59 0.097537
6 41 1061.62 1061.72 0.0975382
7 44 1050.27 1050.37 0.097538
33 43 1049.47 1049.57 0.102658
30 40 1183.03 1183.2 0.1746
22 42 1157.78 1157.87 0.0975375
11 41 1053.48 1053.58 0.0975374
10 40 1076.5 1076.6 0.097538
9 40 1072.89 1072.99 0.0975377
8 44 1060.35 1060.44 0.0975386
34 43 1069.49 1069.59 0.0975408
30 40 1073.07 1073.24 0.1746
22 42 1067.78 1067.87 0.0975375
7 44 1080.27 1080.37 0.097538
6 41 1091.62 1091.72 0.0975382
32 43 1082.49 1082.59 0.097537
16 44 1075.09 1075.19 0.097539
38 41 1153.35 1155.65 2.30197
33 43 1079.47 1079.57 0.0975384
7 44 1170.27 1170.37 0.097538
10 40 1106.5 1106.6 0.097538
30 40 1093.03 1093.2 0.1746
11 41 1083.48 1083.58 0.0975374
8 44 1090.35 1090.44 0.0975386
9 40 1102.89 1102.99 0.0975377
7 44 1110.27 1110.37 0.097538
0 41 1163.77 1166.07 2.30196
16 44 1105.09 1105.19 0.097539
26 43 1164.7 1164.88 0.184837
34 43 1099.49 1099.59 0.102661
22 42 1097.78 1097.87 0.0975375
19 42 1139.95 1142.26 2.30196
6 41 1121.62 1121.72 0.0975382
32 43 1112.49 1112.59 0.097537
21 40 1144.32 1144.43 0.102666
37 0 1371.68 0 -1371.68
33 43 1109.47 1109.57 0.0975384
35 42 1145.82 1148.13 2.30197
31 44 1145.84 1148.15 2.30196
29 40 1158.64 1160.94 2.30196
30 40 1123.03 1123.2 0.1746
4 41 1157.53 1159.83 2.30195
27 41 1142.14 1144.44 2.30196
11 41 1113.48 1113.58 0.0975374
3 0 1157.48 0 -1157.48
16 44 1135.09 1135.19 0.097539
20 42 1149.03 1151.33 2.30196
2 40 1149.22 1151.52 2.30195
8 44 1120.35 1120.44 0.0975386
24 0 1167.36 0 -1167.36
15 41 1169.24 1171.54 2.30195
10 40 1136.5 1136.6 0.097538
1 40 1159.44 1161.74 2.30195
34 43 1129.49 1129.59 0.102661
12 40 1158.83 1161.13 2.30195
28 0 1164.88 0 -1164.88
9 40 1132.89 1132.99 0.0975377
17 42 1154.31 1156.62 2.30196
39 0 1154.82 0 -1154.82
18 42 1156.04 1158.35 2.30196
25 41 1156.74 1157.35 0.616458
22 42 1127.78 1127.87 0.0975375
36 0 1157.27 0 -1157.27
7 44 1140.27 1140.37 0.097538
11 41 1143.48 1143.58 0.0975374
16 44 1165.09 1165.19 0.097539
23 42 1167.71 1170.01 2.30196
14 41 1168.08 1170.38 2.30195
13 40 1167.41 1169.71 2.30195
33 43 1139.47 1139.57 0.0975384
5 40 1168.11 1170.41 2.30195
30 41 1153.03 1153.2 0.174601
8 44 1150.35 1150.44 0.0975386
6 41 1151.62 1151.72 0.0975382
38 42 1381.25 1383.55 2.30197
28 43 1392.77 1395.08 2.30196
16 44 1195.09 1195.19 0.097539
0 40 1391.67 1391.77 0.102658
24 43 1395.25 1397.55 2.30196
12 40 1386.72 1386.82 0.102659
26 43 1195.23 1195.34 0.102661
29 41 1386.53 1388.83 2.30196
9 40 1192.89 1192.99 0.0975377
4 41 1385.42 1385.52 0.102659
34 43 1189.49 1189.59 0.0975408
15 41 1397.13 1399.43 2.30195
1 40 1387.33 1387.43 0.102658
23 0 1395.6 0 -1395.6
17 42 1382.21 1382.82 0.616455
10 40 1196.5 1196.6 0.097538
18 42 1383.94 1386.24 2.30196
39 42 1382.71 1385.01 2.30197
25 41 1217.77 1218.38 0.616458
36 0 1385.16 0 -1385.16
3 44 1385.37 1387.67 2.30196
22 42 1187.78 1187.87 0.0975375
14 41 1395.97 1398.27 2.30195
13 40 1395.3 1397.61 2.30195
33 43 1199.47 1199.57 0.0975384
5 40 1396 1396.11 0.102657
