29 42 0.358743 2.66071 2.30196
4 40 0.561977 2.86393 2.30195
36 44 15.51 17.8119 2.30196
28 42 15.3934 17.6954 2.30196
27 44 16.349 18.6509 2.30196
6 40 1.04045 3.34241 2.30195
0 43 706.163 708.464 2.30195
28 42 1125.39 1125.49 0.0975429
35 42 711.63 713.932 2.30195
17 41 1.3015 3.60346 2.30196
7 43 1178.46 1178.57 0.102656
24 44 691.098 693.4 2.30195
31 42 1.41768 3.71964 2.30197
37 42 2.49336 4.79532 2.30196
16 41 1183.06 1183.16 0.097538
24 44 7.41781 9.71976 2.30195
1 40 6.68819 8.99015 2.30195
30 0 8.06688 0 -8.06688
36 44 1382.87 1385.17 2.30196
13 41 925.443 927.745 2.30196
28 42 926.966 927.069 0.102663
29 42 1033.99 1034.6 0.61646
9 0 8.07547 0 -8.07547
24 44 997.418 997.515 0.097538
11 41 8.91697 11.2189 2.30196
5 40 15.1667 17.4686 2.30195
2 43 14.1409 16.4428 2.30195
16 41 13.0589 15.3609 2.30195
13 41 13.8698 16.1718 2.30196
27 41 927.922 930.224 2.30196
38 0 929.967 0 -929.967
0 43 934.056 936.358 2.30195
23 41 16.1801 18.482 2.30196
6 40 1021.04 1021.14 0.0975375
35 42 987.951 988.053 0.102658
6 40 991.04 991.138 0.0975375
32 43 17.611 19.9129 2.30195
18 41 17.5479 19.8499 2.30195
39 42 17.6135 19.9155 2.30196
12 41 981.724 981.821 0.0975371
11 41 692.597 694.899 2.30196
34 0 934.432 0 -934.432
10 43 985.004 985.101 0.0975363
26 41 19.6124 21.9144 2.30196
38 42 18.394 20.6959 2.30196
14 0 20.5389 0 -20.5389
3 43 20.6671 22.9691 2.30196
15 0 20.3933 0 -20.3933
20 0 934.35 0 -934.35
37 42 1174.5 1174.6 0.102661
12 41 21.7237 24.0257 2.30195
0 43 22.4828 24.7847 2.30195
19 0 21.215 0 -21.215
22 0 22.3674 0 -22.3674
25 44 22.771 25.073 2.30195
19 40 932.788 935.09 2.30197
23 0 927.753 0 -927.753
20 0 22.7773 0 -22.7773
6 0 931.04 0 -931.04
34 0 22.8595 0 -22.8595
17 41 1021.3 1021.4 0.0975402
24 44 1027.42 1027.52 0.097538
10 43 1165 1165.1 0.0975363
8 40 25.1511 27.453 2.30195
21 0 23.2778 0 -23.2778
35 42 939.524 939.626 0.102658
10 43 25.0037 27.3056 2.30195
33 42 26.4431 28.745 2.30196
28 42 1035.39 1035.49 0.0975429
30 42 1375.43 1377.73 2.30198
7 43 28.8354 31.1373 2.30195
35 42 27.9506 30.2526 2.30195
14 0 248.432 0 -248.432
15 0 248.287 0 -248.287
24 44 463.204 465.506 2.30195
1 40 690.368 692.67 2.30195
37 43 686.173 688.475 2.30197
12 41 477.51 479.812 2.30195
26 0 247.506 0 -247.506
0 43 250.376 252.678 2.30195
33 43 254.336 256.638 2.30197
38 42 474.18 476.482 2.30196
15 41 476.18 478.482 2.30195
3 43 248.56 250.862 2.30196
35 42 255.844 258.146 2.30195
22 42 706.047 708.349 2.30197
12 41 705.403 707.705 2.30195
19 0 704.895 0 -704.895
19 0 249.108 0 -249.108
5 40 698.846 701.148 2.30195
16 41 468.845 471.147 2.30195
2 43 697.821 700.123 2.30195
21 41 706.958 709.26 2.30196
34 0 706.539 0 -706.539
27 44 700.029 702.331 2.30196
38 0 246.287 0 -246.287
21 0 251.171 0 -251.171
38 0 702.074 0 -702.074
12 41 249.617 251.919 2.30195
39 0 701.293 0 -701.293
13 41 469.656 471.958 2.30196
0 43 478.269 480.571 2.30195
18 41 701.228 703.53 2.30195
3 43 704.347 706.649 2.30196
14 0 704.219 0 -704.219
22 0 250.261 0 -250.261
9 40 691.755 694.057 2.30196
34 0 250.753 0 -250.753
7 43 256.729 259.031 2.30195
30 0 691.747 0 -691.747
39 42 473.4 475.702 2.30196
32 0 701.291 0 -701.291
36 44 471.296 473.598 2.30196
29 42 228.252 230.554 2.30196
4 0 228.455 0 -228.455
6 43 228.934 231.236 2.30196
17 41 229.195 231.497 2.30196
31 42 229.311 231.613 2.30197
37 42 230.387 232.689 2.30196
1 40 234.581 236.883 2.30195
24 44 235.311 237.613 2.30195
30 42 235.96 238.262 2.30198
9 0 235.969 0 -235.969
11 41 236.81 239.112 2.30196
16 41 240.952 243.254 2.30195
13 41 241.763 244.065 2.30196
2 43 242.034 244.336 2.30195
5 40 243.06 245.362 2.30195
28 42 243.287 245.589 2.30196
36 0 243.403 0 -243.403
23 41 244.073 246.375 2.30196
27 44 244.242 246.544 2.30196
18 41 245.441 247.743 2.30195
32 43 245.504 247.806 2.30195
39 0 245.507 0 -245.507
28 42 1155.39 1155.49 0.0975429
25 44 1012.77 1012.87 0.0975382
23 41 1383.54 1385.84 2.30196
12 41 1041.72 1041.82 0.0975371
20 0 250.671 0 -250.671
25 44 250.664 252.966 2.30195
10 43 252.897 255.199 2.30195
8 40 253.044 255.346 2.30195
6 43 1141.04 1141.14 0.0975402
35 42 1017.95 1018.05 0.0975376
8 40 985.151 985.254 0.102658
28 42 699.073 701.375 2.30196
11 41 1028.92 1029.09 0.174598
12 41 1161.72 1161.82 0.0975371
29 42 972.96 973.577 0.61646
7 41 712.515 714.817 2.30196
1 40 1176.69 1176.79 0.102659
2 43 1184.14 1184.24 0.0975383
4 40 684.242 686.544 2.30195
18 41 473.334 475.636 2.30195
3 43 476.454 478.756 2.30196
25 44 478.558 480.859 2.30195
14 0 932.112 0 -932.112
35 42 483.737 486.039 2.30195
9 0 463.862 0 -463.862
26 44 475.399 477.701 2.30196
2 43 469.927 472.229 2.30195
20 42 478.564 480.866 2.30197
22 0 478.154 0 -478.154
10 43 708.683 710.985 2.30195
30 42 463.853 466.155 2.30198
20 42 706.457 708.759 2.30197
23 0 699.86 0 -699.86
25 44 706.451 708.753 2.30195
14 0 476.325 0 -476.325
23 0 471.967 0 -471.967
27 44 472.135 474.437 2.30196
28 42 471.18 473.482 2.30196
19 0 477.001 0 -477.001
33 42 482.23 484.532 2.30196
8 40 480.938 483.24 2.30195
33 0 710.123 0 -710.123
8 40 708.831 711.133 2.30195
1 40 462.475 464.777 2.30195
15 41 704.073 706.375 2.30195
5 40 470.953 473.255 2.30195
26 44 703.292 705.594 2.30196
7 43 484.622 486.924 2.30195
32 43 473.397 475.699 2.30195
11 41 464.703 467.005 2.30196
21 44 479.064 481.366 2.30196
34 0 478.646 0 -478.646
24 44 1177.42 1177.52 0.097538
10 43 480.79 483.092 2.30195
29 42 456.145 458.447 2.30196
4 40 456.348 458.65 2.30195
6 40 456.827 459.129 2.30195
17 41 457.088 459.39 2.30196
31 0 457.204 0 -457.204
37 42 458.28 460.582 2.30196
4 40 1170.56 1170.66 0.102658
28 42 1185.39 1185.49 0.0975429
35 42 1167.95 1168.05 0.0975376
29 42 684.038 686.34 2.30196
25 44 1162.77 1162.87 0.0975382
36 44 699.19 701.492 2.30196
17 41 684.981 687.283 2.30196
11 41 998.917 999.092 0.174598
16 41 973.059 973.162 0.102658
31 0 685.097 0 -685.097
17 41 961.301 961.404 0.10266
11 41 1178.92 1179.09 0.174598
6 40 684.72 687.022 2.30195
5 40 1185.17 1185.26 0.097538
16 44 696.739 699.041 2.30196
28 42 1005.39 1005.49 0.0975429
13 43 697.55 699.852 2.30196
27 41 1165.98 1166.08 0.102662
6 40 1171.04 1171.14 0.0975375
17 41 931.301 931.404 0.10266
5 40 1154.63 1154.74 0.102658
16 41 943.059 943.233 0.174594
11 41 953.032 953.216 0.184838
2 43 925.714 928.016 2.30195
22 43 933.94 936.242 2.30196
17 41 991.301 991.404 0.10266
3 43 932.24 934.542 2.30196
10 43 955.004 955.101 0.0975363
7 43 940.408 942.71 2.30195
12 41 951.724 951.821 0.0975371
24 44 937.418 937.52 0.102658
16 41 924.632 924.817 0.184834
8 40 936.724 936.827 0.102658
10 43 936.577 936.679 0.102656
28 42 945.393 945.496 0.102663
11 41 971.33 971.505 0.174598
24 44 1117.42 1117.52 0.097538
25 44 952.771 952.869 0.0975382
29 42 911.932 912.548 0.61646
4 43 912.135 914.437 2.30196
6 40 912.613 912.716 0.102658
17 41 912.874 912.977 0.10266
31 42 912.991 915.293 2.30197
37 42 914.066 916.368 2.30196
1 40 918.261 920.563 2.30195
24 44 918.991 919.093 0.102658
30 42 919.64 921.942 2.30198
9 43 919.648 921.95 2.30196
11 41 920.49 920.819 0.32871
15 0 931.966 0 -931.966
5 40 926.74 929.042 2.30195
12 0 933.297 0 -933.297
36 0 927.083 0 -927.083
25 44 1042.77 1042.87 0.0975382
16 41 1033.06 1033.16 0.102658
16 41 1003.06 1003.16 0.102658
25 44 982.771 982.874 0.102658
31 42 1368.78 1371.08 2.30197
21 41 934.851 937.153 2.30196
32 0 929.184 0 -929.184
18 41 929.121 931.423 2.30195
8 40 955.151 955.249 0.0975382
26 0 931.185 0 -931.185
39 0 929.187 0 -929.187
10 43 1015 1015.1 0.0975363
8 40 1015.15 1015.25 0.0975382
12 41 1011.72 1011.82 0.0975371
6 40 961.04 961.138 0.0975375
28 42 975.393 975.491 0.0975429
24 44 967.418 967.515 0.097538
25 0 934.344 0 -934.344
35 42 957.951 958.053 0.102658
33 42 938.016 940.318 2.30196
10 43 1045 1045.1 0.0975363
8 40 1045.15 1045.25 0.0975382
35 42 1047.95 1048.05 0.0975376
9 40 1375.43 1377.74 2.30196
6 40 1051.04 1051.14 0.0975375
12 41 1071.72 1071.82 0.0975371
17 41 1051.3 1051.4 0.0975402
11 41 1058.92 1059.09 0.174598
28 42 1065.39 1065.49 0.0975429
24 44 1057.42 1057.52 0.097538
8 40 1075.15 1075.25 0.0975382
35 42 1077.95 1078.05 0.0975376
25 44 1072.77 1072.87 0.0975382
16 41 1063.06 1063.16 0.102658
10 43 1075 1075.1 0.0975363
29 42 1217.07 1217.69 0.61646
29 42 1095.02 1095.63 0.61646
6 40 1081.04 1081.14 0.0975375
4 40 1140.03 1140.13 0.102658
17 41 1081.3 1081.4 0.10266
11 41 1088.92 1089.09 0.174598
24 44 1087.42 1087.52 0.097538
10 43 1105 1105.1 0.0975363
12 41 1131.72 1131.82 0.0975371
25 44 1102.77 1102.87 0.0975382
28 42 1095.39 1095.49 0.0975429
8 40 1105.15 1105.25 0.0975382
12 41 1101.72 1101.82 0.0975371
16 41 1093.06 1093.16 0.097538
11 41 1118.92 1119.09 0.174598
6 40 1111.04 1111.14 0.0975375
37 42 1141.96 1142.29 0.328709
9 40 1147.54 1149.84 2.30196
33 42 1165.91 1168.21 2.30196
17 41 1111.3 1111.4 0.10266
30 0 1147.53 0 -1147.53
31 42 1140.88 1143.19 2.30197
34 0 1162.33 0 -1162.33
35 42 1107.95 1108.05 0.0975376
14 0 1160.01 0 -1160.01
24 44 1147.42 1147.52 0.097538
27 44 1155.82 1155.92 0.102661
23 0 1155.65 0 -1155.65
36 0 1154.98 0 -1154.98
1 40 1146.15 1146.26 0.102659
19 41 1160.68 1162.98 2.30195
3 0 1160.13 0 -1160.13
25 44 1132.77 1132.87 0.0975382
22 0 1161.83 0 -1161.83
15 0 1159.86 0 -1159.86
10 43 1135 1135.1 0.0975363
20 0 1162.24 0 -1162.24
32 43 1157.08 1159.38 2.30195
26 0 1159.08 0 -1159.08
0 43 1161.95 1164.25 2.30195
18 44 1157.01 1159.32 2.30196
38 41 1157.86 1160.16 2.30197
21 44 1162.74 1165.05 2.30196
11 41 1148.92 1149.09 0.174598
7 43 1168.3 1168.4 0.102656
39 0 1157.08 0 -1157.08
16 41 1123.06 1123.16 0.097538
8 40 1135.15 1135.25 0.0975382
13 41 1153.34 1155.64 2.30196
2 43 1153.61 1153.71 0.102658
29 42 1156.05 1156.66 0.61646
4 40 1150.19 1150.29 0.102658
17 41 1141.3 1141.4 0.0975402
17 41 1171.3 1171.4 0.0975402
1 40 1156.32 1156.42 0.102659
35 42 1137.95 1138.05 0.0975376
8 40 1165.15 1165.25 0.0975382
13 41 1381.23 1381.41 0.184835
16 41 1153.06 1153.16 0.097538
21 41 1390.64 1390.82 0.184837
15 41 1387.75 1390.05 2.30195
14 41 1387.9 1390.2 2.30195
19 41 1388.57 1390.88 2.30195
27 44 1186.35 1186.45 0.102661
0 43 1389.84 1389.94 0.102659
33 42 1393.8 1395.12 1.31482
38 42 1385.75 1388.06 2.30196
12 41 1191.72 1191.82 0.0975371
26 0 1386.97 0 -1386.97
39 42 1384.97 1387.27 2.30196
18 41 1384.91 1385.01 0.102658
25 44 1192.77 1192.87 0.0975382
3 43 1388.03 1390.33 2.30196
34 42 1390.22 1392.52 2.30197
32 43 1384.97 1385.07 0.102658
10 43 1195 1195.1 0.0975363
22 0 1389.73 0 -1389.73
20 0 1390.14 0 -1390.14
8 40 1195.15 1195.25 0.0975382
35 42 1197.95 1198.05 0.0975376
7 43 1198.84 1198.93 0.0975364
