28 62 1.1277 3.42965 2.30195
14 60 1.21293 3.51488 2.30195
21 62 24.4518 26.7538 2.30195
29 66 18.4557 20.7577 2.30195
25 66 18.4934 20.7954 2.30195
22 71 1063.96 1064.06 0.0975384
20 71 1.33269 3.63465 2.30195
9 69 942.945 943.043 0.0975366
24 62 1141.93 1142.02 0.0975364
24 62 1.92695 4.2289 2.30195
16 63 1023.01 1023.1 0.0975382
16 63 3.00702 5.30897 2.30195
48 66 1168.09 1170.39 2.30196
22 71 1123.96 1124.06 0.0975384
4 60 3.86603 6.16798 2.30195
43 65 3.58326 5.88521 2.30195
2 64 967.222 967.325 0.102659
1 69 1042.53 1042.63 0.0975383
32 67 6.35801 8.65996 2.30195
13 64 4.66858 6.97054 2.30195
15 64 4.6912 6.99316 2.30196
7 63 949.778 949.881 0.102658
15 63 1024.69 1024.79 0.097539
25 66 978.493 978.591 0.097538
2 64 7.22188 9.52384 2.30195
59 69 7.77688 10.0788 2.30196
0 60 1047.66 1047.76 0.0975373
12 0 11.854 0 -11.854
50 73 8.3082 10.6102 2.30196
38 70 1074.97 1075.07 0.0975374
19 74 1192.89 1192.99 0.097538
51 75 9.97123 12.2732 2.30196
58 72 11.6776 13.9796 2.30195
10 0 12.577 0 -12.577
33 61 11.2426 13.5445 2.30195
41 73 12.7702 15.0722 2.30195
27 62 12.2725 14.5745 2.30195
9 69 12.9453 15.2472 2.30195
38 70 1044.97 1045.07 0.0975374
25 66 1128.49 1128.59 0.097538
53 0 709.654 0 -709.654
0 60 711.34 713.642 2.30195
16 63 993.007 993.105 0.0975382
8 60 989.461 989.563 0.102658
29 66 1157.92 1160.22 2.30195
22 71 13.9588 16.2608 2.30195
40 73 13.4766 15.7786 2.30195
38 70 936.541 936.644 0.102657
47 65 1067.54 1067.64 0.0975373
30 62 15.7084 18.0104 2.30195
34 61 14.2993 16.6013 2.30195
23 66 14.0471 16.3491 2.30195
21 62 1134.45 1134.55 0.0975382
51 75 1029.97 1030.07 0.102659
3 63 15.1327 17.4347 2.30195
24 62 1021.93 1022.02 0.0975364
5 60 1169.4 1169.58 0.184835
37 61 939.44 939.542 0.102658
55 68 16.5757 18.8777 2.30196
3 63 975.133 975.23 0.0975369
21 62 1074.45 1074.55 0.0975382
57 64 1166.99 1169.3 2.30196
42 0 17.1965 0 -17.1965
29 62 930.029 932.331 2.30195
47 65 17.5376 19.8396 2.30195
27 62 1032.27 1032.37 0.0975384
7 63 19.7783 22.0802 2.30195
31 67 19.1939 21.4958 2.30195
0 60 987.66 987.758 0.0975373
38 70 708.648 710.95 2.30195
49 0 708.705 0 -708.705
41 0 924.343 0 -924.343
21 62 1044.45 1044.55 0.0975382
18 62 952.341 952.444 0.102658
36 61 938.859 941.16 2.30195
44 0 23.7285 0 -23.7285
52 75 21.4715 23.7735 2.30195
11 60 21.5599 23.8619 2.30195
45 68 1164.45 1164.55 0.102657
1 69 22.5277 24.8297 2.30195
18 62 22.3412 24.6432 2.30195
39 67 22.1945 24.4965 2.30195
18 62 982.341 982.439 0.0975377
39 67 1042.19 1042.29 0.0975377
36 61 1166.75 1169.05 2.30195
19 74 22.8936 25.1956 2.30195
6 72 23.0188 25.3208 2.30195
15 63 1144.69 1144.79 0.097539
51 75 1059.97 1060.07 0.102659
56 65 23.5206 25.8225 2.30196
46 65 23.8464 26.1484 2.30195
24 62 1051.93 1052.02 0.0975364
23 66 1154.05 1154.14 0.0975369
7 63 1129.78 1129.88 0.0975377
14 60 961.213 961.316 0.102657
9 69 1032.95 1033.04 0.0975366
16 63 1053.01 1053.1 0.0975382
26 62 956.335 956.438 0.102658
17 64 24.4844 26.7863 2.30196
54 0 23.9227 0 -23.9227
5 60 1199.93 1200.03 0.102659
37 61 987.867 987.964 0.0975375
0 60 957.66 957.763 0.102657
38 70 24.9684 27.2704 2.30195
45 65 24.9838 27.2858 2.30196
49 0 25.0254 0 -25.0254
22 71 1153.96 1154.06 0.0975384
46 65 1133.85 1133.94 0.0975365
51 75 1119.97 1120.07 0.097539
16 63 1143.01 1143.1 0.0975382
26 62 26.3354 28.6373 2.30195
35 0 25.3587 0 -25.3587
53 75 25.9745 28.2765 2.30196
36 61 27.2855 29.5875 2.30195
3 63 1065.13 1065.23 0.0975369
43 65 963.583 963.686 0.102656
0 60 27.6601 29.9621 2.30195
13 64 1024.67 1024.77 0.0975374
57 0 27.5272 0 -27.5272
37 61 27.8666 30.1685 2.30195
32 67 1056.36 1056.46 0.0975369
26 62 1046.34 1046.43 0.097538
5 60 29.9309 32.2329 2.30195
48 66 28.621 30.9229 2.30196
25 66 1038.49 1038.59 0.097538
0 60 1077.66 1077.76 0.0975373
8 60 29.4606 31.7626 2.30195
32 67 1026.36 1026.46 0.0975369
7 63 247.672 249.973 2.30195
31 67 247.087 249.389 2.30195
1 69 250.421 252.723 2.30195
37 61 255.76 258.062 2.30195
25 74 246.387 248.689 2.30195
29 0 246.349 0 -246.349
52 75 249.365 251.667 2.30195
19 74 250.787 253.089 2.30195
45 68 252.877 255.179 2.30195
8 60 1019.46 1019.56 0.102658
22 71 1033.96 1034.06 0.0975384
44 0 479.515 0 -479.515
11 60 249.453 251.755 2.30195
18 62 250.234 252.536 2.30195
26 62 254.229 256.531 2.30195
19 74 1172.52 1172.63 0.102658
6 72 478.805 481.107 2.30195
15 60 964.691 964.789 0.0975381
39 67 250.088 252.39 2.30195
46 65 251.74 254.042 2.30195
49 0 252.919 0 -252.919
36 0 255.179 0 -255.179
59 0 463.563 0 -463.563
46 65 1043.85 1043.94 0.0975365
23 66 1064.05 1064.14 0.0975369
44 0 251.622 0 -251.622
14 60 991.213 991.316 0.102657
53 0 253.868 0 -253.868
33 61 467.029 469.331 2.30195
20 71 1051.33 1051.43 0.0975374
34 61 470.086 472.388 2.30195
23 66 974.047 974.145 0.0975369
0 60 483.447 485.749 2.30195
26 62 1136.34 1136.43 0.097538
28 62 229.021 231.323 2.30195
14 60 229.106 231.408 2.30195
20 71 229.226 231.528 2.30195
24 62 229.82 232.122 2.30195
16 63 230.9 233.202 2.30195
43 65 231.477 233.778 2.30195
4 60 231.759 234.061 2.30195
13 64 232.562 234.864 2.30195
15 60 232.584 234.886 2.30195
32 67 234.251 236.553 2.30195
2 64 235.115 237.417 2.30195
59 69 235.67 237.972 2.30196
50 73 236.201 238.503 2.30196
51 75 237.864 240.166 2.30196
33 61 239.136 241.438 2.30195
58 72 239.571 241.873 2.30195
12 0 239.747 0 -239.747
27 62 240.166 242.468 2.30195
10 0 240.47 0 -240.47
41 0 240.663 0 -240.663
9 69 240.839 243.14 2.30195
40 68 241.37 243.672 2.30196
22 71 241.852 244.154 2.30195
23 66 241.94 244.242 2.30195
34 61 242.193 244.495 2.30195
3 63 243.026 245.328 2.30195
30 74 243.602 245.904 2.30196
55 0 244.469 0 -244.469
42 0 245.09 0 -245.09
47 65 245.431 247.733 2.30195
25 66 1068.49 1068.59 0.097538
28 62 1150.76 1150.86 0.102658
31 67 1158.66 1158.76 0.102658
20 71 991.333 991.43 0.0975374
26 62 1016.34 1016.43 0.097538
8 60 257.354 259.656 2.30195
54 0 251.816 0 -251.816
6 72 250.912 253.214 2.30195
56 75 251.414 253.716 2.30196
37 61 1077.87 1077.96 0.0975375
22 71 973.959 974.056 0.0975384
38 70 252.862 255.164 2.30195
35 70 253.252 255.554 2.30195
21 62 252.345 254.647 2.30195
17 64 252.378 254.68 2.30196
50 73 980.91 981.526 0.616457
24 62 991.927 992.024 0.0975364
39 67 952.195 952.297 0.102658
50 73 1163.99 1164.61 0.616457
0 60 255.553 257.855 2.30195
57 0 255.42 0 -255.42
48 66 256.514 258.816 2.30196
5 60 257.824 260.126 2.30195
14 60 1021.21 1021.32 0.102657
3 63 1035.13 1035.23 0.0975369
9 69 1122.95 1123.04 0.0975366
22 71 925.532 925.634 0.102658
18 62 1042.34 1042.44 0.0975377
0 60 1017.66 1017.76 0.0975373
18 62 1072.34 1072.44 0.0975377
46 65 983.846 983.944 0.0975365
20 71 1021.33 1021.43 0.0975374
27 62 972.273 972.375 0.102658
30 62 1165.34 1165.44 0.102659
43 65 1023.58 1023.68 0.0975364
32 67 1116.36 1116.46 0.0975369
8 60 1139.46 1139.56 0.0975376
47 65 977.538 977.635 0.0975373
7 63 1039.78 1039.88 0.0975377
18 62 1132.34 1132.44 0.0975377
38 70 984.968 985.066 0.0975374
20 71 961.333 961.43 0.0975374
50 73 1041.94 1042.55 0.616457
1 69 952.528 952.63 0.102658
45 68 936.557 938.859 2.30195
37 61 1017.87 1017.96 0.0975375
52 75 981.472 981.574 0.102658
5 60 941.504 943.806 2.30195
40 73 1152.94 1153.05 0.102658
25 66 930.066 930.169 0.102658
58 72 1161.31 1161.41 0.102657
49 69 1164.49 1166.79 2.30196
42 73 928.769 931.071 2.30196
40 68 469.263 471.565 2.30196
42 68 472.983 475.285 2.30196
39 67 477.981 480.283 2.30195
38 70 480.755 483.057 2.30195
45 65 480.77 483.072 2.30196
53 75 481.761 484.063 2.30196
57 64 483.314 485.616 2.30196
8 60 485.247 487.549 2.30195
26 62 710.015 712.317 2.30195
25 74 474.28 476.582 2.30195
19 74 478.68 480.982 2.30195
52 75 477.258 479.56 2.30195
37 61 483.653 485.955 2.30195
48 66 484.407 486.709 2.30196
35 70 709.038 711.34 2.30195
22 71 469.745 472.047 2.30195
55 0 472.362 0 -472.362
49 0 480.812 0 -480.812
1 69 478.314 480.616 2.30195
11 60 477.346 479.648 2.30195
54 72 479.709 482.011 2.30196
17 64 480.271 482.573 2.30196
18 62 478.128 480.43 2.30195
56 65 479.307 481.609 2.30196
46 65 479.633 481.935 2.30195
35 0 481.145 0 -481.145
36 61 483.072 485.374 2.30195
50 73 464.095 466.397 2.30196
29 0 474.242 0 -474.242
31 67 474.98 477.282 2.30195
2 64 463.008 465.31 2.30195
3 63 470.919 473.221 2.30195
47 65 473.324 475.626 2.30195
7 63 475.565 477.867 2.30195
21 62 480.238 482.54 2.30195
26 62 482.122 484.424 2.30195
45 66 708.664 710.966 2.30196
10 64 468.363 470.665 2.30195
51 75 465.758 468.06 2.30196
27 62 468.059 470.361 2.30195
23 66 469.834 472.136 2.30195
5 60 485.717 488.019 2.30195
28 71 456.914 459.216 2.30195
14 60 456.999 459.301 2.30195
20 71 457.119 459.421 2.30195
24 62 457.713 460.015 2.30195
16 63 458.794 461.095 2.30195
43 65 459.37 461.672 2.30195
4 60 459.653 461.954 2.30195
13 64 460.455 462.757 2.30195
15 60 460.478 462.78 2.30195
32 67 462.145 464.446 2.30195
12 60 467.641 469.942 2.30195
58 72 467.464 469.766 2.30195
9 69 468.732 471.034 2.30195
41 0 468.557 0 -468.557
30 62 471.495 473.797 2.30195
18 62 933.914 934.017 0.102658
21 62 954.452 954.554 0.102658
20 62 931.333 931.43 0.0975395
6 72 1162.49 1162.59 0.102658
27 62 1062.27 1062.37 0.0975384
54 67 935.496 937.798 2.30196
38 70 954.968 955.066 0.0975374
46 65 953.846 953.944 0.0975365
40 73 1163.11 1163.21 0.102658
7 63 979.778 979.881 0.102658
9 69 972.945 973.043 0.0975366
16 63 963.007 963.11 0.102658
46 65 935.419 935.522 0.102656
17 64 936.057 938.359 2.30196
28 62 684.807 687.109 2.30195
14 60 684.893 687.195 2.30195
20 71 685.012 687.314 2.30195
24 62 685.607 687.909 2.30195
16 63 686.687 688.989 2.30195
43 65 687.263 689.565 2.30195
4 0 687.546 0 -687.546
13 64 688.348 690.65 2.30195
15 64 688.371 690.673 2.30196
32 67 690.038 692.34 2.30195
2 60 690.902 693.204 2.30195
59 63 691.457 693.759 2.30196
50 73 691.988 694.29 2.30196
51 75 693.651 695.953 2.30196
33 61 694.922 697.224 2.30195
58 0 695.357 0 -695.357
12 60 695.534 697.836 2.30195
27 62 695.952 698.254 2.30195
10 64 696.257 698.559 2.30195
41 0 696.45 0 -696.45
9 69 696.625 698.927 2.30195
40 0 697.156 0 -697.156
22 71 697.639 699.941 2.30195
23 66 697.727 700.029 2.30195
34 0 697.979 0 -697.979
3 63 698.812 701.114 2.30195
30 0 699.388 0 -699.388
55 0 700.255 0 -700.255
42 68 700.876 703.178 2.30196
47 65 701.217 703.519 2.30195
29 66 702.135 704.437 2.30195
25 66 702.173 704.475 2.30195
31 67 702.874 705.176 2.30195
7 60 703.458 705.76 2.30195
52 75 705.151 707.453 2.30195
11 60 705.24 707.542 2.30195
39 67 705.874 708.176 2.30195
18 62 706.021 708.323 2.30195
1 69 706.207 708.509 2.30195
19 74 706.573 708.875 2.30195
6 72 706.699 709.001 2.30195
56 68 707.2 709.502 2.30196
44 68 707.408 709.71 2.30195
46 65 707.526 709.828 2.30195
54 0 707.602 0 -707.602
21 71 708.132 710.434 2.30195
17 0 708.164 0 -708.164
47 65 1037.54 1037.64 0.0975373
47 65 1127.54 1127.64 0.0975373
56 75 1162.99 1165.29 2.30196
8 60 959.461 959.563 0.102658
23 66 1034.05 1034.14 0.0975369
21 62 984.452 984.549 0.0975382
24 62 961.927 962.024 0.0975364
7 63 1069.78 1069.88 0.0975377
32 67 966.358 966.456 0.0975369
57 69 711.207 713.509 2.30196
37 61 711.546 713.848 2.30195
36 0 710.965 0 -710.965
39 67 982.195 982.292 0.0975377
15 60 1114.69 1114.79 0.0975381
59 69 1147.24 1148.56 1.31482
5 60 713.611 715.913 2.30195
1 69 982.528 982.625 0.0975383
32 67 1146.36 1146.46 0.0975369
37 61 1047.87 1047.96 0.0975375
15 60 1174.69 1174.79 0.0975381
48 66 712.301 714.603 2.30196
8 64 713.14 715.442 2.30195
7 63 931.351 931.454 0.102658
56 65 935.094 937.396 2.30196
40 68 925.05 927.352 2.30196
3 60 945.133 945.235 0.10266
22 71 943.959 944.061 0.102658
25 66 948.493 948.596 0.102658
9 69 1152.95 1153.04 0.0975366
23 66 944.047 944.15 0.102657
9 69 1062.95 1063.04 0.0975366
47 65 1157.54 1157.64 0.0975373
51 75 969.971 970.069 0.097539
57 69 939.1 941.402 2.30196
26 62 937.908 938.011 0.102658
21 62 936.025 936.127 0.102658
44 68 935.301 937.603 2.30195
53 75 937.547 939.849 2.30196
15 60 934.691 934.794 0.102658
51 75 939.971 940.074 0.102659
9 69 924.518 924.621 0.102657
49 0 936.598 0 -936.598
35 70 936.932 939.234 2.30195
24 62 931.927 932.024 0.0975364
27 62 942.273 942.375 0.102658
39 67 1012.19 1012.29 0.0975377
28 62 912.701 915.003 2.30195
14 60 912.786 912.971 0.184833
20 71 912.906 913.008 0.102657
24 62 913.5 913.603 0.102656
16 63 914.58 914.683 0.102658
43 65 915.156 915.259 0.102656
4 60 915.439 917.741 2.30195
13 64 916.242 916.344 0.102657
15 60 916.264 916.367 0.102658
32 67 917.931 918.034 0.102657
2 60 918.795 918.898 0.102659
59 69 919.35 921.652 2.30196
50 73 919.881 920.498 0.616457
51 75 921.544 921.729 0.184835
33 61 922.816 925.118 2.30195
58 72 923.251 925.553 2.30195
12 0 923.427 0 -923.427
27 62 923.846 923.948 0.102658
10 69 924.15 926.452 2.30196
41 65 1152.24 1154.54 2.30195
47 65 947.538 947.64 0.102657
2 64 1057.22 1057.32 0.0975385
13 64 964.669 964.766 0.0975374
26 62 986.335 986.433 0.097538
17 69 1163.95 1164.05 0.102658
15 60 1054.69 1054.79 0.0975381
52 75 951.472 951.574 0.102658
34 0 925.872 0 -925.872
1 69 934.101 934.203 0.102658
3 63 926.706 926.808 0.102657
52 75 933.045 933.147 0.102658
23 66 925.62 925.723 0.102657
47 65 929.111 929.213 0.102657
39 67 933.768 933.87 0.102658
48 62 940.194 942.496 2.30197
19 74 934.467 936.769 2.30195
30 62 927.281 929.583 2.30195
55 75 928.149 930.451 2.30197
31 61 1168.82 1168.93 0.10266
13 64 1054.67 1054.77 0.0975374
8 60 1049.46 1049.56 0.0975376
30 62 1155.17 1155.28 0.102659
20 71 1141.33 1141.43 0.0975374
43 65 1053.58 1053.68 0.0975364
0 60 939.233 939.336 0.102657
31 67 930.767 933.069 2.30195
11 60 933.133 935.435 2.30195
6 72 934.592 936.894 2.30195
8 60 941.034 941.218 0.184834
14 60 931.213 931.316 0.102657
13 64 934.669 934.766 0.0975374
37 61 957.867 957.969 0.102658
43 65 933.583 933.686 0.102656
16 63 933.007 933.11 0.102658
32 67 936.358 936.461 0.102657
2 60 937.222 937.325 0.102659
15 60 994.691 994.789 0.0975381
43 65 1143.58 1143.68 0.0975364
43 65 993.583 993.681 0.0975364
13 64 994.669 994.766 0.0975374
4 60 1153.5 1153.6 0.102657
51 75 1149.97 1150.07 0.097539
44 68 1163.19 1165.5 2.30195
2 64 1027.22 1027.32 0.0975385
23 66 1004.05 1004.14 0.0975369
2 64 997.222 997.319 0.0975385
22 71 1003.96 1004.06 0.0975384
32 67 996.358 996.456 0.0975369
1 69 1012.53 1012.63 0.0975383
7 63 1159.78 1159.88 0.0975377
9 69 1002.95 1003.04 0.0975366
53 67 1165.44 1167.74 2.30196
13 64 1144.67 1144.77 0.0975374
1 69 1072.53 1072.63 0.0975383
55 75 1156.04 1158.34 2.30197
25 66 1008.49 1008.59 0.097538
46 65 1013.85 1013.94 0.0975365
7 63 1009.78 1009.88 0.102658
51 75 999.971 1000.07 0.102659
18 62 1012.34 1012.44 0.0975377
14 60 1051.21 1051.31 0.0975374
54 73 1163.39 1165.69 2.30196
27 62 1002.27 1002.37 0.0975384
3 63 1155.13 1155.23 0.0975369
10 69 1152.04 1154.35 2.30196
19 74 1162.36 1162.46 0.102658
12 0 1151.32 0 -1151.32
52 75 1071.47 1071.57 0.0975377
39 67 1072.19 1072.29 0.0975377
2 64 1147.22 1147.32 0.0975385
52 75 1041.47 1041.57 0.0975377
26 62 1076.34 1076.43 0.097538
46 65 1073.85 1073.94 0.0975365
42 68 1156.66 1158.96 2.30196
53 75 1393.33 1393.52 0.184837
3 63 1005.13 1005.23 0.0975369
21 62 1014.45 1014.55 0.0975382
0 60 1167.66 1167.76 0.0975373
52 75 1011.47 1011.57 0.0975377
47 65 1007.54 1007.64 0.0975373
25 66 1158.49 1158.59 0.097538
0 60 1137.66 1137.76 0.0975373
38 70 1014.97 1015.07 0.0975374
8 60 1079.46 1079.56 0.0975376
13 64 1084.67 1084.77 0.0975374
2 64 1087.22 1087.32 0.0975385
24 62 1081.93 1082.02 0.0975364
20 71 1081.33 1081.43 0.0975374
9 69 1092.95 1093.04 0.0975366
43 65 1083.58 1083.68 0.0975364
16 63 1083.01 1083.1 0.0975382
14 60 1141.21 1141.31 0.0975374
14 60 1081.21 1081.31 0.0975374
1 69 1132.53 1132.63 0.0975383
15 60 1084.69 1084.79 0.0975381
32 67 1086.36 1086.46 0.0975369
57 64 1394.89 1394.99 0.102659
23 66 1124.05 1124.14 0.0975369
58 72 1151.14 1151.25 0.102657
11 60 1161.03 1163.33 2.30195
23 66 1094.05 1094.14 0.0975369
22 71 1093.96 1094.06 0.0975384
50 73 1102.97 1103.58 0.616457
20 71 1111.33 1111.43 0.0975374
27 62 1092.27 1092.37 0.0975384
51 75 1089.97 1090.07 0.102659
0 60 1197.66 1197.76 0.0975373
2 64 1117.22 1117.32 0.0975385
52 75 1131.47 1131.57 0.0975377
3 63 1095.13 1095.23 0.0975369
39 67 1102.19 1102.29 0.0975377
25 66 1098.49 1098.59 0.097538
7 63 1099.78 1099.88 0.0975377
37 61 1137.87 1137.96 0.0975375
1 69 1102.53 1102.63 0.0975383
47 65 1097.54 1097.64 0.0975373
18 62 1102.34 1102.44 0.0975377
34 70 1153.77 1156.07 2.30196
14 60 1111.21 1111.31 0.0975374
37 61 1107.87 1107.96 0.0975375
21 62 1104.45 1104.55 0.0975382
52 75 1101.47 1101.57 0.0975377
38 70 1134.97 1135.07 0.0975374
38 70 1104.97 1105.07 0.0975374
43 65 1113.58 1113.68 0.0975364
46 65 1103.85 1103.94 0.0975365
35 70 1164.82 1167.13 2.30195
4 60 1143.33 1143.43 0.102657
26 62 1106.34 1106.43 0.097538
39 67 1132.19 1132.29 0.0975377
13 64 1114.67 1114.77 0.0975374
24 62 1111.93 1112.02 0.0975364
0 60 1107.66 1107.76 0.0975373
3 63 1125.13 1125.23 0.0975369
33 61 1150.71 1153.01 2.30195
27 62 1122.27 1122.37 0.0975384
8 60 1109.46 1109.56 0.0975376
28 62 1140.59 1140.7 0.102658
27 62 1152.27 1152.37 0.0975384
16 63 1113.01 1113.1 0.0975382
18 62 1162.34 1162.44 0.0975377
38 70 1164.97 1165.07 0.0975374
52 75 1161.47 1161.57 0.0975377
1 69 1162.53 1162.63 0.0975383
21 62 1164.45 1164.55 0.0975382
45 68 1174.61 1174.72 0.102657
39 67 1162.19 1162.29 0.0975377
37 61 1167.87 1167.96 0.0975375
8 60 1169.46 1169.56 0.0975376
17 69 1174.11 1174.22 0.102658
46 65 1163.85 1163.94 0.0975365
5 60 1187.7 1187.8 0.102659
26 62 1166.34 1166.43 0.097538
43 65 1173.58 1173.68 0.0975364
20 62 1171.33 1171.43 0.0975395
27 62 1182.27 1182.37 0.0975384
44 68 1391.09 1393.39 2.30195
14 60 1171.21 1171.31 0.0975374
30 62 1185.71 1185.81 0.102659
42 68 1384.56 1384.74 0.184837
13 64 1174.67 1174.77 0.0975374
28 62 1171.13 1171.23 0.0975382
9 69 1182.95 1183.04 0.0975366
33 61 1378.6 1378.7 0.102658
24 62 1171.93 1172.02 0.0975364
40 73 1183.48 1183.57 0.097538
4 60 1173.87 1173.97 0.102657
32 67 1176.36 1176.46 0.0975369
59 69 1277.41 1278.03 0.616453
21 62 1194.45 1194.55 0.0975382
22 71 1183.96 1184.06 0.0975384
7 63 1189.78 1189.88 0.0975377
39 70 1192.19 1192.29 0.0975402
16 63 1173.01 1173.1 0.0975382
47 65 1187.54 1187.64 0.0975373
34 61 1381.66 1381.84 0.184834
50 73 1225.02 1225.64 0.616457
26 62 1196.34 1196.43 0.097538
58 72 1181.68 1181.78 0.0975369
2 64 1177.22 1177.32 0.0975385
12 60 1379.21 1381.52 2.30195
18 62 1192.34 1192.44 0.0975377
25 66 1188.49 1188.59 0.097538
51 75 1179.97 1180.07 0.097539
10 64 1379.94 1380.04 0.102658
41 73 1380.13 1382.43 2.30195
23 66 1184.05 1184.14 0.0975369
3 63 1185.13 1185.23 0.0975369
29 66 1385.82 1385.92 0.102657
46 65 1193.85 1193.94 0.0975365
38 70 1194.97 1195.07 0.0975374
55 68 1383.94 1386.24 2.30196
17 69 1194.48 1194.58 0.0975382
35 70 1392.72 1395.02 2.30195
37 61 1197.87 1197.96 0.0975375
31 67 1189.19 1189.3 0.102658
11 60 1388.92 1389.02 0.102658
8 60 1199.46 1199.56 0.0975376
45 68 1194.98 1195.08 0.0975374
52 75 1191.47 1191.57 0.0975377
49 69 1392.38 1394.69 2.30196
36 61 1394.65 1396.95 2.30195
1 69 1192.53 1192.63 0.0975383
6 72 1193.02 1193.12 0.0975377
56 65 1390.88 1391.06 0.184836
54 65 1391.28 1393.58 2.30196
48 66 1395.98 1397.3 1.31483
