16 40 0.423624 2.72558 2.30195
15 40 12.0626 14.3645 2.30195
19 0 12.7904 0 -12.7904
36 40 0.880319 3.18228 2.30196
14 0 1.04868 0 -1.04868
24 0 2.28436 0 -2.28436
12 40 2.95521 5.25716 2.30195
9 42 4.58109 6.88305 2.30196
27 41 4.19485 6.4968 2.30195
29 41 3.74641 6.04837 2.30196
21 41 6.90326 9.20522 2.30195
34 0 6.53255 0 -6.53255
28 0 7.63417 0 -7.63417
38 40 7.72034 10.0223 2.30196
26 41 7.94248 10.2444 2.30195
1 42 8.49521 10.7972 2.30195
37 0 10.7798 0 -10.7798
7 42 10.1113 12.4133 2.30196
13 40 9.71323 12.0152 2.30196
8 42 11.9909 14.2929 2.30196
6 42 13.7787 16.0807 2.30195
31 40 15.8272 18.1292 2.30197
39 0 15.6006 0 -15.6006
35 40 18.7563 21.0582 2.30196
3 42 18.3051 20.6071 2.30196
23 41 16.9024 19.2044 2.30196
33 0 19.1354 0 -19.1354
30 0 19.145 0 -19.145
2 42 20.239 22.5409 2.30196
17 40 20.0099 22.3119 2.30196
11 40 20.7551 23.057 2.30196
0 42 20.7704 23.0723 2.30195
20 41 21.0315 23.3334 2.30196
4 42 22.7834 25.0854 2.30195
10 0 23.0032 0 -23.0032
22 41 24.9541 27.256 2.30196
32 42 24.1698 26.4718 2.30196
5 42 27.1475 29.4495 2.30196
18 40 26.6853 28.9873 2.30195
25 41 27.8828 30.1848 2.30196
30 42 247.038 249.34 2.30197
20 41 248.925 251.227 2.30196
23 0 928.475 0 -928.475
30 0 930.718 0 -930.718
33 0 247.029 0 -247.029
4 42 250.677 252.979 2.30195
7 42 465.898 468.2 2.30196
22 41 480.741 483.043 2.30196
11 40 248.648 250.95 2.30196
2 42 248.132 250.434 2.30196
18 40 254.579 256.881 2.30195
21 0 462.69 0 -462.69
39 0 471.387 0 -471.387
35 40 474.543 476.845 2.30196
17 40 247.903 250.205 2.30196
37 40 466.566 468.868 2.30196
35 40 246.65 248.951 2.30196
22 41 252.847 255.149 2.30196
10 0 250.896 0 -250.896
5 42 255.041 257.343 2.30196
15 40 467.849 470.151 2.30195
0 42 248.664 250.966 2.30195
32 42 252.063 254.365 2.30196
19 0 468.577 0 -468.577
25 41 255.776 258.078 2.30196
18 40 482.472 484.774 2.30195
16 40 228.317 230.619 2.30195
36 0 228.774 0 -228.774
14 40 228.942 231.244 2.30195
24 41 230.178 232.48 2.30195
12 0 230.848 0 -230.848
29 0 231.64 0 -231.64
27 41 232.088 234.39 2.30195
9 42 232.474 234.776 2.30196
34 40 234.426 236.728 2.30196
21 41 234.797 237.098 2.30195
28 0 235.527 0 -235.527
38 0 235.614 0 -235.614
26 41 235.836 238.138 2.30195
1 42 236.388 238.69 2.30195
13 40 237.606 239.908 2.30196
7 42 238.005 240.307 2.30196
37 0 238.673 0 -238.673
8 42 239.884 242.186 2.30196
15 40 239.956 242.258 2.30195
19 40 240.684 242.986 2.30195
6 42 241.672 243.974 2.30195
39 42 243.494 245.796 2.30196
31 40 243.72 246.022 2.30197
23 41 244.796 247.098 2.30196
3 42 246.198 248.5 2.30196
8 0 923.564 0 -923.564
37 0 922.353 0 -922.353
7 42 921.684 921.787 0.102661
13 40 921.286 921.389 0.10266
1 42 920.068 922.37 2.30195
26 41 919.515 919.618 0.102657
38 0 919.293 0 -919.293
28 0 919.207 0 -919.207
21 41 918.476 920.778 2.30195
34 41 918.106 920.408 2.30197
9 42 916.154 916.257 0.102659
27 0 915.768 0 -915.768
29 40 915.319 917.621 2.30196
12 40 914.528 916.83 2.30195
24 0 913.857 0 -913.857
14 41 912.622 914.924 2.30197
36 41 912.453 914.755 2.30196
16 40 911.997 912.099 0.102657
17 40 475.796 478.098 2.30196
11 40 476.542 478.844 2.30196
5 42 710.827 713.129 2.30196
26 41 463.729 466.031 2.30195
13 40 465.5 467.802 2.30196
11 40 932.328 934.63 2.30196
20 41 476.818 479.12 2.30196
38 40 463.507 465.809 2.30196
8 0 467.777 0 -467.777
1 42 464.282 466.584 2.30195
31 0 471.614 0 -471.614
0 42 476.557 478.859 2.30195
2 0 476.025 0 -476.025
33 0 474.922 0 -474.922
32 40 479.956 482.258 2.30197
28 41 463.421 465.723 2.30195
27 41 934.195 934.292 0.0975368
33 0 930.708 0 -930.708
34 0 462.319 0 -462.319
19 0 924.363 0 -924.363
23 41 472.689 474.991 2.30196
3 42 474.092 476.394 2.30196
30 0 474.931 0 -474.931
10 42 478.79 481.092 2.30196
22 0 708.634 0 -708.634
5 42 482.934 485.236 2.30196
31 0 927.4 0 -927.4
6 42 469.565 471.867 2.30195
4 42 478.57 480.872 2.30195
9 42 934.581 934.684 0.102659
25 41 483.669 485.971 2.30196
16 40 456.21 458.512 2.30195
36 40 456.667 458.969 2.30196
14 40 456.835 459.137 2.30195
24 41 458.071 460.373 2.30195
12 40 458.742 461.044 2.30195
29 40 459.533 461.835 2.30196
27 41 459.981 462.283 2.30195
9 42 460.368 462.67 2.30196
5 40 938.721 941.023 2.30197
18 40 710.365 712.667 2.30195
0 42 950.77 950.868 0.0975379
10 42 934.576 936.878 2.30196
35 40 948.756 948.854 0.0975415
0 42 932.343 932.446 0.102658
32 0 707.85 0 -707.85
3 42 929.878 932.18 2.30196
7 42 940.111 940.214 0.102661
35 0 930.329 0 -930.329
16 40 684.103 686.405 2.30195
36 40 684.56 686.862 2.30196
14 0 684.728 0 -684.728
24 41 685.964 688.266 2.30195
12 0 686.635 0 -686.635
29 41 687.426 689.728 2.30196
27 41 687.875 690.177 2.30195
9 42 688.261 690.563 2.30196
34 0 690.212 0 -690.212
21 0 690.583 0 -690.583
28 0 691.314 0 -691.314
38 40 691.4 693.702 2.30196
26 40 691.622 693.924 2.30196
1 0 692.175 0 -692.175
13 40 693.393 695.695 2.30196
7 42 693.791 696.093 2.30196
37 0 694.46 0 -694.46
8 0 695.671 0 -695.671
15 0 695.742 0 -695.742
19 0 696.47 0 -696.47
6 0 697.458 0 -697.458
39 42 699.28 701.582 2.30196
31 0 699.507 0 -699.507
23 41 700.582 702.884 2.30196
3 42 701.985 704.287 2.30196
35 40 702.436 704.738 2.30196
33 0 702.815 0 -702.815
30 0 702.825 0 -702.825
17 40 703.69 705.992 2.30196
2 42 703.919 706.221 2.30196
11 40 704.435 706.737 2.30196
0 42 704.45 706.752 2.30195
20 41 704.711 707.013 2.30196
4 0 706.463 0 -706.463
10 0 706.683 0 -706.683
25 41 711.563 713.865 2.30196
26 41 937.942 938.04 0.0975369
20 41 951.031 951.206 0.1746
16 40 930.424 930.526 0.102657
25 0 939.456 0 -939.456
13 0 939.713 0 -939.713
15 41 923.636 925.938 2.30196
6 41 925.352 927.654 2.30197
39 0 927.174 0 -927.174
17 40 931.583 933.885 2.30196
2 0 931.812 0 -931.812
20 41 932.604 932.789 0.18484
18 40 938.258 940.56 2.30195
14 40 1368.41 1368.51 0.102658
21 41 1374.26 1374.37 0.102657
4 42 934.356 936.658 2.30195
32 42 935.743 938.045 2.30196
16 40 960.424 960.521 0.097537
22 41 936.527 938.829 2.30196
27 41 964.195 964.292 0.0975368
26 41 967.942 968.04 0.0975369
9 42 964.581 964.679 0.0975393
13 40 1149.71 1149.81 0.0975397
13 40 969.713 969.811 0.0975397
7 42 970.111 970.209 0.0975415
35 40 1188.76 1188.85 0.0975415
35 40 978.756 978.859 0.102662
0 42 980.77 980.868 0.0975379
20 41 981.031 981.134 0.102664
16 40 990.424 990.521 0.097537
27 41 994.195 994.298 0.102657
9 42 994.581 994.679 0.0975393
20 41 1161.03 1161.13 0.0975443
9 42 1174.58 1174.68 0.0975393
7 42 1000.11 1000.21 0.102661
13 40 999.713 999.816 0.10266
26 41 997.942 998.04 0.0975369
34 42 1373.89 1376.19 2.30197
0 42 1010.77 1010.87 0.0975379
26 41 1177.94 1178.04 0.0975369
12 40 1370.31 1372.62 2.30195
35 40 1008.76 1008.85 0.0975415
20 41 1011.03 1011.13 0.0975443
16 40 1020.42 1020.52 0.097537
38 0 1375.08 0 -1375.08
27 41 1024.19 1024.29 0.0975368
36 41 1368.24 1370.54 2.30196
16 40 1170.42 1170.52 0.097537
4 42 1172.41 1172.51 0.0975385
13 40 1029.71 1029.81 0.0975397
9 42 1024.58 1024.68 0.0975393
0 42 1160.77 1160.87 0.0975379
7 42 1030.11 1030.21 0.0975415
26 41 1027.94 1028.04 0.0975369
1 42 1178.5 1178.59 0.0975373
29 41 1371.11 1373.41 2.30196
27 41 1174.19 1174.29 0.0975368
35 40 1158.76 1158.85 0.0975415
0 42 1040.77 1040.87 0.0975379
24 41 1369.64 1369.75 0.102658
35 40 1038.76 1038.85 0.0975415
20 41 1041.03 1041.13 0.0975443
0 42 1070.77 1070.87 0.0975379
16 40 1140.42 1140.52 0.097537
9 42 1144.58 1144.68 0.0975393
26 41 1057.94 1058.04 0.0975369
16 40 1050.42 1050.52 0.097537
27 41 1054.19 1054.29 0.0975368
9 42 1054.58 1054.68 0.0975393
13 40 1059.71 1059.81 0.0975397
28 42 1374.99 1377.3 2.30197
7 42 1060.11 1060.21 0.0975415
35 40 1068.76 1068.86 0.102662
16 40 1080.42 1080.52 0.097537
20 41 1071.03 1071.13 0.0975443
7 42 1180.11 1180.21 0.0975415
27 41 1084.19 1084.29 0.0975368
9 42 1084.58 1084.68 0.0975393
35 40 1098.76 1098.86 0.102662
0 42 1100.77 1100.87 0.0975379
26 41 1087.94 1088.04 0.0975369
13 40 1089.71 1089.81 0.0975397
36 0 1140.35 0 -1140.35
7 42 1090.11 1090.21 0.0975415
16 40 1110.42 1110.52 0.097537
1 42 1147.96 1148.06 0.102657
28 41 1147.1 1149.4 2.30195
27 41 1114.19 1114.29 0.0975368
20 41 1101.03 1101.13 0.0975443
14 40 1140.51 1142.82 2.30195
24 41 1141.75 1144.05 2.30195
8 42 1151.46 1153.76 2.30196
12 41 1142.42 1144.72 2.30196
29 0 1143.21 0 -1143.21
2 42 1159.71 1162.01 2.30196
34 40 1146 1148.3 2.30196
9 42 1114.58 1114.68 0.0975393
37 0 1150.25 0 -1150.25
21 41 1146.37 1148.67 2.30195
38 40 1147.19 1149.49 2.30196
35 40 1128.76 1128.86 0.102662
19 41 1152.26 1154.56 2.30196
13 40 1119.71 1119.81 0.0975397
11 40 1160.22 1162.52 2.30196
33 0 1158.6 0 -1158.6
15 0 1151.53 0 -1151.53
26 41 1117.94 1118.04 0.0975369
20 41 1131.03 1131.13 0.0975443
3 0 1157.77 0 -1157.77
31 40 1155.29 1157.6 2.30197
30 0 1158.61 0 -1158.61
7 42 1120.11 1120.21 0.102661
0 42 1130.77 1130.87 0.0975379
17 40 1159.48 1159.58 0.102661
6 42 1153.24 1155.55 2.30195
39 0 1155.07 0 -1155.07
23 41 1156.37 1158.67 2.30196
10 42 1162.47 1164.77 2.30196
18 40 1166.15 1168.45 2.30195
32 42 1163.64 1164.95 1.31483
25 40 1167.35 1169.65 2.30196
27 41 1144.19 1144.29 0.0975368
4 42 1162.25 1162.35 0.102658
5 42 1166.61 1168.92 2.30196
22 41 1164.42 1166.72 2.30196
7 42 1150.11 1150.21 0.0975415
13 40 1179.71 1179.81 0.0975397
0 0 1190.77 0 -1190.77
26 41 1147.94 1148.04 0.0975369
17 40 1190.01 1190.11 0.097541
15 40 1182.06 1182.16 0.0975374
23 40 1384.26 1386.56 2.30197
6 42 1381.14 1381.24 0.102658
19 40 1380.15 1382.45 2.30195
8 0 1379.35 0 -1379.35
39 42 1382.96 1385.26 2.30196
20 41 1191.03 1191.13 0.0975443
2 42 1387.6 1389.9 2.30196
3 42 1188.31 1188.4 0.0975392
31 42 1383.19 1385.49 2.30196
37 40 1378.14 1380.44 2.30196
32 42 1293.8 1294.42 0.616458
33 42 1386.49 1388.8 2.30196
30 42 1386.5 1388.81 2.30197
11 40 1388.11 1388.22 0.10266
10 41 1390.36 1392.66 2.30197
4 42 1192.78 1192.88 0.0975385
18 40 1394.04 1396.35 2.30195
25 40 1395.24 1397.54 2.30196
22 41 1392.31 1394.62 2.30196
5 42 1394.51 1394.61 0.102659
