0 0 1.32261 0 -1.32261
39 0 1.98449 0 -1.98449
22 0 19.4258 0 -19.4258
32 0 23.4107 0 -23.4107
7 40 19.234 21.536 2.30195
18 0 22.2783 0 -22.2783
30 40 22.7788 25.0807 2.30195
12 0 2.73362 0 -2.73362
26 40 2.84057 5.14254 2.30197
21 0 3.16082 0 -3.16082
17 0 3.39799 0 -3.39799
20 0 707.786 0 -707.786
4 40 930.329 932.631 2.30195
10 0 3.75355 0 -3.75355
29 0 707.597 0 -707.597
5 0 3.91077 0 -3.91077
32 0 707.09 0 -707.09
15 0 4.66486 0 -4.66486
30 40 706.459 708.76 2.30195
34 0 1392.62 0 -1392.62
3 0 4.92899 0 -4.92899
18 40 705.958 708.26 2.30198
1 40 5.37794 7.6799 2.30195
19 0 5.45733 0 -5.45733
8 40 6.03856 8.34051 2.30195
22 0 703.106 0 -703.106
7 40 702.914 705.216 2.30195
38 0 702.488 0 -702.488
33 0 7.28449 0 -7.28449
30 40 982.779 982.876 0.0975386
31 0 7.79561 0 -7.79561
9 40 8.85844 11.1604 2.30196
25 40 11.2435 13.5455 2.30197
4 40 702.436 704.738 2.30195
23 0 14.5308 0 -14.5308
16 0 14.7353 0 -14.7353
28 40 14.8436 17.1456 2.30195
2 0 701.601 0 -701.601
37 0 700.013 0 -700.013
28 0 698.523 0 -698.523
2 0 1385.28 0 -1385.28
37 0 16.3329 0 -16.3329
16 0 698.415 0 -698.415
8 0 1373.4 0 -1373.4
2 40 17.9216 20.2235 2.30196
4 40 18.7562 21.0582 2.30195
38 0 18.8084 0 -18.8084
23 0 698.21 0 -698.21
25 40 694.923 697.225 2.30197
9 0 692.538 0 -692.538
30 40 952.779 952.881 0.102659
29 0 23.9175 0 -23.9175
31 0 691.475 0 -691.475
20 0 24.1067 0 -24.1067
33 0 690.964 0 -690.964
34 40 25.2573 27.5592 2.30196
6 40 25.6462 27.9482 2.30195
11 0 25.7413 0 -25.7413
8 40 689.718 692.02 2.30195
19 0 689.137 0 -689.137
24 0 26.4387 0 -26.4387
35 0 26.9523 0 -26.9523
1 40 689.058 691.36 2.30195
27 40 27.5508 29.8528 2.30197
3 0 688.609 0 -688.609
36 0 27.8132 0 -27.8132
13 40 29.4459 31.7479 2.30196
15 0 688.345 0 -688.345
14 0 29.4483 0 -29.4483
5 0 687.591 0 -687.591
30 40 250.672 252.974 2.30195
13 40 257.339 259.641 2.30196
16 0 470.522 0 -470.522
28 40 470.63 472.932 2.30195
9 40 464.645 466.947 2.30196
11 40 253.635 255.937 2.30195
25 40 467.03 469.332 2.30197
36 0 255.706 0 -255.706
2 0 929.495 0 -929.495
13 40 485.232 487.534 2.30196
6 40 253.539 255.841 2.30195
27 0 255.444 0 -255.444
10 40 687.433 689.735 2.30195
32 0 934.984 0 -934.984
22 40 247.319 249.621 2.30197
7 40 475.021 477.322 2.30195
32 0 251.304 0 -251.304
34 40 253.151 255.452 2.30196
24 0 254.332 0 -254.332
38 0 474.595 0 -474.595
7 0 247.127 0 -247.127
6 40 1393.01 1395.31 2.30195
18 0 250.172 0 -250.172
39 0 685.664 0 -685.664
29 0 251.811 0 -251.811
20 0 252 0 -252
0 40 685.002 687.304 2.30196
35 0 254.846 0 -254.846
31 0 463.582 0 -463.582
28 40 926.417 928.719 2.30195
4 40 474.543 476.845 2.30195
14 0 257.342 0 -257.342
0 40 229.216 231.518 2.30196
39 0 229.878 0 -229.878
12 40 230.627 232.929 2.30196
26 0 230.734 0 -230.734
21 0 231.054 0 -231.054
17 0 231.291 0 -231.291
10 40 231.647 233.949 2.30195
5 0 231.804 0 -231.804
15 0 232.558 0 -232.558
3 40 232.822 235.124 2.30196
1 40 233.271 235.573 2.30195
19 0 233.351 0 -233.351
8 40 233.932 236.234 2.30195
33 0 235.178 0 -235.178
31 0 235.689 0 -235.689
9 40 236.752 239.054 2.30196
25 40 239.137 241.439 2.30197
23 0 242.424 0 -242.424
16 0 242.629 0 -242.629
28 40 242.737 245.039 2.30195
37 0 244.226 0 -244.226
2 0 245.815 0 -245.815
4 0 246.649 0 -246.649
38 0 246.702 0 -246.702
35 40 938.525 940.827 2.30197
17 0 687.078 0 -687.078
24 40 938.012 940.314 2.30197
29 0 935.49 0 -935.49
30 40 478.565 480.867 2.30195
27 0 483.337 0 -483.337
16 0 926.308 0 -926.308
14 40 713.128 715.43 2.30197
38 0 930.381 0 -930.381
30 40 934.352 934.454 0.102659
14 40 941.021 943.323 2.30197
21 0 686.841 0 -686.841
26 0 686.52 0 -686.52
12 40 686.413 688.715 2.30196
29 0 479.704 0 -479.704
24 0 482.225 0 -482.225
11 40 481.528 483.83 2.30195
4 40 1386.12 1386.22 0.102657
22 0 930.999 0 -930.999
23 0 470.317 0 -470.317
37 40 472.119 474.421 2.30197
22 0 475.212 0 -475.212
32 0 479.197 0 -479.197
14 40 485.235 487.537 2.30197
7 40 930.807 933.109 2.30195
1 40 935.378 935.475 0.0975379
35 0 710.632 0 -710.632
18 0 933.851 0 -933.851
37 40 927.906 930.208 2.30197
2 0 473.708 0 -473.708
34 0 481.044 0 -481.044
34 0 708.937 0 -708.937
33 40 463.071 465.373 2.30196
23 40 926.104 928.406 2.30197
36 0 939.386 0 -939.386
34 0 936.83 0 -936.83
18 0 478.065 0 -478.065
11 0 937.314 0 -937.314
6 40 481.433 483.735 2.30195
35 0 482.739 0 -482.739
11 0 709.421 0 -709.421
13 40 713.126 715.428 2.30196
27 0 711.231 0 -711.231
36 0 711.493 0 -711.493
27 40 939.124 941.426 2.30197
20 0 479.893 0 -479.893
36 0 483.6 0 -483.6
6 0 709.326 0 -709.326
24 0 710.118 0 -710.118
0 0 457.109 0 -457.109
39 0 457.771 0 -457.771
12 0 458.52 0 -458.52
26 0 458.627 0 -458.627
21 0 458.947 0 -458.947
17 0 459.184 0 -459.184
10 40 459.54 461.842 2.30195
5 0 459.697 0 -459.697
15 0 460.451 0 -460.451
3 40 460.715 463.017 2.30196
1 40 461.164 463.466 2.30195
19 0 461.244 0 -461.244
8 0 461.825 0 -461.825
20 0 935.68 0 -935.68
13 40 941.019 943.321 2.30196
1 40 965.378 965.475 0.0975379
17 0 1370.76 0 -1370.76
1 40 995.378 995.475 0.0975379
6 0 937.219 0 -937.219
30 0 1162.78 0 -1162.78
0 0 912.896 0 -912.896
39 0 913.557 0 -913.557
12 0 914.307 0 -914.307
26 0 914.414 0 -914.414
21 0 914.734 0 -914.734
17 0 914.971 0 -914.971
10 40 915.327 917.628 2.30195
5 0 915.484 0 -915.484
15 0 916.238 0 -916.238
3 0 916.502 0 -916.502
1 40 916.951 917.054 0.102658
19 0 917.03 0 -917.03
8 0 917.612 0 -917.612
33 0 918.857 0 -918.857
31 0 919.369 0 -919.369
9 40 920.431 922.733 2.30196
25 40 922.816 924.131 1.31483
38 0 1386.17 0 -1386.17
25 40 1183.15 1184.46 1.31483
30 40 1012.78 1012.88 0.0975386
16 0 1382.09 0 -1382.09
5 0 1371.27 0 -1371.27
33 40 1374.64 1376.95 2.30196
9 40 1178.86 1178.96 0.0975419
0 40 1368.68 1370.98 2.30196
1 40 1025.38 1025.48 0.0975379
7 0 1386.59 0 -1386.59
24 0 1393.8 0 -1393.8
28 40 1382.2 1384.51 2.30195
25 40 1052.98 1054.3 1.31483
27 0 1394.91 0 -1394.91
30 40 1042.78 1042.88 0.0975386
23 0 1381.89 0 -1381.89
35 0 1394.31 0 -1394.31
20 0 1391.47 0 -1391.47
13 40 1396.81 1396.91 0.10266
19 0 1372.82 0 -1372.82
39 0 1369.34 0 -1369.34
12 0 1370.09 0 -1370.09
1 40 1055.38 1055.48 0.0975379
14 0 1396.81 0 -1396.81
30 40 1192.78 1192.88 0.0975386
11 40 1393.1 1395.4 2.30195
18 0 1389.64 0 -1389.64
30 40 1072.78 1072.88 0.0975386
37 40 1383.69 1385.99 2.30197
31 0 1375.16 0 -1375.16
22 0 1386.79 0 -1386.79
1 40 1175.38 1175.48 0.0975379
26 0 1370.2 0 -1370.2
1 40 1145.38 1145.48 0.0975379
1 40 1085.38 1085.48 0.0975379
29 0 1391.28 0 -1391.28
36 0 1395.17 0 -1395.17
30 40 1102.78 1102.88 0.0975386
17 0 1142.86 0 -1142.86
37 0 1155.8 0 -1155.8
32 0 1390.77 0 -1390.77
15 0 1372.02 0 -1372.02
3 0 1372.29 0 -1372.29
10 40 1371.11 1371.22 0.102659
39 0 1141.45 0 -1141.45
21 0 1370.52 0 -1370.52
26 0 1142.31 0 -1142.31
0 40 1140.79 1143.09 2.30196
21 0 1142.63 0 -1142.63
12 40 1142.2 1144.5 2.30196
10 40 1143.22 1145.52 2.30195
5 0 1143.38 0 -1143.38
15 0 1144.13 0 -1144.13
3 0 1144.4 0 -1144.4
1 40 1115.38 1115.48 0.0975379
19 0 1144.92 0 -1144.92
8 0 1145.5 0 -1145.5
33 0 1146.75 0 -1146.75
9 40 1148.32 1148.43 0.102662
23 0 1154 0 -1154
31 0 1147.26 0 -1147.26
18 0 1161.74 0 -1161.74
2 0 1157.39 0 -1157.39
4 40 1158.22 1160.52 2.30195
38 0 1158.27 0 -1158.27
7 40 1158.7 1161 2.30195
22 0 1158.89 0 -1158.89
29 0 1163.38 0 -1163.38
30 40 1132.78 1132.88 0.0975386
11 40 1165.21 1167.51 2.30195
32 0 1162.88 0 -1162.88
20 0 1163.57 0 -1163.57
27 0 1167.02 0 -1167.02
34 0 1164.72 0 -1164.72
16 0 1154.2 0 -1154.2
28 40 1154.31 1156.61 2.30195
6 40 1165.11 1167.41 2.30195
36 0 1167.28 0 -1167.28
13 40 1168.91 1171.21 2.30196
14 0 1168.91 0 -1168.91
9 40 1158.49 1158.59 0.102662
24 0 1165.9 0 -1165.9
35 40 1166.42 1168.72 2.30197
