28 61 0.0137302 2.31568 2.30195
2 60 0.922818 3.22477 2.30195
6 68 3.43097 5.73293 2.30195
48 66 3.93118 6.23313 2.30195
21 62 466.87 469.172 2.30195
3 72 483.589 485.891 2.30195
59 69 1162.09 1162.19 0.102658
58 77 0.932116 3.23407 2.30195
10 60 481.004 483.306 2.30195
20 76 474.894 477.196 2.30195
45 81 472.389 474.69 2.30195
7 67 1.66195 3.96391 2.30195
35 63 1089.07 1089.16 0.0975365
8 70 2.78266 5.08461 2.30195
25 64 2.44074 4.7427 2.30195
37 65 2.38142 4.68337 2.30195
5 70 467.268 469.57 2.30195
51 67 469.147 471.449 2.30195
28 61 455.8 458.102 2.30195
2 60 456.709 459.011 2.30195
32 64 1077.9 1077.99 0.0975367
11 67 1144.07 1144.16 0.0975383
3 72 1077.8 1077.9 0.0975385
33 63 475.28 477.582 2.30195
11 60 4.0653 6.36725 2.30196
34 73 4.03334 6.33529 2.30195
38 63 1145.51 1145.61 0.0975377
57 71 5.33026 7.63221 2.30195
38 63 5.51234 7.8143 2.30195
58 77 456.719 459.021 2.30195
7 67 457.448 459.75 2.30195
14 79 7.00766 9.30961 2.30195
47 74 7.18508 9.48703 2.30195
45 81 1186.6 1186.7 0.0975365
19 61 7.48082 9.78277 2.30195
38 63 461.299 463.601 2.30195
49 82 8.3288 10.6307 2.30195
35 63 464.854 467.156 2.30195
35 63 9.06718 11.3691 2.30195
14 79 1087.01 1087.11 0.0975382
43 75 483.686 485.988 2.30195
41 73 10.1475 12.4495 2.30195
23 76 9.82381 12.1258 2.30195
49 82 464.115 466.417 2.30195
30 62 1381.79 1381.9 0.102658
14 79 1147.01 1147.11 0.0975382
21 62 11.0831 13.385 2.30195
15 60 11.2819 13.5838 2.30195
41 73 465.934 468.236 2.30195
5 70 11.4811 13.7831 2.30195
18 64 12.0988 14.4007 2.30195
4 60 484.383 486.685 2.30195
42 65 12.9017 15.2037 2.30195
59 69 12.4607 14.7627 2.30195
40 63 477.136 479.438 2.30195
51 67 13.3607 15.6626 2.30195
59 69 468.247 470.549 2.30195
13 60 16.3401 18.642 2.30195
50 66 15.2099 17.5119 2.30195
30 64 14.4347 16.7367 2.30195
12 79 16.3096 18.6116 2.30195
45 81 16.602 18.904 2.30195
27 62 16.1957 18.4976 2.30195
9 69 478.541 480.843 2.30196
50 66 1185.21 1185.31 0.0975379
47 74 462.972 465.274 2.30195
31 64 18.7149 21.0169 2.30195
9 69 22.7545 25.0565 2.30196
26 62 21.4171 23.719 2.30195
33 63 19.4939 21.7958 2.30195
22 64 22.212 24.5139 2.30195
20 76 19.1073 21.4092 2.30195
37 65 458.168 460.47 2.30195
25 64 458.227 460.529 2.30195
12 60 1006.31 1006.41 0.0975377
29 62 22.2556 24.5575 2.30195
56 68 20.4633 22.7652 2.30195
55 78 478.326 480.628 2.30195
17 61 477.051 479.353 2.30195
25 64 1082.44 1082.54 0.0975368
40 0 21.3499 0 -21.3499
17 61 21.2641 23.566 2.30195
42 65 468.688 470.99 2.30195
15 60 1001.28 1001.38 0.0975381
52 69 485.624 487.926 2.30195
55 78 22.5399 24.8419 2.30195
46 75 22.1185 24.4205 2.30195
46 75 477.905 480.207 2.30195
53 80 485.673 487.975 2.30195
36 65 24.5142 26.8162 2.30195
24 61 26.5239 28.8259 2.30195
39 63 24.4385 26.7405 2.30195
37 65 230.275 232.577 2.30195
1 60 29.3307 31.6327 2.30195
7 67 229.555 231.857 2.30195
25 64 230.334 232.636 2.30195
8 70 230.676 232.978 2.30195
6 68 231.324 233.626 2.30195
48 66 231.824 234.126 2.30195
34 73 231.927 234.229 2.30195
50 66 470.996 473.298 2.30195
10 60 25.2177 27.5197 2.30195
16 60 26.4982 28.8001 2.30195
54 72 26.7974 29.0993 2.30195
0 79 24.8253 27.1273 2.30195
3 72 27.8026 30.1046 2.30195
43 75 27.8999 30.2018 2.30195
4 60 28.5964 30.8984 2.30195
32 64 27.8974 30.1994 2.30195
44 74 27.0976 29.3995 2.30195
23 76 465.61 467.912 2.30195
29 0 478.042 0 -478.042
28 61 1020.01 1020.12 0.102657
4 60 1078.6 1078.69 0.0975363
52 69 1019.84 1019.94 0.0975378
18 64 1092.1 1092.2 0.0975374
49 82 1088.33 1088.43 0.0975376
0 79 480.612 482.914 2.30195
33 63 247.387 249.689 2.30195
52 69 29.8379 32.1399 2.30195
53 80 29.8865 32.1885 2.30195
55 78 1012.54 1012.64 0.0975372
22 64 250.105 252.407 2.30195
58 77 228.825 231.127 2.30195
2 60 228.816 231.118 2.30195
5 70 1151.48 1151.58 0.0975374
20 76 247.001 249.302 2.30195
53 80 257.78 260.082 2.30195
22 64 477.998 480.3 2.30195
17 61 249.157 251.459 2.30195
29 62 250.149 252.451 2.30195
52 69 257.731 260.033 2.30195
33 63 1009.49 1009.59 0.0975366
26 62 249.31 251.612 2.30195
9 69 250.648 252.95 2.30196
24 61 254.417 256.719 2.30195
31 64 246.608 248.91 2.30195
40 63 249.243 251.545 2.30195
56 68 248.357 250.658 2.30195
46 75 250.012 252.314 2.30195
55 78 250.433 252.735 2.30195
16 0 254.391 0 -254.391
28 61 227.907 230.209 2.30195
11 67 231.959 234.26 2.30195
57 71 233.224 235.525 2.30195
38 63 233.406 235.708 2.30195
14 79 234.901 237.203 2.30195
47 74 235.078 237.38 2.30195
19 61 235.374 237.676 2.30195
49 82 236.222 238.524 2.30195
35 63 236.96 239.262 2.30195
23 76 237.717 240.019 2.30195
41 73 238.041 240.343 2.30195
21 62 238.976 241.278 2.30195
15 60 239.175 241.477 2.30195
5 70 239.374 241.676 2.30195
18 64 239.992 242.294 2.30195
59 69 240.354 242.656 2.30195
42 65 240.795 243.097 2.30195
51 66 241.254 243.556 2.30195
30 62 242.328 244.63 2.30195
50 66 243.103 245.405 2.30195
27 62 244.089 246.391 2.30195
12 60 244.203 246.505 2.30195
13 60 244.233 246.535 2.30195
45 81 244.495 246.797 2.30195
28 61 1080.01 1080.11 0.0975368
14 79 462.794 465.096 2.30195
18 64 467.885 470.187 2.30195
9 71 1012.75 1012.85 0.0975385
8 70 458.569 460.871 2.30195
6 68 459.217 461.519 2.30195
37 65 1082.38 1082.48 0.097537
30 62 470.221 472.523 2.30195
54 72 482.584 484.886 2.30195
19 61 463.267 465.569 2.30195
39 63 1014.44 1014.54 0.097538
31 64 474.501 476.803 2.30195
48 66 459.718 462.02 2.30195
34 73 459.82 462.122 2.30195
25 64 1172.44 1172.54 0.0975368
46 75 1012.12 1012.22 0.0975368
15 60 1091.28 1091.38 0.0975381
36 65 252.407 254.709 2.30195
39 63 252.332 254.634 2.30195
0 79 252.719 255.021 2.30195
10 0 253.111 0 -253.111
44 74 254.991 257.293 2.30195
23 76 999.824 999.921 0.0975377
54 72 254.691 256.993 2.30195
36 65 480.301 482.603 2.30195
39 63 480.225 482.527 2.30195
1 67 485.117 487.419 2.30195
43 75 255.793 258.095 2.30195
32 64 255.791 258.093 2.30195
4 60 256.49 258.792 2.30195
3 67 255.696 257.998 2.30195
12 60 472.096 474.398 2.30195
13 60 472.127 474.429 2.30195
41 73 1090.15 1090.25 0.0975382
1 60 257.224 259.526 2.30195
11 67 459.852 462.154 2.30195
57 71 461.117 463.419 2.30195
26 62 477.204 479.506 2.30195
56 68 476.25 478.552 2.30195
57 71 1085.33 1085.43 0.0975372
27 62 471.982 474.284 2.30195
44 74 482.884 485.186 2.30195
16 71 482.285 484.587 2.30196
24 61 482.31 484.612 2.30195
32 64 483.684 485.986 2.30195
49 82 1148.33 1148.43 0.0975376
52 69 959.838 959.941 0.102658
6 68 933.431 933.529 0.0975375
5 70 1001.48 1001.58 0.0975374
8 70 1082.78 1082.88 0.0975371
48 66 1143.93 1144.03 0.0975373
15 60 467.068 469.37 2.30195
27 62 1156.2 1156.29 0.0975374
42 65 1162.53 1162.63 0.102658
15 60 1151.28 1151.38 0.0975381
56 68 1010.46 1010.57 0.102658
58 77 1020.93 1021.03 0.0975383
27 62 1006.2 1006.29 0.0975374
50 66 1164.84 1164.94 0.102658
35 63 1149.07 1149.16 0.0975365
34 73 1084.03 1084.13 0.0975371
39 63 1074.44 1074.54 0.097538
5 70 1181.48 1181.58 0.0975374
0 79 1074.83 1074.92 0.0975378
18 64 1002.1 1002.2 0.0975374
6 68 1143.43 1143.53 0.0975375
36 73 936.087 938.389 2.30196
36 65 708.194 710.496 2.30195
10 60 708.897 711.199 2.30195
4 60 712.276 714.578 2.30195
20 76 1009.11 1009.21 0.102657
39 65 708.118 710.42 2.30195
0 79 708.505 710.807 2.30195
43 75 711.58 713.882 2.30195
31 62 930.288 932.59 2.30195
9 71 934.328 934.43 0.102658
11 67 1084.07 1084.16 0.0975383
12 60 1156.31 1156.41 0.0975377
28 61 683.693 685.995 2.30195
2 60 684.603 686.905 2.30195
58 77 684.612 686.914 2.30195
7 67 685.342 687.644 2.30195
37 65 686.061 688.363 2.30195
25 64 686.12 688.422 2.30195
8 70 686.462 688.764 2.30195
6 68 687.111 689.413 2.30195
48 66 687.611 689.913 2.30195
34 73 687.713 690.015 2.30195
11 68 687.745 690.047 2.30196
57 71 689.01 691.312 2.30195
38 63 689.192 691.494 2.30195
14 79 690.687 692.989 2.30195
47 74 690.865 693.167 2.30195
19 61 691.161 693.463 2.30195
49 82 692.009 694.31 2.30195
35 65 692.747 695.049 2.30196
23 66 693.504 695.806 2.30196
41 73 693.827 696.129 2.30195
21 62 694.763 697.065 2.30195
15 60 694.962 697.264 2.30195
5 70 695.161 697.463 2.30195
18 64 695.779 698.08 2.30195
59 69 696.14 698.442 2.30195
42 63 696.581 698.883 2.30195
51 67 697.04 699.342 2.30195
30 0 698.114 0 -698.114
50 76 698.89 701.192 2.30195
27 62 699.875 702.177 2.30195
12 79 699.989 702.291 2.30195
13 67 700.02 702.322 2.30196
45 74 700.282 702.584 2.30196
31 64 702.395 704.697 2.30195
20 76 702.787 705.089 2.30195
33 63 703.174 705.476 2.30195
56 68 704.143 706.445 2.30195
17 68 704.944 707.246 2.30196
40 0 705.03 0 -705.03
26 0 705.097 0 -705.097
46 75 705.798 708.1 2.30195
22 64 705.892 708.194 2.30195
29 62 705.935 708.237 2.30195
55 78 706.22 708.522 2.30195
9 79 706.434 708.736 2.30196
57 71 1145.33 1145.43 0.0975372
0 79 1014.83 1014.92 0.0975378
54 72 1076.8 1076.89 0.097538
7 67 1021.66 1021.76 0.097538
33 63 1069.49 1069.59 0.0975366
54 72 710.477 712.779 2.30195
24 61 710.204 712.506 2.30195
16 60 710.178 712.48 2.30195
5 70 1091.48 1091.58 0.0975374
32 64 711.577 713.879 2.30195
3 67 711.482 713.784 2.30195
1 60 713.01 715.312 2.30195
52 69 713.518 715.82 2.30195
53 69 713.566 715.868 2.30196
30 62 926.008 928.31 2.30195
44 0 710.777 0 -710.777
32 64 1017.9 1017.99 0.0975367
34 73 1144.03 1144.13 0.0975371
52 69 1079.84 1079.94 0.0975378
3 72 1017.8 1017.9 0.0975385
0 79 936.398 936.501 0.102658
50 76 926.783 929.085 2.30195
13 60 927.913 930.215 2.30195
16 60 938.071 940.373 2.30195
41 63 940.148 940.25 0.102659
23 76 939.824 939.926 0.102658
32 64 939.47 939.573 0.102657
7 67 931.662 931.765 0.102658
8 70 932.783 932.885 0.102657
24 61 938.097 940.399 2.30195
43 75 939.473 941.775 2.30195
1 60 940.904 943.206 2.30195
58 77 930.932 931.035 0.102658
44 74 938.671 940.972 2.30195
21 62 941.083 941.181 0.0975363
54 72 956.797 956.9 0.102658
28 61 911.587 911.689 0.102657
2 60 912.496 914.798 2.30195
58 77 912.505 912.69 0.184834
7 67 913.235 913.338 0.102658
37 65 913.954 914.057 0.102657
25 64 914.014 914.116 0.102657
8 70 914.356 914.458 0.102657
6 68 915.004 915.107 0.102658
48 66 915.504 915.607 0.102657
34 73 915.606 915.709 0.102657
11 67 915.638 915.741 0.102658
57 71 916.903 917.006 0.102657
38 63 917.085 917.188 0.102658
14 79 918.581 918.683 0.102658
47 74 918.758 918.861 0.102659
19 61 919.054 921.356 2.30195
49 82 919.902 920.004 0.102658
35 63 920.64 920.743 0.102657
23 76 921.397 921.499 0.102658
41 73 921.72 921.823 0.102658
21 62 922.656 922.759 0.102656
15 60 922.855 922.958 0.102658
5 70 923.054 923.157 0.102657
51 66 924.934 927.236 2.30195
59 69 924.034 926.336 2.30195
18 64 923.672 923.774 0.102657
26 76 932.99 935.292 2.30196
20 66 930.68 930.783 0.10266
45 81 928.175 928.278 0.102657
33 63 931.067 931.17 0.102657
27 62 927.769 927.871 0.102657
12 60 927.883 927.985 0.102658
46 75 933.692 933.794 0.102657
56 68 932.036 932.139 0.102658
22 64 933.785 936.087 2.30195
42 65 924.475 926.777 2.30195
55 78 934.113 934.216 0.102657
54 72 938.37 938.473 0.102658
29 77 933.829 936.131 2.30196
40 63 932.923 935.225 2.30195
17 61 932.837 935.139 2.30195
10 60 936.791 939.093 2.30195
53 69 941.46 943.761 2.30196
28 61 930.014 930.116 0.102657
39 63 936.012 936.114 0.102658
4 60 940.169 940.272 0.102656
52 69 941.411 941.514 0.102658
3 71 939.376 939.478 0.102659
37 65 932.381 932.484 0.102657
25 64 932.441 932.538 0.0975368
6 68 1083.43 1083.53 0.0975375
48 66 933.931 934.034 0.102657
11 67 934.065 934.168 0.102658
57 71 935.33 935.433 0.102657
47 74 937.185 937.288 0.102659
34 73 934.033 934.136 0.102657
14 79 937.008 937.11 0.102658
38 63 935.512 935.615 0.102658
4 60 1018.6 1018.69 0.0975363
58 77 1080.93 1081.03 0.0975383
35 63 939.067 939.17 0.102657
49 82 938.329 938.431 0.102658
15 60 941.282 941.385 0.102658
7 67 1081.66 1081.76 0.097538
54 72 1016.8 1016.89 0.097538
20 76 949.107 949.21 0.102657
5 79 941.481 941.584 0.102659
18 0 942.099 0 -942.099
48 66 993.931 994.029 0.0975373
45 81 946.602 946.705 0.102657
12 60 946.31 946.412 0.102658
27 62 946.196 946.298 0.102657
55 78 952.54 952.643 0.102657
9 71 952.755 952.857 0.102658
56 68 1160.46 1160.56 0.0975377
33 63 949.494 949.597 0.102657
4 60 958.596 958.694 0.0975363
46 75 952.119 952.221 0.102657
0 79 954.825 954.923 0.0975378
56 68 950.463 950.566 0.102658
39 63 954.439 954.541 0.102658
32 64 957.897 958 0.102657
3 72 957.803 957.905 0.102659
28 61 960.014 960.116 0.102657
47 74 967.185 967.283 0.0975386
7 67 961.662 961.759 0.097538
58 77 960.932 961.035 0.102658
8 70 962.783 962.88 0.0975371
34 73 964.033 964.131 0.0975371
38 63 965.512 965.61 0.0975377
6 68 963.431 963.529 0.0975375
48 66 963.931 964.029 0.0975373
11 67 964.065 964.163 0.0975383
37 65 962.381 962.484 0.102657
25 64 962.441 962.538 0.0975368
51 66 1183.36 1183.46 0.102658
5 70 971.481 971.579 0.0975374
57 71 965.33 965.428 0.0975372
14 79 967.008 967.11 0.102658
49 82 968.329 968.431 0.102658
15 60 971.282 971.379 0.0975381
9 71 982.755 982.852 0.0975385
21 62 971.083 971.181 0.0975363
41 73 970.148 970.245 0.0975382
35 63 969.067 969.165 0.0975365
56 68 980.463 980.566 0.102658
27 62 976.196 976.298 0.102657
23 76 969.824 969.926 0.102658
33 63 979.494 979.591 0.0975366
45 81 976.602 976.705 0.102657
54 72 986.797 986.895 0.097538
18 64 972.099 972.196 0.0975374
12 60 976.31 976.407 0.0975377
20 76 979.107 979.21 0.102657
55 78 982.54 982.637 0.0975372
3 72 987.803 987.9 0.0975385
6 68 1173.43 1173.53 0.0975375
46 75 982.119 982.216 0.0975368
0 79 984.825 984.923 0.0975378
11 67 1054.07 1054.16 0.0975383
4 60 988.596 988.694 0.0975363
7 67 991.662 991.759 0.097538
39 63 984.439 984.536 0.097538
52 69 989.838 989.935 0.0975378
32 64 987.897 987.995 0.0975367
21 62 1001.08 1001.18 0.0975363
28 61 990.014 990.116 0.102657
45 81 1006.6 1006.7 0.0975365
14 79 997.008 997.105 0.0975382
35 63 999.067 999.165 0.0975365
58 77 990.932 991.03 0.0975383
34 73 994.033 994.131 0.0975371
38 63 995.512 995.61 0.0975377
47 74 997.185 997.283 0.0975386
6 68 993.431 993.529 0.0975375
41 73 1000.15 1000.25 0.0975382
49 82 998.329 998.431 0.102658
25 64 992.441 992.538 0.0975368
8 70 992.783 992.88 0.0975371
11 67 994.065 994.163 0.0975383
37 65 992.381 992.479 0.097537
55 78 1072.54 1072.64 0.0975372
57 71 995.33 995.428 0.0975372
8 70 1022.78 1022.88 0.0975371
9 71 1042.75 1042.85 0.0975385
11 67 1024.07 1024.16 0.0975383
38 63 1025.51 1025.61 0.0975377
34 73 1024.03 1024.13 0.0975371
23 76 1029.82 1029.92 0.0975377
25 64 1022.44 1022.54 0.0975368
37 65 1022.38 1022.48 0.097537
6 68 1023.43 1023.53 0.0975375
23 76 1089.82 1089.92 0.0975377
27 62 1186.2 1186.29 0.0975374
48 66 1023.93 1024.03 0.0975373
47 74 1027.19 1027.28 0.0975386
23 76 1149.82 1149.92 0.0975377
21 62 1091.08 1091.18 0.0975363
38 63 1085.51 1085.61 0.0975377
51 66 1162.99 1163.09 0.102658
14 79 1027.01 1027.11 0.0975382
49 82 1028.33 1028.43 0.0975376
57 71 1025.33 1025.43 0.0975372
48 66 1083.93 1084.03 0.0975373
41 73 1030.15 1030.25 0.0975382
35 63 1029.07 1029.16 0.0975365
12 79 1186.31 1186.41 0.0975386
8 70 1142.78 1142.88 0.0975371
21 62 1031.08 1031.18 0.0975363
13 60 1165.97 1166.07 0.102656
15 60 1031.28 1031.38 0.0975381
27 62 1036.2 1036.29 0.0975374
12 60 1036.31 1036.41 0.0975377
5 70 1031.48 1031.58 0.0975374
45 81 1036.6 1036.7 0.0975365
33 63 1039.49 1039.59 0.0975366
18 64 1032.1 1032.2 0.0975374
20 76 1039.11 1039.2 0.0975367
0 79 1044.83 1044.92 0.0975378
32 64 1047.9 1047.99 0.0975367
55 78 1042.54 1042.64 0.0975372
46 75 1042.12 1042.22 0.0975368
4 60 1048.6 1048.69 0.0975363
56 68 1040.46 1040.56 0.0975377
54 72 1046.8 1046.89 0.097538
3 72 1047.8 1047.9 0.0975385
39 63 1044.44 1044.54 0.097538
9 71 1072.75 1072.86 0.102658
37 65 1052.38 1052.48 0.097537
48 66 1053.93 1054.03 0.0975373
58 77 1050.93 1051.03 0.0975383
28 61 1050.01 1050.11 0.0975368
18 64 1062.1 1062.2 0.0975374
52 69 1049.84 1049.94 0.0975378
34 73 1054.03 1054.13 0.0975371
47 74 1057.19 1057.28 0.0975386
56 68 1070.46 1070.56 0.0975377
14 79 1057.01 1057.11 0.0975382
57 71 1055.33 1055.43 0.0975372
25 64 1052.44 1052.54 0.0975368
7 67 1051.66 1051.76 0.097538
8 70 1052.78 1052.88 0.0975371
6 68 1053.43 1053.53 0.0975375
38 63 1055.51 1055.61 0.0975377
41 73 1060.15 1060.25 0.0975382
45 81 1066.6 1066.7 0.0975365
15 60 1061.28 1061.38 0.0975381
5 70 1061.48 1061.58 0.0975374
49 82 1058.33 1058.43 0.0975376
35 63 1059.07 1059.16 0.0975365
47 74 1087.19 1087.28 0.0975386
12 60 1066.31 1066.41 0.0975377
23 76 1059.82 1059.92 0.0975377
27 62 1066.2 1066.29 0.0975374
21 62 1061.08 1061.18 0.0975363
18 64 1152.1 1152.2 0.0975374
45 81 1156.6 1156.7 0.0975365
46 75 1072.12 1072.22 0.0975368
20 76 1069.11 1069.2 0.0975367
33 63 1159.49 1159.59 0.0975366
27 62 1096.2 1096.29 0.0975374
45 81 1096.6 1096.7 0.0975365
12 60 1096.31 1096.41 0.0975377
9 71 1102.75 1102.86 0.102658
55 78 1102.54 1102.64 0.0975372
15 60 1181.28 1181.38 0.0975381
46 75 1102.12 1102.22 0.0975368
20 76 1099.11 1099.2 0.0975367
33 63 1099.49 1099.59 0.0975366
0 79 1104.83 1104.92 0.0975378
54 72 1166.8 1166.89 0.097538
42 65 1182.9 1183 0.102658
56 68 1100.46 1100.56 0.0975377
54 72 1106.8 1106.89 0.097538
3 72 1107.8 1107.9 0.0975385
39 63 1104.44 1104.54 0.097538
25 64 1142.44 1142.54 0.0975368
32 64 1107.9 1107.99 0.0975367
4 60 1108.6 1108.69 0.0975363
41 73 1120.15 1120.25 0.0975382
25 64 1112.44 1112.54 0.0975368
11 67 1114.07 1114.16 0.0975383
6 68 1113.43 1113.53 0.0975375
48 66 1113.93 1114.03 0.0975373
2 60 1140.39 1140.49 0.102658
37 65 1112.38 1112.48 0.097537
58 77 1110.93 1111.03 0.0975383
28 61 1110.01 1110.11 0.0975368
34 73 1114.03 1114.13 0.0975371
26 62 1160.88 1160.99 0.102657
52 69 1109.84 1109.94 0.0975378
14 79 1117.01 1117.11 0.0975382
57 71 1115.33 1115.43 0.0975372
35 63 1119.07 1119.16 0.0975365
18 64 1122.1 1122.2 0.0975374
5 70 1121.48 1121.58 0.0975374
21 62 1121.08 1121.18 0.0975363
24 61 1165.99 1168.29 2.30195
8 70 1112.78 1112.88 0.0975371
7 67 1111.66 1111.76 0.097538
17 61 1160.73 1163.03 2.30195
19 61 1146.95 1147.05 0.102657
38 63 1115.51 1115.61 0.0975377
30 62 1153.9 1156.2 2.30195
15 60 1121.28 1121.38 0.0975381
47 74 1117.19 1117.28 0.0975386
49 82 1118.33 1118.43 0.0975376
45 81 1126.6 1126.7 0.0975365
51 66 1152.83 1152.93 0.102658
52 69 1139.84 1139.94 0.0975378
29 62 1161.72 1164.02 2.30195
23 76 1119.82 1119.92 0.0975377
43 75 1167.37 1167.47 0.102658
50 66 1154.68 1154.78 0.102658
27 62 1126.2 1126.29 0.0975374
22 62 1161.68 1163.98 2.30196
42 65 1152.37 1152.47 0.102658
40 63 1160.82 1163.12 2.30195
7 67 1141.66 1141.76 0.097538
59 69 1151.93 1152.03 0.102658
33 63 1129.49 1129.59 0.0975366
13 60 1155.81 1155.91 0.102656
12 60 1126.31 1126.41 0.0975377
31 64 1158.18 1160.48 2.30195
55 78 1132.54 1132.64 0.0975372
3 72 1137.8 1137.9 0.0975385
20 76 1129.11 1129.2 0.0975367
46 75 1132.12 1132.22 0.0975368
0 79 1134.83 1134.92 0.0975378
10 60 1164.68 1164.79 0.102657
9 71 1132.75 1132.86 0.102658
56 68 1130.46 1130.56 0.0975377
4 60 1138.6 1138.69 0.0975363
1 60 1168.8 1168.9 0.102659
21 62 1151.08 1151.18 0.0975363
44 74 1166.56 1166.67 0.102658
16 60 1165.96 1166.07 0.102657
2 60 1150.55 1150.65 0.102658
58 77 1140.93 1141.03 0.0975383
32 64 1137.9 1137.99 0.0975367
54 72 1136.8 1136.89 0.097538
37 65 1142.38 1142.48 0.097537
36 65 1163.98 1164.08 0.102657
39 63 1134.44 1134.54 0.097538
28 61 1140.01 1140.11 0.0975368
53 80 1169.35 1169.46 0.102656
47 74 1147.19 1147.28 0.0975386
41 73 1150.15 1150.25 0.0975382
20 76 1159.11 1159.2 0.0975367
55 78 1162.54 1162.64 0.0975372
46 75 1162.12 1162.22 0.0975368
59 69 1182.46 1182.56 0.102658
24 61 1393.88 1393.99 0.102658
9 71 1162.75 1162.86 0.102658
4 60 1168.6 1168.69 0.0975363
37 65 1172.38 1172.48 0.097537
0 79 1164.83 1164.92 0.0975378
43 75 1197.9 1198 0.0975379
10 60 1174.85 1174.95 0.102657
58 77 1170.93 1171.03 0.0975383
16 60 1176.13 1176.23 0.102657
36 65 1174.14 1174.25 0.102657
3 72 1167.8 1167.9 0.0975385
39 65 1164.44 1164.54 0.0975382
43 75 1177.53 1177.63 0.102658
49 82 1178.33 1178.43 0.0975376
11 67 1174.07 1174.16 0.0975383
32 64 1167.9 1167.99 0.0975367
52 69 1169.84 1169.94 0.0975378
44 74 1176.73 1176.83 0.102658
53 80 1179.52 1179.62 0.102656
1 60 1178.96 1179.06 0.102659
2 60 1170.92 1171.03 0.102658
28 61 1170.01 1170.11 0.0975368
19 61 1177.48 1177.58 0.0975373
34 73 1174.03 1174.13 0.0975371
23 76 1179.82 1179.92 0.0975377
35 63 1179.07 1179.16 0.0975365
38 63 1175.51 1175.61 0.0975377
48 66 1173.93 1174.03 0.0975373
7 67 1171.66 1171.76 0.097538
57 71 1175.33 1175.43 0.0975372
8 70 1172.78 1172.88 0.0975371
21 62 1181.08 1181.18 0.0975363
14 79 1177.01 1177.11 0.0975382
47 74 1177.19 1177.28 0.0975386
41 73 1180.15 1180.25 0.0975382
18 64 1182.1 1182.2 0.0975374
13 60 1186.34 1186.44 0.102656
33 63 1189.49 1189.59 0.0975366
20 76 1189.11 1189.2 0.0975367
17 61 1388.62 1388.73 0.102657
46 75 1192.12 1192.22 0.0975368
22 64 1389.57 1389.67 0.102656
0 79 1194.83 1194.92 0.0975378
44 74 1197.1 1197.2 0.0975378
9 71 1192.75 1192.86 0.102658
31 64 1386.07 1386.26 0.184834
26 62 1191.42 1191.51 0.0975368
10 60 1195.22 1195.32 0.102657
40 63 1388.71 1388.81 0.102658
29 62 1389.62 1389.72 0.102657
4 60 1198.6 1198.69 0.0975363
55 78 1192.54 1192.64 0.0975372
56 68 1190.46 1190.56 0.0975377
1 60 1199.33 1199.43 0.102659
54 72 1196.8 1196.89 0.097538
3 72 1197.8 1197.9 0.0975385
16 60 1196.5 1196.6 0.0975368
32 64 1197.9 1197.99 0.0975367
39 63 1194.44 1194.54 0.097538
36 65 1194.51 1194.62 0.102657
52 69 1199.84 1199.94 0.0975378
53 80 1199.89 1199.98 0.0975364
