15 41 0.294995 2.59695 2.30195
3 41 0.500363 2.80232 2.30195
19 43 0.911222 3.21318 2.30195
35 42 1160.43 1162.73 2.30196
22 0 1.77562 0 -1.77562
3 41 930.5 930.603 0.102658
25 43 2.07833 4.38028 2.30195
1 40 939.089 941.391 2.30195
20 0 2.08303 0 -2.08303
21 42 2.45842 4.76037 2.30195
39 43 939.783 942.085 2.30196
13 40 2.90228 5.20423 2.30195
27 42 4.76186 7.06381 2.30195
23 42 4.63512 6.93707 2.30195
25 43 992.078 992.176 0.0975373
11 40 6.68773 8.98968 2.30195
12 40 8.79278 11.0947 2.30195
4 44 7.92152 10.2235 2.30195
37 43 9.37002 11.672 2.30196
27 42 1144.23 1144.33 0.102658
34 41 9.64455 11.9465 2.30196
2 40 10.6056 12.9076 2.30195
26 43 933.782 936.084 2.30195
12 40 998.793 998.89 0.0975372
8 44 11.3634 13.6653 2.30195
28 41 11.5452 13.8471 2.30195
36 0 11.6325 0 -11.6325
6 0 706.96 0 -706.96
18 42 932.234 934.536 2.30195
33 41 12.3323 14.6342 2.30196
15 41 1020.29 1020.39 0.0975378
9 44 13.5566 15.8586 2.30195
25 43 1082.08 1082.18 0.0975373
11 40 936.688 936.785 0.0975373
29 0 15.2691 0 -15.2691
3 41 960.5 960.598 0.0975377
31 0 16.0634 0 -16.0634
17 42 15.9762 18.2781 2.30195
7 44 981.626 981.729 0.102658
35 0 20.963 0 -20.963
38 44 21.2954 23.5974 2.30196
24 43 20.5634 22.8654 2.30195
18 42 20.661 22.9629 2.30195
30 41 21.0502 23.3522 2.30195
2 40 1150.07 1152.37 2.30195
5 40 710.055 712.357 2.30195
13 40 992.902 993 0.0975381
10 40 937.826 940.128 2.30195
37 43 1119.37 1119.47 0.097539
33 0 923.905 0 -923.905
38 0 932.868 0 -932.868
17 43 1155.44 1155.55 0.102659
9 44 943.557 943.659 0.102658
19 43 1150.54 1150.64 0.102658
25 43 1022.08 1022.18 0.0975373
7 44 21.6265 23.9284 2.30195
16 40 936.367 938.669 2.30195
26 43 22.2093 24.5113 2.30195
4 44 937.922 938.024 0.102658
12 40 968.793 968.89 0.0975372
6 0 23.2805 0 -23.2805
14 0 22.9041 0 -22.9041
25 43 932.078 932.176 0.0975373
5 40 986.375 986.473 0.0975372
4 44 997.922 998.019 0.0975382
13 44 932.902 933.005 0.102659
0 40 24.362 26.664 2.30196
10 40 26.2527 28.5547 2.30195
16 0 24.7942 0 -24.7942
5 40 26.3751 28.677 2.30195
32 41 28.2083 30.5103 2.30195
39 44 28.2101 30.5121 2.30196
5 40 937.948 938.051 0.102657
8 44 1160.99 1161.1 0.102659
12 40 1118.79 1118.89 0.0975372
4 44 967.922 968.019 0.0975382
1 0 27.5161 0 -27.5161
29 41 1154.74 1154.84 0.102661
28 41 1151.01 1151.11 0.102657
36 42 1151.1 1153.4 2.30196
18 42 1160.13 1160.23 0.102658
7 44 249.52 251.822 2.30195
6 0 251.174 0 -251.174
17 42 471.763 474.065 2.30195
16 40 252.687 254.989 2.30195
32 41 256.102 258.404 2.30195
37 43 969.37 969.468 0.097539
37 43 1149.37 1149.47 0.097539
2 0 694.285 0 -694.285
34 0 693.324 0 -693.324
35 0 248.856 0 -248.856
31 41 1155.53 1157.83 2.30196
14 0 250.797 0 -250.797
4 44 463.708 466.01 2.30195
8 44 467.15 469.452 2.30195
35 0 704.643 0 -704.643
26 42 250.103 252.405 2.30196
30 41 248.943 251.245 2.30195
17 43 699.656 701.958 2.30196
0 40 252.255 254.557 2.30196
29 41 698.949 701.251 2.30196
27 42 688.442 690.744 2.30195
14 40 706.584 708.886 2.30195
33 0 696.012 0 -696.012
38 0 477.082 0 -477.082
26 42 705.889 708.191 2.30196
13 44 686.582 688.884 2.30195
37 43 693.05 695.352 2.30196
21 0 686.138 0 -686.138
32 41 483.995 486.297 2.30195
38 0 704.975 0 -704.975
23 42 964.635 964.733 0.0975378
18 42 704.341 706.643 2.30195
18 42 248.554 250.856 2.30195
24 43 704.243 706.545 2.30195
31 41 699.743 702.045 2.30196
14 40 934.477 936.779 2.30195
9 44 697.236 699.538 2.30195
11 40 966.688 966.785 0.0975373
36 0 695.312 0 -695.312
10 0 482.039 0 -482.039
23 42 688.315 690.617 2.30195
7 44 477.413 479.715 2.30195
28 0 695.225 0 -695.225
8 0 695.043 0 -695.043
12 40 1148.79 1148.89 0.0975372
22 0 685.455 0 -685.455
38 0 249.189 0 -249.189
24 43 248.457 250.759 2.30195
25 43 685.758 688.06 2.30195
1 0 255.409 0 -255.409
1 0 483.303 0 -483.303
19 0 684.591 0 -684.591
3 41 684.18 686.482 2.30195
30 41 704.73 707.032 2.30195
15 41 228.188 230.49 2.30195
3 41 228.394 230.696 2.30195
19 43 228.804 231.106 2.30195
22 42 229.669 231.971 2.30195
25 43 229.972 232.274 2.30195
20 42 229.976 232.278 2.30195
21 42 230.352 232.654 2.30195
13 40 230.796 233.097 2.30195
23 42 232.528 234.83 2.30195
27 42 232.655 234.957 2.30195
11 40 234.581 236.883 2.30195
4 44 235.815 238.117 2.30195
12 40 236.686 238.988 2.30195
37 43 237.263 239.565 2.30196
34 0 237.538 0 -237.538
2 0 238.499 0 -238.499
8 44 239.257 241.559 2.30195
28 41 239.438 241.74 2.30195
36 0 239.526 0 -239.526
33 0 240.226 0 -240.226
9 44 241.45 243.752 2.30195
29 41 243.162 245.464 2.30196
17 42 243.869 246.171 2.30195
31 41 243.957 246.259 2.30196
37 43 999.37 999.473 0.102659
13 40 1022.9 1023 0.0975381
4 44 1147.92 1148.02 0.0975382
39 43 256.103 258.405 2.30196
10 0 254.146 0 -254.146
5 40 254.268 256.57 2.30195
23 42 994.635 994.733 0.0975378
9 44 1153.56 1153.65 0.0975381
3 41 990.5 990.598 0.0975377
5 40 1016.38 1016.47 0.0975372
6 0 934.853 0 -934.853
15 41 930.295 930.398 0.102658
24 43 950.563 950.661 0.0975378
14 41 1162.37 1164.67 2.30196
7 44 1131.63 1131.72 0.0975379
32 41 939.781 942.083 2.30195
11 40 1146.69 1146.79 0.0975373
32 41 1177.84 1177.94 0.102659
8 44 1150.83 1150.93 0.102659
37 43 939.37 939.473 0.102659
38 40 1160.76 1163.06 2.30196
7 44 705.306 707.608 2.30195
33 42 1151.8 1154.1 2.30197
1 44 711.196 713.498 2.30196
11 40 996.688 996.785 0.0975373
24 43 1130.56 1130.66 0.0975377
23 42 1144.64 1144.73 0.0975378
30 41 981.05 981.148 0.0975386
30 41 951.05 951.153 0.102659
35 41 932.536 934.838 2.30196
10 40 709.932 712.234 2.30195
18 42 476.447 478.749 2.30195
28 41 467.332 469.634 2.30195
9 44 469.343 471.645 2.30195
39 44 483.997 486.299 2.30196
5 40 482.162 484.464 2.30195
37 43 465.157 467.458 2.30196
36 0 467.419 0 -467.419
35 0 476.749 0 -476.749
24 43 476.35 478.652 2.30195
26 43 477.996 480.298 2.30195
0 0 480.149 0 -480.149
34 0 465.431 0 -465.431
16 40 1164.26 1166.56 2.30195
33 0 468.119 0 -468.119
12 41 692.473 694.774 2.30196
2 0 466.392 0 -466.392
29 41 471.056 473.358 2.30196
4 44 691.601 693.903 2.30195
16 40 480.581 482.883 2.30195
11 40 690.367 692.669 2.30195
20 0 685.763 0 -685.763
9 44 1123.56 1123.65 0.0975381
14 40 478.691 480.993 2.30195
3 41 1020.5 1020.6 0.0975377
15 41 960.295 960.393 0.0975378
11 40 462.474 464.776 2.30195
25 43 1142.08 1142.18 0.0975373
12 40 464.579 466.881 2.30195
31 41 471.85 474.152 2.30196
30 41 476.837 479.139 2.30195
6 0 479.067 0 -479.067
0 0 708.042 0 -708.042
16 0 708.474 0 -708.474
15 41 456.081 458.383 2.30195
3 41 456.287 458.589 2.30195
19 43 456.698 459 2.30195
22 0 457.562 0 -457.562
25 43 457.865 460.167 2.30195
20 0 457.87 0 -457.87
21 42 458.245 460.547 2.30195
13 40 458.689 460.991 2.30195
23 43 460.422 462.724 2.30196
27 0 460.548 0 -460.548
15 41 683.975 686.277 2.30195
9 44 1003.56 1003.65 0.0975381
0 0 935.935 0 -935.935
13 40 962.902 963 0.0975381
19 43 1140.38 1140.48 0.102658
18 42 1190.66 1190.76 0.0975377
39 0 711.89 0 -711.89
5 40 956.375 956.473 0.0975372
32 41 711.888 714.19 2.30195
34 41 1149.11 1151.41 2.30196
30 41 1131.05 1131.15 0.0975386
30 41 1011.05 1011.15 0.0975386
12 40 938.793 938.89 0.0975372
15 41 911.868 911.971 0.102658
3 41 912.073 912.176 0.102658
19 43 912.484 914.786 2.30195
22 42 913.349 915.651 2.30195
25 43 913.651 913.754 0.102657
20 42 913.656 915.958 2.30195
21 42 914.031 916.333 2.30195
13 40 914.475 914.578 0.102658
23 42 916.208 916.311 0.102658
27 44 916.335 918.637 2.30197
11 40 918.261 918.363 0.102657
4 44 919.495 919.597 0.102658
12 40 920.366 920.468 0.102657
37 43 920.943 921.046 0.102659
34 41 921.218 923.52 2.30196
2 0 922.179 0 -922.179
8 44 922.936 925.238 2.30195
28 41 923.118 925.42 2.30195
36 0 923.205 0 -923.205
26 43 1161.68 1161.78 0.102658
5 40 1136.38 1136.47 0.0975372
31 41 927.636 929.938 2.30196
30 41 932.623 932.726 0.102659
17 42 927.549 929.851 2.30195
21 42 1141.92 1142.03 0.102658
29 41 926.842 929.144 2.30196
9 44 925.13 925.232 0.102658
13 40 1142.9 1143 0.0975381
25 43 962.078 962.176 0.0975373
7 44 951.626 951.724 0.0975379
24 43 1160.56 1160.66 0.0975377
1 44 1166.98 1169.28 2.30196
7 44 1011.63 1011.72 0.0975379
15 41 990.295 990.393 0.0975378
9 44 973.557 973.659 0.102658
24 43 932.136 932.239 0.102658
7 44 933.199 933.302 0.102658
24 43 980.563 980.661 0.0975378
24 43 1010.56 1010.66 0.0975378
3 41 1140.5 1140.6 0.0975377
10 0 1165.72 0 -1165.72
23 42 934.635 934.738 0.102658
0 0 1163.83 0 -1163.83
32 41 1167.67 1167.78 0.102659
37 43 1029.37 1029.47 0.102659
11 40 1026.69 1026.79 0.0975373
30 41 1041.05 1041.15 0.0975386
12 40 1028.79 1028.89 0.0975372
23 42 1024.64 1024.73 0.0975378
4 44 1027.92 1028.02 0.0975382
15 41 1140.29 1140.39 0.0975378
9 44 1033.56 1033.65 0.0975381
6 0 1162.75 0 -1162.75
25 43 1052.08 1052.18 0.0975373
7 44 1041.63 1041.72 0.0975379
26 42 1171.84 1171.94 0.10266
24 43 1040.56 1040.66 0.0975377
39 43 1167.68 1169.98 2.30196
11 40 1056.69 1056.79 0.0975373
3 41 1050.5 1050.6 0.0975377
5 40 1046.38 1046.47 0.0975372
17 43 1165.61 1165.71 0.102659
19 42 1170.91 1171.01 0.0975392
15 41 1050.29 1050.39 0.0975378
23 42 1054.64 1054.73 0.0975378
13 40 1052.9 1053 0.0975381
12 40 1058.79 1058.89 0.0975372
27 42 1154.39 1154.49 0.102658
9 44 1063.56 1063.65 0.0975381
37 43 1059.37 1059.47 0.097539
4 44 1057.92 1058.02 0.0975382
30 41 1071.05 1071.15 0.0975386
7 44 1071.63 1071.72 0.0975379
30 41 1161.05 1161.15 0.0975386
24 43 1070.56 1070.66 0.0975377
7 44 1161.63 1161.72 0.0975379
3 41 1080.5 1080.6 0.0975377
13 40 1082.9 1083 0.0975381
5 40 1076.38 1076.47 0.0975372
17 42 1185.98 1186.07 0.0975377
4 44 1087.92 1088.02 0.0975382
7 44 1101.63 1101.72 0.0975379
15 41 1080.29 1080.39 0.0975378
23 42 1084.64 1084.73 0.0975378
12 40 1088.79 1088.89 0.0975372
37 43 1089.37 1089.47 0.097539
11 40 1086.69 1086.79 0.0975373
30 41 1101.05 1101.15 0.0975386
9 44 1093.56 1093.65 0.0975381
4 44 1117.92 1118.02 0.0975382
23 42 1114.64 1114.73 0.0975378
3 41 1110.5 1110.6 0.0975377
24 43 1100.56 1100.66 0.0975377
25 43 1112.08 1112.18 0.0975373
5 40 1166.38 1166.47 0.0975372
5 40 1106.38 1106.47 0.0975372
2 40 1377.97 1380.27 2.30195
15 41 1110.29 1110.39 0.0975378
13 40 1112.9 1113 0.0975381
22 41 1141.24 1143.54 2.30196
11 40 1116.69 1116.79 0.0975373
20 0 1141.55 0 -1141.55
3 40 1170.5 1170.6 0.097539
13 40 1172.9 1173 0.0975381
9 44 1183.56 1183.65 0.0975381
22 42 1369.14 1371.44 2.30195
25 42 1172.08 1172.18 0.0975395
20 42 1369.44 1371.74 2.30195
29 41 1185.27 1185.37 0.0975414
21 42 1172.46 1172.56 0.0975377
15 40 1170.29 1170.39 0.0975384
11 40 1176.69 1176.79 0.0975373
27 42 1174.76 1174.86 0.102658
37 43 1179.37 1179.47 0.097539
23 42 1174.64 1174.73 0.0975378
12 40 1178.79 1178.89 0.0975372
14 40 1390.26 1392.57 2.30195
28 41 1181.55 1181.64 0.0975368
36 0 1378.99 0 -1378.99
4 44 1177.92 1178.02 0.0975382
33 41 1379.69 1381.99 2.30196
5 40 1196.38 1196.47 0.0975372
35 41 1388.32 1390.62 2.30196
0 0 1391.72 0 -1391.72
34 0 1377 0 -1377
31 41 1383.42 1383.61 0.184837
8 44 1181.36 1181.46 0.0975387
24 43 1190.56 1190.66 0.0975377
7 44 1191.63 1191.72 0.0975379
26 43 1192.21 1192.31 0.0975378
38 40 1388.65 1390.96 2.30196
30 41 1191.05 1191.15 0.0975386
1 43 1394.88 1397.18 2.30197
10 44 1393.61 1395.91 2.30196
16 40 1392.15 1392.26 0.102658
6 0 1390.64 0 -1390.64
39 44 1395.57 1395.9 0.328712
32 41 1198.21 1198.31 0.0975387
