57 63 0.120171 2.42214 2.30197
14 61 1.07296 3.37492 2.30195
17 0 3.19783 0 -3.19783
28 60 4.45903 6.76099 2.30195
39 0 4.63363 0 -4.63363
37 60 5.0358 7.33775 2.30195
9 61 482.238 484.54 2.30195
25 60 4.82114 7.12309 2.30195
40 63 3.84471 6.14667 2.30195
14 61 1051.07 1051.17 0.0975365
20 62 1.17892 3.48087 2.30195
33 60 1.86842 4.17038 2.30196
26 67 458.314 460.616 2.30196
36 60 2.21411 4.51606 2.30195
26 0 2.52741 0 -2.52741
0 65 2.54553 4.84748 2.30195
16 62 2.66004 4.96199 2.30195
25 0 460.608 0 -460.608
54 66 458.487 460.789 2.30195
54 66 2.70078 5.00273 2.30195
41 63 5.52746 7.82941 2.30196
31 0 6.59458 0 -6.59458
9 0 938.025 0 -938.025
50 67 6.19568 8.49764 2.30196
53 66 6.82354 9.1255 2.30196
13 61 1059.9 1060 0.0975378
27 60 1045.86 1045.95 0.0975381
59 63 6.87954 9.1815 2.30196
22 61 1045.04 1045.14 0.0975377
35 60 7.43271 9.73466 2.30195
53 66 1081.11 1081.43 0.328711
3 62 8.77132 11.0733 2.30196
51 66 1077.28 1077.38 0.0975373
13 61 9.89919 12.2011 2.30195
8 61 9.90758 12.2095 2.30196
47 67 13.2064 15.5084 2.30195
38 60 11.703 14.0049 2.30195
11 65 10.9954 13.2973 2.30195
19 62 11.0213 13.3233 2.30195
4 61 476.514 478.816 2.30195
58 60 476.501 478.803 2.30196
7 62 12.8808 15.1827 2.30195
24 64 13.243 15.545 2.30195
18 65 13.9941 16.2961 2.30195
57 65 455.907 458.209 2.30196
43 63 14.7082 17.0102 2.30196
45 63 15.178 17.48 2.30195
41 0 461.314 0 -461.314
12 64 16.2555 18.5575 2.30195
30 60 16.2036 18.5056 2.30195
10 62 15.7412 18.0431 2.30195
36 60 458.001 460.303 2.30195
54 66 1052.7 1052.8 0.0975387
16 62 1052.66 1052.76 0.0975366
40 63 1053.84 1053.94 0.0975387
48 67 17.2416 19.5435 2.30195
49 67 16.3685 18.6705 2.30195
1 62 17.6207 19.9226 2.30195
32 0 474.103 0 -474.103
2 62 17.927 20.229 2.30195
56 67 17.3451 19.6471 2.30196
32 60 18.3167 20.6187 2.30196
6 64 19.209 21.511 2.30195
52 66 18.9941 21.296 2.30196
21 62 709.926 712.228 2.30195
55 66 19.2785 21.5804 2.30195
23 0 19.3494 0 -19.3494
34 60 19.5725 21.8745 2.30195
46 63 19.941 22.243 2.30195
16 62 458.447 460.748 2.30195
40 63 459.631 461.933 2.30195
4 61 20.7277 23.0296 2.30195
58 60 20.7148 23.0168 2.30196
20 62 456.965 459.267 2.30195
15 62 21.4576 23.7595 2.30195
37 60 460.822 463.124 2.30195
33 60 457.655 459.957 2.30196
44 63 23.2982 25.6002 2.30195
21 62 26.2459 28.5479 2.30195
22 61 25.0404 27.3424 2.30195
9 0 26.4516 0 -26.4516
5 64 24.1697 26.4717 2.30195
27 60 25.8564 28.1583 2.30195
45 63 1065.18 1065.28 0.0975366
14 61 1081.07 1081.17 0.0975365
51 66 27.2822 29.5842 2.30195
42 63 27.9047 30.2066 2.30195
29 60 27.8647 30.1666 2.30196
4 61 248.621 250.923 2.30195
6 64 247.102 249.404 2.30195
55 66 247.172 249.474 2.30195
58 0 248.608 0 -248.608
5 64 252.063 254.365 2.30195
22 61 252.934 255.236 2.30195
3 65 464.558 466.86 2.30195
1 62 473.407 475.709 2.30195
52 0 246.887 0 -246.887
6 64 474.996 477.297 2.30195
34 0 247.466 0 -247.466
51 66 255.175 257.477 2.30195
27 60 253.75 256.052 2.30195
3 65 1058.77 1058.87 0.0975371
23 61 247.243 249.545 2.30195
46 63 247.834 250.136 2.30195
44 63 251.191 253.493 2.30195
29 60 255.758 258.06 2.30196
32 0 246.21 0 -246.21
24 64 1063.24 1063.34 0.0975381
9 61 254.345 256.647 2.30195
46 63 1169.57 1169.67 0.0975372
15 62 249.351 251.653 2.30195
21 62 254.139 256.441 2.30195
42 63 255.798 258.1 2.30195
44 63 1073.3 1073.4 0.0975387
57 63 228.013 230.315 2.30197
14 61 228.966 231.268 2.30195
20 62 229.072 231.374 2.30195
33 0 229.762 0 -229.762
36 0 230.107 0 -230.107
26 0 230.421 0 -230.421
0 65 230.439 232.741 2.30195
16 62 230.553 232.855 2.30195
54 66 230.594 232.896 2.30195
17 0 231.091 0 -231.091
40 63 231.738 234.04 2.30195
28 60 232.352 234.654 2.30195
39 0 232.527 0 -232.527
25 0 232.714 0 -232.714
37 60 232.929 235.231 2.30195
41 0 233.421 0 -233.421
50 67 234.089 236.391 2.30196
31 60 234.488 236.79 2.30195
53 66 234.717 237.019 2.30196
59 0 234.773 0 -234.773
35 60 235.326 237.628 2.30195
3 65 236.665 238.967 2.30195
13 61 237.792 240.094 2.30195
8 62 237.801 240.103 2.30195
11 65 238.889 241.191 2.30195
19 0 238.915 0 -238.915
38 60 239.596 241.898 2.30195
7 62 240.774 243.076 2.30195
47 67 241.1 243.402 2.30195
24 64 241.136 243.438 2.30195
18 65 241.887 244.189 2.30195
43 0 242.601 0 -242.601
45 63 243.071 245.373 2.30195
10 62 243.634 245.936 2.30195
30 60 244.097 246.399 2.30195
12 64 244.149 246.451 2.30195
49 67 244.262 246.564 2.30195
48 67 245.135 247.437 2.30195
56 67 245.238 247.54 2.30196
1 62 245.514 247.816 2.30195
2 62 245.82 248.122 2.30195
42 63 1047.9 1048 0.0975365
21 62 482.032 484.334 2.30195
39 0 460.42 0 -460.42
14 61 456.859 459.161 2.30195
37 0 1145.04 0 -1145.04
51 66 1047.28 1047.38 0.0975373
17 0 458.984 0 -458.984
22 61 1075.04 1075.14 0.0975377
9 0 710.131 0 -710.131
0 65 458.332 460.634 2.30195
47 67 1063.21 1063.3 0.0975379
28 0 460.246 0 -460.246
54 66 1082.7 1082.8 0.0975387
16 62 1082.66 1082.76 0.0975366
37 60 1055.04 1055.13 0.0975369
5 64 1044.17 1044.27 0.0975368
38 60 1061.7 1061.8 0.0975386
42 63 1077.9 1078 0.0975365
22 61 480.827 483.129 2.30195
53 66 462.61 464.912 2.30196
35 0 463.219 0 -463.219
43 63 470.495 472.797 2.30196
2 62 473.714 476.015 2.30195
30 60 471.99 474.292 2.30195
34 60 475.359 477.661 2.30195
46 63 475.728 478.029 2.30195
15 62 477.244 479.546 2.30195
5 64 479.956 482.258 2.30195
27 60 481.643 483.945 2.30195
31 0 462.381 0 -462.381
13 61 465.686 467.988 2.30195
7 62 468.667 470.969 2.30195
38 60 467.489 469.791 2.30195
49 67 472.155 474.457 2.30195
10 62 471.528 473.83 2.30195
23 61 475.136 477.438 2.30195
12 64 472.042 474.344 2.30195
48 67 473.028 475.33 2.30195
55 66 475.065 477.367 2.30195
44 63 479.085 481.387 2.30195
50 67 461.982 464.284 2.30196
59 63 462.666 464.968 2.30196
11 65 466.782 469.084 2.30195
47 67 468.993 471.295 2.30195
56 67 473.132 475.434 2.30196
52 66 474.781 477.083 2.30196
42 63 483.691 485.993 2.30195
51 66 483.069 485.371 2.30195
29 60 483.651 485.953 2.30196
27 67 709.536 711.838 2.30197
8 0 465.694 0 -465.694
19 62 466.808 469.11 2.30195
24 64 469.03 471.331 2.30195
45 63 470.965 473.266 2.30195
18 65 469.781 472.083 2.30195
22 62 708.72 711.022 2.30196
21 0 937.819 0 -937.819
5 64 1074.17 1074.27 0.0975368
54 66 962.701 962.798 0.0975387
42 63 711.584 713.886 2.30195
32 0 929.89 0 -929.89
58 0 932.288 0 -932.288
5 64 707.849 710.151 2.30195
51 66 938.855 938.958 0.102657
57 65 683.8 686.102 2.30196
14 61 684.753 687.055 2.30195
20 61 684.859 687.161 2.30196
33 0 685.548 0 -685.548
36 0 685.894 0 -685.894
26 0 686.207 0 -686.207
0 0 686.225 0 -686.225
16 62 686.34 688.642 2.30195
54 66 686.381 688.682 2.30195
17 0 686.878 0 -686.878
40 63 687.524 689.826 2.30195
28 67 688.139 690.441 2.30197
39 0 688.313 0 -688.313
25 0 688.501 0 -688.501
37 60 688.716 691.017 2.30195
41 0 689.207 0 -689.207
50 67 689.875 692.177 2.30196
31 0 690.274 0 -690.274
53 64 690.503 692.805 2.30196
59 0 690.559 0 -690.559
35 66 691.112 693.414 2.30197
3 65 692.451 694.753 2.30195
13 61 693.579 695.881 2.30195
8 62 693.587 695.889 2.30195
11 0 694.675 0 -694.675
19 62 694.701 697.003 2.30195
38 60 695.383 697.685 2.30195
7 62 696.561 698.862 2.30195
47 67 696.886 699.188 2.30195
24 64 696.923 699.225 2.30195
18 0 697.674 0 -697.674
43 63 698.388 700.69 2.30196
45 63 698.858 701.16 2.30195
10 61 699.421 701.723 2.30196
30 0 699.883 0 -699.883
12 61 699.935 702.237 2.30195
49 0 700.048 0 -700.048
48 0 700.921 0 -700.921
56 0 701.025 0 -701.025
1 0 701.3 0 -701.3
2 0 701.607 0 -701.607
32 0 701.996 0 -701.996
52 0 702.674 0 -702.674
6 64 702.889 705.191 2.30195
55 0 702.958 0 -702.958
23 61 703.029 705.331 2.30195
34 0 703.252 0 -703.252
46 0 703.621 0 -703.621
58 60 704.395 706.697 2.30196
4 61 704.407 706.709 2.30195
15 62 705.137 707.439 2.30195
44 63 706.978 709.28 2.30195
50 67 1056.2 1056.3 0.102662
24 64 1153.24 1153.34 0.0975381
45 63 1035.18 1035.28 0.0975366
1 62 1167.25 1167.35 0.102658
5 64 1164.17 1164.27 0.0975368
6 0 930.782 0 -930.782
29 66 711.544 713.846 2.30197
51 66 710.962 713.264 2.30195
30 60 927.777 930.079 2.30195
3 65 938.771 938.874 0.102657
44 63 1043.3 1043.4 0.102659
14 61 931.073 931.171 0.0975365
40 63 933.845 933.947 0.102659
16 62 932.66 932.758 0.0975366
53 66 950.938 951.267 0.328711
48 67 928.815 931.117 2.30195
49 67 927.942 930.243 2.30195
55 66 930.851 933.153 2.30195
44 63 934.871 934.974 0.102659
54 66 992.701 992.798 0.0975387
42 63 939.478 939.58 0.102656
50 67 936.196 936.298 0.102662
7 62 924.454 926.756 2.30195
27 60 1015.86 1015.95 0.0975381
5 64 935.743 935.845 0.102657
22 61 936.613 936.716 0.102658
5 64 1014.17 1014.27 0.0975368
13 61 939.899 940.002 0.102658
12 0 927.829 0 -927.829
10 0 927.314 0 -927.314
5 64 954.17 954.272 0.102657
29 67 939.438 941.74 2.30196
22 61 955.04 955.143 0.102658
37 60 935.036 935.133 0.0975369
38 60 941.703 941.806 0.102659
38 60 923.276 923.379 0.102659
43 63 926.281 928.583 2.30196
23 0 930.922 0 -930.922
44 63 1163.3 1163.4 0.0975387
27 60 937.429 937.532 0.102658
45 63 945.178 945.276 0.0975366
54 66 932.701 932.803 0.102659
45 63 926.751 926.854 0.102657
56 60 928.918 931.22 2.30196
34 0 931.146 0 -931.146
52 0 930.567 0 -930.567
4 0 932.301 0 -932.301
24 64 943.243 943.341 0.0975381
47 67 943.206 943.309 0.102658
57 65 911.693 913.008 1.31482
14 61 912.646 912.749 0.102657
20 62 912.752 915.054 2.30195
33 64 913.441 915.743 2.30197
36 60 913.787 916.089 2.30195
26 0 914.1 0 -914.1
0 65 914.119 916.42 2.30195
16 62 914.233 914.336 0.102657
54 66 914.274 914.376 0.102659
17 61 914.771 917.073 2.30195
40 63 915.418 915.52 0.102659
28 60 916.032 918.334 2.30195
39 0 916.207 0 -916.207
25 0 916.394 0 -916.394
37 60 916.609 916.711 0.102657
41 63 917.1 919.402 2.30196
50 67 917.769 917.871 0.102662
31 0 918.168 0 -918.168
53 66 918.397 918.725 0.328711
59 63 918.453 920.754 2.30196
35 65 919.006 921.308 2.30197
3 65 920.344 920.447 0.102657
13 61 921.472 921.575 0.102658
8 0 921.481 0 -921.481
11 64 922.568 924.87 2.30196
19 62 922.594 924.896 2.30195
24 64 924.816 924.919 0.102658
47 67 924.779 924.882 0.102658
2 62 929.5 931.802 2.30195
18 65 925.567 927.869 2.30195
44 63 953.298 953.396 0.0975387
1 62 929.194 931.496 2.30195
46 63 931.514 933.816 2.30195
15 62 933.031 935.333 2.30195
14 61 961.073 961.171 0.0975365
16 62 962.66 962.758 0.0975366
27 60 955.856 955.959 0.102658
51 66 957.282 957.38 0.0975373
42 63 957.905 958.002 0.0975365
13 61 969.899 969.997 0.0975378
50 67 966.196 966.293 0.0975418
53 66 983.48 983.809 0.328711
40 63 963.845 963.942 0.0975387
3 65 968.771 968.869 0.0975371
37 60 965.036 965.133 0.0975369
50 67 1146.2 1146.29 0.0975418
45 63 975.178 975.276 0.0975366
45 63 1155.18 1155.28 0.0975366
38 60 971.703 971.801 0.0975386
47 67 973.206 973.304 0.0975379
24 64 973.243 973.346 0.102658
44 63 983.298 983.401 0.102659
5 64 984.17 984.272 0.102657
22 61 985.04 985.138 0.0975377
14 61 991.073 991.171 0.0975365
16 62 992.66 992.758 0.0975366
53 66 1016.02 1016.35 0.328711
51 66 987.282 987.385 0.102657
27 60 985.856 985.959 0.102658
42 63 987.905 988.002 0.0975365
50 67 996.196 996.298 0.102662
13 61 999.899 999.997 0.0975378
3 65 998.771 998.869 0.0975371
40 63 993.845 993.942 0.0975387
37 60 995.036 995.133 0.0975369
38 60 1001.7 1001.8 0.0975386
43 63 1164.34 1164.44 0.10266
44 63 1013.3 1013.4 0.102659
45 63 1005.18 1005.28 0.0975366
47 67 1003.21 1003.3 0.0975379
24 64 1003.24 1003.34 0.0975381
51 66 1017.28 1017.38 0.0975373
22 61 1015.04 1015.14 0.0975377
42 63 1017.9 1018 0.0975365
54 66 1022.7 1022.8 0.0975387
16 62 1022.66 1022.76 0.0975366
38 60 1031.7 1031.8 0.0975386
57 65 1041.86 1043.17 1.31482
14 61 1021.07 1021.17 0.0975365
50 67 1026.2 1026.29 0.0975418
3 65 1028.77 1028.87 0.0975371
54 66 1142.7 1142.8 0.0975387
40 63 1023.84 1023.94 0.0975387
13 61 1029.9 1030 0.0975378
37 60 1025.04 1025.13 0.0975369
53 66 1048.56 1048.89 0.328711
24 64 1033.24 1033.34 0.0975381
27 60 1075.86 1075.95 0.0975381
0 65 1172.55 1172.64 0.0975376
47 67 1033.21 1033.3 0.0975379
24 64 1093.24 1093.34 0.0975381
37 60 1085.04 1085.13 0.0975369
13 61 1089.9 1090 0.0975378
40 63 1083.84 1083.94 0.0975387
22 61 1105.04 1105.14 0.0975377
39 67 1144.1 1146.4 2.30197
50 67 1086.2 1086.3 0.102662
53 66 1113.65 1113.98 0.328711
47 67 1093.21 1093.3 0.0975379
3 65 1088.77 1088.87 0.0975371
55 0 1158.74 0 -1158.74
5 64 1104.17 1104.27 0.0975368
38 60 1091.7 1091.8 0.0975386
44 63 1103.3 1103.4 0.0975387
18 64 1153.46 1155.76 2.30196
40 63 1113.84 1113.94 0.0975387
56 67 1156.81 1159.11 2.30196
45 63 1095.18 1095.28 0.0975366
6 64 1158.68 1160.98 2.30195
11 65 1150.46 1152.76 2.30195
33 60 1141.33 1143.64 2.30196
7 62 1152.35 1152.45 0.102656
23 0 1158.82 0 -1158.82
42 63 1107.9 1108 0.0975365
4 66 1160.19 1162.5 2.30196
17 61 1142.66 1144.97 2.30195
14 61 1111.07 1111.17 0.0975365
34 0 1159.04 0 -1159.04
20 62 1140.65 1140.75 0.102658
28 60 1143.93 1144.03 0.102658
15 62 1160.92 1161.03 0.102657
31 0 1146.06 0 -1146.06
51 66 1107.28 1107.38 0.0975373
50 67 1116.2 1116.29 0.0975418
2 62 1157.39 1159.7 2.30195
25 0 1144.29 0 -1144.29
27 60 1105.86 1105.95 0.0975381
53 66 1146.19 1146.52 0.328711
36 0 1141.68 0 -1141.68
26 0 1141.99 0 -1141.99
0 65 1142.01 1142.11 0.102658
16 62 1112.66 1112.76 0.0975366
54 66 1112.7 1112.8 0.0975387
13 61 1119.9 1120 0.0975378
59 63 1146.35 1148.65 2.30196
29 60 1167.33 1167.95 0.616451
44 63 1133.3 1133.4 0.0975387
32 67 1157.78 1160.08 2.30196
24 64 1123.24 1123.34 0.0975381
3 65 1118.77 1118.87 0.0975371
35 67 1146.9 1147.23 0.328716
12 61 1155.72 1158.02 2.30195
47 67 1123.21 1123.3 0.0975379
41 63 1144.99 1147.3 2.30196
37 60 1115.04 1115.13 0.0975369
8 62 1149.37 1151.68 2.30195
1 62 1157.09 1157.19 0.102658
58 66 1160.18 1162.48 2.30197
5 64 1134.17 1134.27 0.0975368
46 63 1159.41 1159.51 0.102657
52 0 1158.46 0 -1158.46
19 62 1150.49 1150.59 0.102657
38 60 1121.7 1121.8 0.0975386
49 67 1155.83 1155.94 0.102656
48 67 1156.71 1156.81 0.102657
22 61 1135.04 1135.14 0.0975377
28 60 1154.09 1154.19 0.102658
10 62 1155.21 1157.51 2.30195
21 62 1165.71 1168.01 2.30195
43 63 1154.17 1154.28 0.10266
45 63 1125.18 1125.28 0.0975366
30 60 1155.67 1157.97 2.30195
14 61 1141.07 1141.17 0.0975365
47 67 1153.21 1153.3 0.0975379
38 60 1151.7 1151.8 0.0975386
42 63 1137.9 1138 0.0975365
36 0 1369.57 0 -1369.57
16 62 1142.66 1142.76 0.0975366
51 66 1137.28 1137.38 0.0975373
20 62 1150.81 1150.91 0.102658
9 61 1165.92 1168.22 2.30195
27 60 1135.86 1135.95 0.0975381
40 63 1143.84 1143.94 0.0975387
13 61 1149.9 1150 0.0975378
3 65 1148.77 1148.87 0.0975371
22 61 1165.04 1165.14 0.0975377
51 66 1167.28 1167.38 0.0975373
42 63 1167.9 1168 0.0975365
33 60 1369.23 1369.56 0.328707
20 62 1171.18 1171.28 0.0975376
26 0 1369.89 0 -1369.89
14 61 1171.07 1171.17 0.0975365
16 62 1172.66 1172.76 0.0975366
54 66 1172.7 1172.8 0.0975387
57 65 1172.03 1172.64 0.616455
27 60 1165.86 1165.95 0.0975381
11 65 1378.35 1378.46 0.102656
25 60 1372.18 1374.48 2.30195
8 62 1377.27 1377.37 0.102657
39 60 1371.99 1374.3 2.30196
31 60 1373.95 1376.26 2.30195
28 60 1174.46 1174.56 0.0975376
37 60 1175.04 1175.13 0.0975369
3 65 1178.77 1178.87 0.0975371
50 67 1176.2 1176.29 0.0975418
19 62 1181.02 1181.12 0.0975367
40 63 1173.84 1173.94 0.0975387
35 60 1179.44 1179.77 0.328706
52 66 1386.35 1388.66 2.30196
44 63 1193.3 1193.4 0.0975387
13 61 1179.9 1180 0.0975378
17 61 1370.56 1372.86 2.30195
53 66 1178.73 1179.06 0.328711
59 63 1374.24 1374.86 0.616457
41 63 1372.89 1375.19 2.30196
6 64 1386.57 1386.67 0.102656
47 67 1183.21 1183.3 0.0975379
7 62 1182.88 1182.98 0.0975363
24 64 1183.24 1183.34 0.0975381
46 63 1189.94 1190.04 0.0975372
43 63 1184.71 1184.81 0.10266
18 65 1381.35 1381.46 0.102656
32 60 1385.68 1387.98 2.30196
15 62 1191.46 1191.56 0.097537
2 62 1385.29 1385.39 0.102658
56 67 1384.7 1387.01 2.30196
1 62 1187.62 1187.72 0.097538
45 63 1185.18 1185.28 0.0975366
21 62 1393.61 1393.71 0.102658
48 67 1187.24 1187.34 0.0975372
38 60 1181.7 1181.8 0.0975386
4 61 1388.09 1390.39 2.30195
23 62 1386.71 1389.01 2.30196
27 60 1195.86 1195.95 0.0975381
55 66 1189.28 1189.38 0.0975376
34 60 1386.93 1389.23 2.30195
12 64 1383.62 1385.92 2.30195
22 61 1195.04 1195.14 0.0975377
30 60 1383.56 1383.67 0.102658
10 62 1383.1 1385.4 2.30195
49 67 1186.37 1186.47 0.0975363
58 60 1388.07 1388.69 0.616454
5 64 1194.17 1194.27 0.0975368
29 60 1228.36 1228.98 0.616451
42 63 1197.9 1198 0.0975365
51 66 1197.28 1197.38 0.0975373
9 61 1393.81 1396.11 2.30195
