29 36 0.102799 2.40475 2.30195
28 34 0.315217 2.61717 2.30196
25 33 19.4246 21.7266 2.30196
10 32 19.1378 21.4398 2.30196
18 38 2.13497 4.43693 2.30196
0 36 2.84964 5.15159 2.30195
16 37 2.56221 4.86417 2.30196
19 34 1046.95 1047.05 0.097538
0 36 1022.85 1022.95 0.0975385
11 32 5.92121 8.22317 2.30195
2 30 1043.7 1043.8 0.0975384
21 34 10.1761 12.478 2.30195
14 37 10.085 12.387 2.30195
24 32 11.0477 13.3497 2.30196
7 30 923.201 925.503 2.30195
6 30 9.23977 11.5417 2.30195
29 36 1020.1 1020.21 0.102658
24 32 1151.05 1151.15 0.102661
25 33 930.998 932.312 1.31483
7 30 11.6278 13.9298 2.30195
20 38 15.5849 17.8868 2.30196
17 36 13.5955 15.8975 2.30196
9 31 13.6219 15.9238 2.30195
8 32 13.9613 16.2633 2.30195
13 37 17.766 20.0679 2.30196
5 33 936.579 938.881 2.30195
12 32 936.724 936.826 0.102658
23 0 18.7677 0 -18.7677
27 37 21.7218 24.0238 2.30196
2 30 23.7012 26.0032 2.30195
22 35 23.3962 25.6981 2.30195
24 32 922.621 922.723 0.102661
3 33 27.2025 29.5044 2.30195
5 36 25.006 27.308 2.30196
26 38 24.896 27.198 2.30195
1 30 26.5266 28.8286 2.30195
12 32 25.1508 27.4528 2.30195
19 34 26.9483 29.2503 2.30195
21 34 921.749 921.852 0.102657
16 37 946.677 947.006 0.32871
1 30 938.1 938.202 0.102657
10 32 930.711 931.039 0.328709
0 36 914.423 914.525 0.102659
15 37 28.0884 30.3903 2.30195
4 30 28.9647 31.2667 2.30195
6 30 920.813 920.915 0.102658
23 37 246.661 248.963 2.30196
4 30 256.858 259.16 2.30195
15 37 255.982 258.284 2.30195
13 32 929.339 929.668 0.328713
25 33 247.318 249.62 2.30196
19 34 938.521 938.624 0.102658
10 32 247.031 249.333 2.30196
6 30 1029.24 1029.34 0.0975379
21 34 1030.18 1030.27 0.097537
14 37 921.658 921.761 0.102657
29 36 227.996 230.298 2.30195
28 34 228.208 230.51 2.30196
18 38 230.028 232.33 2.30196
16 37 230.455 232.757 2.30196
0 36 230.743 233.045 2.30195
11 32 233.814 236.116 2.30195
6 30 237.133 239.435 2.30195
14 37 237.978 240.28 2.30195
21 34 238.069 240.371 2.30195
24 32 238.941 241.243 2.30196
7 30 239.521 241.823 2.30195
17 36 241.489 243.791 2.30196
9 31 241.515 243.817 2.30195
8 32 241.855 244.157 2.30195
20 38 243.478 245.78 2.30196
13 37 245.659 247.961 2.30196
16 37 914.135 914.464 0.32871
1 30 254.42 256.722 2.30195
27 37 249.615 251.917 2.30196
2 30 251.594 253.896 2.30195
26 38 252.789 255.091 2.30195
12 32 253.044 255.346 2.30195
22 35 251.289 253.591 2.30195
19 34 254.842 257.144 2.30195
5 33 252.899 255.201 2.30195
18 34 913.708 916.01 2.30196
3 33 255.096 257.398 2.30195
11 32 950.036 950.139 0.102658
13 37 1037.77 1037.87 0.102659
28 34 911.888 911.991 0.10266
4 0 940.538 0 -940.538
11 32 917.494 917.823 0.328706
20 38 927.158 927.487 0.32871
23 37 930.341 932.643 2.30196
14 37 465.871 468.173 2.30195
9 31 469.408 471.71 2.30195
6 30 465.026 467.328 2.30195
19 34 482.735 485.037 2.30195
15 37 483.875 486.177 2.30195
29 36 930.103 930.205 0.102658
8 31 469.748 472.05 2.30195
27 37 477.508 479.81 2.30196
12 32 480.937 483.239 2.30195
22 35 479.183 481.485 2.30195
2 30 935.274 935.377 0.102658
4 30 484.751 487.053 2.30195
26 38 936.469 936.572 0.102657
22 35 934.969 937.271 2.30195
13 37 473.552 475.854 2.30196
1 30 482.313 484.615 2.30195
26 38 708.576 710.878 2.30195
7 30 1161.26 1161.36 0.102658
3 33 482.989 485.291 2.30195
11 32 461.708 464.01 2.30195
21 34 465.963 468.265 2.30195
10 32 474.924 477.226 2.30196
19 34 710.628 712.93 2.30195
21 34 1150.18 1150.27 0.097537
7 30 467.414 469.716 2.30195
17 36 469.382 471.684 2.30196
5 0 480.793 0 -480.793
2 30 479.488 481.79 2.30195
26 38 480.683 482.984 2.30195
29 36 455.889 458.191 2.30195
28 34 456.102 458.404 2.30196
18 0 457.921 0 -457.921
16 37 458.349 460.651 2.30196
0 36 458.636 460.938 2.30195
24 32 1031.05 1031.15 0.102661
20 38 1035.58 1035.76 0.174598
29 36 911.676 911.778 0.102658
24 32 466.834 469.136 2.30196
20 38 471.371 473.673 2.30196
27 37 933.295 935.597 2.30196
25 33 475.211 477.513 2.30196
23 0 474.554 0 -474.554
2 30 1163.7 1163.8 0.0975384
17 36 925.169 925.353 0.184838
10 32 1039.14 1039.24 0.0975414
25 33 1061.16 1062.48 1.31483
16 37 1022.56 1022.74 0.174598
28 34 930.315 930.418 0.10266
3 33 938.775 941.077 2.30195
0 36 932.85 932.952 0.102659
1 33 710.206 712.508 2.30196
29 36 960.103 960.205 0.102658
12 32 708.831 711.133 2.30195
5 33 708.686 710.988 2.30195
11 32 1145.92 1146.02 0.0975379
11 32 1025.92 1026.02 0.102658
4 0 712.644 0 -712.644
15 37 939.661 941.963 2.30195
29 36 683.783 686.084 2.30195
28 34 683.995 686.297 2.30196
18 38 685.815 688.117 2.30196
16 37 686.242 688.544 2.30196
0 33 686.529 688.831 2.30195
11 32 689.601 691.903 2.30195
6 30 692.92 695.221 2.30195
14 37 693.765 696.067 2.30195
21 34 693.856 696.158 2.30195
24 32 694.727 697.029 2.30196
7 0 695.308 0 -695.308
17 34 697.275 699.577 2.30196
9 0 697.302 0 -697.302
8 0 697.641 0 -697.641
20 34 699.265 701.567 2.30196
13 37 701.446 703.748 2.30196
23 37 702.447 704.749 2.30196
10 32 702.818 705.119 2.30196
25 33 703.104 705.406 2.30196
27 31 705.402 707.704 2.30197
22 34 707.076 709.378 2.30196
2 30 707.381 709.683 2.30195
15 37 711.768 714.07 2.30195
8 31 925.534 927.836 2.30195
3 33 710.882 713.184 2.30195
14 37 1150.08 1150.18 0.097537
9 31 925.195 927.497 2.30195
10 32 1159.14 1159.24 0.0975414
20 38 959.7 960.028 0.32871
14 37 1030.08 1030.18 0.097537
20 38 1155.58 1155.68 0.0975424
1 30 1046.53 1046.62 0.0975372
6 30 939.24 939.342 0.102658
24 32 941.048 941.15 0.102661
17 36 1063.6 1063.69 0.0975419
21 34 940.176 940.279 0.102657
14 37 940.085 940.183 0.097537
26 38 1044.9 1044.99 0.0975373
3 33 1197.2 1197.3 0.0975361
15 37 1177.72 1177.82 0.102658
28 34 960.315 960.418 0.10266
19 34 956.948 957.051 0.102658
10 32 963.252 963.437 0.184837
17 36 943.596 943.77 0.174598
6 30 1149.24 1149.34 0.0975379
14 37 970.085 970.183 0.097537
12 32 955.151 955.254 0.102658
13 37 961.881 962.066 0.184835
26 38 954.896 954.999 0.102657
1 30 956.527 956.624 0.0975372
16 37 979.219 979.403 0.184838
11 32 965.921 966.024 0.102658
2 30 953.701 953.804 0.102658
0 33 962.85 962.952 0.102659
21 34 970.176 970.279 0.102657
24 32 971.048 971.15 0.102661
17 36 973.596 973.77 0.174598
6 30 969.24 969.342 0.102658
20 38 992.241 992.426 0.184838
12 32 985.151 985.248 0.0975378
16 37 997.517 997.692 0.174598
6 30 1089.24 1089.34 0.0975379
9 31 1163.25 1163.35 0.102658
2 30 983.701 983.799 0.0975384
13 37 980.179 980.282 0.102659
10 32 981.551 981.725 0.174597
19 34 986.948 987.046 0.097538
26 38 984.896 984.994 0.0975373
29 36 990.103 990.205 0.102658
1 30 986.527 986.624 0.0975372
28 34 1170.32 1170.41 0.0975396
28 34 990.315 990.418 0.10266
16 37 1142.56 1142.66 0.0975423
24 32 1001.05 1001.15 0.102661
0 33 992.85 992.947 0.0975389
14 37 1000.08 1000.18 0.097537
26 38 1014.9 1014.99 0.0975373
21 34 1000.18 1000.28 0.102657
11 32 995.921 996.024 0.102658
6 30 999.24 999.337 0.0975379
12 32 1015.15 1015.25 0.102658
10 32 1009.14 1009.24 0.102661
24 32 1091.05 1091.15 0.102661
1 30 1016.53 1016.62 0.0975372
17 36 1003.6 1003.77 0.174598
2 30 1013.7 1013.8 0.0975384
13 37 1007.77 1007.87 0.102659
20 38 1010.54 1010.71 0.174598
19 34 1016.95 1017.05 0.097538
22 35 1173.03 1173.13 0.102656
17 36 1033.6 1033.7 0.102662
28 34 1020.32 1020.41 0.0975396
12 32 1045.15 1045.25 0.0975378
0 36 1142.85 1142.95 0.0975385
0 36 1052.85 1052.95 0.0975385
11 32 1055.92 1056.02 0.0975379
29 36 1050.1 1050.2 0.0975381
28 34 1050.32 1050.41 0.0975396
29 36 1080.1 1080.2 0.0975381
26 38 1074.9 1074.99 0.0975373
21 34 1060.18 1060.27 0.097537
14 37 1060.08 1060.18 0.097537
24 32 1061.05 1061.15 0.097541
14 37 1180.08 1180.18 0.097537
13 37 1067.77 1067.87 0.102659
16 37 1052.56 1052.74 0.174598
6 30 1059.24 1059.34 0.0975379
13 37 1157.77 1157.86 0.0975394
2 30 1073.7 1073.8 0.0975384
1 30 1076.53 1076.62 0.0975372
14 37 1090.08 1090.18 0.097537
0 36 1082.85 1082.95 0.0975385
19 34 1076.95 1077.05 0.097538
23 37 1158.23 1160.54 2.30196
10 32 1069.14 1069.24 0.0975414
28 34 1080.32 1080.41 0.0975396
20 38 1065.58 1065.76 0.174598
12 32 1075.15 1075.25 0.0975378
21 34 1090.18 1090.27 0.097537
17 36 1153.6 1153.69 0.0975419
26 38 1104.9 1104.99 0.0975373
8 31 1163.59 1163.69 0.102659
13 37 1097.77 1097.87 0.102659
17 36 1093.6 1093.69 0.0975419
24 32 1121.05 1121.15 0.102661
16 37 1082.56 1082.66 0.102662
10 32 1099.14 1099.24 0.0975414
13 37 1187.77 1187.86 0.0975394
11 32 1085.92 1086.02 0.0975379
1 30 1106.53 1106.62 0.0975372
0 36 1112.85 1112.95 0.0975385
19 34 1106.95 1107.05 0.097538
19 34 1166.95 1167.05 0.097538
27 33 1161.19 1163.49 2.30197
28 34 1110.32 1110.41 0.0975396
20 38 1095.58 1095.69 0.102662
2 30 1103.7 1103.8 0.0975384
12 32 1105.15 1105.25 0.0975378
8 31 1153.43 1153.53 0.102659
29 36 1110.1 1110.2 0.0975381
9 31 1153.09 1153.19 0.102658
21 34 1120.18 1120.27 0.097537
4 30 1168.43 1170.73 2.30195
14 37 1120.08 1120.18 0.097537
29 36 1140.1 1140.2 0.0975381
5 33 1164.47 1164.57 0.102657
7 30 1151.09 1151.2 0.102658
18 34 1141.6 1141.93 0.328709
16 37 1112.56 1112.66 0.0975423
15 37 1167.55 1167.66 0.102658
11 32 1115.92 1116.02 0.0975379
22 35 1162.86 1162.97 0.102656
6 30 1119.24 1119.34 0.0975379
10 32 1129.14 1129.24 0.0975414
1 30 1166.53 1166.62 0.0975372
17 36 1123.6 1123.69 0.0975419
1 30 1136.53 1136.62 0.0975372
12 32 1135.15 1135.25 0.0975378
2 30 1133.7 1133.8 0.0975384
28 34 1140.32 1140.41 0.0975396
19 34 1136.95 1137.05 0.097538
26 38 1134.9 1134.99 0.0975373
13 37 1127.77 1127.87 0.102659
20 38 1125.58 1125.68 0.0975424
3 33 1166.67 1166.77 0.102656
26 38 1164.9 1164.99 0.0975373
0 36 1172.85 1172.95 0.0975385
18 34 1174.14 1174.47 0.328709
29 36 1170.1 1170.2 0.0975381
5 33 1174.64 1174.74 0.102657
12 32 1165.15 1165.25 0.0975378
16 37 1172.56 1172.66 0.0975423
20 38 1185.58 1185.68 0.0975424
1 30 1196.53 1196.62 0.0975372
7 30 1181.63 1181.73 0.102658
6 30 1179.24 1179.34 0.0975379
9 31 1183.62 1183.72 0.0975378
11 32 1175.92 1176.02 0.0975379
24 32 1181.05 1181.15 0.097541
21 34 1180.18 1180.27 0.097537
26 38 1194.9 1194.99 0.0975373
8 31 1183.96 1184.06 0.102659
23 37 1386.13 1387.44 1.31483
25 33 1191.33 1191.95 0.616459
4 30 1396.32 1396.43 0.102658
17 36 1183.6 1183.69 0.0975419
5 33 1195.01 1195.1 0.0975368
27 33 1389.08 1391.38 2.30197
2 30 1193.7 1193.8 0.0975384
22 35 1193.4 1193.49 0.0975363
10 32 1189.14 1189.24 0.0975414
15 37 1198.09 1198.19 0.0975382
12 32 1195.15 1195.25 0.0975378
19 34 1196.95 1197.05 0.097538
