33 58 0.44843 2.75038 2.30195
32 70 1.05207 3.35403 2.30196
9 62 987.858 987.96 0.102658
2 0 699.493 0 -699.493
19 54 8.52266 10.8246 2.30195
8 61 1068.92 1069.01 0.0975371
31 58 2.46163 4.76358 2.30195
4 0 691.862 0 -691.862
27 52 1195.28 1195.38 0.0975366
10 0 7.15233 0 -7.15233
46 56 8.68016 10.9821 2.30195
25 51 7.74554 10.0475 2.30195
21 51 6.13311 8.43506 2.30195
28 52 5.73909 8.04104 2.30196
26 0 7.95858 0 -7.95858
38 59 5.40278 7.70473 2.30195
35 59 1063.65 1063.74 0.0975379
0 69 988.443 988.54 0.0975378
40 68 1064.11 1064.21 0.102658
13 50 691.819 694.121 2.30195
38 59 1145.4 1145.5 0.0975368
13 50 8.1391 10.4411 2.30195
11 55 6.36082 8.66278 2.30195
7 55 6.76238 9.06434 2.30195
4 0 8.18231 0 -8.18231
39 0 8.34524 0 -8.34524
23 0 8.38721 0 -8.38721
36 67 7.95474 10.2567 2.30195
17 64 699.419 701.721 2.30195
41 60 1068.79 1068.88 0.0975379
38 59 1175.4 1175.5 0.0975368
30 58 1198.03 1198.13 0.0975371
26 53 691.638 693.94 2.30195
49 57 1043.78 1043.87 0.0975377
2 50 1165.44 1165.54 0.102658
17 64 1155.74 1155.84 0.0975367
30 58 711.711 714.013 2.30195
36 67 691.634 693.936 2.30195
23 58 692.067 694.369 2.30196
49 57 1073.78 1073.87 0.0975377
36 67 1057.95 1058.05 0.0975378
9 62 1047.86 1047.96 0.0975385
27 53 708.963 711.265 2.30196
44 63 9.47449 11.7764 2.30195
17 64 1065.74 1065.84 0.0975367
34 52 1196.82 1196.93 0.102658
35 59 13.6451 15.947 2.30195
45 54 13.7808 16.0828 2.30196
43 65 12.2256 14.5276 2.30195
28 52 1175.74 1175.84 0.0975398
40 68 14.1053 16.4072 2.30195
24 53 698.394 700.696 2.30195
0 69 1078.44 1078.54 0.0975378
14 0 703.799 0 -703.799
2 56 15.8131 18.1151 2.30195
5 61 15.7615 18.0635 2.30195
24 53 14.7145 17.0165 2.30195
25 0 691.425 0 -691.425
17 64 15.7396 18.0416 2.30195
41 60 18.7853 21.0873 2.30195
40 68 974.105 974.208 0.102658
46 56 1148.68 1148.78 0.0975377
49 57 1163.78 1163.87 0.0975377
16 51 978.184 978.281 0.0975373
1 0 703.729 0 -703.729
8 61 18.9154 21.2173 2.30195
6 56 17.8744 20.1763 2.30195
12 50 17.1584 19.4604 2.30195
16 51 18.1835 20.4855 2.30195
10 50 690.832 693.134 2.30195
7 55 690.442 692.744 2.30195
42 57 1046.05 1046.14 0.0975378
32 52 1368.41 1368.74 0.328706
14 51 1387.48 1387.58 0.102657
11 55 690.041 692.343 2.30195
1 50 20.0495 22.3515 2.30195
3 55 20.1302 22.4322 2.30195
14 51 20.1191 22.4211 2.30195
18 53 19.698 22 2.30195
15 54 28.1318 30.4337 2.30195
9 62 27.8578 30.1597 2.30195
30 58 28.0308 30.3328 2.30195
31 58 1172.46 1172.56 0.097537
12 50 1166.79 1166.89 0.102658
39 0 692.025 0 -692.025
21 51 689.813 692.115 2.30195
18 53 703.378 705.68 2.30195
1 50 1190.05 1190.15 0.0975388
44 63 1179.47 1179.57 0.097538
9 62 1197.86 1197.96 0.0975385
8 61 1038.92 1039.01 0.0975371
8 61 1158.92 1159.01 0.0975371
40 68 697.785 700.087 2.30195
47 62 20.4343 22.7363 2.30195
20 64 984.251 984.354 0.102658
18 53 1159.7 1159.8 0.0975363
28 52 1055.74 1055.84 0.10266
22 54 22.3801 24.6821 2.30195
37 66 25.1445 27.4464 2.30195
20 64 24.2514 26.5534 2.30195
27 52 25.2832 27.5852 2.30195
29 52 24.8386 27.1406 2.30195
49 57 23.7765 26.0784 2.30195
42 57 26.0456 28.3475 2.30195
34 53 26.8232 29.1252 2.30196
15 54 1168.13 1168.23 0.0975374
44 68 693.154 695.456 2.30196
20 64 1044.25 1044.35 0.0975377
0 69 28.4426 30.7445 2.30195
35 59 925.218 925.321 0.102658
48 70 29.2453 31.5472 2.30195
6 56 1067.87 1067.97 0.0975375
35 59 697.325 699.627 2.30195
3 63 1387.49 1387.59 0.102659
15 54 1078.13 1078.23 0.0975374
20 64 252.145 254.447 2.30195
14 51 248.012 250.314 2.30195
29 52 252.732 255.034 2.30195
9 62 255.751 258.053 2.30195
37 66 253.038 255.34 2.30195
46 56 692.36 694.662 2.30195
1 56 247.943 250.245 2.30195
3 0 248.023 0 -248.023
29 0 708.518 0 -708.518
18 53 247.591 249.893 2.30195
22 54 250.273 252.575 2.30195
49 57 251.67 253.972 2.30195
34 0 254.716 0 -254.716
1 50 475.836 478.138 2.30195
19 54 692.202 694.504 2.30195
8 61 246.809 249.111 2.30195
47 62 248.328 250.63 2.30195
15 54 256.025 258.327 2.30195
17 64 975.74 975.837 0.0975367
30 58 1078.03 1078.13 0.102657
41 60 246.679 248.981 2.30195
27 52 253.176 255.478 2.30195
42 57 253.939 256.241 2.30195
45 0 469.567 0 -469.567
18 53 475.485 477.786 2.30195
18 53 1069.7 1069.8 0.0975363
48 70 257.139 259.44 2.30195
5 61 471.548 473.85 2.30195
33 0 228.342 0 -228.342
32 0 228.945 0 -228.945
31 58 230.355 232.657 2.30195
38 59 233.296 235.598 2.30195
28 52 233.632 235.934 2.30196
21 51 234.026 236.328 2.30195
11 55 234.254 236.556 2.30195
7 55 234.656 236.958 2.30195
10 0 235.046 0 -235.046
25 51 235.639 237.941 2.30195
36 67 235.848 238.15 2.30195
26 53 235.852 238.154 2.30195
13 50 236.032 238.334 2.30195
4 0 236.076 0 -236.076
39 0 236.238 0 -236.238
23 0 236.28 0 -236.28
19 54 236.416 238.718 2.30195
46 56 236.573 238.875 2.30195
44 63 237.368 239.67 2.30195
43 65 240.119 242.421 2.30195
35 59 241.538 243.84 2.30195
45 54 241.674 243.976 2.30196
40 68 241.999 244.3 2.30195
24 53 242.608 244.91 2.30195
17 64 243.633 245.935 2.30195
5 61 243.655 245.957 2.30195
2 56 243.706 246.008 2.30195
12 50 245.052 247.354 2.30195
6 56 245.768 248.07 2.30195
16 51 246.077 248.379 2.30195
18 53 979.698 979.796 0.0975363
8 61 978.915 979.013 0.0975371
30 58 1048.03 1048.13 0.0975371
28 52 1145.74 1145.84 0.0975398
28 52 689.419 691.721 2.30196
8 69 702.595 704.897 2.30196
6 56 1187.87 1187.97 0.0975375
0 69 712.122 714.424 2.30195
36 67 1177.95 1178.05 0.0975378
19 54 1058.52 1058.62 0.0975365
5 61 1185.76 1185.86 0.0975374
45 0 697.461 0 -697.461
40 68 1154.11 1154.2 0.0975376
22 54 706.06 708.362 2.30195
41 60 930.358 930.461 0.102658
37 66 1195.14 1195.25 0.102657
30 58 988.031 988.128 0.0975371
38 59 689.083 691.384 2.30195
12 62 700.838 703.14 2.30196
6 56 977.874 977.972 0.0975375
47 0 704.114 0 -704.114
31 58 686.141 688.443 2.30195
0 69 256.336 258.638 2.30195
30 58 255.924 258.226 2.30195
49 61 707.456 709.758 2.30195
27 58 936.856 939.158 2.30196
20 64 707.931 710.233 2.30195
4 69 463.969 466.271 2.30196
25 51 463.532 465.834 2.30195
32 0 684.732 0 -684.732
33 0 684.128 0 -684.128
41 60 1188.79 1188.88 0.0975379
43 65 695.905 698.207 2.30195
26 53 1157.59 1157.69 0.102657
42 65 709.725 712.027 2.30196
16 51 701.863 704.165 2.30195
34 52 710.503 712.805 2.30195
3 0 703.81 0 -703.81
18 53 1039.7 1039.8 0.0975363
9 62 939.431 939.533 0.102658
19 54 1148.52 1148.62 0.0975365
5 61 699.441 701.743 2.30195
9 62 711.538 713.839 2.30195
23 53 1375.75 1378.05 2.30195
49 57 1193.78 1193.87 0.0975377
41 60 702.465 704.767 2.30195
16 51 1158.18 1158.28 0.0975373
17 64 471.526 473.828 2.30195
20 64 1074.25 1074.35 0.0975377
4 62 1375.54 1377.84 2.30196
6 56 701.554 703.856 2.30195
16 51 1068.18 1068.28 0.0975373
35 59 1183.65 1183.74 0.0975379
13 50 463.926 466.228 2.30195
27 52 481.07 483.372 2.30195
15 54 711.812 714.113 2.30195
30 58 483.817 486.119 2.30195
37 66 708.824 711.126 2.30195
26 53 463.745 466.047 2.30195
10 0 462.939 0 -462.939
6 56 473.661 475.963 2.30195
2 50 471.6 473.902 2.30195
12 50 472.945 475.247 2.30195
49 57 479.563 481.865 2.30195
15 54 483.918 486.22 2.30195
9 62 483.644 485.946 2.30195
36 67 463.741 466.043 2.30195
19 54 464.309 466.611 2.30195
16 51 473.97 476.272 2.30195
40 68 469.892 472.194 2.30195
34 53 482.61 484.912 2.30196
7 55 462.549 464.851 2.30195
23 0 464.174 0 -464.174
37 66 480.931 483.233 2.30195
35 59 469.432 471.734 2.30195
8 61 474.702 477.004 2.30195
3 63 475.917 478.219 2.30195
11 55 462.147 464.449 2.30195
39 0 464.132 0 -464.132
47 62 476.221 478.523 2.30195
48 70 485.032 487.334 2.30195
0 69 484.229 486.531 2.30195
48 52 712.925 715.227 2.30196
41 60 474.572 476.874 2.30195
24 53 470.501 472.803 2.30195
42 57 1076.05 1076.14 0.0975378
14 0 475.906 0 -475.906
22 54 478.167 480.469 2.30195
41 60 978.785 978.883 0.0975379
33 52 456.235 458.537 2.30195
32 52 456.839 459.141 2.30195
31 58 458.248 460.55 2.30195
38 59 461.189 463.491 2.30195
28 52 461.526 463.828 2.30196
21 54 461.92 464.222 2.30195
15 54 1048.13 1048.23 0.0975374
46 56 1058.68 1058.78 0.0975377
49 57 983.776 983.879 0.102658
20 64 480.038 482.34 2.30195
46 56 464.467 466.769 2.30195
29 52 480.625 482.927 2.30195
44 63 465.261 467.563 2.30195
43 65 468.012 470.314 2.30195
42 57 481.832 484.134 2.30195
38 59 935.403 935.505 0.102657
6 56 1157.87 1157.97 0.0975375
13 50 1058.14 1058.24 0.0975365
24 53 1154.71 1154.81 0.0975374
42 57 986.046 986.148 0.102658
0 69 1048.44 1048.54 0.0975378
43 65 1152.23 1152.32 0.0975364
48 70 1062.87 1063.49 0.61645
44 63 1059.47 1059.57 0.097538
13 50 1178.14 1178.24 0.0975365
24 53 1064.71 1064.81 0.0975374
19 54 1178.52 1178.62 0.0975365
31 58 1052.46 1052.56 0.097537
15 54 988.132 988.229 0.0975374
17 64 1185.74 1185.84 0.0975367
18 53 1189.7 1189.8 0.0975363
43 65 1062.23 1062.32 0.0975364
36 67 937.955 938.057 0.102658
19 54 938.523 938.62 0.0975365
40 68 925.678 925.781 0.102658
6 56 947.874 947.977 0.102658
3 63 931.703 934.005 2.30195
28 52 935.739 935.842 0.10266
36 67 1147.95 1148.05 0.0975378
14 51 931.692 933.994 2.30195
42 57 937.619 937.721 0.102658
45 56 925.354 927.656 2.30196
8 61 930.488 930.591 0.102657
15 54 939.705 939.807 0.102657
43 65 923.799 923.901 0.102656
1 55 931.623 933.924 2.30195
12 50 928.731 931.033 2.30195
6 56 929.447 929.55 0.102658
48 70 940.818 941.435 0.61645
18 53 931.271 931.374 0.102656
47 62 932.007 934.309 2.30195
20 64 935.824 935.927 0.102658
30 58 939.604 939.706 0.102657
31 58 932.462 932.564 0.102657
33 52 912.021 914.323 2.30195
32 52 912.625 914.927 2.30195
31 58 914.035 914.137 0.102657
38 59 916.976 917.078 0.102657
28 52 917.312 917.415 0.10266
21 51 917.706 920.008 2.30195
11 55 917.934 920.236 2.30195
7 55 918.335 920.637 2.30195
10 50 918.725 921.027 2.30195
25 0 919.319 0 -919.319
36 67 919.528 919.63 0.102658
26 53 919.532 921.834 2.30195
13 50 919.712 919.815 0.102656
4 50 919.755 922.057 2.30195
39 60 919.918 922.22 2.30195
23 52 919.96 922.262 2.30196
19 54 920.096 920.198 0.102656
46 56 920.253 920.356 0.102658
44 63 921.047 921.15 0.102658
22 54 933.953 936.255 2.30195
24 53 926.288 926.39 0.102657
16 51 929.757 929.859 0.102657
17 64 927.313 927.415 0.102657
5 61 927.334 929.636 2.30195
2 56 927.386 929.688 2.30195
49 57 935.349 935.452 0.102658
29 58 936.412 938.714 2.30196
0 69 940.016 940.118 0.102658
37 66 936.717 939.019 2.30195
34 52 938.396 940.698 2.30195
9 62 1077.86 1077.96 0.0975385
15 54 1198.13 1198.23 0.0975374
13 50 938.139 938.237 0.0975365
44 63 939.474 939.577 0.102658
24 53 944.715 944.817 0.102657
46 56 938.68 938.778 0.0975377
43 65 942.226 942.328 0.102656
40 68 944.105 944.208 0.102658
35 59 943.645 943.748 0.102658
16 51 948.184 948.286 0.102657
8 61 948.915 949.018 0.102657
20 64 954.251 954.354 0.102658
41 60 948.785 948.888 0.102658
17 64 945.74 945.837 0.0975367
49 57 953.776 953.879 0.102658
46 56 1028.68 1028.78 0.0975377
18 53 949.698 949.796 0.0975363
0 69 958.443 958.545 0.102658
28 52 965.739 965.842 0.10266
30 58 958.031 958.128 0.0975371
15 54 958.132 958.234 0.102657
13 50 968.139 968.237 0.0975365
42 57 956.046 956.148 0.102658
13 50 1148.14 1148.24 0.0975365
9 62 957.858 957.96 0.102658
46 56 968.68 968.778 0.0975377
31 58 962.462 962.559 0.097537
24 53 974.715 974.812 0.0975374
36 67 967.955 968.052 0.0975378
38 59 965.403 965.5 0.0975368
19 54 968.523 968.62 0.0975365
19 54 1028.52 1028.62 0.0975365
44 63 969.474 969.577 0.102658
43 65 972.226 972.323 0.0975364
35 59 973.645 973.743 0.0975379
38 59 995.403 995.5 0.0975368
46 56 998.68 998.778 0.0975377
36 67 997.955 998.052 0.0975378
28 52 995.739 995.837 0.0975398
19 54 998.523 998.62 0.0975365
13 50 998.139 998.237 0.0975365
48 70 1001.85 1002.46 0.61645
31 58 992.462 992.559 0.097537
35 59 1153.65 1153.74 0.0975379
44 62 1149.47 1149.57 0.0975401
38 59 1055.4 1055.5 0.0975368
43 65 1002.23 1002.32 0.0975364
44 63 999.474 999.577 0.102658
40 68 1004.11 1004.21 0.102658
20 64 1014.25 1014.35 0.0975377
24 53 1004.71 1004.81 0.0975374
41 60 1008.79 1008.88 0.0975379
8 61 1008.92 1009.01 0.0975371
16 51 1008.18 1008.28 0.0975373
6 56 1007.87 1007.97 0.0975375
35 59 1003.65 1003.74 0.0975379
17 64 1005.74 1005.84 0.0975367
30 58 1018.03 1018.13 0.0975371
49 57 1013.78 1013.88 0.102658
19 54 1118.52 1118.62 0.0975365
0 69 1018.44 1018.54 0.0975378
18 53 1009.7 1009.8 0.0975363
42 57 1016.05 1016.15 0.102658
35 59 1033.65 1033.74 0.0975379
15 54 1018.13 1018.23 0.0975374
9 62 1017.86 1017.96 0.0975385
13 50 1028.14 1028.24 0.0975365
36 67 1027.95 1028.05 0.0975378
40 68 1124.11 1124.2 0.0975376
28 52 1025.74 1025.84 0.0975398
31 58 1022.46 1022.56 0.097537
38 59 1025.4 1025.5 0.0975368
6 56 1037.87 1037.97 0.0975375
41 60 1038.79 1038.88 0.0975379
43 65 1032.23 1032.32 0.0975364
40 68 1034.11 1034.21 0.102658
24 53 1034.71 1034.81 0.0975374
44 63 1029.47 1029.57 0.097538
16 51 1038.18 1038.28 0.0975373
43 65 1182.23 1182.32 0.0975364
17 64 1035.74 1035.84 0.0975367
5 61 1165.39 1165.49 0.102657
31 58 1082.46 1082.56 0.097537
13 50 1088.14 1088.24 0.0975365
28 52 1085.74 1085.84 0.10266
21 51 1155.76 1155.86 0.102658
19 54 1088.52 1088.62 0.0975365
46 56 1088.68 1088.78 0.0975377
38 59 1085.4 1085.5 0.0975368
36 67 1087.95 1088.05 0.0975378
35 59 1093.65 1093.74 0.0975379
24 53 1184.71 1184.81 0.0975374
42 57 1166.05 1166.14 0.0975378
39 60 1375.7 1378.01 2.30195
16 51 1188.18 1188.28 0.0975373
40 68 1094.11 1094.2 0.0975376
8 61 1098.92 1099.01 0.0975371
24 53 1094.71 1094.81 0.0975374
43 65 1092.23 1092.32 0.0975364
13 50 1118.14 1118.24 0.0975365
44 63 1089.47 1089.57 0.097538
7 55 1374.12 1374.22 0.102658
40 68 1184.11 1184.2 0.0975376
33 52 1367.81 1367.99 0.184834
12 50 1187.16 1187.26 0.0975377
33 52 1139.91 1142.22 2.30195
30 58 1108.03 1108.13 0.102657
16 51 1098.18 1098.28 0.0975373
41 60 1098.79 1098.88 0.0975379
36 67 1117.95 1118.05 0.0975378
49 57 1103.78 1103.87 0.0975377
6 56 1097.87 1097.97 0.0975375
18 53 1099.7 1099.8 0.0975363
23 52 1147.85 1150.16 2.30196
15 54 1108.13 1108.23 0.0975374
20 64 1104.25 1104.35 0.0975377
7 55 1146.23 1148.53 2.30195
42 57 1106.05 1106.14 0.0975378
38 59 1115.4 1115.5 0.0975368
17 64 1095.74 1095.84 0.0975367
21 51 1176.13 1176.23 0.097538
26 53 1177.96 1178.06 0.0975372
41 60 1158.79 1158.88 0.0975379
20 64 1194.25 1194.35 0.0975377
22 54 1192.38 1192.55 0.174593
43 65 1122.23 1122.32 0.0975364
21 51 1145.6 1145.7 0.102658
34 52 1166.29 1166.39 0.102658
46 56 1118.68 1118.78 0.0975377
10 56 1146.62 1148.92 2.30196
29 52 1174.47 1174.57 0.102657
26 53 1147.42 1147.53 0.102657
39 60 1147.81 1150.11 2.30195
11 55 1145.83 1148.13 2.30195
9 62 1107.86 1107.96 0.0975385
32 52 1140.52 1142.82 2.30195
0 69 1108.44 1108.54 0.0975378
4 50 1147.65 1149.95 2.30195
28 52 1115.74 1115.84 0.10266
31 58 1112.46 1112.56 0.097537
25 51 1147.21 1149.51 2.30195
48 70 1123.9 1124.52 0.61645
16 51 1128.18 1128.28 0.0975373
35 59 1123.65 1123.74 0.0975379
45 54 1153.25 1155.55 2.30196
20 64 1134.25 1134.35 0.0975377
24 53 1124.71 1124.81 0.0975374
1 50 1159.52 1159.62 0.102659
42 57 1136.05 1136.14 0.0975378
41 60 1128.79 1128.88 0.0975379
22 54 1161.85 1162.03 0.184833
44 63 1119.47 1119.57 0.097538
31 58 1142.46 1142.56 0.097537
8 61 1128.92 1129.01 0.0975371
29 52 1164.3 1164.41 0.102657
30 58 1138.03 1138.13 0.0975371
49 57 1133.78 1133.87 0.0975377
25 51 1375.11 1375.21 0.102657
0 69 1138.44 1138.54 0.0975378
6 56 1127.87 1127.97 0.0975375
15 54 1138.13 1138.23 0.0975374
47 62 1159.9 1160 0.102657
17 64 1125.74 1125.84 0.0975367
3 63 1159.6 1161.9 2.30195
14 51 1159.59 1161.89 2.30195
18 53 1129.7 1129.8 0.0975363
2 50 1155.28 1155.38 0.102658
5 61 1155.23 1155.33 0.102657
12 50 1156.62 1156.73 0.102658
37 66 1164.61 1164.71 0.102657
27 52 1164.75 1164.85 0.102657
9 62 1137.86 1137.96 0.0975385
20 64 1164.25 1164.35 0.0975377
11 50 1373.72 1376.02 2.30196
1 50 1169.68 1169.78 0.102659
42 57 1196.05 1196.14 0.0975378
8 61 1188.92 1189.01 0.0975371
48 70 1245.96 1246.58 0.61645
2 50 1185.81 1185.91 0.0975381
46 56 1178.68 1178.78 0.0975377
34 52 1176.45 1176.56 0.102658
0 69 1168.44 1168.54 0.0975378
0 69 1198.44 1198.54 0.0975378
29 52 1194.84 1194.94 0.102657
30 58 1168.03 1168.13 0.0975371
48 70 1184.93 1185.55 0.61645
45 54 1381.14 1383.44 2.30196
37 66 1174.77 1174.88 0.102657
27 52 1174.91 1175.02 0.102657
47 62 1190.43 1190.53 0.0975372
10 50 1374.51 1376.81 2.30195
9 62 1167.86 1167.96 0.0975385
