55 0 0.179521 0 -0.179521
7 0 0.581574 0 -0.581574
45 0 11.9095 0 -11.9095
32 0 12.303 0 -12.303
29 0 11.001 0 -11.001
47 0 477.549 0 -477.549
14 0 1.02636 0 -1.02636
20 0 1.12766 0 -1.12766
2 0 1.49549 0 -1.49549
13 0 1.64262 0 -1.64262
5 0 2.24929 0 -2.24929
31 0 2.39475 0 -2.39475
16 0 2.54444 0 -2.54444
48 0 3.44843 0 -3.44843
28 0 5.56953 0 -5.56953
30 0 6.36877 0 -6.36877
59 0 6.58038 0 -6.58038
21 60 6.84397 9.14592 2.30195
38 0 7.28098 0 -7.28098
37 0 7.42559 0 -7.42559
12 60 7.72275 10.0247 2.30196
6 60 7.93907 10.241 2.30196
46 0 8.63923 0 -8.63923
27 60 10.3844 12.6864 2.30195
53 60 10.44 12.742 2.30196
9 60 10.9538 13.2557 2.30196
51 0 13.0525 0 -13.0525
41 0 13.1132 0 -13.1132
44 0 13.1549 0 -13.1549
8 0 13.3898 0 -13.3898
36 0 13.857 0 -13.857
0 60 14.174 16.4759 2.30195
56 0 15.2867 0 -15.2867
54 0 15.6268 0 -15.6268
17 60 16.1022 18.4041 2.30195
19 60 17.0638 19.3658 2.30196
52 60 18.1682 20.4702 2.30196
22 60 18.7344 21.0364 2.30195
33 0 18.7438 0 -18.7438
39 0 18.78 0 -18.78
25 0 20.2638 0 -20.2638
40 0 20.6341 0 -20.6341
57 0 20.9844 0 -20.9844
23 0 21.1169 0 -21.1169
18 0 21.2118 0 -21.2118
34 60 21.3303 23.6323 2.30196
35 0 21.4574 0 -21.4574
42 0 21.4741 0 -21.4741
47 0 21.7626 0 -21.7626
49 0 23.483 0 -23.483
58 0 23.7272 0 -23.7272
26 60 24.5914 26.8934 2.30195
50 0 25.4915 0 -25.4915
1 0 25.9849 0 -25.9849
4 0 26.3482 0 -26.3482
3 0 26.6509 0 -26.6509
10 60 26.7959 29.0978 2.30195
24 0 27.0152 0 -27.0152
15 0 27.0463 0 -27.0463
11 0 27.4738 0 -27.4738
43 0 28.4167 0 -28.4167
33 0 246.637 0 -246.637
23 0 249.01 0 -249.01
40 0 248.527 0 -248.527
58 60 251.62 253.922 2.30196
4 0 254.241 0 -254.241
50 0 253.385 0 -253.385
1 0 253.878 0 -253.878
10 60 254.689 256.991 2.30195
38 0 463.067 0 -463.067
0 60 469.96 472.262 2.30195
1 0 709.665 0 -709.665
4 0 710.028 0 -710.028
10 60 482.582 484.884 2.30195
34 0 249.224 0 -249.224
22 60 246.628 248.93 2.30195
57 0 248.878 0 -248.878
35 0 249.351 0 -249.351
49 0 251.376 0 -251.376
26 60 252.485 254.787 2.30195
15 0 254.94 0 -254.94
3 0 254.544 0 -254.544
41 0 468.9 0 -468.9
18 0 476.998 0 -476.998
57 0 476.771 0 -476.771
21 60 462.63 464.932 2.30195
21 60 1026.84 1026.94 0.0975384
18 0 249.105 0 -249.105
25 0 248.157 0 -248.157
24 0 254.908 0 -254.908
11 0 255.367 0 -255.367
12 60 463.509 465.811 2.30196
51 0 468.839 0 -468.839
36 0 469.644 0 -469.644
12 60 997.723 997.82 0.0975391
57 0 932.557 0 -932.557
42 0 477.261 0 -477.261
8 60 469.176 471.478 2.30196
10 60 1394.16 1396.46 2.30195
58 0 479.514 0 -479.514
39 0 246.673 0 -246.673
47 0 249.656 0 -249.656
43 0 256.31 0 -256.31
9 0 466.74 0 -466.74
6 0 463.726 0 -463.726
11 60 483.26 485.562 2.30195
22 60 474.521 476.823 2.30195
46 0 464.426 0 -464.426
52 0 246.061 0 -246.061
42 0 249.367 0 -249.367
37 0 463.212 0 -463.212
32 0 468.089 0 -468.089
15 0 482.833 0 -482.833
59 0 1373.94 0 -1373.94
41 0 1380.47 0 -1380.47
26 60 708.271 710.573 2.30195
34 60 477.117 479.419 2.30196
43 0 712.096 0 -712.096
24 0 482.802 0 -482.802
35 0 1388.82 0 -1388.82
57 0 1388.34 0 -1388.34
53 0 466.226 0 -466.226
55 0 228.073 0 -228.073
7 0 228.475 0 -228.475
14 0 228.92 0 -228.92
20 0 229.021 0 -229.021
2 0 229.389 0 -229.389
13 0 229.536 0 -229.536
5 0 230.143 0 -230.143
31 0 230.288 0 -230.288
16 0 230.438 0 -230.438
48 0 231.342 0 -231.342
28 0 233.463 0 -233.463
30 0 234.262 0 -234.262
59 0 234.474 0 -234.474
21 60 234.737 237.039 2.30195
38 0 235.174 0 -235.174
37 0 235.319 0 -235.319
12 60 235.616 237.918 2.30196
6 60 235.832 238.134 2.30196
46 0 236.532 0 -236.532
27 60 238.278 240.58 2.30195
53 60 238.333 240.635 2.30196
9 60 238.847 241.149 2.30196
29 0 238.894 0 -238.894
45 0 239.803 0 -239.803
32 0 240.196 0 -240.196
51 0 240.946 0 -240.946
41 0 241.006 0 -241.006
44 0 241.048 0 -241.048
8 0 241.283 0 -241.283
36 0 241.75 0 -241.75
0 60 242.067 244.369 2.30195
56 0 243.18 0 -243.18
54 0 243.52 0 -243.52
17 60 243.995 246.297 2.30195
19 60 244.957 247.259 2.30196
44 0 468.941 0 -468.941
33 60 474.53 476.832 2.30196
40 0 476.421 0 -476.421
12 60 1147.72 1147.82 0.0975391
23 0 476.903 0 -476.903
35 0 477.244 0 -477.244
56 60 1382.65 1384.95 2.30197
35 0 933.03 0 -933.03
48 0 1370.81 0 -1370.81
34 0 932.903 0 -932.903
41 0 924.686 0 -924.686
3 0 710.331 0 -710.331
29 0 466.787 0 -466.787
45 0 467.696 0 -467.696
32 60 923.876 926.178 2.30197
39 0 474.566 0 -474.566
25 0 476.05 0 -476.05
25 0 931.837 0 -931.837
56 0 926.86 0 -926.86
24 0 710.695 0 -710.695
3 0 1394.01 0 -1394.01
50 0 709.171 0 -709.171
47 60 933.336 935.638 2.30196
59 0 462.367 0 -462.367
40 0 1387.99 0 -1387.99
54 0 471.413 0 -471.413
17 60 471.889 474.191 2.30195
50 0 481.278 0 -481.278
1 0 481.771 0 -481.771
0 0 925.747 0 -925.747
43 0 484.203 0 -484.203
51 0 924.626 0 -924.626
30 0 462.155 0 -462.155
58 0 935.3 0 -935.3
56 0 471.073 0 -471.073
31 0 1369.75 0 -1369.75
47 0 1389.12 0 -1389.12
19 60 472.85 475.152 2.30196
3 0 482.437 0 -482.437
12 60 937.723 937.825 0.102659
49 0 479.269 0 -479.269
26 60 480.378 482.68 2.30195
22 60 930.307 930.41 0.102658
11 0 711.154 0 -711.154
27 0 466.171 0 -466.171
10 60 710.476 712.778 2.30195
52 0 473.955 0 -473.955
18 0 932.785 0 -932.785
4 0 482.135 0 -482.135
15 0 710.726 0 -710.726
55 0 455.966 0 -455.966
7 60 456.368 458.67 2.30195
14 0 456.813 0 -456.813
20 0 456.914 0 -456.914
2 0 457.282 0 -457.282
13 0 457.429 0 -457.429
5 0 458.036 0 -458.036
31 0 458.181 0 -458.181
16 0 458.331 0 -458.331
48 0 459.235 0 -459.235
28 0 461.356 0 -461.356
37 0 1374.79 0 -1374.79
22 60 1038.73 1038.83 0.0975379
1 0 937.558 0 -937.558
15 0 938.619 0 -938.619
24 0 938.588 0 -938.588
5 0 1369.61 0 -1369.61
21 60 1146.84 1146.94 0.0975384
36 0 925.43 0 -925.43
54 0 927.2 0 -927.2
21 60 936.844 936.942 0.0975384
1 60 1393.34 1395.65 2.30196
50 0 937.064 0 -937.064
43 0 939.99 0 -939.99
13 0 1369 0 -1369
58 0 1391.09 0 -1391.09
11 0 939.047 0 -939.047
16 0 1369.9 0 -1369.9
43 0 1395.78 0 -1395.78
49 0 935.056 0 -935.056
8 0 924.963 0 -924.963
55 0 683.859 0 -683.859
7 0 684.261 0 -684.261
14 0 684.706 0 -684.706
20 0 684.807 0 -684.807
2 0 685.175 0 -685.175
13 0 685.322 0 -685.322
5 60 685.929 688.231 2.30195
31 0 686.074 0 -686.074
16 0 686.224 0 -686.224
48 0 687.128 0 -687.128
28 0 689.249 0 -689.249
30 0 690.049 0 -690.049
59 0 690.26 0 -690.26
21 60 690.524 692.826 2.30195
38 0 690.961 0 -690.961
37 0 691.105 0 -691.105
12 60 691.402 693.704 2.30196
6 0 691.619 0 -691.619
46 0 692.319 0 -692.319
27 0 694.064 0 -694.064
53 0 694.12 0 -694.12
9 0 694.634 0 -694.634
29 0 694.681 0 -694.681
45 0 695.589 0 -695.589
32 0 695.983 0 -695.983
51 0 696.732 0 -696.732
41 0 696.793 0 -696.793
44 0 696.835 0 -696.835
8 60 697.07 699.372 2.30196
36 0 697.537 0 -697.537
0 0 697.854 0 -697.854
56 0 698.966 0 -698.966
54 0 699.307 0 -699.307
17 60 699.782 702.084 2.30195
19 0 700.744 0 -700.744
52 0 701.848 0 -701.848
22 60 702.414 704.716 2.30195
33 0 702.424 0 -702.424
39 0 702.46 0 -702.46
25 0 703.944 0 -703.944
40 0 704.314 0 -704.314
57 0 704.664 0 -704.664
23 0 704.797 0 -704.797
18 0 704.892 0 -704.892
34 0 705.01 0 -705.01
35 0 705.137 0 -705.137
42 0 705.154 0 -705.154
47 0 705.442 0 -705.442
49 0 707.163 0 -707.163
58 0 707.407 0 -707.407
33 0 1386.1 0 -1386.1
22 60 948.734 948.832 0.0975379
44 0 924.728 0 -924.728
19 0 928.637 0 -928.637
42 0 933.047 0 -933.047
21 60 1176.84 1176.94 0.0975384
22 60 1008.73 1008.83 0.0975379
34 0 1388.69 0 -1388.69
21 60 996.844 996.942 0.0975384
45 0 1379.27 0 -1379.27
53 0 1377.8 0 -1377.8
11 0 1394.83 0 -1394.83
8 0 1380.75 0 -1380.75
45 0 923.482 0 -923.482
17 60 1186.1 1186.2 0.0975375
22 60 1158.73 1158.83 0.0975379
12 60 1177.72 1177.82 0.0975391
52 0 929.741 0 -929.741
33 0 930.317 0 -930.317
26 60 936.164 938.466 2.30195
6 60 1375.3 1377.6 2.30196
4 0 937.921 0 -937.921
21 60 966.844 966.942 0.0975384
26 60 1194.59 1194.69 0.0975381
22 60 978.734 978.832 0.0975379
25 0 1387.62 0 -1387.62
50 0 1392.85 0 -1392.85
18 0 1388.57 0 -1388.57
17 60 927.675 929.977 2.30195
12 60 1027.72 1027.82 0.0975391
39 0 930.353 0 -930.353
40 0 932.207 0 -932.207
23 60 932.69 934.992 2.30196
19 60 1384.42 1384.53 0.10266
10 0 938.369 0 -938.369
3 0 938.224 0 -938.224
51 0 1380.41 0 -1380.41
12 60 967.723 967.82 0.0975391
55 0 911.753 0 -911.753
7 0 912.155 0 -912.155
14 0 912.599 0 -912.599
20 0 912.701 0 -912.701
2 60 913.068 915.37 2.30195
13 0 913.216 0 -913.216
5 60 913.822 916.124 2.30195
31 0 913.968 0 -913.968
16 0 914.117 0 -914.117
48 0 915.021 0 -915.021
28 60 917.143 919.444 2.30197
30 0 917.942 0 -917.942
59 0 918.153 0 -918.153
21 60 918.417 918.52 0.102658
38 0 918.854 0 -918.854
37 0 918.999 0 -918.999
12 60 919.296 919.398 0.102659
6 0 919.512 0 -919.512
46 0 920.212 0 -920.212
27 60 921.957 924.259 2.30195
53 0 922.013 0 -922.013
9 0 922.527 0 -922.527
29 60 922.574 924.876 2.30197
46 60 1376 1378.3 2.30196
21 60 1056.84 1056.94 0.0975384
12 60 1057.72 1057.82 0.0975391
15 0 1394.41 0 -1394.41
22 60 1068.73 1068.83 0.0975379
23 0 1388.48 0 -1388.48
9 0 1378.31 0 -1378.31
28 0 1372.93 0 -1372.93
0 60 1381.53 1383.84 2.30195
4 0 1393.71 0 -1393.71
22 60 1188.73 1188.83 0.0975379
54 0 1382.99 0 -1382.99
55 0 1367.54 0 -1367.54
7 0 1367.94 0 -1367.94
20 60 1368.49 1370.79 2.30195
36 0 1381.22 0 -1381.22
49 0 1390.84 0 -1390.84
21 60 1086.84 1086.94 0.0975384
12 60 1087.72 1087.82 0.0975391
22 60 1098.73 1098.83 0.0975379
24 0 1394.37 0 -1394.37
20 0 1140.59 0 -1140.59
29 0 1378.36 0 -1378.36
32 0 1379.66 0 -1379.66
39 60 1386.14 1388.44 2.30197
38 0 1374.64 0 -1374.64
27 60 1377.74 1377.85 0.102659
30 0 1373.73 0 -1373.73
14 0 1368.39 0 -1368.39
2 0 1368.85 0 -1368.85
55 0 1139.65 0 -1139.65
7 0 1140.05 0 -1140.05
14 60 1140.49 1142.79 2.30195
42 0 1388.83 0 -1388.83
44 0 1380.51 0 -1380.51
52 0 1385.53 0 -1385.53
2 60 1140.96 1143.26 2.30195
13 0 1141.11 0 -1141.11
5 0 1141.72 0 -1141.72
31 0 1141.86 0 -1141.86
16 0 1142.01 0 -1142.01
48 0 1142.91 0 -1142.91
28 60 1145.04 1147.34 2.30197
30 0 1145.84 0 -1145.84
59 0 1146.05 0 -1146.05
21 60 1116.84 1116.94 0.0975384
37 0 1146.89 0 -1146.89
38 0 1146.75 0 -1146.75
12 60 1117.72 1117.82 0.0975391
45 0 1151.38 0 -1151.38
6 60 1147.41 1149.71 2.30196
46 60 1148.11 1150.41 2.30196
57 0 1160.45 0 -1160.45
53 60 1149.91 1152.21 2.30196
41 0 1152.58 0 -1152.58
36 0 1153.32 0 -1153.32
27 60 1149.85 1152.15 2.30195
56 60 1154.75 1157.05 2.30197
54 0 1155.09 0 -1155.09
32 0 1151.77 0 -1151.77
19 60 1156.53 1158.83 2.30196
44 0 1152.62 0 -1152.62
8 0 1152.86 0 -1152.86
0 0 1153.64 0 -1153.64
39 0 1158.25 0 -1158.25
25 0 1159.73 0 -1159.73
17 60 1155.57 1155.67 0.102657
52 60 1157.63 1159.94 2.30196
22 60 1128.73 1128.83 0.0975379
42 0 1160.94 0 -1160.94
33 60 1158.21 1160.51 2.30196
9 0 1150.42 0 -1150.42
29 0 1150.47 0 -1150.47
51 0 1152.52 0 -1152.52
18 0 1160.68 0 -1160.68
40 0 1160.1 0 -1160.1
1 0 1165.45 0 -1165.45
23 0 1160.58 0 -1160.58
3 0 1166.12 0 -1166.12
47 0 1161.23 0 -1161.23
49 60 1162.95 1165.25 2.30197
58 60 1163.19 1165.5 2.30196
26 60 1164.06 1164.16 0.102658
50 0 1164.96 0 -1164.96
4 0 1165.81 0 -1165.81
10 60 1166.26 1168.56 2.30195
24 0 1166.48 0 -1166.48
15 0 1166.51 0 -1166.51
11 0 1166.94 0 -1166.94
43 0 1167.88 0 -1167.88
34 0 1160.8 0 -1160.8
35 0 1160.92 0 -1160.92
