1 50 1.16334 3.46529 2.30195
8 51 1.6329 3.93485 2.30195
5 52 9.97043 12.2724 2.30195
45 71 947.88 947.982 0.102659
44 69 1.66754 3.96949 2.30195
12 64 1153.11 1153.21 0.0975382
11 53 1.71422 4.01617 2.30195
42 68 944.159 944.262 0.102658
25 65 948.176 948.278 0.102657
10 63 2.5497 4.85166 2.30195
41 59 1079.83 1079.93 0.0975367
29 60 2.88522 5.18717 2.30195
32 61 1179.07 1179.18 0.102656
23 54 920.426 920.529 0.102658
40 59 1074.89 1074.99 0.0975366
34 56 3.31326 5.61522 2.30196
39 58 930.382 930.484 0.102658
30 57 4.5881 6.89006 2.30196
43 58 4.57146 6.87341 2.30195
27 54 1183.35 1183.46 0.102658
7 52 1090.47 1090.57 0.0975372
2 52 5.02505 7.327 2.30195
16 53 5.86033 8.16228 2.30195
28 54 6.05787 8.35983 2.30195
7 52 10.4714 12.7734 2.30195
33 61 920.38 920.482 0.102657
34 56 993.313 993.416 0.10266
23 54 8.85324 11.1552 2.30195
33 61 8.80654 11.1085 2.30195
33 61 998.807 998.909 0.102657
19 62 13.9962 16.2981 2.30195
18 55 12.459 14.7609 2.30195
37 56 13.2082 15.5101 2.30195
26 70 13.4007 15.7027 2.30195
12 64 13.1118 15.4138 2.30195
27 54 13.3545 15.6564 2.30195
44 69 913.241 913.343 0.102657
42 68 14.1593 16.4612 2.30195
8 51 1081.63 1081.73 0.0975381
46 58 935.735 938.037 2.30196
31 57 1167.6 1167.7 0.097537
12 64 924.685 924.787 0.102658
25 65 18.1758 20.4778 2.30195
24 60 17.1986 19.5006 2.30195
47 60 16.5695 18.8715 2.30196
48 50 17.5368 19.8387 2.30195
39 58 18.8088 21.1108 2.30195
45 71 17.8797 20.1817 2.30195
48 50 1157.54 1157.63 0.0975365
21 62 933.047 935.349 2.30196
6 52 935.44 937.742 2.30196
13 51 1168.59 1168.69 0.097537
10 63 1152.18 1152.28 0.102658
47 60 1006.57 1006.74 0.174597
42 68 1154.16 1154.26 0.097538
14 51 19.5702 21.8722 2.30195
8 51 1171.63 1171.73 0.0975381
47 60 1156.57 1156.74 0.174597
16 53 995.86 995.963 0.102657
21 55 21.4738 23.7758 2.30195
4 50 20.3036 22.6056 2.30195
16 53 1145.86 1145.96 0.0975373
48 50 947.537 947.639 0.102657
38 61 22.3696 24.6716 2.30196
22 62 21.9568 24.2587 2.30195
16 53 917.433 917.536 0.102657
29 60 914.458 914.561 0.102658
13 51 988.591 988.689 0.097537
15 51 23.028 25.3299 2.30195
46 58 24.1623 26.4643 2.30196
5 52 921.543 921.646 0.102658
6 50 23.8675 26.1695 2.30195
17 53 26.614 28.916 2.30195
49 0 26.7641 0 -26.7641
3 66 24.5818 26.8838 2.30195
0 67 25.0226 27.3245 2.30195
40 59 24.8889 27.1908 2.30195
24 60 1187.2 1187.3 0.0975382
9 63 26.0722 28.3742 2.30195
36 56 26.73 29.0319 2.30195
37 56 1003.21 1003.31 0.0975379
24 60 947.199 947.301 0.102658
6 50 1173.5 1173.6 0.102659
0 67 985.023 985.12 0.0975365
17 53 1176.24 1176.35 0.102657
41 58 713.509 715.811 2.30196
44 69 1171.67 1171.77 0.0975374
7 52 1150.47 1150.57 0.0975372
13 51 28.5911 30.8931 2.30195
31 57 27.5983 29.9002 2.30195
35 56 27.7364 30.0383 2.30196
32 61 29.4439 31.7459 2.30195
41 59 29.8289 32.1308 2.30195
20 62 28.9321 31.234 2.30196
22 62 1071.96 1072.05 0.0975372
44 69 991.668 991.765 0.0975374
2 52 1145.03 1145.12 0.0975372
14 51 247.463 249.765 2.30195
4 50 248.197 250.499 2.30195
13 51 256.484 258.786 2.30195
49 0 254.657 0 -254.657
6 50 251.761 254.063 2.30195
21 55 249.367 251.669 2.30195
15 51 250.921 253.223 2.30195
18 55 942.459 942.562 0.102658
22 62 249.85 252.152 2.30195
42 68 925.732 925.835 0.102658
1 50 229.057 231.359 2.30195
8 51 229.526 231.828 2.30195
44 69 229.561 231.863 2.30195
11 53 229.607 231.909 2.30195
10 63 230.443 232.745 2.30195
29 60 230.778 233.08 2.30195
34 56 231.207 233.508 2.30196
43 58 232.465 234.767 2.30195
30 55 232.481 234.783 2.30196
2 52 232.918 235.22 2.30195
16 53 233.754 236.056 2.30195
28 54 233.951 236.253 2.30195
33 61 236.7 239.002 2.30195
23 54 236.746 239.048 2.30195
5 52 237.864 240.166 2.30195
7 52 238.365 240.667 2.30195
18 55 240.352 242.654 2.30195
12 64 241.005 243.307 2.30195
37 56 241.101 243.403 2.30195
27 54 241.248 243.55 2.30195
1 50 912.736 912.839 0.102657
26 70 241.294 243.596 2.30195
19 62 241.889 244.191 2.30195
42 68 242.053 244.354 2.30195
47 60 244.463 246.765 2.30196
24 60 245.092 247.394 2.30195
48 50 245.43 247.732 2.30195
45 71 245.773 248.075 2.30195
25 65 246.069 248.371 2.30195
39 58 246.702 249.004 2.30195
3 66 252.475 254.777 2.30195
43 58 1144.57 1144.67 0.097537
2 52 916.598 916.701 0.102657
34 56 1143.31 1143.41 0.0975398
11 53 913.287 913.39 0.102657
15 71 934.601 934.704 0.10266
42 68 1004.16 1004.26 0.097538
3 66 984.582 984.679 0.0975379
38 61 250.263 252.565 2.30196
3 52 936.155 936.258 0.10266
40 59 252.782 255.084 2.30195
34 56 1173.31 1173.41 0.0975398
31 57 711.278 713.58 2.30195
39 58 948.809 948.911 0.102658
46 58 252.056 254.357 2.30196
0 67 252.916 255.218 2.30195
32 61 257.337 259.639 2.30195
20 62 256.825 259.127 2.30196
9 63 253.965 256.267 2.30195
41 59 257.722 260.024 2.30195
17 53 254.507 256.809 2.30195
36 56 254.623 256.925 2.30195
5 52 1179.97 1180.07 0.0975378
32 61 713.124 715.426 2.30195
11 53 1081.71 1081.81 0.0975372
1 50 1171.16 1171.26 0.0975373
43 58 916.144 916.247 0.102657
31 57 255.492 257.793 2.30195
35 56 255.63 257.932 2.30196
39 58 1068.81 1068.91 0.0975382
26 70 1003.4 1003.5 0.0975376
12 64 943.112 943.214 0.102658
43 58 994.571 994.669 0.097537
47 60 946.57 946.744 0.174597
18 55 1002.46 1002.56 0.0975379
28 54 1146.06 1146.16 0.0975369
47 60 1186.57 1186.74 0.174597
20 62 712.612 714.914 2.30196
30 57 916.161 918.463 2.30196
7 52 922.044 922.147 0.102657
20 57 988.932 989.035 0.102659
1 50 1081.16 1081.26 0.0975373
20 57 1078.93 1079.03 0.0975386
8 51 991.633 991.73 0.0975381
13 51 1078.59 1078.69 0.097537
48 50 929.11 929.212 0.102657
16 53 1085.86 1085.96 0.0975373
4 50 931.877 931.979 0.102658
10 63 1172.55 1172.65 0.102658
1 50 991.163 991.266 0.102657
44 69 1081.67 1081.77 0.0975374
37 56 943.208 943.311 0.102658
15 51 1193.03 1193.13 0.0975379
47 60 928.143 928.327 0.184837
34 56 914.886 914.989 0.10266
5 52 1149.97 1150.07 0.0975378
15 51 1073.03 1073.13 0.102658
26 70 943.401 943.503 0.102658
40 59 1194.89 1194.99 0.0975366
45 71 1067.88 1067.98 0.102659
11 53 991.714 991.812 0.0975372
14 51 931.143 933.445 2.30195
46 0 479.949 0 -479.949
28 54 996.058 996.155 0.0975369
28 54 917.631 917.734 0.102657
19 62 1163.63 1163.73 0.102657
24 60 472.985 475.287 2.30195
39 58 474.595 476.897 2.30195
17 64 710.294 712.596 2.30196
27 54 469.141 471.443 2.30195
18 55 468.245 470.547 2.30195
20 57 484.719 487.021 2.30195
31 57 483.385 485.687 2.30195
12 64 468.898 471.2 2.30195
9 63 481.859 484.161 2.30195
22 62 477.743 480.045 2.30195
40 59 480.675 482.977 2.30195
17 53 482.401 484.702 2.30195
41 59 485.615 487.917 2.30195
45 71 929.453 929.555 0.102659
32 61 485.23 487.532 2.30195
23 54 464.64 466.942 2.30195
48 50 1007.54 1007.63 0.0975365
6 50 479.654 481.956 2.30195
36 56 482.516 484.818 2.30195
33 61 464.593 466.895 2.30195
3 66 480.368 482.67 2.30195
0 67 480.809 483.111 2.30195
13 51 484.378 486.68 2.30195
38 61 933.943 934.271 0.328709
1 50 456.95 459.252 2.30195
8 51 457.419 459.721 2.30195
44 69 457.454 459.756 2.30195
11 53 457.501 459.803 2.30195
18 55 924.032 924.135 0.102658
10 63 458.336 460.638 2.30195
29 60 458.672 460.974 2.30195
34 56 459.1 461.402 2.30196
43 58 460.358 462.66 2.30195
30 68 460.375 462.677 2.30196
2 52 460.812 463.113 2.30195
16 53 461.647 463.949 2.30195
10 63 914.123 916.425 2.30195
28 54 461.844 464.146 2.30195
8 51 913.206 913.309 0.102658
29 60 992.885 992.983 0.0975382
7 52 1180.47 1180.57 0.0975372
5 52 465.757 468.059 2.30195
26 70 469.187 471.489 2.30195
7 52 466.258 468.56 2.30195
19 62 469.783 472.085 2.30195
37 56 468.995 471.297 2.30195
47 60 472.356 474.658 2.30196
48 50 473.323 475.625 2.30195
21 55 477.26 479.562 2.30195
14 51 475.357 477.659 2.30195
45 71 473.666 475.968 2.30195
42 68 469.946 472.248 2.30195
25 65 473.962 476.264 2.30195
4 50 476.09 478.392 2.30195
49 0 482.551 0 -482.551
38 61 478.156 480.458 2.30196
15 51 478.814 481.116 2.30195
35 0 483.523 0 -483.523
49 0 710.444 0 -710.444
1 50 931.163 931.266 0.102657
35 53 711.416 713.718 2.30196
36 0 710.41 0 -710.41
9 63 709.752 712.054 2.30195
0 67 708.702 711.004 2.30195
40 59 708.569 710.871 2.30195
13 51 712.271 714.573 2.30195
1 50 684.843 687.145 2.30195
8 51 685.313 687.615 2.30195
44 69 685.347 687.649 2.30195
11 53 685.394 687.696 2.30195
10 63 686.229 688.531 2.30195
29 60 686.565 688.867 2.30195
34 56 686.993 689.295 2.30196
43 58 688.251 690.553 2.30195
30 55 688.268 690.57 2.30196
2 52 688.705 691.007 2.30195
16 62 689.54 691.842 2.30195
28 54 689.738 692.04 2.30195
33 61 692.486 694.788 2.30195
23 60 692.533 694.835 2.30195
5 52 693.65 695.952 2.30195
7 52 694.151 696.453 2.30195
18 55 696.139 698.441 2.30195
12 64 696.792 699.093 2.30195
37 56 696.888 699.19 2.30195
27 54 697.034 699.336 2.30195
26 70 697.08 699.382 2.30195
19 62 697.676 699.978 2.30195
42 50 697.839 700.141 2.30196
47 59 700.249 702.551 2.30196
24 60 700.878 703.18 2.30195
48 50 701.217 703.518 2.30195
45 51 701.559 703.861 2.30195
25 65 701.856 704.158 2.30195
39 58 702.489 704.791 2.30195
14 51 703.25 705.552 2.30195
4 50 703.983 706.285 2.30195
21 55 705.154 707.456 2.30195
22 62 705.637 707.938 2.30195
38 61 706.049 708.351 2.30196
15 71 706.708 709.01 2.30196
6 0 707.547 0 -707.547
46 61 707.842 710.144 2.30196
3 66 708.262 710.564 2.30195
43 58 1174.57 1174.67 0.097537
29 60 1172.89 1172.98 0.0975382
12 64 1003.11 1003.21 0.102658
16 53 1175.86 1175.96 0.0975373
21 55 1191.47 1191.57 0.0975377
0 67 936.596 936.698 0.102657
16 53 935.86 935.963 0.102657
37 56 1183.21 1183.31 0.0975379
5 52 999.97 1000.07 0.102658
26 70 924.974 925.076 0.102658
27 54 924.927 927.229 2.30195
24 60 928.772 928.874 0.102658
22 62 933.53 933.632 0.102657
41 59 941.402 941.587 0.184833
23 54 938.853 938.956 0.102658
19 62 925.569 927.871 2.30195
37 56 924.781 924.884 0.102658
25 65 929.749 929.851 0.102657
20 57 940.505 940.608 0.102659
5 52 939.97 940.073 0.102658
40 59 936.462 936.565 0.102657
24 60 1007.2 1007.3 0.0975382
35 0 939.309 0 -939.309
31 57 939.171 939.274 0.102657
36 0 938.303 0 -938.303
23 54 998.853 998.951 0.0975378
2 52 995.025 995.128 0.102657
49 63 938.337 940.639 2.30197
17 62 938.187 940.489 2.30196
13 51 940.164 940.267 0.102657
32 61 941.017 943.319 2.30195
11 53 931.714 931.817 0.102657
28 54 936.058 936.161 0.102657
44 69 931.668 931.77 0.102657
38 61 1192.37 1192.47 0.102661
7 52 1000.47 1000.57 0.0975372
41 59 989.829 989.932 0.102657
29 60 1142.89 1142.98 0.0975382
9 63 937.645 939.947 2.30195
24 60 1157.2 1157.3 0.0975382
27 54 1162.98 1163.09 0.102658
42 68 1184.16 1184.26 0.097538
32 61 1199.44 1199.55 0.102656
31 57 987.598 987.696 0.097537
43 58 964.571 964.669 0.097537
34 56 933.313 933.416 0.10266
8 51 931.633 931.736 0.102658
28 54 966.058 966.155 0.0975369
33 61 938.807 938.909 0.102657
43 58 934.571 934.674 0.102657
2 52 935.025 935.128 0.102657
29 60 932.885 932.988 0.102658
7 52 940.471 940.574 0.102657
40 59 954.889 954.992 0.102657
13 51 958.591 958.694 0.102657
44 69 1021.67 1021.77 0.0975374
0 67 955.023 955.125 0.102657
22 62 951.957 952.059 0.102657
15 51 953.028 953.131 0.102658
4 50 950.304 950.406 0.102658
3 66 954.582 954.685 0.102658
40 59 1164.89 1164.99 0.0975366
38 61 966.484 966.669 0.184837
48 50 1187.54 1187.63 0.0975365
4 50 1070.3 1070.4 0.0975382
26 70 973.401 973.498 0.0975376
2 52 965.025 965.128 0.102657
31 57 957.598 957.701 0.102657
44 69 961.668 961.77 0.102657
41 59 959.829 959.932 0.102657
5 52 969.97 970.073 0.102658
11 53 961.714 961.817 0.102657
8 51 961.633 961.73 0.0975381
20 57 958.932 959.035 0.102659
1 50 961.163 961.266 0.102657
34 56 963.313 963.416 0.10266
23 54 968.853 968.956 0.102658
16 53 965.86 965.963 0.102657
29 60 962.885 962.983 0.0975382
7 52 970.471 970.569 0.0975372
40 59 984.889 984.986 0.0975366
12 64 973.112 973.214 0.102658
33 61 968.807 968.909 0.102657
37 56 973.208 973.311 0.102658
42 68 974.159 974.262 0.102658
18 55 972.459 972.557 0.0975379
38 61 1042.37 1042.54 0.174597
47 60 976.57 976.744 0.174597
24 60 977.199 977.301 0.102658
25 65 978.176 978.273 0.0975366
48 50 977.537 977.639 0.102657
15 51 983.028 983.131 0.102658
45 71 977.88 977.982 0.102659
4 50 980.304 980.406 0.102658
22 62 981.957 982.059 0.102657
38 61 984.783 984.957 0.174597
39 58 978.809 978.911 0.102658
25 65 1008.18 1008.27 0.0975366
23 54 1028.85 1028.95 0.0975378
22 62 1011.96 1012.05 0.0975372
41 59 1019.83 1019.93 0.102657
3 66 1014.58 1014.68 0.0975379
45 71 1007.88 1007.98 0.102659
40 59 1014.89 1014.99 0.0975366
15 51 1013.03 1013.13 0.102658
38 61 1012.37 1012.54 0.174597
18 55 1152.46 1152.56 0.0975379
39 58 1008.81 1008.91 0.102658
1 50 1021.16 1021.26 0.0975373
4 50 1010.3 1010.4 0.0975382
0 67 1015.02 1015.12 0.0975365
12 64 1033.11 1033.21 0.0975382
16 53 1025.86 1025.96 0.102657
8 51 1021.63 1021.73 0.0975381
11 53 1021.71 1021.81 0.0975372
25 65 1188.18 1188.27 0.0975366
9 63 1393.43 1393.53 0.102658
48 50 1067.54 1067.63 0.0975365
41 59 1169.83 1169.93 0.0975367
0 67 1075.02 1075.12 0.0975365
37 56 1153.21 1153.31 0.0975379
31 57 1077.6 1077.7 0.097537
23 54 1148.85 1148.95 0.0975378
13 51 1018.59 1018.69 0.097537
33 61 1148.81 1148.9 0.0975369
26 70 1153.4 1153.5 0.0975376
31 57 1017.6 1017.7 0.097537
20 57 1018.93 1019.03 0.0975386
2 52 1025.03 1025.12 0.0975372
28 54 1176.06 1176.16 0.0975369
43 58 1024.57 1024.67 0.097537
45 71 1037.88 1037.98 0.102659
29 60 1022.89 1022.98 0.0975382
34 56 1023.31 1023.41 0.0975398
24 60 1037.2 1037.3 0.0975382
7 52 1030.47 1030.57 0.0975372
0 67 1045.02 1045.12 0.0975365
37 56 1033.21 1033.31 0.0975379
28 54 1026.06 1026.16 0.0975369
18 55 1032.46 1032.56 0.0975379
26 70 1033.4 1033.5 0.0975376
42 68 1034.16 1034.26 0.097538
5 52 1029.97 1030.07 0.102658
33 61 1028.81 1028.9 0.0975369
25 65 1038.18 1038.27 0.0975366
4 50 1040.3 1040.4 0.0975382
15 51 1043.03 1043.13 0.102658
3 66 1044.58 1044.68 0.0975379
47 60 1036.57 1036.74 0.174597
48 50 1037.54 1037.63 0.0975365
11 53 1051.71 1051.81 0.0975372
39 58 1038.81 1038.91 0.102658
1 50 1051.16 1051.26 0.0975373
41 59 1049.83 1049.93 0.102657
13 51 1048.59 1048.69 0.097537
22 62 1041.96 1042.05 0.0975372
44 69 1051.67 1051.77 0.0975374
44 69 1111.67 1111.77 0.0975374
8 51 1051.63 1051.73 0.0975381
40 59 1044.89 1044.99 0.0975366
31 57 1047.6 1047.7 0.097537
42 68 1064.16 1064.26 0.097538
20 57 1048.93 1049.03 0.0975386
28 54 1056.06 1056.16 0.0975369
34 56 1053.31 1053.41 0.0975398
7 52 1060.47 1060.57 0.0975372
2 52 1055.03 1055.12 0.0975372
29 60 1052.89 1052.98 0.0975382
43 58 1054.57 1054.67 0.097537
12 64 1063.11 1063.21 0.0975382
5 52 1059.97 1060.07 0.0975378
33 61 1058.81 1058.9 0.0975369
16 53 1055.86 1055.96 0.0975373
18 55 1062.46 1062.56 0.0975379
47 60 1066.57 1066.74 0.174597
37 56 1063.21 1063.31 0.0975379
23 54 1058.85 1058.95 0.0975378
3 66 1074.58 1074.68 0.0975379
26 70 1063.4 1063.5 0.0975376
25 65 1068.18 1068.27 0.0975366
24 60 1067.2 1067.3 0.0975382
38 61 1072.37 1072.47 0.102661
34 56 1083.31 1083.42 0.10266
43 58 1084.57 1084.67 0.097537
26 70 1093.4 1093.5 0.0975376
2 52 1085.03 1085.12 0.0975372
28 54 1086.06 1086.16 0.0975369
29 60 1082.89 1082.98 0.0975382
5 52 1089.97 1090.07 0.0975378
30 57 1174.59 1174.69 0.097541
0 67 1195.02 1195.12 0.0975365
24 60 1097.2 1097.3 0.0975382
45 71 1187.88 1187.98 0.0975387
23 54 1178.85 1178.95 0.0975378
20 62 1168.93 1169.03 0.0975394
12 64 1093.11 1093.21 0.0975382
37 56 1093.21 1093.31 0.0975379
25 65 1098.18 1098.27 0.0975366
18 55 1092.46 1092.56 0.0975379
33 61 1088.81 1088.9 0.0975369
23 54 1088.85 1088.95 0.0975378
12 64 1183.11 1183.21 0.0975382
33 61 1178.81 1178.9 0.0975369
18 55 1182.46 1182.56 0.0975379
19 62 1184 1184.1 0.102657
40 59 1104.89 1104.99 0.0975366
46 58 1391.52 1392.14 0.616454
38 61 1102.37 1102.47 0.0975409
42 68 1094.16 1094.26 0.097538
2 52 1175.03 1175.12 0.0975372
27 54 1152.82 1152.92 0.102658
47 60 1096.57 1096.74 0.174597
0 67 1105.02 1105.12 0.0975365
22 62 1101.96 1102.05 0.0975372
48 50 1097.54 1097.63 0.0975365
39 58 1098.81 1098.91 0.0975382
45 71 1097.88 1097.98 0.0975387
4 50 1100.3 1100.4 0.0975382
14 51 1169.2 1169.3 0.102658
8 51 1111.63 1111.73 0.0975381
3 66 1104.58 1104.68 0.0975379
13 51 1108.59 1108.69 0.097537
15 51 1103.03 1103.13 0.0975379
41 59 1109.83 1109.93 0.0975367
1 50 1111.16 1111.26 0.0975373
24 60 1127.2 1127.3 0.0975382
28 54 1116.06 1116.16 0.0975369
31 57 1107.6 1107.7 0.097537
23 54 1118.85 1118.95 0.0975378
20 57 1108.93 1109.03 0.0975386
7 52 1120.47 1120.57 0.0975372
11 53 1111.71 1111.81 0.0975372
43 58 1114.57 1114.67 0.097537
3 66 1134.58 1134.68 0.0975379
2 52 1115.03 1115.12 0.0975372
38 61 1132.37 1132.47 0.0975409
30 57 1144.05 1144.16 0.102661
16 53 1115.86 1115.96 0.0975373
29 60 1112.89 1112.98 0.0975382
10 63 1142.02 1142.12 0.102658
34 56 1113.31 1113.42 0.10266
42 68 1124.16 1124.26 0.097538
26 70 1123.4 1123.5 0.0975376
18 55 1122.46 1122.56 0.0975379
37 56 1123.21 1123.31 0.0975379
40 59 1134.89 1134.99 0.0975366
33 61 1118.81 1118.9 0.0975369
48 50 1127.54 1127.63 0.0975365
25 65 1128.18 1128.27 0.0975366
12 64 1123.11 1123.21 0.0975382
5 52 1119.97 1120.07 0.0975378
15 51 1133.03 1133.13 0.0975379
44 69 1141.67 1141.77 0.0975374
32 61 1168.91 1169.01 0.102656
0 67 1135.02 1135.12 0.0975365
19 62 1153.46 1153.57 0.102657
39 58 1128.81 1128.91 0.0975382
17 53 1166.08 1166.18 0.102657
14 51 1189.57 1189.67 0.102658
47 60 1126.57 1126.74 0.174597
45 71 1127.88 1127.98 0.0975387
14 51 1159.04 1159.14 0.102658
4 50 1130.3 1130.4 0.0975382
49 0 1166.23 0 -1166.23
13 51 1138.59 1138.69 0.097537
46 58 1163.63 1165.93 2.30196
22 62 1131.96 1132.05 0.0975372
21 55 1160.94 1161.04 0.102658
9 63 1165.54 1167.84 2.30195
8 51 1141.63 1141.73 0.0975381
41 59 1139.83 1139.93 0.0975367
35 57 1167.2 1169.5 2.30196
36 56 1166.2 1168.5 2.30195
11 53 1141.71 1141.81 0.0975372
6 50 1163.33 1163.44 0.102659
31 57 1137.6 1137.7 0.097537
20 57 1138.93 1139.03 0.0975386
1 50 1141.16 1141.26 0.0975373
49 53 1394.12 1396.43 2.30197
25 65 1158.18 1158.27 0.0975366
15 51 1163.03 1163.13 0.0975379
22 62 1161.96 1162.05 0.0975372
21 55 1171.1 1171.21 0.102658
3 66 1164.58 1164.68 0.0975379
4 50 1160.3 1160.4 0.0975382
0 67 1165.02 1165.12 0.0975365
45 71 1157.88 1157.98 0.0975387
39 58 1158.81 1158.91 0.0975382
38 61 1162.37 1162.47 0.102661
11 53 1171.71 1171.81 0.0975372
31 57 1197.6 1197.7 0.097537
36 56 1394.09 1394.19 0.102658
39 58 1188.81 1188.91 0.0975382
26 70 1183.4 1183.5 0.0975376
4 50 1190.3 1190.4 0.0975382
22 62 1191.96 1192.05 0.0975372
6 50 1193.87 1193.97 0.0975386
3 66 1194.58 1194.68 0.0975379
13 51 1198.59 1198.69 0.097537
17 53 1196.61 1196.72 0.102657
35 57 1395.1 1395.2 0.102663
20 57 1198.93 1199.03 0.0975386
41 59 1199.83 1199.93 0.0975367
