21 47 0.762718 3.06467 2.30195
30 44 0.799252 3.10121 2.30196
0 0 1.37827 0 -1.37827
5 48 1.64053 3.94249 2.30195
28 44 0.974505 3.27646 2.30195
10 41 3.50309 5.80505 2.30196
22 46 3.42405 5.726 2.30195
15 42 5.18869 7.49064 2.30195
19 43 5.88119 8.18315 2.30195
13 42 4.40447 6.70643 2.30196
17 47 4.52553 6.82749 2.30195
5 40 961.641 961.738 0.0975394
9 40 959.521 959.623 0.102656
6 41 7.30555 9.6075 2.30195
8 40 7.05582 9.35777 2.30195
33 42 1169.77 1169.88 0.102661
4 41 8.61649 10.9184 2.30195
7 41 10.5898 12.8917 2.30195
29 45 950.017 950.114 0.0975363
35 50 11.5583 13.8602 2.30198
1 41 12.9229 15.2248 2.30195
6 41 1117.31 1117.4 0.0975379
16 42 14.4354 16.7373 2.30195
39 40 14.8457 17.1477 2.30195
30 44 944.914 945.243 0.328707
3 48 17.4193 19.7213 2.30195
34 43 15.41 17.712 2.30195
20 47 16.6266 18.9286 2.30195
31 50 17.4807 19.7827 2.30195
12 49 1162.17 1162.26 0.0975378
2 41 18.7759 21.0778 2.30195
24 46 19.1093 21.4113 2.30195
32 50 19.1292 21.4312 2.30196
21 47 960.763 960.865 0.102658
37 47 21.3873 23.6893 2.30196
33 43 20.1449 22.4468 2.30196
29 45 20.0168 22.3187 2.30195
12 49 22.1672 24.4692 2.30195
23 46 20.9232 23.2252 2.30196
36 40 21.6441 23.9461 2.30196
26 46 959.816 959.919 0.102663
29 45 1010.02 1010.11 0.0975363
32 0 930.702 0 -930.702
14 42 23.7399 26.0418 2.30195
18 43 26.3617 28.6637 2.30195
38 44 26.2178 28.5198 2.30196
25 44 26.0499 28.3519 2.30195
9 40 29.5208 31.8227 2.30195
11 49 28.9443 31.2463 2.30195
2 41 246.669 248.971 2.30195
26 46 29.8162 32.1182 2.30196
24 46 247.003 249.305 2.30195
27 0 29.637 0 -29.637
33 42 248.038 250.34 2.30196
29 45 247.91 250.212 2.30195
25 44 253.943 256.245 2.30195
26 46 257.709 260.011 2.30196
23 46 248.816 251.118 2.30196
11 49 256.838 259.14 2.30195
32 50 247.022 249.324 2.30196
36 40 249.537 251.839 2.30196
18 43 254.255 256.557 2.30195
17 47 964.526 964.623 0.0975368
14 42 479.526 481.828 2.30195
9 40 257.414 259.716 2.30195
21 47 228.656 230.958 2.30195
30 44 228.693 230.994 2.30196
28 44 228.868 231.17 2.30195
0 40 229.272 231.573 2.30195
5 48 229.534 231.836 2.30195
22 46 231.317 233.619 2.30195
10 0 231.396 0 -231.396
13 42 232.298 234.6 2.30196
17 47 232.419 234.721 2.30195
15 42 233.082 235.384 2.30195
19 43 233.774 236.076 2.30195
8 40 234.949 237.251 2.30195
6 41 235.199 237.501 2.30195
4 41 236.51 238.812 2.30195
7 41 238.483 240.785 2.30195
35 48 239.452 241.753 2.30196
1 41 240.816 243.118 2.30195
16 42 242.329 244.631 2.30195
39 40 242.739 245.041 2.30195
34 43 243.303 245.605 2.30195
20 47 244.52 246.822 2.30195
3 48 245.313 247.615 2.30195
31 50 245.374 247.676 2.30195
37 0 249.281 0 -249.281
14 42 251.633 253.935 2.30195
27 0 257.53 0 -257.53
12 49 250.06 252.362 2.30195
38 44 254.111 256.413 2.30196
4 41 464.403 466.705 2.30195
6 48 463.092 465.394 2.30195
30 44 977.456 977.64 0.184835
14 42 1173.37 1173.47 0.102658
25 44 956.05 956.153 0.102658
26 46 1169.82 1169.91 0.0975427
37 47 477.174 479.476 2.30196
25 46 709.73 712.032 2.30196
1 41 924.496 926.798 2.30195
25 44 481.836 484.138 2.30195
12 49 952.167 952.27 0.102658
11 49 484.731 487.033 2.30195
27 0 485.423 0 -485.423
33 42 475.931 478.233 2.30196
15 42 965.189 965.286 0.0975378
38 0 482.004 0 -482.004
23 46 1160.92 1161.03 0.10266
39 40 470.632 472.934 2.30195
2 41 474.562 476.864 2.30195
18 43 482.148 484.45 2.30195
24 46 1009.11 1009.21 0.102658
23 46 950.923 951.098 0.174596
16 42 470.222 472.524 2.30195
31 50 473.267 475.569 2.30195
18 43 956.362 956.464 0.102657
9 40 485.307 487.609 2.30195
8 40 462.842 465.144 2.30195
35 50 467.345 469.647 2.30198
24 46 474.896 477.198 2.30195
36 40 477.431 479.733 2.30196
12 49 477.954 480.256 2.30195
26 46 485.603 487.905 2.30196
34 43 471.197 473.498 2.30195
20 47 472.413 474.715 2.30195
29 45 475.803 478.105 2.30195
21 47 456.549 458.851 2.30195
30 44 456.586 458.888 2.30196
28 44 456.761 459.063 2.30195
0 0 457.165 0 -457.165
5 48 457.427 459.729 2.30195
22 46 459.211 461.512 2.30195
10 0 459.29 0 -459.29
13 42 460.191 462.493 2.30196
17 47 460.312 462.614 2.30195
15 42 460.975 463.277 2.30195
19 43 461.668 463.97 2.30195
16 42 944.435 944.538 0.102658
29 45 1160.02 1160.11 0.0975363
2 41 1158.78 1158.87 0.0975384
26 46 941.389 941.574 0.184839
20 47 928.2 928.302 0.102658
7 41 466.376 468.678 2.30195
12 49 933.74 933.843 0.102658
1 41 468.709 471.011 2.30195
24 46 949.109 949.212 0.102658
23 46 476.71 479.012 2.30196
3 48 473.206 475.508 2.30195
32 50 474.916 477.218 2.30196
16 42 1154.44 1154.53 0.0975377
26 46 713.496 715.798 2.30196
9 48 713.201 715.502 2.30196
27 0 713.317 0 -713.317
36 0 933.217 0 -933.217
23 46 932.496 932.681 0.184836
37 43 932.96 935.262 2.30196
31 50 929.054 931.356 2.30195
18 43 710.041 712.343 2.30195
6 41 937.306 937.408 0.102658
38 45 709.898 712.2 2.30196
21 47 930.763 930.865 0.102658
21 47 684.442 686.744 2.30195
30 44 684.479 686.781 2.30196
28 44 684.654 686.956 2.30195
0 0 685.058 0 -685.058
5 48 685.32 687.622 2.30195
22 0 687.104 0 -687.104
10 0 687.183 0 -687.183
13 0 688.084 0 -688.084
17 43 688.205 690.507 2.30196
15 42 688.868 691.17 2.30195
19 49 689.561 691.863 2.30195
8 40 690.736 693.038 2.30195
6 48 690.985 693.287 2.30195
4 41 692.296 694.598 2.30195
7 0 694.27 0 -694.27
35 50 695.238 697.54 2.30198
1 48 696.603 698.905 2.30196
16 42 698.115 700.417 2.30195
39 40 698.525 700.827 2.30195
34 43 699.09 701.392 2.30195
20 47 700.306 702.608 2.30195
3 48 701.099 703.401 2.30195
31 0 701.16 0 -701.16
2 41 702.456 704.758 2.30195
24 46 702.789 705.091 2.30195
32 43 702.809 705.111 2.30196
29 45 703.697 705.998 2.30195
33 42 703.825 706.127 2.30196
23 44 704.603 706.905 2.30196
37 0 705.067 0 -705.067
36 0 705.324 0 -705.324
12 49 705.847 708.149 2.30195
14 42 707.42 709.722 2.30195
18 43 937.935 938.037 0.102657
25 44 937.623 937.726 0.102658
11 49 712.624 714.926 2.30195
27 44 941.21 943.512 2.30196
9 40 941.094 941.196 0.102656
11 42 940.517 940.702 0.184835
19 43 935.881 935.984 0.102658
17 47 934.526 934.628 0.102657
34 43 926.983 929.285 2.30195
15 49 935.189 935.291 0.102661
2 41 930.349 930.452 0.102658
20 47 946.627 946.729 0.102658
21 47 912.336 912.438 0.102658
30 44 912.372 912.701 0.328707
28 44 912.547 914.849 2.30195
0 40 912.951 915.253 2.30195
5 48 913.214 913.316 0.102657
22 46 914.997 917.299 2.30195
10 0 915.076 0 -915.076
13 49 915.977 918.279 2.30196
17 47 916.099 916.201 0.102657
15 42 916.762 916.864 0.102658
19 43 917.454 917.557 0.102658
8 40 918.629 918.731 0.102657
6 41 918.879 918.981 0.102658
4 41 920.189 922.491 2.30195
7 0 922.163 0 -922.163
35 0 923.131 0 -923.131
11 49 958.944 959.047 0.102659
6 41 997.306 997.403 0.0975379
38 45 937.791 940.093 2.30196
9 40 989.521 989.623 0.102656
39 40 926.419 926.521 0.102658
33 42 931.718 934.02 2.30196
29 45 931.59 931.692 0.102656
24 46 930.682 930.785 0.102658
16 42 926.008 926.111 0.102658
24 46 1159.11 1159.21 0.0975383
3 48 928.992 931.294 2.30195
5 48 931.641 931.738 0.0975368
11 49 988.944 989.047 0.102659
14 49 935.313 937.615 2.30196
8 40 937.056 937.158 0.102657
2 41 948.776 948.879 0.102658
39 40 944.846 944.948 0.102658
39 40 974.846 974.948 0.102658
8 40 967.056 967.158 0.102657
26 46 989.816 989.914 0.0975427
6 41 967.306 967.403 0.0975379
16 42 974.435 974.533 0.0975377
29 45 980.017 980.114 0.0975363
19 43 965.881 965.979 0.0975382
30 44 995.754 995.857 0.102659
37 47 1160.85 1163.16 2.30196
20 47 976.627 976.724 0.0975382
23 46 980.923 981.026 0.10266
25 44 986.05 986.153 0.102658
24 46 979.109 979.212 0.102658
17 47 994.526 994.623 0.0975368
12 49 1102.17 1102.26 0.0975378
12 49 982.167 982.27 0.102658
20 47 1006.63 1006.72 0.0975382
18 43 986.362 986.464 0.102657
21 47 990.763 990.865 0.102658
2 41 978.776 978.873 0.0975384
16 42 1004.44 1004.53 0.0975377
15 42 995.189 995.286 0.0975378
29 45 1130.02 1130.11 0.0975363
39 40 1004.85 1004.95 0.102658
19 43 995.881 995.979 0.0975382
13 42 1143.87 1144.2 0.328709
8 40 997.056 997.158 0.102657
5 48 991.641 991.738 0.0975368
25 44 1016.05 1016.15 0.097538
23 46 1010.92 1011.02 0.0975396
39 40 1064.85 1064.94 0.0975381
26 46 1019.82 1019.91 0.0975427
15 42 1025.19 1025.29 0.0975378
9 40 1019.52 1019.62 0.102656
2 41 1008.78 1008.87 0.0975384
36 40 1161.11 1163.41 2.30196
6 41 1027.31 1027.4 0.0975379
8 40 1027.06 1027.15 0.0975369
12 49 1012.17 1012.26 0.0975378
18 43 1016.36 1016.46 0.102657
39 40 1034.85 1034.95 0.102658
11 49 1018.94 1019.05 0.102659
2 41 1038.78 1038.87 0.0975384
30 44 1020.8 1020.9 0.102659
21 47 1020.76 1020.87 0.102658
17 47 1024.53 1024.62 0.0975368
5 48 1021.64 1021.74 0.0975368
19 43 1025.88 1025.98 0.0975382
16 42 1064.44 1064.53 0.0975377
23 46 1040.92 1041.02 0.0975396
16 42 1034.44 1034.53 0.0975377
29 45 1040.02 1040.11 0.0975363
5 48 1051.64 1051.74 0.0975368
6 41 1057.31 1057.4 0.0975379
20 47 1036.63 1036.72 0.0975382
24 46 1039.11 1039.21 0.0975383
9 40 1049.52 1049.62 0.0975362
17 47 1054.53 1054.62 0.0975368
26 46 1049.82 1049.91 0.0975427
12 49 1042.17 1042.26 0.0975378
18 43 1046.36 1046.46 0.097537
25 44 1046.05 1046.15 0.097538
25 44 1076.05 1076.15 0.097538
15 42 1055.19 1055.29 0.0975378
11 49 1048.94 1049.05 0.102659
19 43 1055.88 1055.98 0.0975382
2 41 1068.78 1068.87 0.0975384
30 44 1050.8 1050.9 0.102659
21 47 1050.76 1050.86 0.0975377
18 43 1076.36 1076.46 0.097537
29 45 1070.02 1070.11 0.0975363
8 40 1057.06 1057.15 0.0975369
24 46 1069.11 1069.21 0.0975383
23 46 1070.92 1071.02 0.0975396
34 43 1165.04 1165.14 0.102658
20 47 1066.63 1066.72 0.0975382
12 49 1072.17 1072.26 0.0975378
19 43 1115.88 1115.98 0.0975382
29 45 1100.02 1100.11 0.0975363
26 46 1079.82 1079.91 0.0975427
21 47 1140.76 1140.86 0.0975377
15 42 1085.19 1085.29 0.0975378
9 40 1079.52 1079.62 0.0975362
24 46 1129.11 1129.21 0.0975383
39 40 1094.85 1094.94 0.0975381
24 46 1099.11 1099.21 0.0975383
19 43 1085.88 1085.98 0.0975382
16 42 1124.44 1124.53 0.0975377
11 49 1078.94 1079.04 0.0975387
5 48 1081.64 1081.74 0.0975368
6 41 1087.31 1087.4 0.0975379
17 47 1084.53 1084.62 0.0975368
21 47 1080.76 1080.86 0.0975377
30 44 1080.8 1080.9 0.102659
9 40 1169.52 1169.62 0.0975362
8 40 1087.06 1087.15 0.0975369
20 47 1096.63 1096.72 0.0975382
21 47 1110.76 1110.86 0.0975377
2 41 1128.78 1128.87 0.0975384
26 46 1109.82 1109.91 0.0975427
16 42 1094.44 1094.53 0.0975377
2 41 1098.78 1098.87 0.0975384
23 46 1100.92 1101.03 0.10266
9 40 1109.52 1109.62 0.0975362
25 44 1106.05 1106.15 0.097538
18 43 1106.36 1106.46 0.097537
15 42 1115.19 1115.29 0.0975378
5 48 1111.64 1111.74 0.0975368
10 44 1142.97 1145.27 2.30197
15 49 1145.19 1145.29 0.0975408
11 49 1108.94 1109.04 0.0975387
0 40 1140.84 1143.15 2.30195
28 44 1140.44 1140.54 0.102657
17 47 1144.53 1144.62 0.0975368
30 44 1110.8 1110.9 0.102659
39 40 1124.85 1124.94 0.0975381
6 41 1147.31 1147.4 0.0975379
34 43 1154.88 1154.98 0.102658
32 50 1158.6 1160.9 2.30196
22 46 1142.89 1142.99 0.102657
17 47 1114.53 1114.62 0.0975368
20 47 1126.63 1126.72 0.0975382
8 40 1117.06 1117.15 0.0975369
18 43 1136.36 1136.46 0.097537
23 46 1130.92 1131.03 0.10266
1 48 1152.39 1152.49 0.102659
4 41 1148.08 1150.38 2.30195
35 48 1151.02 1153.33 2.30196
7 0 1150.06 0 -1150.06
33 42 1159.61 1159.71 0.102661
27 44 1169.1 1171.41 2.30196
26 46 1139.82 1139.91 0.0975427
3 48 1156.89 1156.99 0.102656
31 50 1156.95 1157.05 0.102658
9 40 1139.52 1139.62 0.0975362
14 42 1163.21 1163.31 0.102658
12 49 1132.17 1132.26 0.0975378
25 44 1136.05 1136.15 0.097538
38 44 1165.68 1166.3 0.616452
22 46 1153.05 1153.16 0.102657
20 47 1156.63 1156.72 0.0975382
11 49 1138.94 1139.04 0.0975387
5 48 1141.64 1141.74 0.0975368
28 44 1150.6 1150.71 0.102657
30 44 1140.8 1140.9 0.102659
19 43 1145.88 1145.98 0.0975382
1 41 1162.55 1162.65 0.102657
39 40 1154.85 1154.94 0.0975381
8 40 1147.06 1147.15 0.0975369
15 42 1175.19 1175.29 0.0975378
17 47 1174.53 1174.62 0.0975368
25 44 1166.05 1166.15 0.097538
18 43 1166.36 1166.46 0.097537
28 44 1170.97 1171.07 0.097537
21 47 1170.76 1170.86 0.0975377
0 40 1368.74 1371.04 2.30195
5 48 1171.64 1171.74 0.0975368
13 42 1176.41 1176.6 0.184837
18 43 1196.36 1196.46 0.097537
22 46 1173.42 1173.53 0.102657
19 43 1175.88 1175.98 0.0975382
11 49 1168.94 1169.04 0.0975387
38 44 1226.71 1227.33 0.616452
6 41 1177.31 1177.4 0.0975379
30 44 1170.8 1170.9 0.0975393
29 45 1190.02 1190.11 0.0975363
31 50 1187.48 1187.58 0.0975379
10 41 1370.86 1373.16 2.30196
32 50 1386.49 1386.59 0.102661
36 40 1389 1389.62 0.616457
23 46 1190.92 1191.03 0.10266
27 44 1397 1399.3 2.30196
3 48 1187.42 1187.52 0.0975361
39 40 1184.85 1184.94 0.0975381
34 43 1185.41 1185.51 0.102658
24 46 1189.11 1189.21 0.0975383
8 40 1177.06 1177.15 0.0975369
1 41 1182.92 1183.03 0.102657
4 41 1375.98 1378.28 2.30195
16 42 1184.44 1184.53 0.0975377
35 50 1378.92 1381.22 2.30198
7 48 1377.95 1380.25 2.30196
2 41 1188.78 1188.87 0.0975384
37 47 1388.75 1389.36 0.616457
14 42 1193.74 1193.84 0.102658
20 47 1186.63 1186.72 0.0975382
25 44 1196.05 1196.15 0.097538
9 40 1199.52 1199.62 0.0975362
33 42 1190.14 1190.25 0.102661
26 46 1199.82 1199.91 0.0975427
12 49 1192.17 1192.26 0.0975378
11 49 1198.94 1199.04 0.0975387
