5 30 0.811209 3.11316 2.30195
20 33 3.00519 5.30714 2.30195
6 30 973.132 973.234 0.102658
26 33 6.03925 8.3412 2.30196
3 35 4.55159 6.85355 2.30195
1 34 4.88708 7.18903 2.30195
29 32 6.20536 8.50732 2.30196
0 34 1147.93 1148.04 0.102658
27 33 1147.64 1149.95 2.30197
4 31 5.8204 8.12235 2.30195
4 31 1025.82 1025.92 0.0975372
20 33 1023.01 1023.1 0.0975372
17 32 1048.2 1048.3 0.0975383
11 31 1016.56 1016.66 0.0975381
27 0 8.17711 0 -8.17711
21 33 1136.53 1136.63 0.0975387
0 34 8.46697 10.7689 2.30195
13 34 9.27247 11.5744 2.30195
15 32 1129.43 1129.53 0.0975402
18 33 1002.32 1002.42 0.0975372
1 34 994.887 994.985 0.0975378
28 36 9.21615 11.5181 2.30195
24 35 1168.4 1168.51 0.10266
19 0 12.431 0 -12.431
18 33 12.3226 14.6245 2.30195
6 30 13.1316 15.4336 2.30195
5 30 1170.81 1170.91 0.0975386
18 33 1152.32 1152.42 0.0975372
16 32 14.7873 17.0892 2.30195
14 0 13.7298 0 -13.7298
12 31 1131.3 1131.39 0.0975384
29 32 1116.21 1116.3 0.097544
10 0 18.5372 0 -18.5372
7 31 17.0654 19.3673 2.30196
2 0 19.3258 0 -19.3258
9 31 18.3137 20.6156 2.30195
1 34 1144.89 1144.98 0.0975378
3 35 1024.55 1024.65 0.0975383
15 32 19.428 21.73 2.30196
12 31 21.2963 23.5983 2.30195
23 35 1166.55 1166.65 0.0975379
21 33 26.5335 28.8354 2.30195
25 32 26.4536 28.7556 2.30196
11 31 26.5646 28.8666 2.30195
23 35 26.554 28.8559 2.30195
16 32 1154.79 1154.88 0.0975379
18 33 1122.32 1122.42 0.0975372
18 33 1032.32 1032.42 0.0975372
13 34 999.272 999.37 0.097538
22 0 26.8994 0 -26.8994
8 34 27.8084 30.1103 2.30195
29 32 1146.21 1146.3 0.097544
17 32 28.2023 30.5043 2.30195
11 31 1166.56 1166.66 0.0975381
24 35 28.9378 31.2398 2.30196
4 31 995.82 995.918 0.0975372
9 31 1167.94 1168.05 0.102657
16 32 1124.79 1124.88 0.0975379
21 33 254.427 256.729 2.30195
24 35 256.831 259.133 2.30196
22 0 254.793 0 -254.793
16 32 974.787 974.885 0.0975379
8 34 1137.81 1137.91 0.0975387
16 32 1004.79 1004.88 0.0975379
17 32 256.096 258.398 2.30195
15 32 247.321 249.623 2.30196
8 34 255.702 258.004 2.30195
11 31 710.244 712.546 2.30195
2 0 247.219 0 -247.219
25 32 254.347 256.649 2.30196
11 31 254.458 256.76 2.30195
5 30 228.704 231.006 2.30195
20 33 230.898 233.2 2.30195
3 35 232.445 234.747 2.30195
1 34 232.78 235.082 2.30195
4 31 233.714 236.016 2.30195
26 33 233.932 236.234 2.30196
29 32 234.099 236.401 2.30196
27 32 236.07 238.372 2.30197
0 34 236.36 238.662 2.30195
28 36 237.109 239.411 2.30195
13 34 237.166 239.468 2.30195
18 33 240.216 242.518 2.30195
19 33 240.324 242.626 2.30196
6 30 241.025 243.327 2.30195
14 0 241.623 0 -241.623
16 32 242.681 244.982 2.30195
7 30 244.959 247.261 2.30195
9 31 246.207 248.509 2.30195
10 0 246.43 0 -246.43
22 35 1166.37 1168.67 2.30196
12 31 249.19 251.492 2.30195
23 35 254.447 256.749 2.30195
3 35 1144.55 1144.65 0.0975383
3 35 994.552 994.649 0.0975383
21 33 1016.53 1016.63 0.0975387
20 33 993.005 993.108 0.102657
12 31 1041.3 1041.39 0.0975384
15 32 979.428 979.531 0.10266
23 35 1136.55 1136.65 0.0975379
2 30 1158.79 1161.09 2.30195
7 31 1156.53 1158.83 2.30196
18 33 972.323 972.42 0.0975372
12 31 477.083 479.385 2.30195
25 0 482.24 0 -482.24
23 35 482.34 484.642 2.30195
23 35 986.554 986.652 0.0975379
8 34 483.595 485.897 2.30195
16 32 470.574 472.876 2.30195
22 33 482.686 484.988 2.30196
24 35 484.724 487.026 2.30196
0 34 464.253 466.555 2.30195
28 36 465.003 467.305 2.30195
6 30 468.918 471.22 2.30195
18 33 468.109 470.411 2.30195
4 31 1145.82 1145.92 0.0975372
11 31 482.351 484.653 2.30195
27 32 463.964 466.266 2.30197
16 32 1034.79 1034.88 0.0975379
7 30 472.852 475.154 2.30195
10 30 474.324 476.626 2.30195
23 35 1046.55 1046.65 0.0975379
13 34 465.059 467.361 2.30195
2 30 475.112 477.414 2.30195
21 33 482.32 484.622 2.30195
17 32 483.989 486.291 2.30195
5 30 456.598 458.9 2.30195
20 33 458.792 461.094 2.30195
3 35 460.338 462.64 2.30195
1 34 460.674 462.976 2.30195
4 31 461.607 463.909 2.30195
26 33 461.826 464.128 2.30196
29 32 461.992 464.294 2.30196
19 0 468.217 0 -468.217
11 31 1046.56 1046.66 0.0975381
13 34 1119.27 1119.37 0.097538
17 32 1138.2 1138.3 0.0975383
11 31 986.565 986.662 0.0975381
14 32 469.516 471.818 2.30195
12 31 704.976 707.278 2.30195
17 32 1018.2 1018.3 0.0975383
8 34 1017.81 1017.91 0.0975387
8 34 1047.81 1047.91 0.0975387
9 31 474.1 476.402 2.30195
15 32 475.215 477.516 2.30196
17 32 988.202 988.3 0.0975383
15 32 1039.43 1039.53 0.10266
5 30 1020.81 1020.91 0.0975386
14 32 1153.2 1155.5 2.30195
8 34 1167.81 1167.91 0.0975387
29 32 1026.21 1026.3 0.097544
15 32 1009.43 1009.53 0.10266
12 31 981.296 981.399 0.102658
21 33 1166.53 1166.63 0.0975387
24 34 712.618 714.92 2.30196
20 33 1173.01 1173.1 0.0975372
7 31 928.638 930.94 2.30196
23 35 710.234 712.536 2.30195
21 33 986.533 986.631 0.0975387
1 34 1174.89 1174.98 0.0975378
21 33 710.213 712.515 2.30195
24 35 1178.57 1178.67 0.10266
6 30 943.132 943.234 0.102658
8 34 987.808 987.911 0.102659
24 35 940.511 942.813 2.30196
25 0 710.133 0 -710.133
5 30 1140.81 1140.91 0.0975386
5 30 684.491 686.793 2.30195
20 33 686.685 688.987 2.30195
3 35 688.231 690.533 2.30195
1 34 688.567 690.869 2.30195
4 31 689.5 691.802 2.30195
26 32 689.719 692.021 2.30197
29 32 689.885 692.187 2.30196
27 0 691.857 0 -691.857
0 0 692.147 0 -692.147
28 0 692.896 0 -692.896
13 30 692.952 695.254 2.30195
18 33 696.002 698.304 2.30195
19 33 696.111 698.413 2.30196
6 31 696.811 699.113 2.30196
14 32 697.41 699.712 2.30195
16 32 698.467 700.769 2.30195
7 0 700.745 0 -700.745
9 0 701.993 0 -701.993
10 30 702.217 704.519 2.30195
2 30 703.006 705.308 2.30195
15 36 703.108 705.41 2.30196
5 30 990.811 990.909 0.0975386
21 33 1046.53 1046.63 0.0975387
26 33 1145.51 1147.81 2.30196
22 0 710.579 0 -710.579
29 32 966.205 966.303 0.097544
11 31 1136.56 1136.66 0.0975381
8 34 711.488 713.79 2.30195
17 32 711.882 714.184 2.30195
1 34 1024.89 1024.98 0.0975378
13 34 1029.27 1029.37 0.097538
29 32 996.205 996.303 0.097544
4 31 1175.82 1175.92 0.0975372
27 33 1375.54 1377.84 2.30197
12 31 1011.3 1011.39 0.0975384
6 30 1003.13 1003.23 0.0975382
23 35 1016.55 1016.65 0.0975379
20 33 1143.01 1143.1 0.0975372
6 30 1033.13 1033.23 0.0975382
1 34 964.887 964.985 0.0975378
23 35 938.127 938.23 0.102658
10 34 930.11 932.412 2.30195
15 32 931.001 931.104 0.10266
21 33 938.106 938.209 0.102659
3 35 964.552 964.649 0.0975383
3 35 934.552 934.654 0.102658
4 31 935.82 935.918 0.0975372
12 30 932.869 932.972 0.102658
11 31 938.138 938.24 0.102658
19 32 924.004 926.306 2.30197
28 36 1148.68 1148.79 0.102657
25 32 938.027 940.329 2.30196
5 30 930.811 930.914 0.102659
8 34 939.381 939.484 0.102659
22 35 938.472 940.774 2.30196
1 34 934.887 934.99 0.102658
20 33 933.005 933.108 0.102657
5 30 912.384 912.487 0.102659
20 33 914.578 914.681 0.102657
3 35 916.125 916.227 0.102658
1 34 916.46 916.563 0.102658
4 31 917.393 917.496 0.102657
26 33 917.612 919.914 2.30196
29 32 917.778 917.963 0.18484
27 0 919.75 0 -919.75
0 34 920.04 922.342 2.30195
28 36 920.789 923.091 2.30195
13 34 920.845 920.948 0.102658
18 33 923.896 923.998 0.102657
9 34 929.887 932.189 2.30196
6 30 924.705 924.807 0.102658
17 32 939.775 939.878 0.102658
2 34 930.899 933.201 2.30196
14 36 925.303 927.605 2.30196
16 32 926.36 926.463 0.102658
29 32 936.205 936.308 0.102664
13 34 939.272 939.375 0.102658
13 34 1149.27 1149.37 0.097538
15 32 949.428 949.531 0.10266
18 33 942.323 942.425 0.102657
12 31 951.296 951.399 0.102658
16 32 944.787 944.89 0.102658
4 31 965.82 965.918 0.0975372
13 34 969.272 969.375 0.102658
17 32 958.202 958.305 0.102658
21 33 956.533 956.636 0.102659
23 35 956.554 956.652 0.0975379
11 31 956.565 956.667 0.102658
8 34 957.808 957.906 0.0975387
5 30 960.811 960.914 0.102659
20 33 963.005 963.103 0.0975372
1 34 1054.89 1054.98 0.0975378
5 30 1050.81 1050.91 0.0975386
29 32 1056.21 1056.3 0.097544
20 33 1053.01 1053.1 0.0975372
3 35 1054.55 1054.65 0.0975383
4 31 1055.82 1055.92 0.0975372
9 31 1157.78 1157.88 0.102657
12 31 1071.3 1071.39 0.0975384
13 34 1059.27 1059.37 0.097538
16 32 1064.79 1064.88 0.0975379
10 30 1158 1160.31 2.30195
18 33 1062.32 1062.42 0.0975372
6 30 1063.13 1063.23 0.0975382
17 32 1168.2 1168.3 0.0975383
6 30 1123.13 1123.23 0.0975382
15 32 1099.43 1099.53 0.0975402
15 32 1069.43 1069.53 0.10266
14 32 1381.09 1381.19 0.102659
8 34 1077.81 1077.91 0.0975387
17 32 1078.2 1078.3 0.0975383
29 32 1086.21 1086.3 0.097544
20 33 1083.01 1083.1 0.0975372
23 35 1076.55 1076.65 0.0975379
21 33 1076.53 1076.63 0.0975387
11 31 1076.56 1076.66 0.0975381
12 34 1161.3 1161.39 0.0975418
1 34 1114.89 1114.98 0.0975378
19 33 1151.9 1154.2 2.30196
25 32 1165.92 1168.22 2.30196
1 34 1084.89 1084.98 0.0975378
3 35 1084.55 1084.65 0.0975383
5 30 1080.81 1080.91 0.0975386
12 31 1101.3 1101.39 0.0975384
4 31 1085.82 1085.92 0.0975372
16 32 1094.79 1094.88 0.0975379
17 32 1108.2 1108.3 0.0975383
0 34 1158.1 1158.2 0.102658
13 34 1089.27 1089.37 0.097538
6 30 1153.13 1153.23 0.0975382
4 31 1115.82 1115.92 0.0975372
18 33 1092.32 1092.42 0.0975372
15 32 1159.43 1159.53 0.0975402
6 30 1093.13 1093.23 0.0975382
20 33 1113.01 1113.1 0.0975372
3 35 1114.55 1114.65 0.0975383
8 34 1107.81 1107.91 0.0975387
23 35 1106.55 1106.65 0.0975379
21 33 1106.53 1106.63 0.0975387
11 31 1106.56 1106.66 0.0975381
3 35 1174.55 1174.65 0.0975383
26 33 1373.4 1375.7 2.30196
5 30 1110.81 1110.91 0.0975386
29 32 1176.21 1176.3 0.097544
25 32 1393.81 1394.43 0.616456
2 30 1386.69 1386.79 0.102657
13 34 1179.27 1179.37 0.097538
24 35 1198.94 1199.04 0.10266
10 30 1385.9 1386 0.102657
28 36 1179.22 1179.31 0.097537
19 33 1379.79 1381.11 1.31482
6 30 1183.13 1183.23 0.0975382
0 34 1178.47 1178.56 0.0975376
15 32 1189.43 1189.53 0.0975402
9 31 1188.31 1188.42 0.102657
16 32 1184.79 1184.88 0.0975379
7 30 1384.42 1384.53 0.102658
12 31 1191.3 1191.39 0.0975384
22 35 1394.26 1396.56 2.30196
18 33 1182.32 1182.42 0.0975372
8 34 1197.81 1197.91 0.0975387
17 32 1198.2 1198.3 0.0975383
21 33 1196.53 1196.63 0.0975387
23 35 1196.55 1196.65 0.0975379
11 31 1196.56 1196.66 0.0975381
