7 44 0.27085 2.5728 2.30195
19 42 0.487361 2.78932 2.30196
8 44 10.3459 12.6479 2.30195
38 45 13.8861 16.188 2.30196
6 41 11.621 13.9229 2.30195
20 0 9.56318 0 -9.56318
30 43 13.0297 15.3317 2.30196
32 43 2.48961 4.79156 2.30195
22 42 1067.78 1067.87 0.0975375
27 0 2.67556 0 -2.67556
2 0 9.75134 0 -9.75134
11 41 3.48477 5.78672 2.30195
22 42 1097.78 1097.87 0.0975375
11 41 1113.48 1113.58 0.0975374
31 41 6.3784 8.68036 2.30196
37 0 4.3156 0 -4.3156
21 0 4.85636 0 -4.85636
35 45 6.35688 8.65883 2.30195
19 42 1367.85 1370.15 2.30196
20 42 1149.03 1151.33 2.30196
39 42 15.3489 17.6509 2.30197
17 42 14.8485 17.1504 2.30196
18 45 16.5774 18.8794 2.30197
30 40 1007.98 1008.16 0.1746
25 46 17.2719 19.5739 2.30196
35 45 1086.36 1086.45 0.0975376
22 42 1007.78 1007.87 0.0975375
4 41 1068.06 1068.16 0.0975386
36 45 17.8015 20.1035 2.30195
3 44 18.0099 20.3118 2.30196
22 42 17.7773 20.0793 2.30195
30 40 1033.03 1033.2 0.1746
35 45 1056.36 1056.45 0.0975376
4 41 18.0611 20.363 2.30195
29 0 19.1698 0 -19.1698
12 41 19.3592 21.6612 2.30196
34 46 19.4918 21.7937 2.30195
35 45 996.357 996.454 0.0975376
29 46 1158.64 1160.94 2.30197
5 40 1168.11 1170.41 2.30195
35 45 1116.36 1116.45 0.0975376
16 44 1164.56 1166.86 2.30195
37 44 1143.78 1146.08 2.30196
9 40 22.8943 25.1963 2.30195
0 41 24.3064 26.6083 2.30196
1 40 19.971 22.273 2.30195
16 44 25.0942 27.3961 2.30195
34 46 1099.49 1099.59 0.0975385
35 45 1026.36 1026.45 0.0975376
28 46 25.4143 27.7162 2.30195
26 46 25.2337 27.5356 2.30195
9 40 1072.89 1072.99 0.0975377
11 41 933.485 933.587 0.102657
6 41 923.194 923.297 0.102658
23 0 28.2426 0 -28.2426
10 40 26.5032 28.8052 2.30195
11 41 1023.48 1023.58 0.0975374
8 44 921.919 922.022 0.102659
24 46 27.8928 30.1947 2.30195
13 40 27.9437 30.2457 2.30195
2 40 921.324 923.626 2.30195
34 46 1039.49 1039.59 0.0975385
26 46 1105.23 1105.33 0.0975372
19 42 1139.95 1142.26 2.30196
32 43 1082.49 1082.59 0.097537
9 40 1042.89 1042.99 0.0975377
20 0 921.136 0 -921.136
5 0 28.6453 0 -28.6453
14 0 28.6125 0 -28.6125
15 0 29.7713 0 -29.7713
33 43 29.4719 31.7738 2.30195
31 41 917.951 920.253 2.30196
35 45 917.93 918.033 0.102658
7 44 1140.27 1140.37 0.097538
34 46 1129.49 1129.59 0.0975385
39 0 1154.82 0 -1154.82
18 42 1156.04 1158.35 2.30196
21 40 916.429 918.731 2.30196
37 0 915.889 0 -915.889
9 40 1012.89 1013 0.102658
29 40 247.063 249.365 2.30196
14 41 256.506 258.808 2.30195
34 46 475.278 477.58 2.30195
12 0 475.146 0 -475.146
26 46 253.127 255.429 2.30195
0 0 252.2 0 -252.2
28 46 253.308 255.609 2.30195
23 45 256.136 258.438 2.30196
26 46 481.02 483.322 2.30195
6 41 1091.62 1091.72 0.0975382
1 44 247.864 250.166 2.30196
30 40 1093.03 1093.2 0.1746
10 44 254.396 256.698 2.30196
16 44 252.987 255.289 2.30195
15 41 257.665 259.967 2.30195
11 41 1053.48 1053.58 0.0975374
33 43 1079.47 1079.57 0.0975384
34 46 247.385 249.687 2.30195
10 40 482.29 484.592 2.30195
8 44 1090.35 1090.44 0.0975386
12 41 247.252 249.554 2.30196
33 43 257.365 259.667 2.30195
28 0 481.201 0 -481.201
9 40 250.788 253.09 2.30195
5 40 256.539 258.841 2.30195
33 43 1019.47 1019.57 0.102658
38 45 1093.89 1093.98 0.0975395
7 44 228.164 230.466 2.30195
19 42 228.381 230.683 2.30196
32 43 230.383 232.685 2.30195
27 41 230.569 232.871 2.30196
11 41 231.378 233.68 2.30195
37 42 232.209 234.511 2.30195
21 42 232.75 235.052 2.30195
35 45 234.25 236.552 2.30195
31 41 234.272 236.574 2.30196
20 45 237.456 239.758 2.30197
2 40 237.645 239.947 2.30195
8 44 238.239 240.541 2.30195
6 41 239.514 241.816 2.30195
30 40 240.923 243.225 2.30196
38 45 241.779 244.081 2.30196
17 42 242.742 245.044 2.30196
39 0 243.242 0 -243.242
18 42 244.471 246.773 2.30196
25 46 245.165 247.467 2.30196
22 42 245.671 247.973 2.30195
36 45 245.695 247.997 2.30195
3 40 245.903 248.205 2.30195
4 41 245.954 248.256 2.30195
11 41 915.058 915.16 0.102657
27 46 914.249 916.551 2.30196
14 41 1168.08 1170.38 2.30195
33 43 1139.47 1139.57 0.0975384
10 40 1136.5 1136.6 0.097538
32 43 914.063 914.165 0.102657
19 42 912.06 914.362 2.30196
7 44 911.844 911.946 0.102658
24 46 255.786 258.088 2.30195
13 40 255.837 258.139 2.30195
38 45 1033.89 1033.98 0.0975395
22 42 929.35 929.453 0.102658
17 42 1154.31 1156.62 2.30196
36 45 1157.27 1157.37 0.102657
3 40 1157.48 1159.78 2.30195
33 43 1109.47 1109.57 0.0975384
0 40 1163.77 1166.07 2.30195
25 46 1156.74 1157.07 0.328711
22 42 1127.78 1127.87 0.0975375
7 44 1020.27 1020.37 0.102658
7 44 1170.27 1170.37 0.097538
24 46 1177.52 1177.62 0.0975385
6 41 1121.62 1121.72 0.0975382
8 44 1060.35 1060.44 0.0975386
22 42 1037.78 1037.87 0.0975375
4 41 1008.06 1008.16 0.0975386
9 40 1102.89 1102.99 0.0975377
9 40 1132.89 1132.99 0.0975377
15 41 1169.24 1171.54 2.30195
34 46 1069.49 1069.59 0.0975385
7 44 1110.27 1110.37 0.097538
8 44 1120.35 1120.44 0.0975386
6 41 1031.62 1031.72 0.102658
32 43 1052.49 1052.59 0.102657
10 40 1016.5 1016.6 0.097538
7 40 930.271 930.374 0.102659
2 40 1149.22 1151.52 2.30195
33 43 941.045 941.148 0.102658
1 40 1159.44 1159.54 0.102658
20 45 465.35 467.652 2.30197
3 40 473.796 476.098 2.30195
1 44 475.758 478.059 2.30196
5 0 484.432 0 -484.432
4 41 1098.06 1098.16 0.0975386
4 41 473.848 476.15 2.30195
24 46 711.573 713.874 2.30195
14 0 484.399 0 -484.399
38 45 469.673 471.975 2.30196
10 40 1106.5 1106.6 0.097538
9 40 478.681 480.983 2.30195
33 43 485.258 487.56 2.30195
16 44 480.881 483.183 2.30195
34 46 1009.49 1009.59 0.0975385
31 41 462.165 464.467 2.30196
2 40 465.538 467.84 2.30195
10 40 1046.5 1046.6 0.097538
26 46 1075.23 1075.33 0.0975372
36 45 473.588 475.89 2.30195
33 43 1049.47 1049.57 0.102658
0 41 707.986 710.288 2.30196
23 0 484.029 0 -484.029
24 46 483.679 485.981 2.30195
35 45 462.143 464.445 2.30195
23 0 711.922 0 -711.922
15 41 485.558 487.86 2.30195
13 40 483.73 486.032 2.30195
26 46 1045.23 1045.33 0.0975372
29 0 474.956 0 -474.956
0 40 480.093 482.395 2.30195
7 44 456.057 458.359 2.30195
19 42 456.274 458.576 2.30196
32 43 458.276 460.578 2.30195
27 46 458.462 460.764 2.30196
11 41 459.271 461.573 2.30195
37 42 460.102 462.404 2.30195
21 42 460.643 462.945 2.30195
4 41 1038.06 1038.16 0.0975386
6 41 1061.62 1061.72 0.0975382
24 46 1167.36 1167.46 0.102658
8 44 1000.35 1000.45 0.102659
32 46 1022.49 1022.59 0.0975404
6 41 467.407 469.709 2.30195
8 44 466.132 468.434 2.30195
26 46 1135.23 1135.33 0.0975372
8 44 940.346 940.449 0.102659
29 41 930.743 933.045 2.30196
36 45 929.375 931.676 2.30195
34 46 931.065 931.167 0.102658
24 46 939.466 941.768 2.30195
30 40 468.816 471.118 2.30196
18 0 472.364 0 -472.364
39 0 471.135 0 -471.135
17 42 470.635 472.937 2.30196
39 42 926.922 929.224 2.30197
25 0 473.058 0 -473.058
22 42 473.564 475.866 2.30195
17 42 926.421 928.723 2.30196
7 44 1050.27 1050.37 0.097538
30 40 1063.03 1063.2 0.1746
32 46 992.49 992.587 0.0975404
14 0 940.186 0 -940.186
28 46 709.094 711.396 2.30195
15 0 713.451 0 -713.451
26 46 708.913 711.215 2.30195
10 40 710.183 712.485 2.30195
28 46 936.987 939.289 2.30195
22 42 947.777 947.875 0.0975375
1 44 931.544 933.846 2.30196
34 46 949.492 949.594 0.102658
16 0 708.774 0 -708.774
32 46 932.49 932.592 0.10266
12 41 930.932 933.234 2.30196
3 0 929.583 0 -929.583
26 46 936.807 936.909 0.102657
7 44 683.951 686.253 2.30195
19 42 684.167 686.469 2.30196
32 43 686.169 688.471 2.30195
27 41 686.355 688.657 2.30196
11 41 687.165 689.466 2.30195
37 0 687.995 0 -687.995
21 40 688.536 690.838 2.30196
35 45 690.037 692.339 2.30195
31 40 690.058 692.36 2.30196
20 0 693.243 0 -693.243
2 0 693.431 0 -693.431
8 44 694.026 696.328 2.30195
6 41 695.301 697.603 2.30195
30 40 696.709 699.011 2.30196
38 45 697.566 699.868 2.30196
17 0 698.528 0 -698.528
39 42 699.029 701.331 2.30197
18 0 700.257 0 -700.257
25 46 700.952 703.254 2.30196
22 42 701.457 703.759 2.30195
36 0 701.481 0 -701.481
3 44 701.69 703.992 2.30196
4 41 701.741 704.043 2.30195
29 0 702.85 0 -702.85
12 40 703.039 705.341 2.30195
34 46 703.172 705.473 2.30195
1 40 703.651 705.953 2.30195
9 40 706.574 708.876 2.30195
5 41 712.325 714.627 2.30195
33 46 713.152 715.454 2.30195
23 40 939.816 942.118 2.30197
14 0 712.292 0 -712.292
13 40 711.623 713.925 2.30195
4 41 929.634 929.737 0.102659
5 40 940.218 942.52 2.30195
38 45 943.886 943.989 0.102659
13 40 939.517 941.819 2.30195
6 41 941.621 941.724 0.102658
4 41 948.061 948.164 0.102659
16 40 936.667 938.969 2.30196
10 40 938.076 938.179 0.102658
15 42 941.344 943.646 2.30196
30 40 957.144 957.473 0.328712
25 46 928.845 931.147 2.30196
18 45 928.15 930.452 2.30197
38 45 925.459 925.562 0.102659
30 40 924.603 924.931 0.328712
38 45 1003.89 1003.99 0.102659
32 43 1112.49 1112.59 0.102657
27 41 1142.14 1142.24 0.102662
8 44 1030.35 1030.44 0.0975386
12 40 1158.83 1161.13 2.30195
4 41 1128.06 1128.16 0.0975386
38 45 1123.89 1123.98 0.0975395
30 40 1123.03 1123.2 0.1746
10 40 1076.5 1076.6 0.097538
21 40 1144.32 1144.43 0.102666
31 41 1145.84 1148.15 2.30196
9 40 934.467 934.57 0.102658
35 45 936.357 936.46 0.102658
0 40 935.879 938.181 2.30195
26 46 1015.23 1015.33 0.0975372
28 46 1164.88 1167.18 2.30195
13 40 1167.41 1169.71 2.30195
23 45 1167.71 1170.01 2.30196
9 40 952.894 952.997 0.102658
10 40 956.503 956.606 0.102658
8 44 970.346 970.443 0.0975386
26 46 955.234 955.336 0.102657
6 41 971.621 971.724 0.102658
22 42 977.777 977.875 0.0975375
26 46 1165.23 1165.33 0.0975372
34 46 979.492 979.589 0.0975385
7 44 1080.27 1080.37 0.097538
33 43 959.472 959.569 0.0975384
7 44 960.271 960.368 0.097538
11 41 963.485 963.582 0.0975374
11 41 1083.48 1083.58 0.0975374
32 46 962.49 962.587 0.0975404
4 41 978.061 978.159 0.0975386
35 45 966.357 966.454 0.0975376
9 40 982.894 982.997 0.102658
38 45 1063.89 1063.98 0.0975395
30 40 989.686 989.871 0.18484
38 45 973.886 973.984 0.0975395
10 40 986.503 986.606 0.102658
11 41 993.485 993.587 0.102657
6 41 1001.62 1001.72 0.102658
7 44 990.271 990.368 0.097538
26 46 985.234 985.331 0.0975372
33 43 989.472 989.575 0.102658
30 41 1153.03 1153.2 0.174601
35 45 1146.36 1146.45 0.0975376
32 43 1142.49 1142.59 0.097537
27 41 1152.3 1152.41 0.102662
4 41 1158.06 1158.16 0.0975386
11 41 1143.48 1143.58 0.0975374
8 44 1150.35 1150.44 0.0975386
6 41 1151.62 1151.72 0.0975382
22 42 1157.78 1157.87 0.0975375
38 45 1153.89 1153.98 0.0975395
34 46 1159.49 1159.59 0.0975385
32 43 1172.49 1172.59 0.097537
9 40 1162.89 1162.99 0.0975377
1 44 1169.6 1169.7 0.10266
10 40 1166.5 1166.6 0.097538
33 0 1169.47 0 -1169.47
27 41 1172.68 1172.77 0.0975417
20 45 1376.92 1379.22 2.30197
2 40 1377.11 1377.21 0.102659
21 42 1174.86 1174.95 0.0975382
31 41 1373.74 1376.04 2.30196
37 0 1371.68 0 -1371.68
35 45 1176.36 1176.45 0.0975376
30 40 1183.03 1183.2 0.1746
12 40 1386.72 1386.82 0.102659
8 44 1180.35 1180.44 0.0975386
9 40 1192.89 1192.99 0.0975377
0 40 1391.67 1391.77 0.102658
11 0 1173.48 0 -1173.48
6 41 1181.62 1181.72 0.0975382
38 45 1183.89 1183.98 0.0975395
4 41 1188.06 1188.16 0.0975386
28 46 1392.77 1392.88 0.102659
3 40 1385.37 1385.47 0.102659
16 44 1392.45 1394.76 2.30195
25 46 1189.28 1189.46 0.184839
29 40 1386.53 1388.83 2.30196
34 46 1189.49 1189.59 0.0975385
23 45 1395.6 1397.9 2.30196
14 41 1395.97 1398.27 2.30195
18 42 1383.94 1385.25 1.31482
26 46 1195.23 1195.33 0.0975372
22 42 1187.78 1187.87 0.0975375
24 46 1197.89 1198 0.102658
13 40 1395.3 1397.61 2.30195
1 40 1189.97 1190.07 0.0975385
39 42 1382.71 1385.01 2.30197
15 41 1397.13 1397.32 0.184835
36 45 1187.8 1187.9 0.0975366
17 42 1382.21 1382.82 0.616455
33 43 1199.47 1199.57 0.0975384
10 40 1196.5 1196.6 0.097538
5 40 1396 1396.11 0.102657
