13 31 1.8699 4.17185 2.30195
11 30 6.21551 8.51746 2.30196
17 31 7.30336 9.60532 2.30195
19 31 4.67013 6.97208 2.30195
21 31 1.89487 4.19682 2.30196
0 30 2.72761 5.02957 2.30195
29 0 7.74393 0 -7.74393
14 31 8.40164 10.7036 2.30196
15 31 9.52407 11.826 2.30195
7 30 8.62819 10.9302 2.30196
10 32 9.52928 11.8312 2.30196
1 30 10.293 12.5949 2.30195
25 31 11.8888 14.1908 2.30196
6 30 11.5096 13.8116 2.30195
27 32 15.0062 17.3081 2.30195
2 30 13.6945 15.9965 2.30196
18 31 15.1364 17.4383 2.30195
16 0 18.1637 0 -18.1637
4 30 18.6548 20.9568 2.30195
22 31 19.4499 21.7518 2.30195
26 0 23.187 0 -23.187
28 0 22.7309 0 -22.7309
23 31 23.3465 25.6484 2.30196
12 30 23.4765 25.7784 2.30195
20 31 24.3083 26.6103 2.30196
3 0 24.7893 0 -24.7893
8 30 25.5153 27.8173 2.30196
24 31 27.2914 29.5933 2.30195
9 0 28.6893 0 -28.6893
5 32 27.8881 30.1901 2.30196
20 31 252.202 254.504 2.30196
24 31 255.185 257.487 2.30195
3 0 252.683 0 -252.683
12 30 479.263 481.565 2.30195
23 31 251.24 253.542 2.30196
26 0 251.08 0 -251.08
26 0 1162.65 0 -1162.65
15 31 465.311 467.613 2.30195
7 0 464.415 0 -464.415
2 30 469.481 471.783 2.30196
28 0 250.624 0 -250.624
5 30 255.781 258.083 2.30195
9 30 256.583 258.884 2.30195
8 30 253.409 255.711 2.30196
12 30 251.37 253.672 2.30195
20 31 480.095 482.397 2.30196
8 30 481.302 483.604 2.30196
13 31 229.763 232.065 2.30195
21 0 229.788 0 -229.788
0 30 230.621 232.923 2.30195
19 31 232.563 234.865 2.30195
11 30 234.109 236.411 2.30196
17 31 235.197 237.499 2.30195
29 32 235.637 237.939 2.30196
14 0 236.295 0 -236.295
7 0 236.521 0 -236.521
15 31 237.417 239.719 2.30195
10 0 237.423 0 -237.423
1 0 238.186 0 -238.186
6 30 239.403 241.705 2.30195
25 31 239.782 242.084 2.30196
2 32 241.588 243.89 2.30196
27 32 242.899 245.201 2.30195
18 31 243.03 245.332 2.30195
16 31 246.057 248.359 2.30195
4 30 246.548 248.85 2.30195
22 31 247.343 249.645 2.30195
22 31 475.236 477.538 2.30195
16 31 473.95 476.252 2.30195
23 31 479.133 481.435 2.30196
10 30 465.316 467.618 2.30195
1 30 466.079 468.381 2.30195
4 30 474.441 476.743 2.30195
3 30 480.576 482.878 2.30196
28 0 478.517 0 -478.517
5 30 483.675 485.977 2.30195
14 31 464.188 466.49 2.30196
26 30 478.973 481.275 2.30197
29 0 463.53 0 -463.53
18 31 470.923 473.225 2.30195
9 32 712.369 714.671 2.30196
24 31 710.971 713.273 2.30195
6 30 467.296 469.598 2.30195
27 32 470.793 473.095 2.30195
9 30 484.476 486.778 2.30195
24 31 483.078 485.38 2.30195
13 31 457.656 459.958 2.30195
21 31 457.681 459.983 2.30196
0 30 458.514 460.816 2.30195
19 31 460.457 462.759 2.30195
11 30 462.002 464.304 2.30196
17 31 463.09 465.392 2.30195
25 31 467.675 469.977 2.30196
27 31 926.579 928.881 2.30197
2 32 925.268 927.57 2.30196
12 30 935.049 935.152 0.102659
5 32 711.568 713.87 2.30196
23 31 1162.81 1162.92 0.102659
21 31 1141.36 1143.66 2.30196
5 30 957.888 957.986 0.097538
25 32 1151.36 1153.66 2.30198
16 31 929.737 932.039 2.30195
3 30 936.362 938.664 2.30196
13 31 685.55 687.852 2.30195
21 31 685.575 687.877 2.30196
0 30 686.407 688.709 2.30195
19 32 688.35 690.652 2.30197
11 0 689.895 0 -689.895
17 31 690.983 693.285 2.30195
29 31 691.424 693.726 2.30196
14 0 692.081 0 -692.081
7 30 692.308 694.61 2.30196
15 32 693.204 695.506 2.30198
10 0 693.209 0 -693.209
1 0 693.973 0 -693.973
6 30 695.189 697.491 2.30195
25 0 695.569 0 -695.569
2 0 697.374 0 -697.374
27 32 698.686 700.988 2.30195
18 31 698.816 701.118 2.30195
16 0 701.843 0 -701.843
4 30 702.335 704.637 2.30195
22 31 703.13 705.432 2.30195
28 30 706.411 708.713 2.30198
26 0 706.867 0 -706.867
23 0 707.026 0 -707.026
12 30 707.156 709.458 2.30195
20 0 707.988 0 -707.988
3 0 708.469 0 -708.469
8 0 709.195 0 -709.195
13 31 1171.87 1171.97 0.0975373
5 30 939.461 939.564 0.102658
26 0 934.76 0 -934.76
29 31 1375.1 1377.41 2.30196
22 31 949.45 949.547 0.0975375
15 31 969.524 969.622 0.0975386
17 31 967.303 967.401 0.0975381
15 31 1149.52 1149.62 0.0975386
22 31 931.023 931.126 0.102657
12 30 953.476 953.574 0.0975388
20 31 935.881 938.183 2.30196
28 0 934.304 0 -934.304
8 30 937.088 939.39 2.30196
17 31 1147.3 1147.4 0.0975381
18 31 926.709 929.011 2.30195
10 0 1149 0 -1149
23 31 934.919 937.221 2.30196
22 31 979.45 979.547 0.0975375
24 32 938.864 941.166 2.30197
9 0 940.262 0 -940.262
28 0 1162.2 0 -1162.2
17 31 937.303 937.401 0.0975381
20 32 1163.77 1166.08 2.30197
13 31 931.87 931.967 0.0975373
15 0 939.524 0 -939.524
13 31 913.443 913.546 0.102657
21 31 913.468 915.77 2.30196
0 30 914.301 916.603 2.30195
19 0 916.243 0 -916.243
11 32 917.788 920.09 2.30196
17 31 918.876 918.979 0.102658
29 31 919.317 921.619 2.30196
14 31 919.975 922.277 2.30196
7 30 920.201 922.503 2.30196
15 31 921.097 921.2 0.102659
10 0 921.102 0 -921.102
1 0 921.866 0 -921.866
6 30 923.083 925.385 2.30195
25 32 923.462 925.764 2.30198
13 31 961.87 961.967 0.0975373
0 30 1152.36 1152.46 0.102659
17 31 1117.3 1117.4 0.0975381
4 30 930.228 932.53 2.30195
12 30 1133.48 1133.57 0.0975388
12 30 983.476 983.579 0.102659
5 30 987.888 987.991 0.102658
13 31 991.87 991.967 0.0975373
17 31 997.303 997.401 0.0975381
15 31 999.524 999.627 0.102659
7 0 1375.99 0 -1375.99
17 31 1177.3 1177.4 0.0975381
10 0 1376.89 0 -1376.89
17 31 1027.3 1027.4 0.0975381
22 31 1009.45 1009.55 0.0975375
12 30 1013.48 1013.58 0.102659
5 30 1017.89 1017.99 0.102658
23 31 1172.98 1173.08 0.102659
13 31 1021.87 1021.97 0.0975373
0 30 1172.73 1172.83 0.0975389
15 31 1029.52 1029.62 0.0975386
21 31 1369.25 1371.56 2.30196
22 31 1039.45 1039.55 0.0975375
13 31 1051.87 1051.97 0.0975373
12 30 1043.48 1043.57 0.0975388
5 30 1167.89 1167.99 0.097538
22 31 1069.45 1069.55 0.0975375
15 31 1059.52 1059.62 0.0975386
12 30 1163.48 1163.57 0.0975388
5 30 1047.89 1047.99 0.097538
17 31 1057.3 1057.4 0.0975381
22 31 1159.45 1159.55 0.0975375
29 0 1147.21 0 -1147.21
12 30 1073.48 1073.57 0.0975388
17 31 1087.3 1087.4 0.0975381
5 30 1077.89 1077.99 0.097538
13 31 1081.87 1081.97 0.0975373
15 31 1089.52 1089.62 0.0975386
19 0 1144.14 0 -1144.14
19 32 1372.03 1374.33 2.30197
22 31 1099.45 1099.55 0.0975375
12 30 1103.48 1103.57 0.0975388
1 0 1149.76 0 -1149.76
5 30 1107.89 1107.99 0.097538
13 31 1111.87 1111.97 0.0975373
2 30 1153.16 1155.46 2.30196
24 31 1166.76 1169.06 2.30195
7 0 1148.09 0 -1148.09
3 30 1164.26 1166.56 2.30196
14 31 1147.87 1150.17 2.30196
22 31 1129.45 1129.55 0.0975375
11 30 1145.68 1147.98 2.30196
18 31 1154.6 1156.9 2.30195
14 31 1375.76 1375.86 0.10266
8 30 1164.98 1165.08 0.102661
6 30 1150.98 1153.28 2.30195
15 31 1119.52 1119.62 0.0975386
0 30 1142.19 1142.3 0.102659
27 0 1154.47 0 -1154.47
16 31 1157.63 1159.93 2.30195
4 32 1158.12 1160.42 2.30196
5 30 1137.89 1137.99 0.097538
9 32 1168.16 1170.46 2.30196
13 31 1141.87 1141.97 0.0975373
15 31 1179.52 1179.62 0.0975386
11 30 1373.57 1375.88 2.30196
1 32 1377.65 1379.95 2.30196
6 30 1378.87 1381.17 2.30195
8 30 1195.52 1195.61 0.0975407
25 31 1379.25 1381.55 2.30196
27 32 1382.37 1384.67 2.30195
18 31 1382.5 1384.8 2.30195
9 30 1396.05 1396.15 0.102658
26 30 1390.55 1392.85 2.30197
3 30 1392.15 1394.45 2.30196
2 30 1381.05 1381.16 0.102662
16 31 1385.52 1385.71 0.184835
28 0 1390.09 0 -1390.09
20 31 1391.67 1391.85 0.184836
23 31 1193.35 1193.44 0.0975395
4 30 1386.01 1388.32 2.30195
22 31 1189.45 1189.55 0.0975375
12 30 1193.48 1193.57 0.0975388
24 32 1394.65 1396.95 2.30197
5 30 1197.89 1197.99 0.097538
