22 55 0.12232 2.42427 2.30195
15 54 0.911411 3.21336 2.30195
40 0 695.298 0 -695.298
34 58 1161.44 1161.53 0.0975362
35 63 1078.8 1078.9 0.0975372
34 58 1101.44 1101.53 0.0975362
43 67 1.40345 3.7054 2.30195
22 52 1080.12 1080.22 0.0975384
27 57 1.66346 3.96542 2.30196
21 54 701.63 703.932 2.30195
42 69 2.65173 4.95369 2.30195
4 50 2.82892 5.13087 2.30195
30 62 3.00295 5.3049 2.30195
19 55 701.394 703.696 2.30195
42 69 992.652 992.754 0.102658
28 55 701.119 703.421 2.30195
19 55 1097.71 1097.81 0.0975372
22 52 228.016 230.318 2.30195
33 68 5.02557 7.32753 2.30195
42 69 962.652 962.754 0.102658
38 59 5.89244 8.19439 2.30195
45 58 5.64176 7.94372 2.30196
20 0 702.895 0 -702.895
14 52 700.871 703.173 2.30195
26 0 6.98341 0 -6.98341
8 50 6.74216 9.04411 2.30195
31 57 6.52425 8.8262 2.30195
13 55 7.21722 9.51918 2.30196
48 61 700.479 702.781 2.30195
7 51 700.223 702.525 2.30195
41 61 967.685 967.787 0.102658
19 55 977.714 977.812 0.0975372
12 50 699.256 701.558 2.30195
28 55 929.012 931.314 2.30195
5 50 698.556 700.858 2.30195
18 52 1091.09 1091.19 0.097538
44 60 7.83728 10.1392 2.30195
29 62 7.75376 10.0557 2.30195
41 61 7.6847 9.98665 2.30195
24 58 7.96312 10.2651 2.30195
46 66 704.932 707.234 2.30195
49 60 703.39 705.692 2.30196
6 50 9.83712 12.1391 2.30195
1 56 9.32341 11.6254 2.30195
47 70 9.82209 12.124 2.30195
27 55 961.663 961.761 0.0975395
0 53 10.2032 12.5052 2.30195
11 56 695.259 697.561 2.30195
2 51 711.956 714.258 2.30195
1 56 969.323 969.421 0.0975376
11 56 11.579 13.8809 2.30195
18 52 11.09 13.3919 2.30195
40 54 11.618 13.92 2.30196
49 64 1009.71 1009.81 0.097538
9 56 978.334 978.437 0.102658
18 52 694.77 697.072 2.30195
0 53 693.883 696.185 2.30195
48 61 16.7995 19.1014 2.30195
7 51 16.5437 18.8457 2.30195
5 50 14.8759 17.1779 2.30195
28 0 17.4394 0 -17.4394
12 50 15.5759 17.8778 2.30195
19 55 17.7145 20.0164 2.30195
47 70 999.822 999.92 0.0975363
14 52 17.1915 19.4935 2.30195
6 0 693.517 0 -693.517
43 67 991.403 991.501 0.0975363
47 70 693.502 695.804 2.30195
8 50 1086.74 1086.84 0.0975382
1 50 693.003 695.305 2.30195
34 58 981.437 981.535 0.0975362
36 65 18.0896 20.3915 2.30195
21 54 17.9503 20.2522 2.30195
15 54 228.805 231.107 2.30195
31 57 966.524 966.622 0.0975373
37 59 1071.48 1071.58 0.0975381
43 67 229.297 231.599 2.30195
7 51 1096.54 1096.64 0.0975364
24 0 691.643 0 -691.643
23 54 20.8724 23.1743 2.30195
9 56 18.3343 20.6363 2.30195
44 60 691.517 693.819 2.30195
36 65 1098.09 1098.19 0.0975377
49 64 19.7102 22.0121 2.30195
20 54 19.2149 21.5169 2.30196
34 58 1011.44 1011.53 0.0975362
37 59 1161.48 1161.58 0.0975381
34 58 21.4374 23.7394 2.30195
46 66 21.252 23.554 2.30195
37 59 21.4837 23.7856 2.30195
10 51 22.6049 24.9068 2.30195
29 62 691.434 693.735 2.30195
41 61 691.364 693.666 2.30195
35 63 940.372 940.475 0.102657
16 52 22.46 24.762 2.30195
32 57 22.4749 24.7769 2.30195
13 55 690.897 693.199 2.30196
4 50 962.829 962.932 0.102658
26 55 690.663 692.965 2.30196
31 57 1086.52 1086.62 0.0975373
31 57 996.524 996.622 0.0975373
25 55 23.3738 25.6758 2.30195
35 63 712.479 714.781 2.30195
17 52 23.7364 26.0384 2.30195
32 57 982.475 982.572 0.0975366
32 57 1192.47 1192.57 0.0975366
39 51 24.1512 26.4531 2.30195
3 53 23.8724 26.1743 2.30195
8 56 690.422 692.724 2.30195
13 55 1087.22 1087.31 0.0975398
2 51 28.2763 30.5782 2.30195
35 63 28.799 31.101 2.30195
49 64 247.603 249.905 2.30195
27 55 1021.66 1021.76 0.0975395
8 50 996.742 996.84 0.0975382
2 51 256.17 258.471 2.30195
0 53 1090.2 1090.3 0.0975372
48 61 472.586 474.888 2.30195
20 0 247.108 0 -247.108
3 53 251.766 254.068 2.30195
35 63 256.692 258.994 2.30195
9 56 246.228 248.53 2.30195
36 65 245.983 248.285 2.30195
46 66 249.145 251.447 2.30195
33 68 965.026 965.128 0.102657
17 0 479.523 0 -479.523
37 59 249.377 251.679 2.30195
1 56 999.323 999.421 0.0975376
39 0 252.044 0 -252.044
27 55 229.557 231.859 2.30196
42 69 230.545 232.847 2.30195
4 50 230.722 233.024 2.30195
30 62 230.896 233.198 2.30195
33 68 232.919 235.221 2.30195
45 57 233.535 235.837 2.30196
38 59 233.786 236.088 2.30195
31 57 234.417 236.719 2.30195
8 50 234.635 236.937 2.30195
26 70 234.877 237.179 2.30196
13 55 235.11 237.412 2.30196
41 61 235.578 237.88 2.30195
29 62 235.647 237.949 2.30195
44 60 235.731 238.032 2.30195
24 58 235.856 238.158 2.30195
1 56 237.217 239.519 2.30195
47 70 237.715 240.017 2.30195
6 50 237.73 240.032 2.30195
0 53 238.096 240.398 2.30195
18 52 238.983 241.285 2.30195
11 53 239.472 241.774 2.30195
40 54 239.511 241.813 2.30196
5 50 242.769 245.071 2.30195
12 50 243.469 245.771 2.30195
7 51 244.437 246.739 2.30195
48 61 244.693 246.995 2.30195
14 52 245.085 247.387 2.30195
28 55 245.333 247.635 2.30195
19 55 245.608 247.91 2.30195
21 54 245.844 248.145 2.30195
34 58 705.117 707.419 2.30195
33 68 995.026 995.123 0.0975371
16 52 982.46 982.558 0.0975381
31 57 690.204 692.506 2.30195
15 54 1080.91 1081.01 0.0975373
38 59 689.572 691.874 2.30195
36 65 701.769 704.071 2.30195
32 57 250.368 252.67 2.30195
10 51 250.498 252.8 2.30195
34 58 249.331 251.633 2.30195
23 54 248.766 251.068 2.30195
45 58 689.322 691.623 2.30196
36 65 1008.09 1008.19 0.0975377
33 68 688.705 691.007 2.30195
16 52 250.353 252.655 2.30195
17 52 251.63 253.932 2.30195
25 55 251.267 253.569 2.30195
30 62 686.683 688.985 2.30195
2 51 1198.28 1198.38 0.102658
4 50 686.509 688.811 2.30195
42 69 686.331 688.633 2.30195
35 63 1018.8 1018.9 0.102657
17 52 707.416 709.718 2.30195
15 54 1020.91 1021.01 0.0975373
27 55 685.343 687.645 2.30196
18 52 971.09 971.188 0.097538
47 70 969.822 969.92 0.0975363
43 67 685.083 687.385 2.30195
15 54 684.591 686.893 2.30195
18 52 941.09 941.193 0.102658
22 52 683.802 686.104 2.30195
1 56 1089.32 1089.42 0.0975376
25 55 707.054 709.356 2.30195
13 55 997.217 997.315 0.0975398
9 56 702.014 704.316 2.30195
36 65 978.09 978.187 0.0975377
48 61 1006.8 1006.9 0.0975374
18 52 1001.09 1001.19 0.097538
39 51 707.831 710.133 2.30195
8 50 462.529 464.831 2.30195
41 61 463.471 465.773 2.30195
29 62 463.54 465.842 2.30195
32 57 1012.47 1012.57 0.0975366
10 51 706.285 708.587 2.30195
48 61 976.799 976.897 0.0975374
13 55 967.217 967.315 0.0975398
2 51 1004.93 1005.26 0.328706
3 53 707.552 709.854 2.30195
4 50 1082.83 1082.93 0.0975381
44 60 937.837 937.94 0.102658
7 51 1006.54 1006.64 0.0975364
32 57 478.261 480.563 2.30195
23 0 704.552 0 -704.552
37 59 705.163 707.465 2.30195
0 53 970.203 970.301 0.0975372
27 55 991.663 991.766 0.102659
32 57 706.155 708.457 2.30195
49 64 1159.71 1159.81 0.097538
44 60 997.837 997.935 0.0975376
16 52 706.14 708.442 2.30195
46 66 477.039 479.34 2.30195
3 53 479.659 481.961 2.30195
34 58 477.224 479.526 2.30195
13 55 463.004 465.306 2.30196
23 54 476.659 478.961 2.30195
16 54 478.247 480.548 2.30195
10 51 478.391 480.693 2.30195
24 58 463.75 466.052 2.30195
14 52 472.978 475.28 2.30195
36 65 473.876 476.178 2.30195
44 60 463.624 465.926 2.30195
5 50 470.662 472.964 2.30195
9 56 474.121 476.423 2.30195
28 55 473.226 475.528 2.30195
37 59 477.27 479.572 2.30195
39 51 479.938 482.24 2.30195
26 0 462.77 0 -462.77
21 54 473.737 476.039 2.30195
35 63 484.586 486.887 2.30195
31 57 462.311 464.613 2.30195
1 56 465.11 467.412 2.30195
25 55 479.16 481.462 2.30195
6 50 465.624 467.926 2.30195
18 52 466.876 469.178 2.30195
12 0 471.362 0 -471.362
7 51 472.33 474.632 2.30195
20 52 475.001 477.303 2.30195
19 55 473.501 475.803 2.30195
2 51 484.063 486.365 2.30195
22 52 455.909 458.211 2.30195
15 54 456.698 459 2.30195
43 67 457.19 459.492 2.30195
27 57 457.45 459.752 2.30196
42 69 458.438 460.74 2.30195
4 50 458.615 460.917 2.30195
30 62 458.789 461.091 2.30195
33 68 460.812 463.114 2.30195
45 57 461.428 463.73 2.30196
38 59 461.679 463.981 2.30195
46 66 1011.25 1011.35 0.102657
49 64 475.497 477.799 2.30195
47 70 465.609 467.911 2.30195
0 53 465.99 468.292 2.30195
11 53 467.365 469.667 2.30195
40 54 467.405 469.706 2.30196
16 52 1012.46 1012.56 0.0975381
44 60 1087.84 1087.93 0.0975376
14 52 1166.82 1166.92 0.102657
12 50 1165.21 1165.31 0.102659
41 61 1087.68 1087.78 0.097538
32 57 1162.47 1162.57 0.0975366
41 61 997.685 997.782 0.097538
43 67 1081.4 1081.5 0.0975363
17 52 1193.74 1193.84 0.102658
9 56 1098.33 1098.43 0.0975376
37 59 1011.48 1011.59 0.102658
37 59 1101.48 1101.58 0.0975381
22 52 990.122 990.225 0.102658
9 56 1008.33 1008.43 0.0975376
19 55 1007.71 1007.81 0.0975372
22 52 1020.12 1020.22 0.102658
2 51 1037.47 1037.8 0.328706
0 53 1000.2 1000.3 0.0975372
25 55 1193.37 1193.47 0.0975375
15 54 990.911 991.014 0.102657
3 53 1013.87 1013.97 0.0975373
44 60 967.837 967.935 0.0975376
2 51 1102.56 1102.74 0.184834
43 67 1021.4 1021.5 0.0975363
33 68 1085.03 1085.12 0.0975371
1 50 939.323 939.426 0.102659
8 50 936.742 936.845 0.102658
46 66 932.825 932.928 0.102657
13 54 937.217 937.32 0.10266
36 65 929.663 929.765 0.102658
41 61 937.685 937.787 0.102658
33 68 935.026 935.128 0.102657
38 59 935.892 935.995 0.102658
48 61 946.799 946.902 0.102657
19 55 929.287 929.39 0.102657
20 0 930.788 0 -930.788
49 64 931.283 931.386 0.102658
39 54 935.724 938.026 2.30196
22 52 930.122 930.22 0.0975384
14 52 928.765 931.066 2.30195
38 59 995.892 995.995 0.102658
43 67 931.403 931.506 0.102656
5 50 926.449 928.751 2.30195
3 53 935.445 935.548 0.102657
34 58 933.01 933.113 0.102656
2 51 939.849 940.178 0.328706
31 57 936.524 936.627 0.102657
22 52 911.695 911.798 0.102658
15 54 912.484 912.587 0.102657
43 67 912.976 913.079 0.102656
27 55 913.236 913.339 0.102659
42 69 914.225 914.41 0.184834
4 50 914.402 914.505 0.102658
30 62 914.576 914.679 0.102658
33 68 916.599 916.701 0.102657
45 55 917.215 919.517 2.30196
38 59 917.465 917.568 0.102658
31 57 918.097 918.2 0.102657
8 50 918.315 918.418 0.102658
26 70 918.556 920.858 2.30196
13 55 918.79 918.893 0.10266
41 61 919.258 919.36 0.102658
29 62 919.327 921.629 2.30195
44 60 919.41 919.513 0.102658
24 68 919.536 921.838 2.30196
1 56 920.896 920.999 0.102658
47 70 921.395 921.498 0.102656
6 0 921.41 0 -921.41
0 53 921.776 921.879 0.102657
18 52 922.663 922.766 0.102658
11 53 923.152 925.454 2.30195
40 54 923.191 925.493 2.30196
7 51 928.117 928.219 0.102656
21 54 929.523 931.825 2.30195
23 51 932.445 934.747 2.30196
37 59 933.057 933.159 0.102658
9 56 929.907 930.01 0.102658
32 57 934.048 934.151 0.102657
10 56 934.178 936.48 2.30196
48 61 928.372 928.557 0.184833
16 52 934.033 934.136 0.102658
12 50 927.149 929.451 2.30195
25 55 934.947 937.249 2.30195
17 52 935.309 937.611 2.30195
35 63 988.799 988.902 0.102657
27 55 931.663 931.766 0.102659
4 50 992.829 992.932 0.102658
15 54 930.911 931.014 0.102657
30 62 933.003 933.106 0.102658
42 69 932.652 932.754 0.102658
8 50 966.742 966.84 0.0975382
48 61 1096.8 1096.9 0.102657
7 51 976.544 976.641 0.0975364
2 51 1168.28 1168.38 0.102658
4 50 932.829 932.932 0.102658
30 62 993.003 993.1 0.0975382
48 61 1156.8 1156.9 0.102657
47 70 939.822 939.925 0.102656
0 53 940.203 940.301 0.0975372
34 58 951.437 951.54 0.102656
19 55 947.714 947.812 0.0975372
49 64 949.71 949.813 0.102658
9 56 948.334 948.437 0.102658
7 51 946.544 946.641 0.0975364
15 54 960.911 961.014 0.102657
37 59 951.484 951.586 0.102658
36 65 948.09 948.192 0.102658
38 59 965.892 965.995 0.102658
43 67 961.403 961.501 0.0975363
46 66 951.252 951.355 0.102657
46 66 981.252 981.355 0.102657
16 52 952.46 952.558 0.0975381
32 57 952.475 952.572 0.0975366
30 62 963.003 963.1 0.0975382
49 64 979.71 979.813 0.102658
3 53 983.872 983.975 0.102657
22 52 960.122 960.225 0.102658
3 53 953.872 953.975 0.102657
2 51 972.391 972.72 0.328706
35 63 958.799 958.902 0.102657
37 59 981.484 981.586 0.102658
4 50 1022.83 1022.93 0.0975381
30 62 1023 1023.1 0.0975382
41 61 1027.68 1027.78 0.097538
38 59 1025.89 1026 0.102658
31 57 1026.52 1026.62 0.0975373
1 56 1029.32 1029.42 0.0975376
8 50 1026.74 1026.84 0.0975382
47 70 1029.82 1029.92 0.0975363
33 68 1025.03 1025.12 0.0975371
44 60 1027.84 1027.93 0.0975376
13 55 1027.22 1027.32 0.10266
42 69 1022.65 1022.75 0.102658
0 53 1030.2 1030.3 0.0975372
49 64 1099.71 1099.81 0.097538
46 66 1101.25 1101.35 0.0975374
41 61 1117.68 1117.78 0.097538
16 52 1162.46 1162.56 0.0975381
27 55 1081.66 1081.76 0.0975395
3 53 1073.87 1073.97 0.0975373
16 52 1102.46 1102.56 0.0975381
32 57 1102.47 1102.57 0.0975366
18 52 1031.09 1031.19 0.097538
19 55 1037.71 1037.81 0.0975372
48 61 1036.8 1036.9 0.102657
31 57 1056.52 1056.62 0.0975373
27 55 1051.66 1051.76 0.0975395
9 56 1038.33 1038.43 0.0975376
7 51 1036.54 1036.64 0.0975364
46 66 1161.25 1161.35 0.0975374
16 52 1042.46 1042.56 0.0975381
32 57 1042.47 1042.57 0.0975366
15 54 1050.91 1051.01 0.0975373
49 64 1039.71 1039.81 0.097538
22 52 1050.12 1050.22 0.102658
37 59 1041.48 1041.58 0.0975381
34 58 1041.44 1041.53 0.0975362
8 50 1056.74 1056.84 0.0975382
30 62 1053 1053.1 0.0975382
46 66 1041.25 1041.35 0.102657
3 53 1043.87 1043.97 0.0975373
25 55 1173 1173.11 0.102658
36 65 1038.09 1038.19 0.0975377
35 63 1048.8 1048.9 0.102657
33 68 1055.03 1055.12 0.0975371
2 51 1070.02 1070.34 0.328706
32 57 1072.47 1072.57 0.0975366
41 61 1057.68 1057.78 0.097538
42 69 1052.65 1052.75 0.102658
38 59 1055.89 1056 0.102658
6 50 1377.2 1377.3 0.102658
18 52 1061.09 1061.19 0.097538
13 55 1057.22 1057.32 0.10266
1 56 1059.32 1059.42 0.0975376
0 53 1060.2 1060.3 0.0975372
19 55 1067.71 1067.81 0.0975372
43 67 1051.4 1051.5 0.0975363
44 60 1057.84 1057.93 0.0975376
4 50 1052.83 1052.93 0.0975381
47 70 1089.82 1089.92 0.0975363
47 70 1059.82 1059.92 0.0975363
9 56 1068.33 1068.43 0.0975376
48 61 1066.8 1066.9 0.102657
7 51 1066.54 1066.64 0.0975364
30 62 1083 1083.1 0.0975382
16 52 1072.46 1072.56 0.0975381
34 58 1071.44 1071.53 0.0975362
46 66 1071.25 1071.35 0.0975374
38 59 1085.89 1086 0.102658
42 69 1082.65 1082.75 0.102658
36 65 1068.09 1068.19 0.0975377
49 64 1069.71 1069.81 0.097538
43 67 1111.4 1111.5 0.0975363
30 62 1113 1113.1 0.0975382
15 54 1110.91 1111.01 0.0975373
35 63 1108.8 1108.9 0.0975372
2 51 1120.86 1120.96 0.102658
4 50 1112.83 1112.93 0.0975381
27 55 1111.66 1111.77 0.102659
33 68 1115.03 1115.12 0.0975371
22 52 1110.12 1110.22 0.0975384
38 59 1115.89 1115.99 0.097538
13 55 1117.22 1117.31 0.0975398
26 70 1146.45 1148.75 2.30196
45 57 1145.11 1145.44 0.328708
42 69 1112.65 1112.75 0.0975376
8 50 1116.74 1116.84 0.0975382
3 53 1103.87 1103.97 0.0975373
21 54 1167.58 1167.68 0.102658
36 65 1158.09 1158.19 0.0975377
3 53 1163.87 1163.97 0.0975373
9 56 1158.33 1158.43 0.0975376
35 63 1198.8 1198.9 0.0975372
31 57 1116.52 1116.62 0.0975373
44 60 1117.84 1117.93 0.0975376
34 58 1131.44 1131.53 0.0975362
47 70 1119.82 1119.92 0.0975363
0 53 1120.2 1120.3 0.0975372
6 50 1149.3 1151.61 2.30195
37 59 1131.48 1131.58 0.0975381
14 52 1156.66 1156.76 0.102657
18 52 1121.09 1121.19 0.097538
29 62 1147.22 1147.32 0.102658
24 58 1147.43 1147.53 0.102658
23 54 1160.34 1162.64 2.30195
33 68 1145.03 1145.12 0.0975371
1 56 1119.32 1119.42 0.0975376
5 50 1154.34 1154.44 0.102658
28 55 1156.91 1159.21 2.30195
9 56 1128.33 1128.43 0.0975376
17 52 1163.2 1163.31 0.102658
5 50 1164.51 1164.61 0.102658
40 54 1151.08 1151.19 0.10266
19 55 1127.71 1127.81 0.0975372
11 53 1151.05 1151.15 0.102658
16 52 1132.46 1132.56 0.0975381
7 51 1126.54 1126.64 0.0975364
12 50 1155.04 1155.14 0.102659
39 51 1163.62 1165.92 2.30195
3 53 1133.87 1133.97 0.0975373
19 55 1157.71 1157.81 0.0975372
10 50 1162.07 1164.37 2.30196
32 57 1132.47 1132.57 0.0975366
20 52 1158.68 1160.98 2.30195
35 63 1138.8 1138.9 0.0975372
25 55 1162.84 1162.94 0.102658
49 64 1129.71 1129.81 0.097538
46 66 1131.25 1131.35 0.0975374
30 62 1143 1143.1 0.0975382
48 61 1126.8 1126.9 0.102657
29 62 1157.38 1157.49 0.102658
21 54 1157.42 1157.52 0.102658
36 65 1128.09 1128.19 0.0975377
40 54 1161.25 1161.35 0.10266
27 55 1141.66 1141.77 0.102659
2 51 1138.28 1138.38 0.102658
22 52 1140.12 1140.22 0.0975384
38 59 1145.89 1145.99 0.097538
8 50 1146.74 1146.84 0.0975382
24 58 1157.59 1157.69 0.102658
44 60 1147.84 1147.93 0.0975376
42 69 1142.65 1142.75 0.0975376
4 50 1142.83 1142.93 0.0975381
43 67 1141.4 1141.5 0.0975363
41 61 1147.68 1147.78 0.097538
15 54 1140.91 1141.01 0.0975373
0 53 1150.2 1150.3 0.0975372
13 55 1147.22 1147.31 0.0975398
31 57 1146.52 1146.62 0.0975373
47 61 1149.82 1149.92 0.0975399
18 52 1151.09 1151.19 0.097538
1 56 1149.32 1149.42 0.0975376
7 51 1156.54 1156.64 0.0975364
11 53 1161.21 1161.31 0.102658
17 52 1173.37 1173.47 0.102658
42 69 1172.65 1172.75 0.0975376
35 63 1168.8 1168.9 0.0975372
22 52 1170.12 1170.22 0.0975384
7 51 1186.54 1186.64 0.0975364
15 54 1170.91 1171.01 0.0975373
30 62 1173 1173.1 0.0975382
43 67 1171.4 1171.5 0.0975363
38 59 1175.89 1175.99 0.097538
4 50 1172.83 1172.93 0.0975381
48 61 1186.8 1186.9 0.0975374
0 53 1180.2 1180.3 0.0975372
27 55 1171.66 1171.77 0.102659
46 66 1191.25 1191.35 0.0975374
13 55 1177.22 1177.32 0.10266
29 62 1177.75 1177.85 0.097538
44 60 1177.84 1177.93 0.0975376
47 70 1179.82 1179.92 0.0975363
26 70 1374.34 1374.67 0.32871
28 55 1384.8 1384.9 0.102658
8 50 1176.74 1176.84 0.0975382
45 57 1177.65 1177.98 0.328708
24 58 1177.96 1178.07 0.102658
33 68 1175.03 1175.12 0.0975371
31 57 1176.52 1176.62 0.0975373
41 61 1177.68 1177.78 0.097538
1 56 1179.32 1179.42 0.0975376
11 53 1181.58 1181.68 0.102658
16 52 1192.46 1192.56 0.0975381
34 58 1191.44 1191.53 0.0975362
37 59 1191.48 1191.58 0.0975381
12 50 1185.58 1185.67 0.0975387
18 52 1181.09 1181.19 0.097538
40 54 1181.62 1181.72 0.10266
23 54 1388.23 1388.33 0.102657
49 64 1189.71 1189.81 0.097538
5 50 1184.88 1184.97 0.097538
19 55 1187.71 1187.81 0.0975372
3 53 1193.87 1193.97 0.0975373
36 65 1188.09 1188.19 0.0975377
39 51 1391.51 1391.84 0.328706
9 56 1188.33 1188.43 0.0975376
20 52 1386.57 1388.88 2.30195
14 52 1187.19 1187.29 0.0975371
10 51 1389.96 1390.07 0.102656
21 54 1187.95 1188.05 0.0975376
