16 40 0.423624 2.72558 2.30195
36 50 0.880319 3.18227 2.30195
24 47 2.28436 4.58631 2.30196
12 40 2.95521 5.25716 2.30195
15 40 1161.69 1161.79 0.102657
14 46 1.04868 3.35064 2.30196
29 45 3.74641 6.04836 2.30195
2 42 248.132 250.434 2.30196
27 41 4.19485 6.4968 2.30195
9 43 4.58109 6.88305 2.30195
1 42 8.49521 10.7972 2.30195
32 48 968.284 968.613 0.328706
27 41 964.195 964.292 0.0975368
5 42 938.721 938.823 0.102659
8 42 11.9909 14.2929 2.30196
34 0 6.53255 0 -6.53255
21 41 6.90326 9.20522 2.30195
26 41 7.94248 10.2444 2.30195
28 45 7.63417 9.93612 2.30195
38 44 7.72034 10.0223 2.30195
19 44 1092.79 1092.89 0.0975383
27 41 1144.19 1144.29 0.0975368
5 42 957.148 957.25 0.102659
13 44 9.71323 12.0152 2.30195
3 43 948.305 948.403 0.0975371
21 41 996.903 997.001 0.0975374
7 49 10.1113 12.4133 2.30195
37 46 10.7798 13.0818 2.30195
15 40 12.0626 14.3645 2.30195
19 44 12.7904 15.0924 2.30195
38 44 967.72 967.823 0.102659
21 41 1086.9 1087 0.0975374
6 42 13.7787 16.0807 2.30195
39 47 15.6006 17.9026 2.30197
31 48 15.8272 18.1292 2.30195
23 47 16.9024 19.2044 2.30195
3 43 18.3051 20.6071 2.30195
35 46 18.7563 21.0582 2.30195
36 50 960.88 960.978 0.0975369
33 48 19.1354 21.4373 2.30196
30 0 19.145 0 -19.145
11 44 20.7551 23.057 2.30195
17 46 20.0099 22.3119 2.30195
0 42 20.7704 23.0723 2.30195
20 47 21.0315 23.3334 2.30196
2 42 20.239 22.5409 2.30196
19 44 972.79 972.888 0.0975383
6 42 1153.78 1153.88 0.0975378
3 43 1158.31 1158.4 0.0975371
10 49 23.0032 25.3051 2.30195
4 43 22.7834 25.0854 2.30195
32 48 24.1698 26.4717 2.30195
22 47 24.9541 27.256 2.30195
5 42 27.1475 29.4495 2.30196
18 40 26.6853 28.9873 2.30195
9 43 964.581 964.679 0.097537
25 41 27.8828 30.1848 2.30196
30 48 247.038 249.34 2.30196
20 47 248.925 251.227 2.30196
5 42 255.041 257.343 2.30196
33 48 247.029 249.331 2.30196
18 40 254.579 256.881 2.30195
25 41 255.776 258.078 2.30196
37 46 466.566 468.868 2.30195
17 46 247.903 250.205 2.30195
4 43 250.677 252.979 2.30195
35 46 246.65 248.951 2.30195
25 41 971.998 972.326 0.328709
21 47 462.69 464.992 2.30196
16 40 228.317 230.619 2.30195
36 50 228.774 231.076 2.30195
14 40 228.942 231.244 2.30195
24 41 230.178 232.48 2.30195
12 0 230.848 0 -230.848
29 45 231.64 233.942 2.30195
27 41 232.088 234.39 2.30195
9 43 232.474 234.776 2.30195
34 46 234.426 236.728 2.30196
21 41 234.797 237.098 2.30195
28 45 235.527 237.829 2.30195
38 50 235.614 237.916 2.30196
26 41 235.836 238.138 2.30195
1 42 236.388 238.69 2.30195
13 44 237.606 239.908 2.30195
7 49 238.005 240.307 2.30195
37 46 238.673 240.975 2.30195
8 42 239.884 242.186 2.30196
15 40 239.956 242.258 2.30195
19 44 240.684 242.986 2.30195
6 42 241.672 243.974 2.30195
39 42 243.494 245.796 2.30196
31 48 243.72 246.022 2.30195
23 47 244.796 247.098 2.30195
3 43 246.198 248.5 2.30195
19 44 924.363 924.466 0.102658
10 49 250.896 253.198 2.30195
0 42 248.664 250.966 2.30195
11 44 248.648 250.95 2.30195
32 48 252.063 254.365 2.30195
22 47 252.847 255.149 2.30195
10 49 953.003 953.106 0.102658
16 40 960.424 960.521 0.097537
37 46 940.78 940.877 0.0975374
20 47 1388.39 1388.49 0.10266
32 48 935.743 936.071 0.328706
39 47 927.174 929.476 2.30197
7 49 1150.11 1150.21 0.0975368
31 48 471.614 473.916 2.30195
35 46 474.543 476.845 2.30195
4 43 478.57 480.872 2.30195
26 41 463.729 466.031 2.30195
8 49 467.777 470.079 2.30196
20 47 476.818 479.12 2.30196
25 41 483.669 485.971 2.30196
38 44 463.507 465.809 2.30195
1 42 464.282 466.584 2.30195
7 49 465.898 468.2 2.30195
23 47 472.689 474.991 2.30195
3 43 474.092 476.394 2.30195
22 47 480.741 483.043 2.30195
28 45 463.421 465.723 2.30195
34 48 462.319 464.621 2.30196
19 44 468.577 470.879 2.30195
32 48 479.956 482.258 2.30195
6 42 943.779 943.881 0.102658
0 42 476.557 478.859 2.30195
2 0 476.025 0 -476.025
33 48 474.922 477.224 2.30196
10 49 478.79 481.092 2.30195
18 40 482.472 484.774 2.30195
5 42 482.934 485.236 2.30196
16 40 456.21 458.512 2.30195
36 50 456.667 458.969 2.30195
14 40 456.835 459.137 2.30195
24 41 458.071 460.373 2.30195
12 40 458.742 461.044 2.30195
29 45 459.533 461.835 2.30195
27 41 459.981 462.283 2.30195
9 43 460.368 462.67 2.30195
24 41 962.284 962.387 0.102658
21 41 1146.9 1147 0.0975374
19 40 1152.79 1152.89 0.0975385
18 40 956.685 956.783 0.0975369
32 48 1164.17 1164.27 0.0975382
15 40 467.849 470.151 2.30195
13 44 465.5 467.802 2.30195
19 44 942.79 942.893 0.102658
35 46 948.756 948.859 0.102657
6 42 469.565 471.867 2.30195
39 0 471.387 0 -471.387
30 48 474.931 477.233 2.30196
17 46 475.796 478.098 2.30195
38 44 1147.72 1147.82 0.102659
23 47 946.902 947.005 0.102658
11 44 476.542 478.844 2.30195
33 0 930.708 0 -930.708
22 47 708.634 710.936 2.30195
38 44 997.72 997.823 0.102659
9 43 934.581 934.684 0.102657
18 40 710.365 712.667 2.30195
32 48 707.85 710.151 2.30195
5 42 710.827 713.129 2.30196
29 45 933.746 933.849 0.102657
0 42 932.343 934.645 2.30195
25 41 939.456 939.785 0.328709
27 41 934.195 934.298 0.102657
16 40 684.103 686.405 2.30195
36 50 684.56 686.862 2.30195
14 46 684.728 687.03 2.30196
24 41 685.964 688.266 2.30195
12 44 686.635 688.937 2.30196
29 45 687.426 689.728 2.30195
27 45 687.875 690.177 2.30196
9 43 688.261 690.563 2.30195
34 46 690.212 692.514 2.30196
21 41 690.583 692.885 2.30195
28 0 691.314 0 -691.314
38 44 691.4 693.702 2.30195
26 41 691.622 693.924 2.30195
1 42 692.175 694.477 2.30195
13 40 693.393 695.695 2.30196
7 49 693.791 696.093 2.30195
37 46 694.46 696.762 2.30195
8 45 695.671 697.973 2.30197
15 50 695.742 698.044 2.30196
19 44 696.47 698.772 2.30195
6 42 697.458 699.76 2.30195
39 42 699.28 701.582 2.30196
31 48 699.507 701.809 2.30195
23 47 700.582 702.884 2.30195
3 43 701.985 704.287 2.30195
35 46 702.436 704.738 2.30195
33 0 702.815 0 -702.815
30 0 702.825 0 -702.825
17 46 703.69 705.992 2.30195
2 42 703.919 706.221 2.30196
11 44 704.435 706.737 2.30195
0 42 704.45 706.752 2.30195
20 0 704.711 0 -704.711
4 0 706.463 0 -706.463
10 49 706.683 708.985 2.30195
22 47 936.527 938.829 2.30195
17 44 931.583 933.885 2.30196
20 0 932.604 0 -932.604
4 43 934.356 936.658 2.30195
25 48 711.563 713.865 2.30196
36 50 930.88 930.983 0.102657
7 49 940.111 940.214 0.102657
11 44 932.328 934.63 2.30195
18 40 938.258 938.361 0.102657
15 40 923.636 925.938 2.30195
31 48 927.4 929.702 2.30195
35 46 930.329 930.432 0.102657
24 41 932.284 932.387 0.102658
2 0 931.812 0 -931.812
16 40 930.424 930.526 0.102657
1 42 938.495 938.598 0.102657
16 40 911.997 912.099 0.102657
36 50 912.453 912.556 0.102657
14 44 912.622 914.924 2.30196
24 41 913.857 913.96 0.102658
12 40 914.528 916.83 2.30195
29 45 915.319 915.422 0.102657
27 41 915.768 915.87 0.102657
9 43 916.154 916.257 0.102657
34 0 918.106 0 -918.106
21 41 918.476 918.579 0.102657
28 45 919.207 921.509 2.30195
38 44 919.293 919.396 0.102659
26 45 919.515 921.817 2.30196
1 42 920.068 920.171 0.102657
13 44 921.286 923.588 2.30195
7 49 921.684 921.787 0.102657
37 46 922.353 922.455 0.102657
8 42 923.564 925.866 2.30196
5 42 987.148 987.25 0.102659
23 47 1096.9 1097 0.0975376
23 47 1156.9 1157 0.0975376
25 41 1102.16 1102.49 0.328709
3 43 929.878 929.981 0.102657
23 47 928.475 928.578 0.102658
6 42 925.352 925.454 0.102658
21 41 966.903 967.006 0.102657
10 49 934.576 934.679 0.102658
30 0 930.718 0 -930.718
9 43 1144.58 1144.68 0.097537
21 41 936.903 937.006 0.102657
29 45 963.746 963.844 0.0975373
38 44 937.72 937.823 0.102659
1 42 998.495 998.593 0.0975373
37 46 970.78 970.877 0.0975374
1 42 968.495 968.593 0.0975373
14 40 1140.51 1140.62 0.102658
7 49 970.111 970.209 0.0975368
3 43 978.305 978.403 0.0975371
23 47 976.902 977.005 0.102658
35 46 978.756 978.854 0.0975366
25 41 1037.08 1037.41 0.328709
9 43 994.581 994.679 0.097537
6 42 973.779 973.876 0.0975378
36 50 990.88 990.978 0.0975369
32 48 1000.83 1001.01 0.184834
25 41 1004.54 1004.87 0.328709
18 40 986.685 986.788 0.102657
10 49 983.003 983.101 0.0975382
24 41 992.284 992.387 0.102658
1 42 1148.5 1148.59 0.0975373
35 46 1008.76 1008.85 0.0975366
16 40 990.424 990.521 0.097537
28 45 1157.26 1157.37 0.102658
37 46 1000.78 1000.88 0.0975374
27 41 994.195 994.292 0.0975368
32 48 1019.12 1019.23 0.102658
29 45 993.746 993.844 0.0975373
7 49 1000.11 1000.21 0.0975368
6 42 1003.78 1003.88 0.0975378
5 42 1017.15 1017.25 0.102659
10 49 1013 1013.1 0.0975382
35 46 1158.76 1158.85 0.0975366
3 43 1128.31 1128.4 0.0975371
19 44 1002.79 1002.89 0.0975383
18 40 1016.69 1016.78 0.0975369
16 40 1020.42 1020.52 0.097537
23 47 1006.9 1007 0.0975376
3 43 1008.31 1008.4 0.0975371
10 49 1163 1163.1 0.0975382
36 50 1020.88 1020.98 0.0975369
21 41 1026.9 1027 0.0975374
27 41 1024.19 1024.29 0.0975368
7 49 1030.11 1030.21 0.0975368
29 45 1023.75 1023.84 0.0975373
38 44 1027.72 1027.82 0.102659
1 42 1028.5 1028.59 0.0975373
19 44 1032.79 1032.89 0.0975383
9 43 1024.58 1024.68 0.097537
24 41 1022.28 1022.38 0.0975382
3 43 1038.31 1038.4 0.0975371
6 42 1033.78 1033.88 0.0975378
37 46 1030.78 1030.88 0.0975374
25 41 1069.62 1069.95 0.328709
38 44 1057.72 1057.82 0.0975387
5 42 1047.15 1047.25 0.102659
23 47 1036.9 1037 0.0975376
12 40 1152.58 1152.69 0.102658
10 49 1043 1043.1 0.0975382
27 41 1054.19 1054.29 0.0975368
32 48 1044.17 1044.27 0.102658
37 46 1060.78 1060.88 0.0975374
36 50 1050.88 1050.98 0.0975369
16 40 1050.42 1050.52 0.097537
21 41 1056.9 1057 0.0975374
29 45 1053.75 1053.84 0.0975373
9 43 1054.58 1054.68 0.097537
35 46 1038.76 1038.85 0.0975366
18 40 1046.69 1046.78 0.0975369
24 41 1052.28 1052.38 0.0975382
3 43 1068.31 1068.4 0.0975371
1 42 1058.5 1058.59 0.0975373
35 46 1068.76 1068.85 0.0975366
6 42 1063.78 1063.88 0.0975378
7 49 1060.11 1060.21 0.0975368
23 47 1066.9 1067 0.0975376
19 44 1062.79 1062.89 0.0975383
5 42 1077.15 1077.25 0.097539
1 42 1088.5 1088.59 0.0975373
16 40 1080.42 1080.52 0.097537
36 50 1080.88 1080.98 0.0975369
6 42 1093.78 1093.88 0.0975378
38 44 1087.72 1087.82 0.0975387
9 43 1084.58 1084.68 0.097537
3 43 1098.31 1098.4 0.0975371
32 48 1074.17 1074.27 0.102658
29 45 1083.75 1083.84 0.0975373
37 46 1090.78 1090.88 0.0975374
18 40 1076.69 1076.78 0.0975369
27 41 1084.19 1084.29 0.0975368
24 41 1082.28 1082.38 0.0975382
10 49 1073 1073.1 0.0975382
7 49 1090.11 1090.21 0.0975368
10 49 1103 1103.1 0.0975382
11 44 1170.38 1170.49 0.102658
29 45 1143.75 1143.84 0.0975373
35 46 1098.76 1098.85 0.0975366
17 46 1169.64 1169.74 0.102657
26 41 1157.57 1157.67 0.102657
0 42 1170.4 1170.5 0.102658
37 46 1150.78 1150.88 0.0975374
32 48 1104.17 1104.27 0.102658
31 48 1165.46 1165.56 0.102658
0 42 1190.77 1190.87 0.0975379
4 43 1172.41 1172.52 0.102658
29 45 1113.75 1113.84 0.0975373
38 44 1117.72 1117.82 0.0975387
15 40 1151.53 1151.63 0.102657
23 47 1126.9 1127 0.0975376
33 48 1158.6 1160.9 2.30196
26 41 1147.41 1147.51 0.102657
36 50 1110.88 1110.98 0.0975369
16 40 1110.42 1110.52 0.097537
13 44 1149.18 1151.48 2.30195
31 48 1155.29 1155.4 0.102658
28 45 1147.1 1147.2 0.102658
1 42 1118.5 1118.59 0.0975373
21 41 1116.9 1117 0.0975374
25 41 1134.71 1135.03 0.328709
12 40 1142.42 1142.52 0.102658
24 41 1112.28 1112.38 0.0975382
27 41 1114.19 1114.29 0.0975368
18 40 1106.69 1106.78 0.0975369
9 43 1114.58 1114.68 0.097537
37 46 1120.78 1120.88 0.0975374
34 46 1146 1148.3 2.30196
5 42 1107.15 1107.25 0.097539
7 49 1120.11 1120.21 0.0975368
35 46 1128.76 1128.85 0.0975366
19 44 1122.79 1122.89 0.0975383
8 42 1151.46 1151.79 0.328708
30 0 1158.61 0 -1158.61
39 42 1155.07 1157.37 2.30196
5 42 1137.15 1137.25 0.097539
6 42 1123.78 1123.88 0.0975378
22 41 1164.42 1166.72 2.30196
17 46 1159.48 1159.58 0.102657
25 41 1167.25 1167.58 0.328709
24 41 1142.28 1142.38 0.0975382
11 44 1160.22 1160.32 0.102658
0 42 1160.24 1160.34 0.102658
2 42 1159.71 1162.01 2.30196
4 43 1162.25 1162.35 0.102658
10 49 1133 1133.1 0.0975382
20 47 1160.5 1162.8 2.30196
36 50 1140.88 1140.98 0.0975369
32 48 1134.17 1134.27 0.102658
14 40 1150.68 1150.78 0.102658
16 40 1140.42 1140.52 0.097537
18 40 1136.69 1136.78 0.0975369
18 40 1166.69 1166.78 0.0975369
5 42 1167.15 1167.25 0.097539
16 40 1170.42 1170.52 0.097537
24 41 1172.28 1172.38 0.0975382
29 45 1173.75 1173.84 0.0975373
7 49 1180.11 1180.21 0.0975368
30 49 1386.5 1388.81 2.30196
36 50 1170.88 1170.98 0.0975369
34 46 1373.89 1374.51 0.616454
37 46 1180.78 1180.88 0.0975374
13 44 1377.07 1377.18 0.102658
14 40 1171.05 1171.15 0.102658
26 41 1177.94 1178.04 0.0975369
28 45 1177.63 1177.73 0.0975379
38 44 1177.72 1177.82 0.0975387
5 42 1197.15 1197.25 0.097539
21 41 1176.9 1177 0.0975374
9 43 1174.58 1174.68 0.097537
3 43 1188.31 1188.4 0.0975371
27 41 1174.19 1174.29 0.0975368
19 44 1182.79 1182.89 0.0975383
12 40 1172.96 1173.05 0.0975383
23 47 1186.9 1187 0.0975376
39 42 1382.96 1384.27 1.31482
1 42 1178.5 1178.59 0.0975373
35 46 1188.76 1188.85 0.0975366
6 42 1183.78 1183.88 0.0975378
31 48 1185.83 1185.92 0.0975376
33 48 1386.49 1386.6 0.10266
8 42 1184 1184.33 0.328708
15 40 1182.06 1182.16 0.0975374
2 42 1387.6 1387.7 0.102659
11 44 1190.76 1190.86 0.102658
25 41 1199.79 1200.12 0.328709
22 47 1392.31 1392.42 0.102659
4 43 1192.78 1192.88 0.0975378
17 46 1190.01 1190.11 0.102657
10 49 1193 1193.1 0.0975382
32 48 1194.17 1194.27 0.0975382
18 40 1196.69 1196.78 0.0975369
