9 53 2.44145 4.7434 2.30195
14 50 1.91708 4.21903 2.30195
3 51 26.0982 28.4002 2.30195
13 52 2.4434 4.74536 2.30195
4 0 1148.36 0 -1148.36
30 54 996.282 996.379 0.0975379
29 56 695.457 697.759 2.30196
28 56 2.59885 4.90081 2.30195
40 64 700.69 702.991 2.30195
7 0 3.39831 0 -3.39831
44 66 3.93381 6.23576 2.30195
29 54 1151.24 1151.35 0.102658
33 55 1148.67 1150.97 2.30195
31 58 4.09257 6.39453 2.30195
45 68 937.691 937.794 0.102657
10 52 5.30339 7.60534 2.30195
19 51 5.45124 7.7532 2.30195
44 66 993.934 994.036 0.102658
24 71 1104.21 1104.3 0.0975387
30 54 6.28166 8.58361 2.30195
23 52 6.10538 8.40733 2.30195
13 52 686.123 688.425 2.30195
5 53 695.66 697.962 2.30195
2 50 7.88225 10.1842 2.30195
32 59 6.67084 8.9728 2.30195
9 53 686.121 688.423 2.30195
43 62 1167.58 1167.67 0.0975374
44 66 1023.93 1024.03 0.0975375
47 0 7.88979 0 -7.88979
45 68 7.69127 9.99323 2.30195
40 64 1007.01 1007.11 0.102657
4 51 8.8895 11.1914 2.30195
42 67 695.388 697.69 2.30195
0 50 8.4933 10.7953 2.30195
48 69 694.625 696.927 2.30195
17 50 1109.17 1109.27 0.0975379
33 0 9.2047 0 -9.2047
6 0 696.513 0 -696.513
48 69 10.9452 13.2472 2.30195
34 59 9.68246 11.9844 2.30196
29 54 11.7771 14.079 2.30195
42 67 11.7086 14.0105 2.30195
36 60 12.4772 14.7792 2.30195
27 72 10.699 13.001 2.30195
25 54 925.162 925.265 0.102657
40 64 947.01 947.112 0.102657
5 53 11.9805 14.2824 2.30195
25 54 697.269 699.571 2.30195
16 52 699.978 702.28 2.30195
46 68 13.9932 16.2951 2.30196
6 0 12.8337 0 -12.8337
25 54 13.5889 15.8908 2.30195
15 51 13.3596 15.6615 2.30195
41 61 13.2065 15.5084 2.30195
15 51 943.36 943.462 0.102657
37 57 1005.52 1005.61 0.0975375
43 62 1017.58 1017.67 0.0975374
18 50 1012.47 1012.57 0.102658
27 72 694.379 696.681 2.30195
10 0 916.876 0 -916.876
34 55 1149.15 1151.45 2.30195
23 56 1373.46 1375.77 2.30196
46 70 697.673 699.975 2.30195
41 61 696.886 699.188 2.30195
48 69 1000.95 1001.05 0.102658
11 53 1014.26 1014.35 0.0975374
22 50 14.9107 17.2127 2.30195
16 52 16.2986 18.6005 2.30195
39 63 713.063 715.365 2.30195
37 57 15.5154 17.8174 2.30195
40 64 17.0098 19.3117 2.30195
13 52 1141.91 1142.01 0.102657
14 50 1171.92 1172.01 0.0975377
22 50 944.911 945.008 0.0975371
35 65 20.8447 23.1466 2.30195
18 50 22.4705 24.7725 2.30195
49 56 21.2041 23.506 2.30195
20 50 21.5552 23.8571 2.30195
30 54 1086.28 1086.38 0.0975379
31 58 994.093 994.195 0.102658
36 60 942.477 942.58 0.102657
26 0 24.7045 0 -24.7045
24 71 24.2052 26.5071 2.30195
11 53 24.2556 26.5576 2.30195
34 58 693.362 695.664 2.30196
46 70 1093.99 1094.09 0.097537
11 53 954.256 954.358 0.102657
36 60 696.157 698.459 2.30195
43 62 27.5765 29.8785 2.30195
21 50 25.6207 27.9227 2.30195
15 51 697.039 699.341 2.30195
49 56 1011.2 1011.31 0.102657
5 53 1121.98 1122.08 0.0975371
45 68 919.264 919.367 0.102657
26 54 708.384 710.686 2.30195
33 55 692.884 695.186 2.30195
8 52 28.1009 30.4028 2.30195
27 72 1180.7 1180.8 0.0975379
9 53 1112.44 1112.54 0.0975376
12 53 28.5525 30.8544 2.30195
17 50 1169.17 1169.27 0.0975379
1 50 29.8802 32.1822 2.30195
17 50 29.1736 31.4756 2.30195
39 63 29.383 31.685 2.30195
38 57 29.3759 31.6778 2.30195
8 52 939.674 941.976 2.30195
14 50 685.597 687.899 2.30195
18 50 952.471 952.568 0.097538
14 50 1021.92 1022.01 0.0975377
35 65 248.738 251.04 2.30195
3 51 253.991 256.293 2.30195
12 53 256.446 258.748 2.30195
8 52 255.994 258.296 2.30195
11 53 252.149 254.451 2.30195
38 57 713.056 715.358 2.30195
31 58 915.666 915.768 0.102658
46 70 925.566 925.669 0.102657
20 51 249.448 251.75 2.30195
24 71 252.098 254.4 2.30195
1 50 257.773 260.075 2.30195
18 52 250.364 252.666 2.30195
45 68 691.371 693.673 2.30195
32 59 690.351 692.653 2.30195
30 54 689.961 692.263 2.30195
23 0 689.785 0 -689.785
19 51 689.131 691.433 2.30195
10 51 688.983 691.285 2.30196
44 66 687.614 689.916 2.30195
49 56 704.884 707.186 2.30195
7 56 687.078 689.38 2.30196
49 56 249.097 251.399 2.30195
4 0 692.569 0 -692.569
0 50 692.173 694.475 2.30195
47 0 691.57 0 -691.57
2 50 691.562 693.864 2.30195
31 58 687.772 690.074 2.30195
24 71 707.885 710.187 2.30195
28 56 686.279 688.581 2.30195
14 50 229.81 232.112 2.30195
9 53 230.335 232.637 2.30195
13 52 230.337 232.639 2.30195
28 56 230.492 232.794 2.30195
7 52 231.292 233.594 2.30195
44 66 231.827 234.129 2.30195
31 58 231.986 234.288 2.30195
10 52 233.197 235.499 2.30195
19 51 233.344 235.646 2.30195
23 52 233.999 236.301 2.30195
30 54 234.175 236.477 2.30195
32 59 234.564 236.866 2.30195
45 68 235.585 237.886 2.30195
2 50 235.775 238.077 2.30195
47 0 235.783 0 -235.783
0 50 236.387 238.689 2.30195
4 51 236.783 239.085 2.30195
33 0 237.098 0 -237.098
34 0 237.576 0 -237.576
27 56 238.592 240.894 2.30195
48 69 238.838 241.14 2.30195
42 67 239.602 241.904 2.30195
29 0 239.67 0 -239.67
5 53 239.874 242.176 2.30195
36 60 240.37 242.672 2.30195
6 52 240.727 243.029 2.30196
41 61 241.1 243.402 2.30195
15 51 241.253 243.555 2.30195
25 54 241.482 243.784 2.30195
46 68 241.886 244.188 2.30196
22 50 242.804 245.106 2.30195
37 57 243.409 245.711 2.30195
16 52 244.192 246.494 2.30195
40 64 244.903 247.205 2.30195
4 51 464.676 466.978 2.30195
22 50 1004.91 1005.01 0.0975371
18 50 706.15 708.452 2.30195
31 58 1024.09 1024.2 0.102658
10 52 1372.66 1372.77 0.102657
32 59 996.671 996.768 0.0975382
24 71 1014.21 1014.3 0.0975387
22 50 926.484 926.586 0.102657
19 51 917.024 919.326 2.30195
28 56 1022.6 1022.7 0.0975387
11 53 707.935 710.237 2.30195
39 63 940.956 941.059 0.102656
26 54 252.598 254.9 2.30195
25 54 1003.59 1003.69 0.0975369
49 56 1101.2 1101.3 0.0975375
21 50 253.514 255.816 2.30195
37 57 1095.52 1095.61 0.0975375
43 62 255.47 257.772 2.30195
20 50 705.235 707.537 2.30195
28 56 992.599 992.702 0.102659
38 57 1109.38 1109.47 0.0975378
32 55 936.671 936.774 0.10266
3 51 1106.1 1106.2 0.097537
38 57 257.269 259.571 2.30195
17 50 257.067 259.369 2.30195
39 63 257.276 259.578 2.30195
9 53 932.441 932.544 0.102658
44 66 915.507 915.609 0.102658
17 50 1019.17 1019.27 0.0975379
21 50 937.194 939.496 2.30195
7 0 914.971 0 -914.971
49 56 951.204 951.307 0.102657
24 71 954.205 954.308 0.102659
48 69 466.732 469.034 2.30195
34 0 465.469 0 -465.469
20 50 933.128 935.43 2.30195
28 56 932.599 932.702 0.102659
49 56 932.777 932.88 0.102657
37 57 699.195 701.497 2.30195
22 50 698.59 700.892 2.30195
30 54 1176.28 1176.38 0.0975379
42 67 941.709 941.811 0.102657
35 65 932.418 932.52 0.102657
9 53 1022.44 1022.54 0.0975376
36 60 1002.48 1002.57 0.0975369
35 65 1010.84 1010.95 0.102657
27 72 1150.7 1150.8 0.0975379
37 57 945.515 945.618 0.102657
46 70 1003.99 1004.09 0.097537
2 50 463.669 465.971 2.30195
35 65 704.524 706.826 2.30195
38 57 1019.38 1019.47 0.0975378
5 53 971.98 972.078 0.0975371
25 54 943.589 943.686 0.0975369
43 62 957.577 957.679 0.102657
0 50 464.28 466.582 2.30195
46 68 469.78 472.082 2.30196
5 53 467.767 470.069 2.30195
3 51 709.778 712.08 2.30195
43 62 483.363 485.665 2.30195
37 57 471.302 473.604 2.30195
38 57 485.162 487.464 2.30195
40 64 928.583 928.685 0.102657
47 0 463.676 0 -463.676
33 0 464.991 0 -464.991
41 61 468.993 471.295 2.30195
16 52 472.085 474.387 2.30195
35 65 476.631 478.933 2.30195
12 53 484.339 486.641 2.30195
41 61 943.206 943.309 0.102657
15 51 924.933 925.035 0.102657
41 61 924.779 924.882 0.102657
16 52 927.872 930.174 2.30195
6 50 924.407 926.709 2.30195
36 60 924.05 924.153 0.102657
5 53 923.553 923.656 0.102657
29 54 923.35 925.652 2.30195
42 67 923.282 923.384 0.102657
48 69 922.518 922.621 0.102658
11 53 480.042 482.344 2.30195
27 72 922.272 922.375 0.102658
34 55 921.255 923.557 2.30195
33 55 920.778 923.08 2.30195
4 0 920.462 0 -920.462
0 50 920.066 922.368 2.30195
47 0 919.463 0 -919.463
2 50 919.455 921.757 2.30195
32 59 918.244 918.346 0.102658
30 54 917.855 917.957 0.102658
23 0 917.678 0 -917.678
18 50 934.044 934.146 0.102658
46 70 943.993 944.096 0.102657
6 52 468.62 470.922 2.30196
28 56 914.172 914.275 0.102659
13 52 914.016 916.318 2.30195
9 53 914.014 914.117 0.102658
14 50 913.49 913.593 0.102658
22 50 470.697 472.999 2.30195
20 50 477.342 479.644 2.30195
49 56 476.991 479.293 2.30195
17 50 484.96 487.262 2.30195
8 0 711.781 0 -711.781
14 50 457.704 460.006 2.30195
9 53 458.228 460.53 2.30195
13 52 458.23 460.532 2.30195
28 56 458.385 460.687 2.30195
7 52 459.185 461.487 2.30195
44 66 459.72 462.022 2.30195
31 58 459.879 462.181 2.30195
10 52 461.09 463.392 2.30195
19 51 461.238 463.54 2.30195
23 52 461.892 464.194 2.30195
30 54 462.068 464.37 2.30195
32 59 462.457 464.759 2.30195
45 68 463.478 465.78 2.30195
45 68 967.691 967.794 0.102657
44 66 963.934 964.036 0.102658
27 72 466.486 468.787 2.30195
42 67 467.495 469.797 2.30195
29 54 467.564 469.866 2.30195
36 60 468.264 470.566 2.30195
15 51 469.146 471.448 2.30195
25 54 469.375 471.677 2.30195
24 71 479.992 482.294 2.30195
40 64 472.796 475.098 2.30195
18 50 478.257 480.559 2.30195
26 0 480.491 0 -480.491
8 52 483.887 486.189 2.30195
21 50 481.407 483.709 2.30195
3 51 481.885 484.187 2.30195
39 63 485.17 487.471 2.30195
1 50 485.667 487.969 2.30195
1 50 713.56 715.862 2.30195
37 57 927.088 927.191 0.102657
12 0 712.232 0 -712.232
43 62 711.256 713.558 2.30195
17 50 712.853 715.155 2.30195
11 53 935.829 935.931 0.102657
21 52 709.3 711.602 2.30196
42 67 1001.71 1001.81 0.0975372
35 65 1160.84 1160.94 0.0975374
18 50 1102.47 1102.57 0.097538
9 52 1172.44 1172.54 0.0975392
35 65 950.845 950.947 0.102657
28 56 1112.6 1112.7 0.0975387
47 59 1375.25 1377.55 2.30196
15 51 1003.36 1003.46 0.102657
0 0 1147.96 0 -1147.96
39 63 1109.38 1109.48 0.0975364
30 54 936.282 936.384 0.102658
3 51 956.098 956.201 0.102657
47 0 1147.36 0 -1147.36
6 50 1380.19 1380.38 0.184833
16 52 1165.93 1166.03 0.102658
32 59 1176.67 1176.77 0.0975382
2 50 1147.35 1147.45 0.102658
11 53 1104.26 1104.35 0.0975374
27 72 1000.7 1000.8 0.0975379
3 51 937.671 937.774 0.102657
17 50 940.747 940.849 0.102658
38 57 940.949 941.052 0.102658
24 71 935.778 935.881 0.102659
45 68 1027.69 1027.79 0.102657
48 69 940.945 941.048 0.102658
43 62 1107.58 1107.67 0.0975374
26 54 936.277 938.579 2.30195
28 56 1172.6 1172.7 0.0975387
41 61 1003.21 1003.3 0.0975367
44 66 1113.93 1114.03 0.0975375
5 53 1001.98 1002.08 0.0975371
43 62 939.15 939.252 0.102657
39 63 1019.38 1019.48 0.0975364
27 72 1120.7 1120.8 0.0975379
42 67 1121.71 1121.81 0.0975372
48 69 1120.95 1121.04 0.0975381
12 53 940.125 942.427 2.30195
44 66 933.934 934.036 0.102658
1 51 941.453 943.755 2.30196
14 50 931.917 932.02 0.102658
31 58 934.093 934.195 0.102658
45 68 997.691 997.794 0.102657
27 72 940.699 940.802 0.102658
5 53 941.98 942.083 0.102657
38 57 959.376 959.479 0.102658
39 63 959.383 959.486 0.102656
28 56 962.599 962.702 0.102659
17 50 959.174 959.276 0.102658
32 59 966.671 966.768 0.0975382
9 53 962.441 962.539 0.0975376
14 50 961.917 962.015 0.0975377
36 60 972.477 972.575 0.0975369
3 51 1016.1 1016.2 0.097537
30 54 1116.28 1116.38 0.0975379
23 0 1145.57 0 -1145.57
31 58 1174.09 1174.19 0.0975381
35 65 1100.84 1100.94 0.0975374
20 50 1161.02 1161.35 0.328706
31 58 964.093 964.195 0.102658
48 69 970.945 971.048 0.102658
42 67 971.709 971.811 0.102657
36 60 1062.48 1062.57 0.0975369
30 54 966.282 966.379 0.0975379
25 54 973.589 973.686 0.0975369
29 54 1161.41 1161.51 0.102658
46 70 973.993 974.096 0.102657
14 50 991.917 992.015 0.0975377
15 51 973.36 973.462 0.102657
41 61 973.206 973.304 0.0975367
27 72 970.699 970.797 0.0975379
38 57 989.376 989.473 0.0975378
37 57 975.515 975.618 0.102657
24 71 984.205 984.308 0.102659
22 50 974.911 975.008 0.0975371
49 56 981.204 981.307 0.102657
3 51 986.098 986.201 0.102657
40 64 977.01 977.112 0.102657
11 53 984.256 984.353 0.0975374
18 50 982.471 982.573 0.102658
35 65 980.845 980.947 0.102657
39 63 989.383 989.481 0.0975364
43 62 987.577 987.679 0.102657
32 59 1026.67 1026.77 0.102658
30 54 1026.28 1026.38 0.0975379
19 51 1144.92 1147.22 2.30195
10 52 1144.77 1147.07 2.30195
17 50 989.174 989.271 0.0975379
9 53 992.441 992.539 0.0975376
48 69 1060.95 1061.04 0.0975381
46 70 1033.99 1034.09 0.097537
42 67 1031.71 1031.81 0.0975372
5 53 1031.98 1032.08 0.0975371
48 69 1030.95 1031.05 0.102658
40 64 1097.01 1097.11 0.0975371
44 66 1173.93 1174.03 0.0975375
36 60 1032.48 1032.57 0.0975369
15 51 1033.36 1033.46 0.0975368
37 57 1035.52 1035.61 0.0975375
25 54 1033.59 1033.69 0.0975369
22 50 1034.91 1035.01 0.0975371
42 67 1151.71 1151.81 0.0975372
27 72 1030.7 1030.8 0.0975379
7 52 1370.76 1373.06 2.30195
14 50 1111.92 1112.01 0.0975377
41 61 1033.21 1033.3 0.0975367
49 56 1041.2 1041.3 0.0975375
32 59 1056.67 1056.77 0.102658
39 63 1049.38 1049.48 0.0975364
17 50 1049.17 1049.27 0.0975379
7 56 1142.86 1145.17 2.30196
32 59 1116.67 1116.77 0.0975382
38 57 1049.38 1049.47 0.0975378
3 51 1046.1 1046.2 0.097537
40 64 1037.01 1037.11 0.0975371
18 50 1042.47 1042.57 0.102658
31 58 1114.09 1114.19 0.0975381
35 65 1040.84 1040.94 0.0975374
24 71 1044.21 1044.3 0.0975387
45 68 1117.69 1117.79 0.0975369
48 69 1180.95 1181.04 0.0975381
0 50 1375.85 1378.15 2.30195
38 57 1169.38 1169.47 0.0975378
11 53 1044.26 1044.35 0.0975374
31 58 1054.09 1054.2 0.102658
25 54 1093.59 1093.69 0.0975369
43 62 1047.58 1047.67 0.0975374
15 51 1063.36 1063.46 0.0975368
28 56 1052.6 1052.7 0.0975387
9 53 1052.44 1052.54 0.0975376
14 50 1051.92 1052.01 0.0975377
45 68 1057.69 1057.79 0.102657
44 66 1053.93 1054.03 0.0975375
30 54 1056.28 1056.38 0.0975379
25 54 1063.59 1063.69 0.0975369
5 53 1061.98 1062.08 0.0975371
18 50 1072.47 1072.57 0.097538
46 70 1063.99 1064.09 0.097537
27 72 1060.7 1060.8 0.0975379
42 67 1061.71 1061.81 0.0975372
41 61 1063.21 1063.3 0.0975367
48 69 1090.95 1091.04 0.0975381
37 57 1065.52 1065.61 0.0975375
22 50 1064.91 1065.01 0.0975371
17 50 1079.17 1079.27 0.0975379
40 64 1067.01 1067.11 0.0975371
24 71 1074.21 1074.3 0.0975387
38 57 1079.38 1079.47 0.0975378
35 65 1070.84 1070.94 0.0975374
49 56 1071.2 1071.3 0.0975375
11 53 1074.26 1074.35 0.0975374
3 51 1076.1 1076.2 0.097537
39 63 1079.38 1079.48 0.0975364
36 60 1092.48 1092.57 0.0975369
41 61 1093.21 1093.3 0.0975367
43 62 1077.58 1077.67 0.0975374
27 72 1090.7 1090.8 0.0975379
9 53 1082.44 1082.54 0.0975376
32 59 1086.67 1086.77 0.102658
5 53 1091.98 1092.08 0.0975371
28 56 1082.6 1082.7 0.0975387
14 50 1081.92 1082.01 0.0975377
42 67 1091.71 1091.81 0.0975372
31 58 1084.09 1084.2 0.102658
15 51 1093.36 1093.46 0.0975368
22 50 1094.91 1095.01 0.0975371
44 66 1083.93 1084.03 0.0975375
45 68 1087.69 1087.79 0.0975369
32 59 1146.67 1146.77 0.0975382
49 56 1131.2 1131.3 0.0975375
36 60 1122.48 1122.57 0.0975369
6 50 1152.3 1154.6 2.30195
41 61 1183.21 1183.3 0.0975367
25 54 1123.59 1123.69 0.0975369
37 57 1125.52 1125.61 0.0975375
16 52 1155.76 1155.87 0.102658
3 51 1136.1 1136.2 0.097537
15 51 1123.36 1123.46 0.0975368
26 54 1164.17 1166.47 2.30195
41 61 1123.21 1123.3 0.0975367
46 70 1123.99 1124.09 0.097537
29 54 1181.78 1181.87 0.097538
45 68 1177.69 1177.79 0.0975369
22 50 1124.91 1125.01 0.0975371
36 60 1182.48 1182.57 0.0975369
39 63 1169.38 1169.48 0.0975364
12 53 1168.02 1170.32 2.30195
8 52 1167.57 1167.75 0.184834
38 57 1139.38 1139.47 0.0975378
40 64 1127.01 1127.11 0.0975371
35 65 1130.84 1130.94 0.0975374
18 50 1132.47 1132.57 0.097538
24 71 1134.21 1134.3 0.0975387
11 53 1134.26 1134.35 0.0975374
4 51 1376.25 1378.55 2.30195
33 55 1376.56 1378.87 2.30195
34 55 1377.04 1377.23 0.184834
21 50 1165.09 1165.19 0.102657
39 63 1139.38 1139.48 0.0975364
1 50 1169.35 1171.65 2.30195
9 53 1142.44 1142.54 0.0975376
17 50 1139.17 1139.27 0.0975379
2 50 1157.51 1157.61 0.102658
28 56 1142.6 1142.7 0.0975387
43 62 1137.58 1137.67 0.0975374
15 51 1183.36 1183.46 0.0975368
2 50 1177.88 1177.98 0.0975385
5 53 1181.98 1182.08 0.0975371
30 54 1146.28 1146.38 0.0975379
14 50 1141.92 1142.01 0.0975377
31 58 1144.09 1144.19 0.0975381
44 66 1143.93 1144.03 0.0975375
45 68 1147.69 1147.79 0.0975369
15 51 1153.36 1153.46 0.0975368
19 51 1372.81 1372.91 0.102657
36 60 1152.48 1152.57 0.0975369
5 53 1151.98 1152.08 0.0975371
46 70 1153.99 1154.09 0.097537
48 69 1150.95 1151.04 0.0975381
37 57 1155.52 1155.61 0.0975375
25 54 1153.59 1153.69 0.0975369
21 50 1175.25 1175.35 0.102657
41 61 1153.21 1153.3 0.0975367
22 50 1154.91 1155.01 0.0975371
49 56 1161.2 1161.3 0.0975375
40 64 1157.01 1157.11 0.0975371
8 52 1185.87 1185.97 0.102658
24 71 1164.21 1164.3 0.0975387
3 51 1166.1 1166.2 0.097537
13 52 1172.44 1172.54 0.097537
18 50 1162.47 1162.57 0.097538
11 53 1164.26 1164.35 0.0975374
42 67 1181.71 1181.81 0.0975372
25 54 1183.59 1183.69 0.0975369
24 71 1194.21 1194.3 0.0975387
46 70 1183.99 1184.09 0.097537
16 52 1186.3 1186.4 0.102658
49 56 1191.2 1191.3 0.0975375
20 50 1193.56 1193.89 0.328706
22 50 1184.91 1185.01 0.0975371
35 65 1190.84 1190.94 0.0975374
18 50 1192.47 1192.57 0.097538
37 57 1185.52 1185.61 0.0975375
40 64 1187.01 1187.11 0.0975371
11 53 1194.26 1194.35 0.0975374
21 50 1195.62 1195.72 0.0975369
43 62 1197.58 1197.67 0.0975374
12 53 1395.91 1396.1 0.184834
1 50 1397.24 1397.57 0.328705
17 50 1199.17 1199.27 0.0975379
26 54 1392.06 1392.17 0.102658
3 51 1196.1 1196.2 0.097537
8 52 1198.1 1198.2 0.0975376
38 57 1199.38 1199.47 0.0975378
39 63 1199.38 1199.48 0.0975364
