18 22 0.0270476 2.32901 2.30196
17 22 247.45 249.751 2.30196
9 21 26.2558 28.5577 2.30195
11 21 467.952 470.254 2.30196
4 22 1.21717 3.51913 2.30196
10 21 1.57908 3.88103 2.30196
8 21 1.82648 4.12843 2.30195
12 22 2.34211 4.64408 2.30196
16 20 5.81048 8.11244 2.30196
19 22 6.46034 8.76231 2.30196
7 22 5.68781 7.98977 2.30196
0 0 6.54384 0 -6.54384
2 20 6.58996 8.89191 2.30195
11 21 12.165 14.467 2.30196
14 20 9.90449 12.2064 2.30196
5 22 13.023 15.3249 2.30195
13 22 12.4989 14.8008 2.30196
6 22 14.353 16.6549 2.30195
3 20 19.234 21.536 2.30195
1 20 17.1202 19.4222 2.30196
15 20 20.5259 22.8278 2.30196
17 22 19.5563 21.8582 2.30196
3 20 247.127 249.429 2.30195
15 20 248.419 250.721 2.30196
13 20 468.285 470.587 2.30197
9 21 709.936 712.237 2.30195
9 21 254.149 256.451 2.30195
9 21 482.042 484.344 2.30195
18 22 227.92 230.222 2.30196
4 22 229.11 231.412 2.30196
10 0 229.472 0 -229.472
8 21 229.72 232.022 2.30195
12 20 230.235 232.537 2.30196
7 22 233.581 235.883 2.30196
16 0 233.704 0 -233.704
19 22 234.354 236.656 2.30196
0 20 234.437 236.739 2.30196
2 20 234.483 236.785 2.30195
14 20 237.798 240.1 2.30196
11 21 240.058 242.36 2.30196
13 20 240.392 242.694 2.30197
5 22 240.916 243.218 2.30195
6 22 242.246 244.548 2.30195
1 20 245.013 247.315 2.30196
6 22 470.139 472.441 2.30195
2 20 462.376 464.678 2.30195
14 20 465.691 467.993 2.30196
0 0 462.33 0 -462.33
5 22 468.809 471.111 2.30195
19 0 462.247 0 -462.247
1 22 472.907 475.209 2.30197
17 22 475.343 477.645 2.30196
3 20 475.021 477.322 2.30195
15 20 476.312 478.614 2.30196
18 20 455.814 458.116 2.30197
4 0 457.004 0 -457.004
10 0 457.366 0 -457.366
8 21 457.613 459.915 2.30195
12 20 458.129 460.431 2.30196
7 22 461.474 463.776 2.30196
16 0 461.597 0 -461.597
13 0 924.072 0 -924.072
8 21 1141.83 1141.92 0.0975374
11 21 923.738 923.841 0.102661
17 22 931.129 933.431 2.30196
6 22 944.353 944.451 0.0975375
18 22 944.142 944.47 0.328711
6 22 925.926 926.029 0.102658
11 21 942.165 942.263 0.0975415
18 22 683.707 686.009 2.30196
4 20 684.897 687.199 2.30197
10 21 685.259 687.561 2.30196
8 21 685.506 687.808 2.30195
12 0 686.022 0 -686.022
7 22 689.368 691.67 2.30196
16 20 689.49 691.792 2.30196
19 0 690.14 0 -690.14
0 20 690.224 692.526 2.30196
2 20 690.27 692.572 2.30195
14 0 693.584 0 -693.584
11 21 695.845 698.147 2.30196
13 21 696.179 698.481 2.30197
5 22 696.703 699.005 2.30195
6 22 698.033 700.335 2.30195
1 22 700.8 703.102 2.30197
3 0 702.914 0 -702.914
17 21 703.236 705.538 2.30197
15 20 704.206 706.508 2.30196
8 21 961.826 961.924 0.0975374
5 22 924.596 926.898 2.30195
18 22 976.683 977.012 0.328711
9 21 956.256 956.43 0.174595
7 22 968.101 968.275 0.174599
15 22 932.099 934.401 2.30196
7 22 949.803 949.987 0.184839
2 20 936.59 936.687 0.0975381
3 22 930.807 933.109 2.30197
9 21 937.829 938.014 0.184835
8 21 931.826 931.924 0.0975374
18 22 911.6 911.929 0.328711
4 22 912.79 915.092 2.30196
10 21 913.152 915.454 2.30196
8 21 913.399 913.502 0.102657
12 20 913.915 916.217 2.30196
7 22 917.261 917.59 0.328711
16 0 917.383 0 -917.383
19 21 918.033 920.335 2.30197
0 0 918.117 0 -918.117
2 0 918.163 0 -918.163
14 20 921.477 923.779 2.30196
1 20 928.693 929.31 0.616453
2 20 966.59 966.687 0.0975381
9 21 1196.26 1196.35 0.0975387
11 21 972.165 972.263 0.0975415
6 22 974.353 974.456 0.102658
1 20 989.722 990.05 0.328709
9 21 986.256 986.358 0.102659
18 22 1009.23 1009.55 0.328711
11 21 1002.17 1002.27 0.102661
8 21 991.826 991.924 0.0975374
7 22 995.688 995.79 0.102663
11 21 1152.17 1152.27 0.102661
2 20 996.59 996.693 0.102658
1 20 1022.26 1022.59 0.328709
6 22 1004.35 1004.45 0.0975375
6 22 1184.35 1184.45 0.0975375
17 22 1386.92 1387.24 0.32871
9 21 1016.26 1016.36 0.102659
8 21 1021.83 1021.92 0.0975374
15 20 1387.89 1390.19 2.30196
18 22 1041.77 1041.95 0.184839
8 21 1051.83 1051.92 0.0975374
2 20 1026.59 1026.69 0.0975381
11 21 1032.17 1032.27 0.102661
7 22 1025.69 1025.79 0.102663
1 20 1187.12 1187.22 0.102661
6 22 1034.35 1034.45 0.0975375
1 20 1054.8 1054.99 0.184837
9 21 1046.26 1046.35 0.0975387
18 22 1060.07 1060.24 0.174599
7 22 1055.69 1055.79 0.097543
6 22 1064.35 1064.45 0.0975375
1 20 1097.12 1097.22 0.102661
2 20 1056.59 1056.69 0.0975381
9 21 1076.26 1076.35 0.0975387
18 22 1170.03 1170.2 0.174599
11 21 1062.17 1062.27 0.102661
1 20 1073.1 1073.21 0.102661
8 21 1171.83 1171.92 0.0975374
6 22 1154.35 1154.45 0.0975375
7 22 1085.69 1085.79 0.097543
14 22 1377.26 1378.58 1.31483
18 22 1080.03 1080.2 0.174599
8 21 1081.83 1081.92 0.0975374
2 20 1086.59 1086.69 0.0975381
2 20 1116.59 1116.69 0.0975381
19 22 1145.93 1148.23 2.30196
16 20 1145.28 1147.58 2.30196
6 22 1094.35 1094.45 0.0975375
11 21 1092.17 1092.26 0.0975415
12 20 1141.81 1142.42 0.616459
14 20 1149.37 1151.67 2.30196
0 20 1146.01 1148.31 2.30196
10 21 1141.05 1143.35 2.30196
18 22 1110.03 1110.2 0.174599
7 22 1115.69 1115.79 0.097543
9 21 1106.26 1106.35 0.0975387
8 21 1111.83 1111.92 0.0975374
4 22 1140.68 1141.01 0.32871
11 21 1122.17 1122.27 0.102661
6 22 1124.35 1124.45 0.0975375
9 21 1136.26 1136.35 0.0975387
3 20 1158.7 1158.8 0.102657
15 0 1159.99 0 -1159.99
1 20 1127.12 1127.22 0.102661
13 21 1151.97 1154.27 2.30197
5 22 1152.49 1154.79 2.30195
18 22 1140.03 1140.2 0.174599
17 22 1159.02 1161.32 2.30196
2 20 1146.59 1146.69 0.0975381
7 22 1145.69 1145.79 0.102663
12 22 1202.84 1203.45 0.616457
9 21 1166.26 1166.35 0.0975387
10 21 1368.94 1369.04 0.102659
4 22 1173.23 1173.41 0.184838
1 20 1157.12 1157.22 0.102661
16 0 1373.17 0 -1373.17
13 20 1379.86 1382.16 2.30197
2 20 1176.59 1176.69 0.0975381
0 20 1373.9 1376.21 2.30196
19 22 1373.82 1376.12 2.30196
11 21 1182.17 1182.27 0.102661
7 22 1175.69 1175.79 0.097543
5 22 1380.38 1380.49 0.102659
3 20 1189.23 1189.33 0.0975371
