30 43 1.95164 4.2536 2.30196
13 42 2.10027 4.40223 2.30195
19 41 8.91204 11.214 2.30195
9 0 710.068 0 -710.068
20 41 11.3092 13.6111 2.30195
35 41 15.5512 17.8532 2.30195
25 43 12.16 14.4619 2.30195
36 41 2.43117 4.73313 2.30196
24 0 3.02625 0 -3.02625
2 44 1143.65 1143.75 0.09754
28 43 3.17354 5.4755 2.30196
17 41 1165.61 1167.91 2.30195
2 44 3.65321 5.95516 2.30196
26 43 690.583 692.885 2.30196
26 0 6.90361 0 -6.90361
34 0 5.81851 0 -5.81851
33 0 6.77958 0 -6.77958
19 41 998.912 999.01 0.0975372
18 0 7.44014 0 -7.44014
16 0 7.72944 0 -7.72944
5 40 946.664 946.767 0.102658
32 43 1175.56 1175.66 0.102657
13 42 932.1 932.203 0.102658
13 42 1112.1 1112.2 0.0975382
4 44 1015.84 1015.94 0.102658
15 0 8.10188 0 -8.10188
4 44 937.413 937.515 0.102658
10 42 940.077 940.179 0.102659
23 41 1166.99 1169.29 2.30196
12 0 8.12771 0 -8.12771
27 43 14.8297 17.1317 2.30196
22 0 15.1907 0 -15.1907
1 0 929.737 0 -929.737
29 43 15.7823 18.0843 2.30196
10 42 1018.5 1018.6 0.0975389
5 40 16.6643 18.9662 2.30195
38 0 1391.92 0 -1391.92
4 44 709.519 711.821 2.30195
39 41 17.3618 19.6638 2.30196
33 0 690.459 0 -690.459
14 42 18.1026 20.4045 2.30196
1 44 18.164 20.466 2.30195
34 0 689.498 0 -689.498
7 40 18.9948 21.2967 2.30195
3 40 20.3717 22.6737 2.30195
19 41 938.912 939.01 0.0975372
21 41 21.2309 23.5329 2.30195
0 44 937.592 939.894 2.30195
36 41 1022.43 1022.53 0.102663
19 41 1028.91 1029.01 0.0975372
36 41 932.431 932.534 0.102663
31 43 21.9689 24.2708 2.30195
11 42 21.6467 23.9486 2.30195
30 43 946.066 946.395 0.328709
8 44 23.506 25.8079 2.30196
32 43 25.9309 28.2329 2.30195
38 0 708.239 0 -708.239
8 40 707.186 709.488 2.30196
38 0 24.5597 0 -24.5597
9 44 1165.85 1168.16 2.30195
30 43 978.608 978.937 0.328709
4 44 25.8397 28.1416 2.30195
0 0 26.0186 0 -26.0186
37 41 937.602 939.904 2.30196
36 41 992.431 992.534 0.102663
7 0 930.568 0 -930.568
11 0 933.22 0 -933.22
37 41 26.0291 28.3311 2.30196
17 41 26.14 28.442 2.30195
2 44 933.653 933.756 0.10266
31 43 933.542 935.844 2.30195
21 0 932.804 0 -932.804
9 0 26.3887 0 -26.3887
38 0 936.133 0 -936.133
23 0 27.5203 0 -27.5203
10 42 28.5035 30.8055 2.30195
2 44 687.333 689.635 2.30196
17 41 937.713 940.015 2.30195
6 40 28.8827 31.1847 2.30195
28 0 686.853 0 -686.853
17 41 254.033 256.335 2.30195
3 40 248.265 250.567 2.30195
21 41 249.124 251.426 2.30195
11 42 249.54 251.842 2.30195
37 41 253.922 256.224 2.30196
10 42 712.183 714.485 2.30195
29 43 1005.78 1005.88 0.0975395
9 44 254.282 256.584 2.30195
23 43 255.414 257.715 2.30196
0 44 253.912 256.214 2.30195
0 44 481.805 484.107 2.30195
10 42 256.397 258.699 2.30195
29 43 945.782 945.88 0.0975395
21 41 477.017 479.319 2.30195
5 40 700.344 702.646 2.30195
23 43 711.2 713.502 2.30196
6 40 256.776 259.078 2.30195
24 0 686.706 0 -686.706
36 41 686.111 688.413 2.30196
30 43 685.631 687.933 2.30196
1 44 701.844 704.146 2.30195
31 43 249.862 252.164 2.30195
13 42 992.1 992.198 0.0975382
31 43 705.649 707.951 2.30195
4 44 253.733 256.035 2.30195
11 42 705.326 707.628 2.30195
3 0 704.051 0 -704.051
39 0 701.042 0 -701.042
27 0 698.509 0 -698.509
38 0 252.453 0 -252.453
32 43 253.824 256.126 2.30195
19 41 464.699 467 2.30195
13 42 685.78 688.082 2.30195
21 41 704.911 707.213 2.30195
7 0 702.675 0 -702.675
14 43 701.782 704.084 2.30196
29 42 699.462 701.764 2.30196
35 41 699.231 701.533 2.30195
22 41 698.87 701.172 2.30196
30 42 229.845 232.147 2.30196
13 42 229.994 232.295 2.30195
36 41 230.324 232.626 2.30196
24 0 230.919 0 -230.919
28 0 231.067 0 -231.067
2 44 231.546 233.848 2.30196
34 0 233.712 0 -233.712
33 41 234.673 236.975 2.30196
26 0 234.797 0 -234.797
18 0 235.333 0 -235.333
16 42 235.623 237.925 2.30195
15 0 235.995 0 -235.995
12 42 236.021 238.323 2.30195
19 41 236.805 239.107 2.30195
20 41 239.202 241.504 2.30195
25 43 240.053 242.355 2.30195
27 43 242.723 245.025 2.30196
22 0 243.084 0 -243.084
35 41 243.444 245.746 2.30195
29 43 243.676 245.978 2.30196
5 40 244.558 246.859 2.30195
39 41 245.255 247.557 2.30196
14 42 245.996 248.298 2.30196
1 44 246.057 248.359 2.30195
7 40 246.888 249.19 2.30195
37 0 1165.5 0 -1165.5
32 43 709.611 711.913 2.30195
8 44 251.399 253.701 2.30196
5 40 928.237 928.34 0.102658
32 42 937.504 939.806 2.30196
5 40 1036.66 1036.76 0.0975384
0 0 709.698 0 -709.698
29 43 975.782 975.88 0.0975395
2 44 1023.65 1023.75 0.09754
35 44 927.124 929.426 2.30197
4 44 1045.84 1045.94 0.102658
30 43 1011.15 1011.33 0.184837
17 0 709.82 0 -709.82
5 40 1156.66 1156.76 0.0975384
2 44 963.653 963.756 0.10266
10 42 1138.5 1138.6 0.0975389
13 42 1022.1 1022.2 0.0975382
2 44 993.653 993.756 0.10266
3 40 1190.37 1190.47 0.0975378
39 40 1187.36 1187.54 0.174599
35 41 1165.18 1165.28 0.102657
3 40 476.158 478.46 2.30195
22 41 470.977 473.279 2.30196
5 40 1006.66 1006.76 0.0975384
25 43 467.946 470.248 2.30195
39 41 473.148 475.45 2.30196
6 40 712.562 714.864 2.30195
3 40 931.945 934.247 2.30195
38 41 480.346 482.648 2.30196
10 42 484.29 486.592 2.30195
12 0 463.914 0 -463.914
20 41 467.096 469.398 2.30195
29 43 471.569 473.871 2.30196
14 42 473.889 476.191 2.30196
11 42 477.433 479.735 2.30195
32 43 481.717 484.019 2.30195
4 44 481.626 483.928 2.30195
15 0 463.888 0 -463.888
25 43 695.84 698.142 2.30195
20 40 694.989 697.291 2.30196
19 41 692.592 694.894 2.30195
12 42 691.807 694.109 2.30195
15 0 691.782 0 -691.782
10 42 988.504 988.606 0.102659
16 42 691.409 693.711 2.30195
35 41 471.338 473.64 2.30195
18 41 691.12 693.422 2.30195
1 44 473.951 476.252 2.30195
37 0 481.816 0 -481.816
6 40 484.669 486.971 2.30195
36 41 962.431 962.529 0.0975427
5 40 472.451 474.753 2.30195
27 43 470.616 472.918 2.30196
7 40 474.781 477.083 2.30195
31 43 477.755 480.057 2.30195
9 44 482.175 484.477 2.30195
8 44 479.292 481.594 2.30196
17 41 481.927 484.228 2.30195
23 43 483.307 485.609 2.30196
30 42 457.738 460.04 2.30196
13 42 457.887 460.189 2.30195
36 41 458.218 460.52 2.30196
24 43 458.813 461.115 2.30196
28 0 458.96 0 -458.96
2 44 459.44 461.742 2.30196
34 43 461.605 463.907 2.30196
33 0 462.566 0 -462.566
26 43 462.69 464.992 2.30196
18 41 463.227 465.529 2.30195
16 42 463.516 465.818 2.30195
4 44 985.84 985.937 0.0975377
5 40 976.664 976.767 0.102658
30 43 1141.95 1142.13 0.174597
6 40 988.883 988.985 0.102658
19 41 968.912 969.01 0.0975372
37 0 709.709 0 -709.709
30 43 1029.45 1029.62 0.174597
6 40 1018.88 1018.99 0.102658
6 40 958.883 958.985 0.102658
32 43 1165.4 1165.5 0.102657
8 0 1162.97 0 -1162.97
14 42 929.676 931.978 2.30196
13 42 962.1 962.203 0.102658
6 40 1138.88 1138.98 0.0975383
30 43 913.525 913.853 0.328709
13 42 913.673 913.776 0.102658
36 41 914.004 914.189 0.184839
24 0 914.599 0 -914.599
28 43 914.747 917.048 2.30196
2 44 915.226 915.329 0.10266
34 0 917.392 0 -917.392
33 0 918.353 0 -918.353
26 43 918.477 920.779 2.30196
18 41 919.013 921.315 2.30195
16 0 919.302 0 -919.302
15 42 919.675 921.977 2.30195
12 0 919.701 0 -919.701
19 41 920.485 920.588 0.102657
20 41 922.882 925.184 2.30195
25 43 923.733 926.035 2.30195
31 43 1191.97 1192.07 0.0975389
29 43 1035.78 1035.88 0.10266
39 41 928.935 931.237 2.30196
29 42 927.355 927.458 0.102665
8 40 935.079 937.381 2.30196
23 43 939.093 941.395 2.30196
27 40 926.403 928.705 2.30197
36 41 1172.43 1172.53 0.0975427
6 40 940.456 940.641 0.184834
22 44 926.764 929.066 2.30197
1 44 1157.63 1159.93 2.30195
9 44 937.962 940.264 2.30195
10 42 958.504 958.601 0.0975389
4 44 955.84 955.937 0.0975377
10 42 1048.5 1048.6 0.0975389
30 43 1051.95 1052.13 0.174597
6 40 1048.88 1048.99 0.102658
36 41 1052.43 1052.53 0.0975427
36 41 1082.43 1082.53 0.0975427
13 42 1052.1 1052.2 0.0975382
19 41 1058.91 1059.01 0.0975372
10 42 1198.5 1198.6 0.0975389
2 44 1053.65 1053.75 0.09754
29 43 1065.78 1065.88 0.10266
10 42 1078.5 1078.6 0.0975389
5 40 1066.66 1066.76 0.0975384
4 44 1075.84 1075.94 0.0975377
30 43 1081.95 1082.13 0.174597
2 44 1083.65 1083.76 0.10266
6 40 1078.88 1078.98 0.0975383
13 42 1082.1 1082.2 0.0975382
16 42 1147.2 1149.5 2.30195
5 40 1096.66 1096.76 0.0975384
29 43 1095.78 1095.88 0.10266
29 43 1155.78 1155.88 0.0975395
19 41 1088.91 1089.01 0.0975372
19 41 1148.91 1149.01 0.0975372
10 42 1108.5 1108.6 0.0975389
4 44 1105.84 1105.94 0.0975377
2 44 1173.65 1173.75 0.09754
3 40 1170 1170.1 0.102658
30 43 1111.95 1112.13 0.174597
20 40 1150.78 1151.1 0.328715
24 43 1142.49 1144.79 2.30196
22 41 1154.66 1156.96 2.30196
15 0 1147.57 0 -1147.57
35 41 1155.02 1155.12 0.102657
6 40 1108.88 1108.98 0.0975383
36 41 1112.43 1112.53 0.0975427
2 44 1113.65 1113.76 0.10266
19 41 1118.91 1119.01 0.0975372
4 44 1135.84 1135.94 0.0975377
25 43 1151.63 1151.73 0.102657
3 40 1159.84 1159.94 0.102658
33 0 1146.25 0 -1146.25
14 43 1157.57 1159.87 2.30196
12 0 1147.59 0 -1147.59
26 43 1146.37 1148.67 2.30196
11 42 1161.11 1163.41 2.30195
0 44 1165.48 1167.79 2.30195
27 42 1154.3 1154.62 0.328717
7 44 1158.46 1160.76 2.30196
24 43 1370.39 1372.69 2.30196
34 41 1145.28 1147.59 2.30196
38 41 1164.03 1166.33 2.30196
39 40 1156.83 1157.01 0.184839
5 40 1126.66 1126.76 0.0975384
28 43 1142.64 1144.94 2.30196
18 41 1146.91 1149.21 2.30195
29 43 1125.78 1125.88 0.10266
31 43 1161.44 1161.54 0.102659
21 41 1160.7 1163 2.30195
25 43 1161.79 1161.89 0.102657
36 41 1142.43 1142.53 0.0975427
13 42 1142.1 1142.2 0.0975382
6 40 1168.88 1168.98 0.0975383
4 44 1195.84 1195.94 0.0975377
4 44 1165.84 1165.94 0.0975377
10 42 1168.5 1168.6 0.0975389
13 0 1172.1 0 -1172.1
28 43 1370.53 1372.83 2.30196
30 43 1171.95 1172.13 0.174597
20 41 1183.32 1183.65 0.328706
18 41 1374.8 1374.9 0.102658
33 40 1374.14 1376.44 2.30197
34 41 1373.18 1375.48 2.30196
25 43 1182.16 1182.26 0.0975375
26 41 1374.26 1374.59 0.32872
16 42 1375.09 1375.19 0.102657
5 40 1186.66 1186.76 0.0975384
14 42 1385.46 1387.76 2.30196
27 43 1186.84 1187.17 0.328708
35 41 1185.55 1185.65 0.0975374
22 41 1382.55 1382.74 0.184836
29 43 1185.78 1185.88 0.0975395
8 44 1390.87 1393.17 2.30196
1 44 1385.52 1385.63 0.102658
21 41 1388.59 1390.89 2.30195
7 40 1386.35 1388.66 2.30195
11 0 1389.01 0 -1389.01
12 0 1375.49 0 -1375.49
15 0 1375.46 0 -1375.46
19 41 1178.91 1179.01 0.0975372
32 43 1195.93 1196.03 0.0975372
17 0 1393.5 0 -1393.5
0 44 1393.38 1393.48 0.102658
37 0 1393.39 0 -1393.39
9 40 1393.75 1396.05 2.30196
23 43 1394.88 1395.06 0.184836
6 40 1198.88 1198.98 0.0975383
