49 0 0.706099 0 -0.706099
23 59 1.02771 3.32966 2.30195
3 51 5.35633 7.65828 2.30195
45 57 7.00805 9.31001 2.30195
7 50 7.78011 10.0821 2.30195
17 60 7.36123 9.66319 2.30195
48 55 686.576 688.878 2.30195
27 58 7.68728 9.98923 2.30195
49 55 1368.07 1369.38 1.31483
7 57 691.46 693.762 2.30195
10 53 1.07055 3.3725 2.30195
38 55 1151.55 1151.65 0.097543
8 51 1160.98 1161.08 0.097538
39 0 701.319 0 -701.319
41 0 1.36593 0 -1.36593
6 51 1.83483 4.13679 2.30195
48 55 2.89657 5.19852 2.30195
1 57 3.02796 5.32991 2.30195
31 52 1114.9 1115 0.097538
35 56 3.49613 5.79808 2.30195
44 55 926.808 929.11 2.30195
31 52 4.90318 7.20514 2.30195
12 50 4.22688 6.52883 2.30195
42 0 1148.16 0 -1148.16
2 50 4.68021 6.98216 2.30195
30 52 5.18876 7.49071 2.30195
39 51 1157.11 1159.41 2.30196
16 60 712.032 714.334 2.30195
10 53 1171.07 1171.17 0.0975384
18 50 8.67697 10.9789 2.30195
0 57 9.06322 11.3652 2.30196
42 0 8.68958 0 -8.68958
26 58 8.79745 11.0994 2.30195
23 59 684.707 687.009 2.30195
20 54 1100.78 1100.87 0.0975385
3 0 689.036 0 -689.036
24 52 1158.79 1158.89 0.0975381
37 0 701.185 0 -701.185
22 54 9.98126 12.2832 2.30195
11 51 10.03 12.332 2.30195
38 55 695.228 697.53 2.30196
29 52 10.4359 12.7379 2.30196
36 56 935.921 938.223 2.30195
19 52 1169.54 1169.64 0.0975368
38 55 11.5479 13.8499 2.30196
30 52 1175.19 1175.29 0.0975374
21 54 13.0639 15.3658 2.30195
34 56 13.6008 15.9028 2.30195
5 50 12.9456 15.2475 2.30195
3 51 1144.82 1144.93 0.102658
10 53 684.75 687.052 2.30195
8 51 1100.98 1101.08 0.097538
40 0 15.2125 0 -15.2125
44 55 15.235 17.5369 2.30195
22 54 693.661 695.963 2.30195
26 58 1178.8 1178.89 0.0975381
39 51 17.6391 19.941 2.30196
14 53 17.0085 19.3105 2.30195
25 59 16.8506 19.1526 2.30195
46 60 16.4127 18.7147 2.30196
37 0 17.5048 0 -17.5048
44 55 1154.7 1154.8 0.102658
18 50 1118.68 1118.77 0.0975367
31 52 1174.9 1175 0.097538
2 0 688.36 0 -688.36
29 52 922.009 922.112 0.102659
9 51 17.739 20.0409 2.30195
47 55 18.5339 20.8359 2.30196
29 52 1000.44 1000.53 0.0975391
19 52 713.219 715.521 2.30195
8 51 704.661 706.963 2.30195
24 52 18.7912 21.0931 2.30195
32 56 21.9389 24.2409 2.30196
8 51 20.9814 23.2833 2.30195
20 54 20.775 23.077 2.30195
29 52 694.116 696.418 2.30196
11 51 921.603 921.706 0.102658
1 57 1142.49 1144.8 2.30195
13 50 24.0346 26.3366 2.30195
46 56 1155.88 1158.18 2.30196
42 0 692.369 0 -692.369
33 0 27.8117 0 -27.8117
36 56 24.3479 26.6499 2.30195
24 52 702.471 704.773 2.30195
4 53 26.8694 29.1714 2.30195
28 54 27.5457 29.8477 2.30195
43 54 28.8521 31.1541 2.30196
16 60 28.3524 30.6544 2.30195
4 53 938.442 940.744 2.30195
19 52 29.5391 31.8411 2.30195
16 60 1108.35 1108.45 0.0975366
26 0 692.477 0 -692.477
43 0 940.425 0 -940.425
15 51 29.2101 31.5121 2.30195
47 55 702.214 704.516 2.30196
44 55 1164.86 1164.96 0.0975381
13 50 251.928 254.23 2.30195
36 56 252.241 254.543 2.30195
32 56 249.832 252.134 2.30196
49 0 684.386 0 -684.386
19 52 257.432 259.734 2.30195
9 51 473.525 475.827 2.30195
25 59 700.53 702.832 2.30195
46 0 700.092 0 -700.092
44 0 698.915 0 -698.915
4 53 254.763 257.065 2.30195
16 60 256.246 258.548 2.30195
17 60 463.148 465.45 2.30195
40 53 698.892 701.194 2.30195
34 56 697.281 699.583 2.30195
15 51 257.103 259.405 2.30195
27 0 463.474 0 -463.474
24 52 246.684 248.986 2.30195
3 51 1175.36 1175.45 0.0975377
43 0 256.745 0 -256.745
33 56 255.705 258.007 2.30196
24 52 474.578 476.88 2.30195
20 54 248.668 250.97 2.30195
8 51 248.875 251.177 2.30195
28 54 255.439 257.741 2.30195
14 53 700.688 702.99 2.30195
49 55 228.599 230.901 2.30196
23 59 228.921 231.223 2.30195
10 53 228.964 231.266 2.30195
41 0 229.259 0 -229.259
6 51 229.728 232.03 2.30195
48 55 230.79 233.092 2.30195
1 57 230.921 233.223 2.30195
35 56 231.389 233.691 2.30195
12 51 232.12 234.422 2.30196
2 50 232.573 234.875 2.30195
31 58 232.796 235.098 2.30195
30 52 233.082 235.384 2.30195
3 51 233.25 235.552 2.30195
45 57 234.901 237.203 2.30195
17 60 235.254 237.556 2.30195
27 58 235.581 237.882 2.30195
7 57 235.673 237.975 2.30195
18 50 236.57 238.872 2.30195
42 0 236.583 0 -236.583
26 58 236.691 238.993 2.30195
0 57 236.956 239.258 2.30196
22 54 237.875 240.176 2.30195
11 51 237.923 240.225 2.30195
29 52 238.329 240.631 2.30196
38 55 239.441 241.743 2.30196
5 50 240.839 243.141 2.30195
21 54 240.957 243.259 2.30195
34 56 241.494 243.796 2.30195
40 53 243.106 245.408 2.30195
44 55 243.128 245.43 2.30195
46 0 244.306 0 -244.306
25 59 244.744 247.046 2.30195
14 53 244.902 247.204 2.30195
37 0 245.398 0 -245.398
39 0 245.532 0 -245.532
9 51 245.632 247.934 2.30195
47 55 246.427 248.729 2.30196
43 54 712.532 714.834 2.30196
27 0 691.367 0 -691.367
15 51 712.89 715.192 2.30195
24 52 1098.79 1098.89 0.0975381
16 60 1168.35 1168.45 0.0975366
30 0 688.869 0 -688.869
1 57 1370.39 1370.49 0.102658
37 55 1156.97 1159.27 2.30196
35 56 687.176 689.478 2.30195
27 52 1147.15 1149.46 2.30196
32 56 1101.94 1102.04 0.0975395
32 56 1161.94 1162.04 0.0975395
36 56 708.028 710.33 2.30195
0 0 692.743 0 -692.743
11 51 693.71 696.012 2.30195
5 50 1122.95 1123.04 0.0975383
19 52 1109.54 1109.64 0.0975368
33 60 711.491 713.793 2.30196
9 51 929.312 929.415 0.102658
1 57 686.708 689.01 2.30195
13 50 707.714 710.016 2.30195
28 54 711.225 713.527 2.30195
23 59 931.028 931.13 0.102658
41 0 685.046 0 -685.046
18 50 692.357 694.659 2.30195
32 56 705.619 707.921 2.30196
6 51 685.515 687.817 2.30195
21 0 696.744 0 -696.744
4 53 710.549 712.851 2.30195
45 0 690.688 0 -690.688
17 60 691.041 693.343 2.30195
5 57 696.625 698.927 2.30196
9 51 701.419 703.721 2.30195
20 54 1160.78 1160.87 0.0975385
22 54 921.554 923.856 2.30195
20 54 704.455 706.757 2.30195
13 50 479.821 482.123 2.30195
38 55 923.121 923.224 0.102663
2 50 1174.68 1174.78 0.0975378
38 55 1121.55 1121.65 0.097543
12 0 687.907 0 -687.907
31 52 688.583 690.885 2.30195
43 54 484.639 486.941 2.30196
29 52 466.222 468.524 2.30196
47 56 474.32 476.622 2.30196
25 59 472.637 474.939 2.30195
11 51 465.817 468.118 2.30195
38 55 467.334 469.636 2.30196
42 55 464.476 466.778 2.30197
32 56 477.725 480.027 2.30196
18 50 464.463 466.765 2.30195
21 54 468.85 471.152 2.30195
22 54 465.768 468.07 2.30195
46 56 472.199 474.501 2.30196
14 53 472.795 475.097 2.30195
8 51 476.768 479.07 2.30195
19 52 485.326 487.628 2.30195
7 0 463.567 0 -463.567
0 0 464.85 0 -464.85
33 56 483.598 485.9 2.30196
16 60 484.139 486.441 2.30195
5 50 468.732 471.034 2.30195
20 54 476.562 478.863 2.30195
39 0 473.426 0 -473.426
37 55 473.291 475.593 2.30196
4 53 482.656 484.958 2.30195
45 57 462.795 465.097 2.30195
34 56 469.387 471.689 2.30195
36 56 480.134 482.436 2.30195
15 51 484.997 487.299 2.30195
15 51 1169.21 1169.31 0.0975375
15 51 1109.21 1109.31 0.0975375
26 52 464.584 466.886 2.30195
9 51 1127.74 1127.84 0.0975376
40 53 470.999 473.301 2.30195
44 55 471.021 473.323 2.30195
28 54 483.332 485.634 2.30195
49 55 456.493 458.795 2.30196
23 59 456.814 459.116 2.30195
10 53 456.857 459.159 2.30195
41 0 457.152 0 -457.152
6 51 457.621 459.923 2.30195
48 55 458.683 460.985 2.30195
1 57 458.814 461.116 2.30195
35 56 459.283 461.585 2.30195
12 0 460.013 0 -460.013
2 50 460.467 462.769 2.30195
31 58 460.69 462.992 2.30195
30 52 460.975 463.277 2.30195
3 51 461.143 463.445 2.30195
41 55 1140.83 1143.13 2.30197
17 60 937.361 937.459 0.0975375
22 59 1149.45 1151.75 2.30196
25 59 1156.32 1158.62 2.30195
23 59 1111.03 1111.13 0.0975377
35 56 1113.5 1113.59 0.0975372
12 50 1143.69 1146 2.30195
23 59 1171.03 1171.13 0.0975377
14 53 1127.01 1127.11 0.0975371
17 60 1117.36 1117.46 0.0975375
16 50 939.925 940.028 0.10266
37 0 929.078 0 -929.078
20 54 932.348 932.451 0.102659
19 52 941.112 941.215 0.102657
40 53 926.785 929.087 2.30195
24 52 948.791 948.894 0.102658
8 51 932.554 932.657 0.102658
38 55 1001.55 1001.65 0.097543
39 50 929.212 931.514 2.30196
21 0 924.637 0 -924.637
34 56 925.174 927.476 2.30195
47 0 930.107 0 -930.107
13 50 935.608 935.71 0.102659
33 56 939.385 941.687 2.30196
14 53 928.581 928.684 0.102657
32 56 933.512 933.615 0.102659
28 54 939.119 941.421 2.30195
5 50 924.519 924.621 0.102658
46 60 927.986 930.288 2.30196
25 59 928.424 930.726 2.30195
24 52 930.364 930.467 0.102658
15 51 940.783 940.886 0.102658
29 52 940.436 940.539 0.102659
49 55 912.279 914.581 2.30196
23 59 912.601 912.703 0.102658
10 53 912.644 914.945 2.30195
41 0 912.939 0 -912.939
6 51 913.408 913.51 0.102658
48 55 914.47 914.572 0.102657
1 57 914.601 916.903 2.30195
35 56 915.069 915.172 0.102657
12 0 915.8 0 -915.8
2 50 916.253 918.555 2.30195
31 52 916.476 916.579 0.102658
30 59 916.762 919.064 2.30196
3 51 916.929 919.231 2.30195
45 0 918.581 0 -918.581
17 60 918.934 919.037 0.102657
27 58 919.26 921.562 2.30195
7 57 919.353 921.655 2.30195
18 60 920.25 920.353 0.10266
42 55 920.263 922.565 2.30197
26 58 920.37 922.672 2.30195
0 60 920.636 922.938 2.30195
5 50 1002.95 1003.05 0.102658
6 50 931.835 931.937 0.10266
18 50 1028.68 1028.77 0.0975367
40 53 1154.68 1156.98 2.30195
30 52 1144.65 1144.76 0.102657
31 52 934.903 935.006 0.102658
35 56 933.496 933.599 0.102657
48 55 932.897 932.994 0.0975371
8 51 950.981 951.079 0.097538
18 50 938.677 938.775 0.0975367
9 51 947.739 947.842 0.102658
31 52 964.903 965.001 0.097538
11 51 940.03 940.128 0.0975375
38 55 941.548 941.651 0.102663
20 54 950.775 950.878 0.102659
5 50 942.946 943.048 0.102658
14 53 947.009 947.111 0.102657
32 56 951.939 952.036 0.0975395
15 51 959.21 959.313 0.102658
13 50 954.035 954.132 0.0975388
19 52 959.539 959.642 0.102657
16 60 958.352 958.45 0.0975366
15 51 1079.21 1079.31 0.0975375
6 50 961.835 961.937 0.10266
23 59 961.028 961.125 0.0975377
31 52 1144.9 1145 0.097538
11 51 970.03 970.128 0.0975375
18 50 968.677 968.775 0.0975367
48 55 962.897 962.994 0.0975371
35 56 963.496 963.594 0.0975372
17 60 1087.36 1087.46 0.0975375
18 50 1148.68 1148.77 0.0975367
17 60 967.361 967.459 0.0975375
29 52 970.436 970.539 0.102659
9 51 977.739 977.837 0.0975376
35 56 993.496 993.594 0.0975372
5 50 972.946 973.048 0.102658
24 52 978.791 978.889 0.0975381
38 55 971.548 971.651 0.102663
16 60 988.352 988.455 0.102657
14 53 977.009 977.106 0.0975371
8 51 980.981 981.084 0.102658
20 54 980.775 980.873 0.0975385
13 50 984.035 984.137 0.102659
32 56 981.939 982.036 0.0975395
31 52 994.903 995.001 0.097538
19 52 989.539 989.637 0.0975368
6 51 991.835 991.932 0.0975376
17 60 997.361 997.459 0.0975375
18 50 998.677 998.775 0.0975367
15 51 989.21 989.313 0.102658
48 55 992.897 992.994 0.0975371
34 56 1163.23 1163.33 0.102658
23 59 991.028 991.13 0.102658
11 51 1000.03 1000.13 0.0975375
17 60 1147.36 1147.46 0.0975375
14 53 1007.01 1007.11 0.0975371
21 54 1152.53 1154.83 2.30195
26 58 1148.26 1148.37 0.102658
9 51 1007.74 1007.84 0.0975376
45 57 1374.37 1374.47 0.102658
24 52 1008.79 1008.89 0.0975381
8 51 1010.98 1011.08 0.097538
20 54 1010.78 1010.87 0.0975385
48 55 1022.9 1022.99 0.0975371
32 56 1011.94 1012.04 0.0975395
19 52 1019.54 1019.64 0.0975368
11 51 1030.03 1030.13 0.0975375
15 51 1019.21 1019.31 0.0975375
13 50 1014.03 1014.14 0.102659
35 56 1023.5 1023.59 0.0975372
16 60 1018.35 1018.45 0.0975366
6 51 1021.83 1021.93 0.0975376
23 59 1021.03 1021.13 0.0975377
17 60 1027.36 1027.46 0.0975375
31 52 1024.9 1025 0.097538
17 60 1057.36 1057.46 0.0975375
9 51 1037.74 1037.84 0.0975376
29 52 1030.44 1030.53 0.0975391
32 56 1041.94 1042.04 0.0975395
38 55 1031.55 1031.65 0.097543
5 50 1032.95 1033.04 0.0975383
8 51 1040.98 1041.08 0.097538
14 53 1037.01 1037.11 0.0975371
24 52 1038.79 1038.89 0.0975381
20 54 1040.78 1040.87 0.0975385
16 60 1048.35 1048.45 0.0975366
6 51 1051.83 1051.93 0.0975376
15 51 1049.21 1049.31 0.0975375
48 55 1052.9 1052.99 0.0975371
31 52 1054.9 1055 0.097538
11 51 1150.03 1150.13 0.0975375
35 56 1053.5 1053.59 0.0975372
19 52 1049.54 1049.64 0.0975368
13 50 1044.03 1044.14 0.102659
23 59 1051.03 1051.13 0.0975377
48 55 1082.9 1082.99 0.0975371
23 59 1081.03 1081.13 0.0975377
18 50 1058.68 1058.77 0.0975367
29 52 1060.44 1060.53 0.0975391
11 51 1060.03 1060.13 0.0975375
9 51 1067.74 1067.84 0.0975376
32 56 1071.94 1072.04 0.0975395
38 55 1061.55 1061.65 0.097543
5 50 1062.95 1063.04 0.0975383
16 60 1078.35 1078.45 0.0975366
8 51 1070.98 1071.08 0.097538
14 53 1067.01 1067.11 0.0975371
24 52 1068.79 1068.89 0.0975381
5 50 1092.95 1093.04 0.0975383
20 54 1070.78 1070.87 0.0975385
35 56 1083.5 1083.59 0.0975372
6 51 1081.83 1081.93 0.0975376
31 52 1084.9 1085 0.097538
19 52 1079.54 1079.64 0.0975368
26 58 1158.43 1158.53 0.102658
14 53 1157.01 1157.11 0.0975371
9 51 1157.74 1157.84 0.0975376
13 50 1074.03 1074.14 0.102659
0 50 1148.53 1150.83 2.30195
34 56 1153.07 1153.17 0.102658
29 52 1120.44 1120.53 0.0975391
10 53 1140.54 1140.64 0.102658
11 51 1120.03 1120.13 0.0975375
13 50 1104.03 1104.13 0.0975388
18 50 1088.68 1088.77 0.0975367
29 52 1090.44 1090.53 0.0975391
11 51 1090.03 1090.13 0.0975375
2 50 1144.15 1144.25 0.102658
9 51 1097.74 1097.84 0.0975376
49 55 1140.17 1142.47 2.30196
7 50 1147.25 1147.35 0.102658
6 51 1111.83 1111.93 0.0975376
48 55 1112.9 1112.99 0.0975371
45 60 1146.47 1148.78 2.30196
38 55 1091.55 1091.65 0.102663
14 53 1097.01 1097.11 0.0975371
5 50 1152.95 1153.04 0.0975383
8 51 1130.98 1131.08 0.097538
36 56 1163.81 1166.12 2.30195
19 52 1139.54 1139.64 0.0975368
32 56 1131.94 1132.04 0.0975395
6 51 1141.83 1141.93 0.0975376
48 55 1142.9 1142.99 0.0975371
3 51 1154.99 1155.09 0.102658
24 52 1128.79 1128.89 0.0975381
47 55 1158 1160.3 2.30196
20 54 1130.78 1130.87 0.0975385
48 55 1172.9 1172.99 0.0975371
35 56 1143.5 1143.59 0.0975372
15 51 1139.21 1139.31 0.0975375
43 54 1168.32 1170.62 2.30196
30 52 1154.82 1154.92 0.102657
28 52 1167.01 1169.31 2.30196
16 60 1138.35 1138.45 0.0975366
7 50 1157.41 1157.51 0.102658
10 53 1150.7 1150.8 0.102658
23 59 1141.03 1141.13 0.0975377
4 53 1166.34 1168.64 2.30195
33 56 1167.28 1167.61 0.32871
13 50 1134.03 1134.13 0.0975388
29 54 1150.44 1150.53 0.0975397
35 56 1173.5 1173.59 0.0975372
6 51 1171.83 1171.93 0.0975376
12 50 1371.59 1373.89 2.30195
41 55 1368.73 1371.03 2.30197
13 50 1164.03 1164.13 0.0975388
17 60 1177.36 1177.46 0.0975375
18 50 1178.68 1178.77 0.0975367
47 56 1385.89 1386.51 0.616458
38 55 1181.55 1181.65 0.097543
0 50 1376.42 1376.53 0.102658
42 55 1376.05 1378.35 2.30197
7 50 1177.78 1177.88 0.097538
27 58 1375.05 1375.15 0.102658
8 51 1190.98 1191.08 0.097538
21 59 1380.42 1382.73 2.30196
20 54 1190.78 1190.87 0.0975385
29 52 1180.44 1180.54 0.102659
14 53 1187.01 1187.11 0.0975371
22 54 1377.34 1379.64 2.30195
11 51 1180.03 1180.13 0.0975375
9 51 1187.74 1187.84 0.0975376
34 56 1183.6 1183.7 0.0975376
37 55 1384.86 1387.17 2.30196
40 53 1382.57 1382.67 0.102659
46 60 1383.77 1384.1 0.328712
32 56 1191.94 1192.04 0.0975395
24 52 1188.79 1188.89 0.0975381
39 51 1385 1387.3 2.30196
5 50 1182.95 1183.04 0.0975383
44 55 1185.23 1185.33 0.0975381
25 52 1384.21 1384.31 0.102658
19 52 1199.54 1199.64 0.0975368
15 51 1199.21 1199.31 0.0975375
13 50 1194.03 1194.13 0.0975388
43 54 1396.21 1396.4 0.184838
28 54 1394.91 1395.01 0.102659
16 60 1198.35 1198.45 0.0975366
33 56 1199.82 1200.15 0.32871
4 53 1394.23 1394.33 0.102658
36 56 1391.71 1391.81 0.102657
