28 36 0.641543 2.9435 2.30195
20 38 5.93055 8.2325 2.30195
7 30 8.44094 10.7429 2.30195
18 32 7.19986 9.50181 2.30195
5 34 1.74462 4.04657 2.30195
21 38 1.82649 4.12844 2.30195
16 31 2.64 4.94196 2.30195
10 33 2.92347 5.22543 2.30195
4 30 4.06684 6.3688 2.30195
0 33 4.5186 6.82055 2.30195
15 41 4.26109 6.56304 2.30195
0 33 994.519 994.616 0.0975377
28 36 1080.64 1080.74 0.102657
5 34 1171.74 1171.84 0.097538
20 38 995.931 996.028 0.0975389
16 31 1152.27 1152.37 0.102658
0 33 916.092 916.194 0.102658
7 30 920.014 922.316 2.30195
29 40 926.445 926.548 0.102658
12 30 11.0753 13.3773 2.30195
25 35 989.208 989.383 0.174595
1 30 12.2573 14.5592 2.30195
21 38 1111.83 1111.92 0.0975374
24 42 14.0839 16.3859 2.30195
9 32 931.871 931.974 0.102658
29 40 14.8721 17.1741 2.30195
26 35 937.335 939.637 2.30196
27 35 16.0142 18.3162 2.30195
3 30 15.6302 17.9322 2.30195
11 30 1073.29 1073.4 0.102658
17 31 17.9775 20.2795 2.30195
17 31 1097.98 1098.08 0.0975375
14 32 18.4943 20.7962 2.30195
29 40 1124.87 1124.97 0.0975379
9 32 1100.3 1100.4 0.102658
15 41 1114.26 1114.36 0.0975386
6 0 24.3202 0 -24.3202
23 37 18.9942 21.2962 2.30195
29 40 1004.87 1004.97 0.0975379
22 39 939.56 939.662 0.102658
9 32 20.2981 22.6 2.30195
17 31 929.551 929.653 0.102658
11 30 23.293 25.5949 2.30195
19 31 24.9788 27.2808 2.30195
2 0 25.565 0 -25.565
22 39 27.9867 30.2886 2.30195
8 33 27.8338 30.1358 2.30195
17 31 1127.98 1128.08 0.0975375
17 31 1067.98 1068.08 0.0975375
26 35 25.762 28.064 2.30196
27 35 1006.01 1006.11 0.0975382
27 35 1126.01 1126.11 0.0975382
13 30 28.4412 30.7432 2.30195
9 32 980.298 980.396 0.0975376
25 35 29.2081 31.5101 2.30195
3 30 927.203 929.505 2.30195
11 30 479.079 481.381 2.30195
9 32 248.191 250.493 2.30195
2 30 253.458 255.76 2.30195
19 31 936.552 938.854 2.30195
16 31 1142.11 1142.21 0.102658
19 31 252.872 255.174 2.30195
23 37 246.887 249.189 2.30195
11 30 251.186 253.488 2.30195
6 30 252.213 254.515 2.30195
4 30 1084.07 1084.16 0.0975373
13 30 256.334 258.636 2.30195
1 34 923.83 923.933 0.10266
22 39 1077.99 1078.08 0.097538
13 30 940.014 940.117 0.102658
1 30 1122.26 1122.35 0.0975363
28 36 228.535 230.837 2.30195
5 34 229.638 231.94 2.30195
21 38 229.72 232.022 2.30195
16 31 230.533 232.835 2.30195
10 0 230.817 0 -230.817
4 30 231.96 234.262 2.30195
15 41 232.154 234.456 2.30195
0 33 232.412 234.714 2.30195
20 38 233.824 236.126 2.30195
18 32 235.093 237.395 2.30195
7 30 236.334 238.636 2.30195
12 30 238.969 241.271 2.30195
1 30 240.151 242.452 2.30195
24 42 241.977 244.279 2.30195
29 40 242.765 245.067 2.30195
3 30 243.523 245.825 2.30195
27 35 243.907 246.209 2.30195
17 31 245.871 248.173 2.30195
14 32 246.388 248.689 2.30195
17 31 1007.98 1008.08 0.102658
21 38 913.399 913.502 0.102657
15 41 1084.26 1084.36 0.0975386
18 32 997.2 997.297 0.0975383
10 33 914.496 916.798 2.30195
6 30 935.893 938.195 2.30195
23 37 978.994 979.092 0.0975372
26 35 253.655 255.957 2.30196
22 39 255.88 258.182 2.30195
8 33 255.727 258.029 2.30195
25 35 257.101 259.403 2.30195
28 36 912.215 912.399 0.184833
7 30 464.227 466.529 2.30195
10 33 458.71 461.012 2.30195
4 30 994.067 994.164 0.0975373
18 31 918.773 918.876 0.102659
4 30 915.64 915.742 0.102657
5 34 913.318 913.42 0.102658
4 30 459.853 462.155 2.30195
15 41 460.048 462.35 2.30195
29 40 974.872 974.975 0.102658
16 31 458.426 460.728 2.30195
8 33 483.62 485.922 2.30195
11 30 934.866 935.051 0.184834
3 30 471.417 473.719 2.30195
9 32 476.085 478.387 2.30195
2 30 937.138 939.44 2.30195
22 39 483.773 486.075 2.30195
17 31 473.764 476.066 2.30195
21 38 991.826 991.924 0.0975374
27 35 471.801 474.103 2.30195
23 37 930.567 930.67 0.102657
26 35 481.549 483.851 2.30196
26 35 709.442 711.744 2.30196
21 38 1081.83 1081.92 0.0975374
19 31 480.765 483.067 2.30195
27 35 927.587 927.69 0.102658
18 32 462.986 465.288 2.30195
12 30 1150.54 1150.64 0.102658
1 30 468.044 470.346 2.30195
28 36 960.642 960.739 0.0975368
6 0 480.107 0 -480.107
2 0 481.351 0 -481.351
25 35 484.995 487.297 2.30195
12 0 466.862 0 -466.862
23 37 474.781 477.083 2.30195
14 32 474.281 476.583 2.30195
13 30 484.228 486.53 2.30195
28 36 456.428 458.73 2.30195
5 34 457.531 459.833 2.30195
21 38 457.613 459.915 2.30195
0 33 460.305 462.607 2.30195
20 38 461.717 464.019 2.30195
20 38 917.504 917.606 0.102659
13 30 1078.44 1078.54 0.102658
27 35 1096.01 1096.11 0.0975382
24 42 925.657 925.986 0.328706
14 32 930.067 932.369 2.30195
11 30 983.293 983.396 0.102658
29 40 470.659 472.961 2.30195
16 31 914.213 916.515 2.30195
15 41 915.834 915.937 0.102659
24 42 469.87 472.172 2.30195
17 31 977.978 978.08 0.102658
13 30 988.441 988.539 0.0975376
12 32 922.648 924.95 2.30196
18 32 1087.2 1087.3 0.0975383
1 30 1092.26 1092.35 0.0975363
23 37 1098.99 1099.09 0.0975372
25 35 1079.21 1079.31 0.0975389
8 33 939.407 941.709 2.30195
5 34 991.745 991.842 0.097538
13 30 712.121 714.423 2.30195
7 30 1147.91 1148.01 0.102656
5 34 1081.74 1081.84 0.097538
24 42 1004.08 1004.19 0.102658
1 30 942.257 942.36 0.102656
24 42 1094.08 1094.18 0.0975379
2 30 709.245 711.547 2.30195
22 39 987.987 988.089 0.102658
19 31 708.659 710.961 2.30195
3 30 1155.1 1155.2 0.102659
15 41 994.261 994.359 0.0975386
28 36 684.321 686.623 2.30195
5 34 685.424 687.726 2.30195
21 38 685.506 687.808 2.30195
16 31 686.32 688.622 2.30195
10 33 686.603 688.905 2.30195
4 30 687.747 690.049 2.30195
15 41 687.941 690.243 2.30195
0 33 688.198 690.5 2.30195
20 39 689.61 691.912 2.30195
18 32 690.88 693.182 2.30195
7 34 692.121 694.423 2.30196
12 30 694.755 697.057 2.30195
1 30 695.937 698.239 2.30195
24 42 697.764 700.066 2.30195
29 39 698.552 700.854 2.30196
3 30 699.31 701.612 2.30195
27 35 699.694 701.996 2.30195
17 31 701.657 703.959 2.30195
14 32 702.174 704.476 2.30195
23 37 702.674 704.976 2.30195
9 32 703.978 706.28 2.30195
11 30 706.973 709.275 2.30195
6 30 708 710.302 2.30195
13 30 1108.44 1108.54 0.102658
18 32 1117.2 1117.3 0.0975383
24 42 1124.08 1124.18 0.0975379
1 30 1002.26 1002.35 0.0975363
5 34 1111.74 1111.84 0.097538
22 39 711.666 713.968 2.30195
25 35 712.888 715.19 2.30195
8 32 711.514 713.816 2.30196
29 40 944.872 944.975 0.102658
17 31 947.978 948.08 0.102658
23 37 948.994 949.097 0.102657
0 33 934.519 934.621 0.102658
5 34 931.745 931.847 0.102658
4 30 934.067 934.17 0.102657
25 35 940.781 940.966 0.184835
28 36 990.642 990.739 0.0975368
21 38 931.826 931.929 0.102657
28 36 930.642 930.744 0.102657
15 41 934.261 934.364 0.102659
22 39 1107.99 1108.08 0.097538
20 38 1085.93 1086.03 0.0975389
20 38 935.931 936.033 0.102659
20 38 1115.93 1116.03 0.0975389
4 30 1114.07 1114.16 0.0975373
29 40 1094.87 1094.97 0.0975379
18 32 937.2 937.303 0.102658
15 41 964.261 964.364 0.102659
9 32 950.298 950.396 0.0975376
24 42 958.199 958.383 0.184834
25 35 959.208 959.383 0.174595
27 35 946.014 946.117 0.102658
13 30 958.441 958.539 0.0975376
18 32 967.2 967.303 0.102658
11 30 953.293 953.468 0.174594
22 39 957.987 958.084 0.097538
27 35 976.014 976.117 0.102658
0 33 964.519 964.616 0.0975377
20 38 965.931 966.033 0.102659
1 30 972.257 972.36 0.102656
4 30 964.067 964.164 0.0975373
24 42 976.497 976.6 0.102658
21 38 961.826 961.924 0.0975374
5 34 961.745 961.847 0.102658
23 37 1008.99 1009.09 0.0975372
1 30 1062.26 1062.35 0.0975363
25 35 1019.21 1019.31 0.102659
28 36 1020.64 1020.74 0.102657
13 30 1048.44 1048.54 0.0975376
9 32 1010.3 1010.4 0.0975376
15 41 1024.26 1024.36 0.0975386
11 30 1013.29 1013.39 0.097538
13 30 1018.44 1018.54 0.0975376
20 38 1055.93 1056.03 0.0975389
20 38 1025.93 1026.03 0.0975389
10 33 1142.39 1142.49 0.102658
22 39 1017.99 1018.09 0.102658
0 33 1114.52 1114.62 0.0975377
27 35 1036.01 1036.11 0.0975382
5 34 1021.74 1021.84 0.097538
18 32 1057.2 1057.3 0.0975383
0 33 1024.52 1024.62 0.0975377
25 35 1109.21 1109.31 0.0975389
11 30 1103.29 1103.4 0.102658
17 31 1037.98 1038.08 0.0975375
4 30 1024.07 1024.16 0.0975373
18 32 1027.2 1027.3 0.0975383
0 33 1054.52 1054.62 0.0975377
23 37 1038.99 1039.09 0.0975372
21 38 1021.83 1021.92 0.0975374
0 33 1084.52 1084.62 0.0975377
23 37 1068.99 1069.09 0.0975372
1 30 1032.26 1032.35 0.0975363
4 30 1054.07 1054.16 0.0975373
9 32 1040.3 1040.4 0.102658
5 34 1051.74 1051.84 0.097538
24 42 1034.08 1034.18 0.0975379
29 40 1034.87 1034.97 0.0975379
9 32 1070.3 1070.4 0.102658
25 35 1049.21 1049.31 0.0975389
15 41 1054.26 1054.36 0.0975386
24 42 1064.08 1064.18 0.0975379
28 36 1110.64 1110.74 0.102657
27 35 1066.01 1066.11 0.0975382
11 30 1043.29 1043.39 0.097538
22 39 1047.99 1048.09 0.102658
28 36 1050.64 1050.74 0.102657
21 38 1051.83 1051.92 0.0975374
29 40 1064.87 1064.97 0.0975379
22 39 1137.99 1138.08 0.097538
23 37 1128.99 1129.09 0.0975372
18 32 1147.2 1147.3 0.0975383
8 33 1167.3 1167.4 0.102658
6 30 1163.79 1166.09 2.30195
14 32 1157.96 1158.06 0.102656
13 30 1138.44 1138.54 0.102658
7 30 1158.07 1158.17 0.102656
9 32 1130.3 1130.4 0.0975376
25 35 1139.21 1139.31 0.0975389
4 30 1144.07 1144.16 0.0975373
15 41 1144.26 1144.36 0.0975386
11 30 1133.29 1133.4 0.102658
26 35 1165.23 1165.41 0.184838
10 33 1152.55 1152.66 0.102658
2 32 1165.03 1167.33 2.30196
19 31 1164.45 1164.55 0.102658
0 33 1144.52 1144.62 0.0975377
5 34 1141.74 1141.84 0.097538
21 38 1141.83 1141.92 0.0975374
28 36 1140.64 1140.74 0.0975368
20 38 1145.93 1146.03 0.0975389
23 37 1158.99 1159.09 0.0975372
12 30 1160.7 1160.81 0.102658
24 42 1154.08 1154.18 0.0975379
27 35 1156.01 1156.11 0.0975382
3 30 1165.26 1165.36 0.102659
1 30 1152.26 1152.35 0.0975363
29 40 1154.87 1154.97 0.0975379
9 32 1160.3 1160.4 0.0975376
14 32 1168.12 1168.23 0.102656
13 30 1168.44 1168.54 0.102658
22 39 1167.99 1168.08 0.097538
21 38 1171.83 1171.92 0.0975374
19 31 1174.61 1174.71 0.102658
17 31 1157.98 1158.08 0.0975375
0 33 1174.52 1174.62 0.0975377
11 30 1163.29 1163.4 0.102658
25 35 1169.21 1169.31 0.0975389
26 35 1183.53 1183.63 0.102662
18 32 1177.2 1177.3 0.0975383
20 38 1175.93 1176.03 0.0975389
4 30 1174.07 1174.16 0.0975373
14 32 1188.49 1188.59 0.0975363
15 41 1174.26 1174.36 0.0975386
10 33 1172.92 1173.02 0.0975379
6 30 1391.68 1391.86 0.184833
2 32 1392.92 1393.11 0.184837
7 30 1178.44 1178.54 0.102656
28 36 1170.64 1170.74 0.0975368
16 31 1172.64 1172.74 0.0975385
29 40 1184.87 1184.97 0.0975379
27 35 1186.01 1186.11 0.0975382
24 42 1184.08 1184.18 0.0975379
3 30 1185.63 1185.73 0.102659
1 30 1182.26 1182.35 0.0975363
19 31 1194.98 1195.08 0.102658
12 30 1181.08 1181.18 0.102658
17 31 1187.98 1188.08 0.0975375
9 32 1190.3 1190.4 0.0975376
22 39 1197.99 1198.08 0.097538
13 30 1198.44 1198.54 0.0975376
23 37 1188.99 1189.09 0.0975372
26 35 1195.76 1195.86 0.0975421
8 33 1197.83 1197.93 0.097538
25 35 1199.21 1199.31 0.0975389
11 30 1193.29 1193.4 0.102658
