36 0 0.606367 0 -0.606367
31 50 3.28212 5.58408 2.30196
35 0 8.19324 0 -8.19324
45 0 8.37434 0 -8.37434
36 0 1140.07 0 -1140.07
11 0 8.4812 0 -8.4812
33 0 1160.06 0 -1160.06
2 0 1150.55 0 -1150.55
16 0 4.24461 0 -4.24461
8 0 5.22047 0 -5.22047
19 0 1378.72 0 -1378.72
34 0 5.76424 0 -5.76424
18 50 6.26396 8.56593 2.30197
30 0 7.3744 0 -7.3744
6 50 1163.3 1165.6 2.30195
28 0 7.65196 0 -7.65196
11 0 1147.95 0 -1147.95
23 0 1150.65 0 -1150.65
10 0 1149 0 -1149
0 50 7.92338 10.2253 2.30195
43 50 1393.66 1395.96 2.30197
21 0 8.17743 0 -8.17743
10 50 9.53639 11.8383 2.30196
25 0 10.3273 0 -10.3273
26 0 10.6115 0 -10.6115
13 0 10.852 0 -10.852
5 0 11.0152 0 -11.0152
39 0 1150.59 0 -1150.59
2 0 11.0843 0 -11.0843
39 0 11.127 0 -11.127
23 0 11.1831 0 -11.1831
19 0 11.3635 0 -11.3635
46 0 11.5734 0 -11.5734
1 0 1166.2 0 -1166.2
30 0 1374.73 0 -1374.73
12 50 1162.34 1162.45 0.102657
49 0 11.702 0 -11.702
29 0 1380.48 0 -1380.48
29 0 13.1181 0 -13.1181
37 50 13.5261 15.828 2.30196
27 50 13.7109 16.0129 2.30198
42 0 14.7274 0 -14.7274
14 50 16.8255 19.1274 2.30195
3 0 16.8403 0 -16.8403
9 50 17.1438 19.4457 2.30195
38 0 17.2036 0 -17.2036
3 0 1156.31 0 -1156.31
9 0 1156.61 0 -1156.61
40 0 18.8071 0 -18.8071
21 0 1147.64 0 -1147.64
48 0 18.9937 0 -18.9937
22 0 19.8402 0 -19.8402
33 0 20.5979 0 -20.5979
4 0 20.9097 0 -20.9097
17 0 20.986 0 -20.986
26 50 1150.08 1152.38 2.30197
25 0 1149.79 0 -1149.79
32 0 21.4028 0 -21.4028
35 0 1147.66 0 -1147.66
20 0 22.3353 0 -22.3353
8 0 1144.69 0 -1144.69
49 0 1379.06 0 -1379.06
44 0 22.6327 0 -22.6327
31 50 1142.75 1145.05 2.30196
27 0 1153.18 0 -1153.18
12 50 22.8779 25.1798 2.30195
6 50 23.8325 26.1345 2.30195
17 0 1388.35 0 -1388.35
23 0 1378.54 0 -1378.54
6 50 1391.19 1393.49 2.30195
10 0 1376.9 0 -1376.9
41 0 25.047 0 -25.047
24 50 1169.09 1171.39 2.30197
0 50 1087.92 1088.02 0.0975362
43 50 26.3008 28.6027 2.30197
1 0 26.7327 0 -26.7327
47 0 27.2457 0 -27.2457
7 50 1109.02 1109.11 0.0975375
15 0 27.5089 0 -27.5089
7 50 29.0164 31.3183 2.30195
24 0 29.6192 0 -29.6192
4 0 248.803 0 -248.803
4 0 1388.27 0 -1388.27
44 0 250.526 0 -250.526
41 0 252.94 0 -252.94
43 0 254.194 0 -254.194
1 50 254.626 256.928 2.30195
45 0 464.161 0 -464.161
41 0 1392.41 0 -1392.41
29 0 468.905 0 -468.905
27 0 469.497 0 -469.497
33 50 248.491 250.793 2.30196
15 50 1394.87 1397.17 2.30195
12 50 1192.88 1192.98 0.0975372
20 0 250.229 0 -250.229
15 0 255.402 0 -255.402
1 0 710.412 0 -710.412
2 50 466.871 469.173 2.30195
22 0 247.733 0 -247.733
6 50 251.726 254.028 2.30195
24 50 257.512 259.814 2.30197
17 0 1160.45 0 -1160.45
34 0 1145.23 0 -1145.23
28 0 1147.12 0 -1147.12
45 50 1147.84 1150.14 2.30196
16 0 1143.71 0 -1143.71
7 50 940.589 940.692 0.102657
6 50 479.619 481.921 2.30195
35 0 463.98 0 -463.98
12 50 478.664 480.966 2.30195
24 50 713.299 715.601 2.30197
48 0 246.887 0 -246.887
12 50 250.771 253.073 2.30195
25 0 466.114 0 -466.114
19 0 467.15 0 -467.15
33 0 476.384 0 -476.384
47 0 483.032 0 -483.032
40 0 246.7 0 -246.7
32 50 249.296 251.598 2.30197
47 50 255.139 257.441 2.30196
37 50 469.313 471.615 2.30196
39 0 466.913 0 -466.913
48 0 1386.35 0 -1386.35
1 0 938.306 0 -938.306
40 0 474.594 0 -474.594
42 0 926.3 0 -926.3
32 0 1388.76 0 -1388.76
7 50 256.91 259.212 2.30195
22 0 475.627 0 -475.627
42 0 470.514 0 -470.514
0 50 967.923 968.021 0.0975362
3 50 472.627 474.929 2.30195
36 0 228.5 0 -228.5
31 50 231.175 233.477 2.30196
16 0 232.138 0 -232.138
8 0 233.114 0 -233.114
34 0 233.657 0 -233.657
18 0 234.157 0 -234.157
30 0 235.268 0 -235.268
28 0 235.545 0 -235.545
0 50 235.817 238.119 2.30195
21 50 236.071 238.373 2.30197
35 0 236.086 0 -236.086
45 0 236.268 0 -236.268
11 50 236.374 238.676 2.30196
10 0 237.43 0 -237.43
25 0 238.221 0 -238.221
26 0 238.505 0 -238.505
13 50 238.745 241.047 2.30195
5 0 238.908 0 -238.908
2 50 238.978 241.279 2.30195
39 0 239.02 0 -239.02
23 0 239.076 0 -239.076
19 0 239.257 0 -239.257
46 0 239.467 0 -239.467
49 0 239.595 0 -239.595
29 50 241.011 243.313 2.30198
37 50 241.419 243.721 2.30196
27 0 241.604 0 -241.604
42 0 242.621 0 -242.621
14 50 244.719 247.021 2.30195
3 50 244.734 247.035 2.30195
9 50 245.037 247.339 2.30195
38 0 245.097 0 -245.097
14 0 928.398 0 -928.398
0 50 1117.92 1118.02 0.0975362
18 0 1145.73 0 -1145.73
20 0 1161.8 0 -1161.8
5 0 1150.48 0 -1150.48
17 0 248.879 0 -248.879
28 0 1375.01 0 -1375.01
3 0 1384.2 0 -1384.2
37 50 1152.99 1155.29 2.30196
22 0 1159.31 0 -1159.31
27 0 1381.07 0 -1381.07
40 0 1386.17 0 -1386.17
38 0 1156.67 0 -1156.67
40 0 1158.27 0 -1158.27
16 50 1371.6 1373.91 2.30195
7 50 1079.02 1079.11 0.0975375
14 50 1384.18 1386.49 2.30195
42 0 1154.19 0 -1154.19
4 50 1160.38 1162.68 2.30196
47 50 1166.71 1169.01 2.30196
44 0 1162.1 0 -1162.1
7 50 1169.02 1169.11 0.0975375
48 0 1158.46 0 -1158.46
32 0 1160.87 0 -1160.87
15 0 1166.98 0 -1166.98
18 0 1373.62 0 -1373.62
7 50 1139.02 1139.11 0.0975375
20 0 1389.69 0 -1389.69
45 0 1375.73 0 -1375.73
41 0 1164.51 0 -1164.51
8 50 1372.58 1374.88 2.30195
44 50 1389.99 1392.29 2.30197
43 0 1165.77 0 -1165.77
7 50 1199.02 1199.11 0.0975375
11 0 1375.84 0 -1375.84
21 0 463.964 0 -463.964
23 0 466.97 0 -466.97
5 0 466.802 0 -466.802
13 0 1378.21 0 -1378.21
46 0 1378.93 0 -1378.93
32 0 477.189 0 -477.189
4 50 476.696 478.998 2.30196
7 50 1049.02 1049.11 0.0975375
15 0 711.189 0 -711.189
3 0 928.413 0 -928.413
36 0 1367.97 0 -1367.97
0 50 463.71 466.012 2.30195
13 50 466.639 468.94 2.30195
49 0 467.489 0 -467.489
41 0 708.727 0 -708.727
24 50 941.192 943.494 2.30197
25 0 1377.69 0 -1377.69
37 50 1380.89 1383.19 2.30196
47 0 710.925 0 -710.925
17 0 476.773 0 -476.773
44 0 478.419 0 -478.419
43 0 482.087 0 -482.087
7 50 484.803 487.105 2.30195
39 50 1378.49 1380.79 2.30196
13 0 1150.32 0 -1150.32
14 0 1156.29 0 -1156.29
49 0 1151.17 0 -1151.17
29 0 1152.58 0 -1152.58
28 0 463.438 0 -463.438
26 0 466.398 0 -466.398
46 0 467.36 0 -467.36
29 0 924.691 0 -924.691
19 0 1150.83 0 -1150.83
46 0 1151.04 0 -1151.04
21 0 1375.54 0 -1375.54
20 0 478.122 0 -478.122
1 0 482.519 0 -482.519
0 50 1057.92 1058.02 0.0975362
0 50 1177.92 1178.02 0.0975362
40 50 930.38 932.682 2.30196
9 50 1384.5 1386.81 2.30195
1 50 1394.09 1396.39 2.30195
30 0 463.161 0 -463.161
10 0 465.323 0 -465.323
9 50 472.93 475.232 2.30195
48 0 474.78 0 -474.78
15 0 483.295 0 -483.295
0 50 1147.92 1148.02 0.0975362
24 0 1396.98 0 -1396.98
7 50 1019.02 1019.11 0.0975375
6 50 935.406 937.707 2.30195
14 50 472.612 474.914 2.30195
43 50 709.981 712.282 2.30197
33 0 1387.96 0 -1387.96
38 0 472.99 0 -472.99
41 0 480.833 0 -480.833
9 0 928.717 0 -928.717
7 50 712.696 714.998 2.30195
24 0 485.406 0 -485.406
36 0 456.393 0 -456.393
31 0 459.069 0 -459.069
16 50 460.031 462.333 2.30195
8 50 461.007 463.309 2.30195
34 0 461.551 0 -461.551
18 0 462.05 0 -462.05
30 0 1146.84 0 -1146.84
11 50 464.268 466.57 2.30196
20 0 933.908 0 -933.908
4 0 932.483 0 -932.483
47 0 938.819 0 -938.819
7 50 989.016 989.114 0.0975375
12 50 934.451 936.753 2.30195
44 0 934.206 0 -934.206
36 0 684.286 0 -684.286
31 0 686.962 0 -686.962
16 50 687.924 690.226 2.30195
8 50 688.9 691.202 2.30195
34 0 689.444 0 -689.444
18 0 689.944 0 -689.944
30 0 691.054 0 -691.054
28 0 691.332 0 -691.332
0 50 691.603 693.905 2.30195
21 0 691.857 0 -691.857
35 0 691.873 0 -691.873
45 0 692.054 0 -692.054
11 50 692.161 694.463 2.30196
10 0 693.216 0 -693.216
25 0 694.007 0 -694.007
26 0 694.291 0 -694.291
13 0 694.532 0 -694.532
5 0 694.695 0 -694.695
2 0 694.764 0 -694.764
39 0 694.807 0 -694.807
23 0 694.863 0 -694.863
19 0 695.043 0 -695.043
46 0 695.253 0 -695.253
49 0 695.382 0 -695.382
29 0 696.798 0 -696.798
37 50 697.206 699.508 2.30196
27 0 697.391 0 -697.391
42 50 698.407 700.709 2.30197
14 0 700.505 0 -700.505
3 0 700.52 0 -700.52
9 0 700.824 0 -700.824
38 0 700.883 0 -700.883
40 0 702.487 0 -702.487
48 50 702.673 704.975 2.30197
22 0 703.52 0 -703.52
33 50 704.278 706.58 2.30196
4 50 704.589 706.891 2.30196
17 0 704.666 0 -704.666
32 0 705.083 0 -705.083
20 0 706.015 0 -706.015
44 0 706.312 0 -706.312
12 50 706.558 708.86 2.30195
6 50 707.512 709.814 2.30195
27 0 925.284 0 -925.284
48 0 930.567 0 -930.567
32 0 932.976 0 -932.976
17 0 932.559 0 -932.559
0 50 1027.92 1028.02 0.0975362
2 0 1378.44 0 -1378.44
22 0 1387.2 0 -1387.2
38 0 1384.56 0 -1384.56
0 50 997.923 998.021 0.0975362
34 0 1373.12 0 -1373.12
37 50 925.099 927.401 2.30196
38 0 928.777 0 -928.777
33 0 932.171 0 -932.171
41 0 936.62 0 -936.62
42 0 1382.09 0 -1382.09
31 50 1370.64 1371.26 0.616461
47 0 1394.61 0 -1394.61
15 0 939.082 0 -939.082
7 50 959.016 959.114 0.0975375
0 50 937.923 938.021 0.0975362
35 0 1375.55 0 -1375.55
5 0 1378.37 0 -1378.37
22 0 931.413 0 -931.413
26 0 1377.97 0 -1377.97
43 0 937.874 0 -937.874
36 0 912.179 0 -912.179
31 50 914.855 917.157 2.30196
16 50 915.818 918.12 2.30195
8 50 916.793 919.095 2.30195
34 0 917.337 0 -917.337
18 0 917.837 0 -917.837
30 50 918.947 921.249 2.30197
28 0 919.225 0 -919.225
0 50 919.496 919.599 0.102656
21 0 919.75 0 -919.75
35 0 919.766 0 -919.766
45 0 919.947 0 -919.947
11 0 920.054 0 -920.054
10 0 921.109 0 -921.109
25 0 921.9 0 -921.9
26 0 922.184 0 -922.184
13 0 922.425 0 -922.425
5 0 922.588 0 -922.588
2 50 922.657 924.959 2.30195
39 0 922.7 0 -922.7
23 0 922.756 0 -922.756
19 0 922.937 0 -922.937
46 0 923.146 0 -923.146
49 0 923.275 0 -923.275
