6 20 2.65259 4.95454 2.30195
13 22 3.22945 5.5314 2.30195
18 20 4.56523 6.86719 2.30196
3 20 7.91436 10.2163 2.30195
19 0 6.85615 0 -6.85615
17 23 1153.48 1155.78 2.30197
14 22 10.7183 13.0203 2.30195
16 0 12.1936 0 -12.1936
2 20 10.4297 12.7316 2.30195
4 20 13.5516 15.8536 2.30195
17 20 14.0155 16.3175 2.30196
0 23 13.1968 15.4988 2.30195
7 20 15.139 17.441 2.30195
8 23 16.9324 19.2343 2.30195
5 20 18.6634 20.9653 2.30195
12 21 17.6377 19.9396 2.30195
1 20 22.8532 25.1551 2.30195
15 20 21.5684 23.8704 2.30197
9 23 26.2932 28.5952 2.30196
10 21 26.7826 29.0846 2.30195
15 20 249.462 251.764 2.30197
11 21 29.6597 31.9617 2.30195
9 23 254.186 256.488 2.30196
15 0 477.355 0 -477.355
1 20 250.746 253.048 2.30195
5 20 474.45 476.752 2.30195
10 0 254.676 0 -254.676
8 23 472.719 475.021 2.30195
4 20 469.338 471.64 2.30195
11 21 257.553 259.855 2.30195
7 20 470.926 473.227 2.30195
6 20 230.546 232.848 2.30195
13 22 231.123 233.425 2.30195
18 20 232.458 234.76 2.30196
19 20 234.749 237.051 2.30196
3 20 235.808 238.11 2.30195
2 20 238.323 240.625 2.30195
14 22 238.612 240.914 2.30195
16 0 240.087 0 -240.087
0 23 241.09 243.392 2.30195
4 0 241.445 0 -241.445
17 0 241.909 0 -241.909
7 20 243.032 245.334 2.30195
8 23 244.826 247.128 2.30195
12 21 245.531 247.833 2.30195
5 20 246.557 248.859 2.30195
17 20 469.802 472.104 2.30196
10 21 482.569 484.871 2.30195
1 20 478.64 480.942 2.30195
14 22 466.505 468.807 2.30195
11 21 485.446 487.748 2.30195
9 23 482.08 484.382 2.30196
2 20 466.216 468.518 2.30195
12 21 473.424 475.726 2.30195
6 20 458.439 460.741 2.30195
13 22 459.016 461.318 2.30195
18 20 460.352 462.654 2.30196
19 20 462.643 464.945 2.30196
3 20 463.701 466.003 2.30195
16 0 467.98 0 -467.98
0 23 468.983 471.285 2.30195
13 22 933.229 933.332 0.102659
18 20 1144.03 1145.35 1.31483
8 23 946.932 947.035 0.102658
14 22 970.718 970.821 0.102657
10 21 710.462 712.764 2.30195
6 20 686.332 688.634 2.30195
13 22 686.909 689.211 2.30195
18 0 688.245 0 -688.245
19 0 690.536 0 -690.536
3 20 691.594 693.896 2.30195
2 20 694.109 696.411 2.30195
14 22 694.398 696.7 2.30195
16 0 695.873 0 -695.873
0 23 696.877 699.179 2.30195
4 23 697.231 699.533 2.30196
17 0 697.695 0 -697.695
7 0 698.819 0 -698.819
8 20 700.612 702.914 2.30196
12 21 701.317 703.619 2.30195
5 20 702.343 704.645 2.30195
15 20 705.248 707.55 2.30197
1 20 706.533 708.835 2.30195
9 23 709.973 712.275 2.30196
6 20 932.653 932.755 0.102657
11 21 713.339 715.641 2.30195
16 22 1151.66 1153.96 2.30197
14 22 940.718 940.821 0.102657
8 23 1156.93 1157.03 0.097538
11 21 941.233 941.335 0.102658
10 23 938.356 940.658 2.30196
2 20 940.43 940.532 0.102657
13 22 963.229 963.332 0.102659
7 20 926.712 929.014 2.30195
9 23 1166.29 1166.39 0.097539
2 20 970.43 970.527 0.0975375
0 20 943.197 943.299 0.102661
5 20 930.236 932.538 2.30195
6 20 914.226 914.328 0.102657
13 22 914.802 914.905 0.102659
18 20 916.138 918.44 2.30196
19 0 918.429 0 -918.429
3 20 919.487 921.789 2.30195
2 20 922.003 922.105 0.102657
14 22 922.291 922.394 0.102657
16 22 923.767 926.069 2.30197
0 23 924.77 924.872 0.102658
4 23 925.125 927.427 2.30196
17 0 925.589 0 -925.589
8 23 928.505 928.608 0.102658
13 22 1173.23 1173.33 0.0975389
15 0 933.141 0 -933.141
9 23 937.866 937.969 0.102659
1 23 934.426 936.728 2.30196
12 20 929.211 931.513 2.30196
9 23 956.293 956.396 0.102659
11 21 989.66 989.762 0.102658
11 21 959.66 959.757 0.0975385
6 20 962.653 962.75 0.0975373
2 20 1030.43 1030.53 0.0975375
0 23 973.197 973.294 0.0975377
8 23 976.932 977.035 0.102658
9 23 986.293 986.396 0.102659
0 23 1003.2 1003.29 0.0975377
13 22 993.229 993.332 0.102659
6 20 992.653 992.755 0.102657
9 23 1016.29 1016.39 0.097539
14 22 1000.72 1000.82 0.0975374
2 20 1000.43 1000.53 0.0975375
11 21 1019.66 1019.76 0.102658
11 21 1049.66 1049.76 0.102658
8 23 1006.93 1007.03 0.097538
14 22 1030.72 1030.82 0.102657
14 22 1150.72 1150.82 0.0975374
13 22 1023.23 1023.33 0.0975389
6 20 1022.65 1022.75 0.0975373
2 20 1060.43 1060.53 0.0975375
0 23 1033.2 1033.29 0.0975377
11 21 1169.66 1169.76 0.0975385
9 23 1076.29 1076.39 0.097539
19 23 1146.32 1148.62 2.30197
8 23 1036.93 1037.03 0.097538
9 23 1046.29 1046.39 0.097539
14 22 1060.72 1060.82 0.0975374
13 22 1053.23 1053.33 0.0975389
0 23 1153.2 1153.29 0.0975377
6 20 1052.65 1052.75 0.0975373
11 21 1079.66 1079.76 0.102658
0 23 1063.2 1063.29 0.0975377
14 22 1090.72 1090.82 0.0975374
8 23 1066.93 1067.03 0.097538
0 23 1123.2 1123.29 0.0975377
9 23 1106.29 1106.39 0.097539
13 22 1083.23 1083.33 0.0975389
11 21 1109.66 1109.76 0.0975385
6 20 1082.65 1082.75 0.0975373
3 20 1147.38 1147.48 0.102659
3 20 1157.54 1157.65 0.102659
2 20 1090.43 1090.53 0.0975375
8 23 1096.93 1097.03 0.097538
1 20 1172.48 1172.59 0.102656
4 20 1153.02 1153.12 0.102657
0 23 1093.2 1093.29 0.0975377
2 20 1120.43 1120.53 0.0975375
14 22 1120.72 1120.82 0.0975374
13 22 1113.23 1113.33 0.0975389
6 20 1112.65 1112.75 0.0975373
7 20 1154.61 1156.91 2.30195
13 22 1143.23 1143.33 0.0975389
2 20 1150.43 1150.53 0.0975375
6 20 1142.65 1142.75 0.0975373
9 23 1136.29 1136.39 0.097539
15 20 1161.03 1163.34 2.30197
12 21 1157.1 1159.41 2.30195
10 21 1166.25 1168.55 2.30195
5 20 1158.13 1158.23 0.102658
4 20 1183.55 1183.65 0.102657
11 21 1139.66 1139.76 0.0975385
1 20 1162.32 1162.42 0.102656
8 23 1126.93 1127.03 0.097538
4 20 1163.18 1163.28 0.102657
17 20 1381.38 1383.68 2.30196
14 22 1180.72 1180.82 0.0975374
5 20 1168.29 1168.4 0.102658
19 20 1374.22 1376.52 2.30196
5 20 1188.66 1188.77 0.102658
6 20 1172.65 1172.75 0.0975373
18 20 1274.2 1275.51 1.31483
3 20 1177.91 1178.02 0.102659
9 23 1196.29 1196.39 0.097539
12 21 1385 1385.1 0.102658
2 20 1180.43 1180.53 0.0975375
16 22 1379.55 1381.86 2.30197
0 23 1183.2 1183.29 0.0975377
8 23 1186.93 1187.03 0.097538
15 20 1388.93 1391.23 2.30197
10 21 1394.14 1394.24 0.102659
7 20 1382.5 1382.6 0.102656
1 20 1192.85 1192.96 0.102656
11 21 1199.66 1199.76 0.0975385
