1 40 0.136639 2.43859 2.30195
4 41 1.53304 3.83499 2.30195
3 0 1.97657 0 -1.97657
19 43 2.42664 4.7286 2.30195
2 40 3.04423 5.34619 2.30195
11 42 3.03898 5.34094 2.30195
31 49 3.30751 5.60946 2.30195
32 46 976.609 976.712 0.102658
19 43 1022.43 1022.52 0.0975381
13 41 1.75025 4.05221 2.30195
39 42 1019.47 1019.64 0.174599
15 40 1.75167 4.05362 2.30195
6 45 4.06905 6.371 2.30195
14 41 5.08557 7.38752 2.30195
34 46 4.84879 7.15074 2.30195
12 45 1006.77 1006.87 0.0975381
1 40 1170.14 1170.24 0.102658
16 40 1011.44 1011.54 0.0975366
0 42 6.68223 8.98419 2.30195
23 43 7.93356 10.2355 2.30195
22 47 7.65895 9.96091 2.30195
22 47 1027.66 1027.76 0.0975379
27 49 12.3581 14.6601 2.30195
10 41 8.75296 11.0549 2.30196
25 44 1066.87 1067.2 0.328707
37 48 1031.69 1031.79 0.0975387
4 41 1051.53 1051.63 0.0975365
21 0 12.6924 0 -12.6924
18 47 11.2001 13.502 2.30195
7 40 10.829 13.131 2.30195
24 47 12.5218 14.8238 2.30195
28 0 12.6446 0 -12.6446
37 48 11.6909 13.9929 2.30195
17 44 11.7835 14.0854 2.30195
9 41 11.9905 14.2925 2.30195
25 44 1165.13 1165.24 0.102659
4 41 1021.53 1021.63 0.0975365
31 49 1113.31 1113.41 0.0975382
27 49 1002.36 1002.46 0.0975377
10 40 1028.75 1028.85 0.0975374
34 46 1024.85 1024.95 0.0975363
36 48 17.0261 19.3281 2.30196
5 45 18.8869 21.1888 2.30195
32 46 16.6091 18.9111 2.30195
12 45 16.7731 19.0751 2.30195
9 41 1001.99 1002.09 0.0975387
16 40 21.4412 23.7432 2.30195
33 46 20.6496 22.9516 2.30195
8 40 19.5884 21.8904 2.30195
38 47 20.4664 22.7683 2.30196
30 49 21.6264 23.9284 2.30196
25 44 1034.33 1034.66 0.328707
32 46 1006.61 1006.71 0.102658
35 48 22.9593 25.2613 2.30195
25 44 25.1333 27.4352 2.30195
26 44 25.753 28.055 2.30195
20 43 29.4243 31.7263 2.30195
29 49 28.1519 30.4539 2.30196
39 42 29.4682 31.7702 2.30196
38 47 248.36 250.662 2.30196
25 44 253.027 255.328 2.30195
8 40 247.482 249.784 2.30195
39 42 257.361 259.663 2.30196
26 44 253.646 255.948 2.30195
16 40 249.334 251.636 2.30195
22 47 463.445 465.747 2.30195
5 45 246.78 249.082 2.30195
33 46 248.543 250.845 2.30195
35 48 250.853 253.155 2.30195
30 49 249.52 251.822 2.30196
20 43 257.318 259.62 2.30195
8 40 1009.59 1009.69 0.0975374
15 40 1141.22 1143.52 2.30195
1 40 228.03 230.332 2.30195
4 41 229.426 231.728 2.30195
13 45 229.644 231.945 2.30195
15 40 229.645 231.947 2.30195
3 42 229.87 232.172 2.30195
19 43 230.32 232.622 2.30195
11 42 230.932 233.234 2.30195
2 42 230.937 233.239 2.30195
31 49 231.201 233.503 2.30195
6 45 231.962 234.264 2.30195
34 46 232.742 235.044 2.30195
14 41 232.979 235.281 2.30195
0 42 234.575 236.877 2.30195
22 47 235.552 237.854 2.30195
23 43 235.827 238.129 2.30195
10 40 236.646 238.948 2.30195
7 40 238.722 241.024 2.30195
18 47 239.093 241.395 2.30195
37 48 239.584 241.886 2.30195
17 44 239.677 241.979 2.30195
9 41 239.884 242.186 2.30195
27 49 240.251 242.553 2.30195
24 47 240.415 242.717 2.30195
28 49 240.538 242.84 2.30196
21 49 240.586 242.888 2.30197
32 46 244.502 246.804 2.30195
12 41 244.666 246.968 2.30195
36 48 244.919 247.221 2.30196
25 44 1001.79 1002.12 0.328707
16 40 981.441 981.544 0.102657
29 49 1033.29 1033.48 0.184837
8 40 1039.59 1039.69 0.0975374
31 49 1023.31 1023.41 0.0975382
11 42 1053.04 1053.14 0.0975365
17 44 1001.78 1001.88 0.0975378
16 40 1041.44 1041.54 0.0975366
23 43 463.72 466.022 2.30195
29 49 256.045 258.347 2.30196
11 42 993.039 993.137 0.0975365
35 48 1012.96 1013.06 0.102657
31 49 1053.31 1053.41 0.0975382
6 45 1174.07 1174.17 0.0975364
39 42 991.881 992.056 0.174599
35 48 1042.96 1043.06 0.102657
8 40 979.588 979.686 0.0975374
20 0 1179.05 0 -1179.05
31 49 993.308 993.405 0.0975382
9 41 1031.99 1032.09 0.0975387
32 46 1036.61 1036.71 0.0975379
12 45 976.773 976.876 0.102658
27 49 468.145 470.447 2.30195
37 48 467.477 469.779 2.30195
9 41 467.777 470.079 2.30195
36 0 472.813 0 -472.813
38 47 476.253 478.555 2.30196
39 42 485.255 487.557 2.30196
19 43 1052.43 1052.52 0.0975381
25 44 480.92 483.222 2.30195
33 46 476.436 478.738 2.30195
7 40 466.616 468.917 2.30195
18 47 466.987 469.289 2.30195
28 49 468.431 470.733 2.30196
5 45 474.673 476.975 2.30195
8 40 475.375 477.677 2.30195
20 43 485.211 487.513 2.30195
24 0 468.308 0 -468.308
10 40 464.539 466.841 2.30195
5 45 1008.89 1008.98 0.0975368
29 49 483.938 486.24 2.30196
26 44 481.54 483.841 2.30195
29 49 1000.75 1001.08 0.328709
0 42 462.469 464.771 2.30195
17 44 1031.78 1031.88 0.0975378
16 40 477.228 479.53 2.30195
19 43 992.427 992.524 0.0975381
17 44 467.57 469.872 2.30195
21 0 468.479 0 -468.479
1 42 455.923 458.225 2.30195
4 41 457.32 459.621 2.30195
13 45 457.537 459.839 2.30195
15 40 457.538 459.84 2.30195
3 42 457.763 460.065 2.30195
19 43 458.213 460.515 2.30195
11 42 458.825 461.127 2.30195
2 40 458.831 461.133 2.30195
31 49 459.094 461.396 2.30195
6 45 459.856 462.157 2.30195
34 46 460.635 462.937 2.30195
14 41 460.872 463.174 2.30195
12 45 472.56 474.862 2.30195
30 49 477.413 479.715 2.30196
5 45 1038.89 1038.98 0.0975368
4 41 991.533 991.631 0.0975365
0 42 996.682 996.785 0.102658
8 40 1159.59 1159.69 0.0975374
5 45 978.887 978.984 0.0975368
35 48 982.959 983.062 0.102657
34 46 994.849 994.946 0.0975363
0 42 1026.68 1026.78 0.0975376
32 46 472.396 474.698 2.30195
26 44 937.326 939.628 2.30195
35 48 478.746 481.048 2.30195
2 40 1142.51 1144.81 2.30195
27 49 1032.36 1032.46 0.0975377
11 42 1023.04 1023.14 0.0975365
26 46 709.433 711.735 2.30196
20 43 940.997 943.299 2.30195
22 47 937.659 937.762 0.102658
11 45 933.039 933.137 0.0975399
20 43 713.104 715.406 2.30195
21 44 924.265 926.567 2.30195
16 40 933.014 933.117 0.102657
25 46 708.813 711.115 2.30196
29 46 711.832 714.134 2.30196
39 42 713.148 715.45 2.30196
1 40 683.816 686.118 2.30195
4 41 685.213 687.515 2.30195
13 41 685.43 687.732 2.30195
15 0 685.431 0 -685.431
3 42 685.656 687.958 2.30195
19 43 686.106 688.408 2.30195
11 42 686.719 689.021 2.30195
2 0 686.724 0 -686.724
31 49 686.987 689.289 2.30195
6 0 687.749 0 -687.749
34 46 688.529 690.83 2.30195
14 0 688.765 0 -688.765
0 45 690.362 692.664 2.30196
22 47 691.339 693.641 2.30195
23 44 691.613 693.915 2.30195
10 40 692.433 694.735 2.30195
7 42 694.509 696.811 2.30196
18 0 694.88 0 -694.88
37 48 695.371 697.673 2.30195
17 43 695.463 697.765 2.30195
9 41 695.67 697.972 2.30195
27 49 696.038 698.34 2.30195
24 47 696.202 698.504 2.30195
28 44 696.324 698.626 2.30197
21 44 696.372 698.674 2.30195
32 46 700.289 702.591 2.30195
12 40 700.453 702.755 2.30196
36 48 700.706 703.008 2.30196
5 45 702.567 704.869 2.30195
8 40 703.268 705.57 2.30195
38 47 704.146 706.448 2.30196
33 49 704.329 706.631 2.30196
16 40 705.121 707.423 2.30195
30 49 705.306 707.608 2.30196
35 48 706.639 708.941 2.30195
32 46 928.182 928.285 0.102658
10 40 938.753 938.856 0.102657
4 41 931.533 931.631 0.0975365
25 44 936.706 937.035 0.328707
10 40 998.753 998.85 0.0975374
22 47 1147.66 1147.76 0.0975379
37 48 1001.69 1001.79 0.102659
30 49 933.199 935.501 2.30196
28 0 924.218 0 -924.218
24 0 924.095 0 -924.095
32 46 946.609 946.712 0.102658
7 40 1000.83 1000.93 0.0975363
38 0 932.039 0 -932.039
31 49 933.308 933.41 0.102658
9 40 941.991 942.093 0.102659
27 49 923.931 924.034 0.102658
39 42 941.041 941.37 0.328711
29 49 939.725 940.341 0.616453
34 46 934.849 934.951 0.102656
27 0 942.358 0 -942.358
9 41 923.564 923.666 0.102659
35 48 934.532 934.717 0.184833
17 44 923.356 923.459 0.102658
12 45 928.346 928.449 0.102658
5 45 930.46 930.563 0.102657
27 49 1152.36 1152.46 0.0975377
34 46 964.849 964.946 0.0975363
37 48 941.691 941.788 0.0975387
19 43 932.427 932.529 0.102658
1 40 911.71 914.012 2.30195
4 41 913.106 913.209 0.102657
13 41 913.323 915.625 2.30195
15 0 913.325 0 -913.325
3 42 913.55 915.852 2.30195
19 43 914 914.102 0.102658
11 42 914.612 914.715 0.102656
2 0 914.617 0 -914.617
31 49 914.88 914.983 0.102658
6 45 915.642 917.944 2.30195
34 46 916.422 916.524 0.102656
14 48 916.659 918.961 2.30196
0 42 918.255 918.44 0.184834
22 47 919.232 919.335 0.102658
23 43 919.507 921.809 2.30195
10 40 920.326 920.429 0.102657
7 41 922.402 922.505 0.10266
18 47 922.773 925.075 2.30195
37 48 923.264 923.367 0.102659
7 40 1030.83 1030.93 0.0975363
36 45 928.599 930.901 2.30197
12 45 1036.77 1036.87 0.0975381
29 49 1051.59 1051.7 0.102661
39 42 1049.47 1049.64 0.174599
22 47 997.659 997.756 0.0975379
33 46 932.223 934.525 2.30195
8 40 931.161 931.264 0.102657
0 42 936.682 936.857 0.174594
7 40 940.829 940.927 0.0975363
17 43 941.783 941.881 0.0975389
12 45 946.773 946.876 0.102658
35 48 952.959 953.062 0.102657
5 45 948.887 948.99 0.102657
8 40 949.588 949.691 0.102657
39 42 973.583 973.768 0.184839
25 44 969.248 969.577 0.328707
13 41 1151.38 1151.48 0.102658
16 40 951.441 951.539 0.0975366
19 43 962.427 962.524 0.0975381
11 42 963.039 963.137 0.0975365
7 40 970.829 970.927 0.0975363
37 48 971.691 971.794 0.102659
10 40 968.753 968.856 0.102657
31 49 963.308 963.405 0.0975382
4 41 961.533 961.631 0.0975365
22 47 967.659 967.762 0.102658
0 42 966.682 966.785 0.102658
27 49 972.358 972.456 0.0975377
9 41 971.991 972.088 0.0975387
17 44 971.783 971.881 0.0975378
22 47 1057.66 1057.76 0.0975379
12 45 1066.77 1066.87 0.0975381
37 48 1061.69 1061.79 0.0975387
17 44 1061.78 1061.88 0.0975378
27 49 1062.36 1062.46 0.0975377
34 46 1054.85 1054.95 0.0975363
0 42 1056.68 1056.78 0.0975376
22 47 1117.66 1117.76 0.0975379
7 40 1060.83 1060.93 0.0975363
9 41 1061.99 1062.09 0.0975387
10 40 1058.75 1058.85 0.0975374
32 46 1066.61 1066.71 0.0975379
13 41 1171.75 1171.85 0.0975378
29 49 1078.15 1078.25 0.102661
19 43 1082.43 1082.52 0.0975381
16 40 1071.44 1071.54 0.0975366
35 48 1072.96 1073.06 0.102657
17 44 1121.78 1121.88 0.0975378
37 48 1091.69 1091.79 0.0975387
39 42 1079.47 1079.64 0.174599
31 49 1083.31 1083.41 0.0975382
8 40 1069.59 1069.69 0.0975374
22 47 1087.66 1087.76 0.0975379
5 45 1068.89 1068.98 0.0975368
25 44 1099.41 1099.6 0.184835
8 40 1099.59 1099.69 0.0975374
17 44 1091.78 1091.88 0.0975378
27 49 1092.36 1092.46 0.0975377
4 41 1081.53 1081.63 0.0975365
11 42 1083.04 1083.14 0.0975365
0 42 1086.68 1086.78 0.0975376
34 46 1084.85 1084.95 0.0975363
25 44 1117.71 1117.82 0.102659
9 41 1091.99 1092.09 0.0975387
12 45 1096.77 1096.87 0.0975381
7 40 1090.83 1090.93 0.0975363
20 43 1168.89 1168.99 0.102658
10 40 1088.75 1088.85 0.0975374
32 46 1096.61 1096.71 0.0975379
16 40 1101.44 1101.54 0.0975366
12 45 1126.77 1126.87 0.0975381
1 40 1139.6 1139.71 0.102658
32 46 1126.61 1126.71 0.0975379
39 42 1109.47 1109.64 0.174599
13 41 1141.22 1141.32 0.102658
14 41 1144.55 1144.65 0.102657
19 43 1112.43 1112.52 0.0975381
5 45 1098.89 1098.98 0.0975368
3 42 1141.44 1141.55 0.102657
0 42 1116.68 1116.78 0.0975376
35 48 1102.96 1103.06 0.0975373
23 43 1147.4 1147.5 0.102658
21 44 1152.16 1154.46 2.30195
6 45 1143.54 1143.64 0.102656
26 44 1165.22 1165.55 0.328705
29 49 1108.15 1108.25 0.102661
8 40 1129.59 1129.69 0.0975374
34 46 1114.85 1114.95 0.0975363
18 47 1150.67 1152.97 2.30195
4 41 1111.53 1111.63 0.0975365
37 48 1121.69 1121.79 0.0975387
11 42 1113.04 1113.14 0.0975365
27 49 1122.36 1122.46 0.0975377
11 42 1143.04 1143.14 0.0975365
16 40 1131.44 1131.54 0.0975366
9 41 1121.99 1122.09 0.0975387
25 44 1135.13 1135.24 0.102659
10 40 1118.75 1118.85 0.0975374
30 49 1161.09 1161.2 0.102661
28 49 1152.11 1154.41 2.30196
7 40 1120.83 1120.93 0.0975363
24 0 1151.99 0 -1151.99
39 42 1139.47 1139.64 0.174599
36 48 1156.49 1158.79 2.30196
31 49 1143.31 1143.41 0.0975382
5 45 1128.89 1128.98 0.0975368
10 40 1148.75 1148.85 0.0975374
33 46 1160.12 1160.3 0.184833
38 47 1159.93 1162.23 2.30196
35 48 1132.96 1133.06 0.0975373
1 40 1149.77 1149.87 0.102658
19 43 1142.43 1142.52 0.0975381
24 47 1379.88 1382.18 2.30195
0 42 1146.68 1146.78 0.0975376
4 41 1141.53 1141.63 0.0975365
29 49 1138.15 1138.25 0.102661
34 46 1144.85 1144.95 0.0975363
17 44 1151.78 1151.88 0.0975378
37 48 1151.69 1151.79 0.0975387
9 41 1151.99 1152.09 0.0975387
7 40 1150.83 1150.93 0.0975363
32 46 1156.61 1156.71 0.0975379
21 44 1380.05 1380.15 0.102659
5 45 1158.89 1158.98 0.0975368
23 43 1157.56 1157.67 0.102658
12 45 1156.77 1156.87 0.0975381
37 48 1181.69 1181.79 0.0975387
10 40 1178.75 1178.85 0.0975374
28 49 1380 1380.33 0.328711
16 40 1161.44 1161.54 0.0975366
15 40 1369.11 1369.21 0.102657
19 43 1172.43 1172.52 0.0975381
35 48 1162.96 1163.06 0.0975373
14 41 1175.09 1175.18 0.0975365
29 49 1168.15 1168.25 0.102661
22 47 1177.66 1177.76 0.0975379
0 42 1176.68 1176.78 0.0975376
3 42 1171.98 1172.07 0.0975371
39 42 1169.47 1169.64 0.174599
4 41 1171.53 1171.63 0.0975365
11 42 1173.04 1173.14 0.0975365
2 40 1370.4 1370.51 0.102658
31 49 1173.31 1173.41 0.0975382
17 44 1181.78 1181.88 0.0975378
34 46 1174.85 1174.95 0.0975363
36 48 1384.39 1385.7 1.31482
12 45 1186.77 1186.87 0.0975381
18 47 1378.56 1378.66 0.102657
16 40 1191.44 1191.54 0.0975366
27 49 1182.36 1182.46 0.0975377
9 41 1181.99 1182.09 0.0975387
30 49 1191.63 1191.72 0.097541
25 44 1195.13 1195.24 0.102659
7 40 1180.83 1180.93 0.0975363
32 46 1186.61 1186.71 0.0975379
23 43 1177.93 1178.04 0.102658
5 45 1188.89 1188.98 0.0975368
29 49 1198.15 1198.25 0.102661
8 40 1189.59 1189.69 0.0975374
33 46 1190.65 1190.82 0.174593
38 47 1387.83 1388.15 0.328711
35 48 1192.96 1193.06 0.0975373
26 44 1197.76 1198.09 0.328705
39 42 1199.47 1199.64 0.174599
20 43 1199.42 1199.52 0.0975376
