23 51 0.0958158 2.39777 2.30195
7 50 0.362015 2.66397 2.30195
34 0 0.620451 0 -0.620451
27 54 1.5447 3.84665 2.30196
44 0 0.849017 0 -0.849017
4 50 2.62693 4.92888 2.30195
44 54 228.742 231.044 2.30196
42 54 2.46235 4.7643 2.30196
38 51 7.61444 9.9164 2.30197
10 53 1120.28 1120.37 0.0975382
30 54 1192.07 1192.17 0.0975383
35 55 5.31345 7.61542 2.30196
22 51 10.8279 13.1299 2.30196
10 53 10.2758 12.5778 2.30195
1 55 10.8004 13.1023 2.30195
41 55 9.27855 11.5805 2.30196
15 51 9.41777 11.7197 2.30195
15 51 1149.42 1149.52 0.0975377
36 51 700.477 702.779 2.30196
25 0 1393.35 0 -1393.35
27 54 1081.54 1081.64 0.0975394
40 55 1391 1392.32 1.31483
33 54 11.0952 13.3971 2.30195
37 54 11.3776 13.6796 2.30197
20 51 11.4137 13.7157 2.30196
6 50 1387.21 1387.39 0.184835
11 0 1158.79 0 -1158.79
7 50 1170.36 1170.46 0.102658
4 50 1152.26 1152.36 0.102657
13 53 13.1304 15.4323 2.30195
21 51 12.3824 14.6844 2.30195
12 50 12.3204 14.6224 2.30195
26 0 1167.38 0 -1167.38
45 54 1168.28 1170.58 2.30197
4 50 1142.09 1142.2 0.102657
13 50 1152.6 1154.9 2.30195
41 53 1148.74 1151.05 2.30197
15 51 1119.42 1119.52 0.0975377
0 53 699.583 701.885 2.30196
24 0 13.8229 0 -13.8229
14 50 1157.57 1159.87 2.30195
43 54 14.1604 16.4624 2.30195
31 52 14.6296 16.9315 2.30195
7 50 1149.99 1150.09 0.102658
17 51 15.6124 17.9143 2.30196
0 50 15.9031 18.205 2.30195
46 50 15.4483 17.7503 2.30197
39 52 1166.18 1168.48 2.30197
38 51 1147.08 1149.38 2.30197
6 50 703.529 705.831 2.30195
24 0 1381.18 0 -1381.18
36 0 16.7974 0 -16.7974
6 50 19.8489 22.1508 2.30195
23 51 1140.1 1140.19 0.097538
33 54 1181.1 1181.19 0.0975374
11 0 703.003 0 -703.003
43 0 697.84 0 -697.84
14 50 18.1064 20.4084 2.30195
18 51 1162.62 1164.92 2.30195
19 51 18.5921 20.894 2.30195
19 51 702.272 704.574 2.30195
11 50 19.3232 21.6252 2.30195
27 54 1141.54 1141.65 0.102659
25 0 1165.46 0 -1165.46
8 50 1075.55 1075.64 0.0975376
8 50 1195.55 1195.64 0.0975376
9 55 21.3104 23.6124 2.30195
9 55 1131.31 1131.41 0.0975366
15 51 1089.42 1089.52 0.0975377
29 52 24.3427 26.6447 2.30195
40 51 23.6453 25.9472 2.30197
30 54 22.0742 24.3762 2.30195
16 0 22.9987 0 -22.9987
18 51 23.155 25.457 2.30195
30 54 1132.07 1132.17 0.0975383
8 50 1135.55 1135.64 0.0975376
47 53 1393.62 1395.92 2.30196
10 53 1060.28 1060.37 0.0975382
42 54 1141.93 1142.03 0.10266
49 0 24.7309 0 -24.7309
32 52 25.1553 27.4572 2.30195
5 0 24.5277 0 -24.5277
36 51 1156.26 1157.58 1.31483
48 0 1165.78 0 -1165.78
16 51 1390.36 1392.66 2.30196
8 50 25.5463 27.8483 2.30195
2 55 26.2565 28.5585 2.30196
25 51 25.9899 28.2918 2.30195
20 51 1378.77 1381.08 2.30196
17 0 1155.08 0 -1155.08
47 0 26.2634 0 -26.2634
5 50 1391.89 1394.19 2.30195
32 52 1164.62 1164.72 0.102658
35 55 1372.67 1373.99 1.31483
29 54 1163.81 1166.11 2.30196
33 54 1150.56 1150.66 0.102657
14 50 1385.47 1385.57 0.102657
48 0 26.3137 0 -26.3137
3 0 26.453 0 -26.453
28 54 26.908 29.21 2.30196
39 0 26.7119 0 -26.7119
17 51 699.292 701.594 2.30196
26 52 27.9132 30.2152 2.30196
45 51 28.8102 31.1121 2.30197
22 51 1150.29 1152.6 2.30196
36 51 1286.43 1287.75 1.31483
13 53 1380.49 1380.59 0.102657
11 50 247.216 249.518 2.30195
30 54 249.967 252.269 2.30195
6 50 247.742 250.044 2.30195
23 51 960.096 960.193 0.097538
30 54 477.861 480.163 2.30195
19 51 246.485 248.787 2.30195
5 50 252.421 254.723 2.30195
40 0 251.539 0 -251.539
5 50 1163.99 1166.3 2.30195
34 55 1140.09 1142.39 2.30197
8 50 1045.55 1045.64 0.0975376
20 51 467.2 469.502 2.30196
32 52 1195.16 1195.25 0.0975375
9 55 1101.31 1101.41 0.0975366
29 0 708.022 0 -708.022
16 0 250.892 0 -250.892
2 0 254.15 0 -254.15
49 0 252.624 0 -252.624
9 55 1071.31 1071.41 0.0975366
9 55 1041.31 1041.41 0.0975366
33 54 466.882 469.184 2.30195
14 50 246 248.302 2.30195
3 0 254.346 0 -254.346
25 51 253.883 256.185 2.30195
45 51 484.597 486.899 2.30197
18 51 478.942 481.243 2.30195
9 55 249.204 251.506 2.30195
48 52 254.207 256.509 2.30197
47 53 254.157 256.459 2.30196
26 0 255.806 0 -255.806
16 0 1162.46 0 -1162.46
23 51 227.989 230.291 2.30195
7 50 228.255 230.557 2.30195
34 51 228.514 230.816 2.30197
27 54 229.438 231.74 2.30196
42 54 230.356 232.658 2.30196
4 50 230.52 232.822 2.30195
35 55 233.207 235.509 2.30196
38 51 235.508 237.81 2.30197
41 0 237.172 0 -237.172
15 51 237.311 239.613 2.30195
10 53 238.169 240.471 2.30195
1 55 238.694 240.996 2.30195
22 0 238.721 0 -238.721
33 54 238.988 241.29 2.30195
37 0 239.271 0 -239.271
20 0 239.307 0 -239.307
12 50 240.214 242.516 2.30195
21 51 240.276 242.578 2.30195
13 53 241.024 243.326 2.30195
24 0 241.716 0 -241.716
43 54 242.054 244.356 2.30195
31 52 242.523 244.825 2.30195
46 0 243.342 0 -243.342
17 51 243.506 245.808 2.30196
0 50 243.796 246.098 2.30195
36 51 244.691 246.993 2.30196
12 50 1182.32 1182.42 0.097538
1 55 1160.43 1160.53 0.102658
24 51 1153.29 1155.59 2.30195
49 0 1164.2 0 -1164.2
3 0 1165.92 0 -1165.92
30 54 1042.07 1042.17 0.0975383
10 53 1090.28 1090.37 0.0975382
27 54 1051.54 1051.64 0.0975394
22 51 1378.19 1380.49 2.30196
21 51 1151.85 1151.95 0.102656
23 51 1080.1 1080.19 0.097538
38 51 1374.97 1377.28 2.30197
26 0 1395.27 0 -1395.27
19 51 1188.59 1188.69 0.0975386
31 52 1154.1 1154.2 0.102658
32 52 253.049 255.35 2.30195
18 51 251.048 253.35 2.30195
41 55 1376.64 1377.95 1.31483
29 52 252.236 254.538 2.30195
37 54 1150.84 1153.15 2.30197
8 50 253.44 255.742 2.30195
28 0 254.801 0 -254.801
39 0 254.605 0 -254.605
45 51 256.703 259.005 2.30197
21 51 1182.38 1182.48 0.0975364
2 53 1165.72 1168.02 2.30195
30 54 1072.07 1072.17 0.0975383
27 54 1111.54 1111.65 0.102659
43 54 1381.52 1381.62 0.102659
40 55 1163.11 1165.41 2.30197
3 0 1393.81 0 -1393.81
45 54 1396.17 1398.47 2.30197
0 50 1125.9 1126 0.0975373
23 51 1110.1 1110.19 0.097538
46 54 1154.91 1157.22 2.30196
43 54 1153.63 1155.93 2.30195
14 50 701.786 704.088 2.30195
6 50 1159.32 1161.62 2.30195
19 51 1158.06 1158.16 0.102659
32 52 1174.78 1174.89 0.102658
37 54 1378.74 1381.04 2.30197
30 54 1102.07 1102.17 0.0975383
23 51 1050.1 1050.19 0.097538
28 52 1166.37 1168.68 2.30195
46 54 1382.81 1385.11 2.30196
40 51 707.325 709.627 2.30197
37 54 467.164 469.466 2.30197
39 0 1394.07 0 -1394.07
20 51 1150.88 1153.18 2.30196
10 53 1150.28 1150.37 0.0975382
12 50 1122.32 1122.42 0.097538
18 51 706.835 709.137 2.30195
2 53 1393.62 1393.72 0.102659
16 51 706.678 708.98 2.30196
9 55 1191.31 1191.41 0.0975366
44 54 1368.21 1369.52 1.31482
44 54 1140.32 1142.62 2.30196
47 53 1165.73 1168.03 2.30196
46 52 699.128 701.43 2.30197
30 54 705.754 708.056 2.30195
9 55 704.99 707.292 2.30195
31 0 698.309 0 -698.309
18 51 1390.51 1392.82 2.30195
6 0 475.635 0 -475.635
14 50 473.893 476.195 2.30195
26 52 483.7 486.002 2.30196
49 0 480.517 0 -480.517
5 50 480.314 482.616 2.30195
32 54 480.942 483.244 2.30196
25 51 481.776 484.078 2.30195
12 50 923.893 923.996 0.102658
46 54 471.235 473.537 2.30196
41 51 465.065 467.367 2.30197
1 55 1150.27 1150.37 0.102658
5 50 936.101 938.403 2.30195
16 51 478.785 481.087 2.30196
28 52 482.695 484.996 2.30195
49 0 708.411 0 -708.411
32 0 708.835 0 -708.835
28 52 1394.27 1394.37 0.102658
10 53 466.062 468.364 2.30195
15 51 465.204 467.506 2.30195
13 53 468.917 471.219 2.30195
1 55 466.587 468.889 2.30195
29 52 1391.7 1394 2.30195
43 0 469.947 0 -469.947
9 55 477.097 479.399 2.30195
19 51 474.379 476.681 2.30195
39 0 482.498 0 -482.498
3 53 482.24 484.541 2.30196
47 0 482.05 0 -482.05
8 50 709.226 711.528 2.30195
12 50 1062.32 1062.42 0.097538
22 0 466.614 0 -466.614
36 51 472.584 474.886 2.30196
0 50 1095.9 1096 0.0975373
40 0 479.432 0 -479.432
11 50 1386.68 1388.98 2.30195
25 0 709.67 0 -709.67
12 50 1092.32 1092.42 0.097538
7 50 1139.83 1139.93 0.102658
38 55 463.401 465.703 2.30197
12 50 468.107 470.409 2.30195
21 51 468.169 470.471 2.30195
24 0 469.609 0 -469.609
0 50 471.69 473.992 2.30195
15 51 1059.42 1059.52 0.0975377
48 0 482.1 0 -482.1
2 55 482.043 484.345 2.30196
0 50 1065.9 1066 0.0975373
39 50 710.392 712.694 2.30197
35 55 1144.78 1147.08 2.30196
1 55 1180.8 1180.9 0.0975383
31 52 1184.63 1184.73 0.0975381
49 0 1392.09 0 -1392.09
11 0 475.11 0 -475.11
8 50 1105.55 1105.64 0.0975376
29 0 480.129 0 -480.129
8 50 481.333 483.635 2.30195
48 0 709.993 0 -709.993
23 51 455.882 458.184 2.30195
7 50 456.149 458.45 2.30195
34 55 456.407 458.709 2.30197
44 54 456.636 458.937 2.30196
27 52 457.331 459.633 2.30196
42 0 458.249 0 -458.249
4 50 458.413 460.715 2.30195
35 55 461.1 463.402 2.30196
48 0 1393.67 0 -1393.67
17 51 471.399 473.701 2.30196
31 52 470.416 472.718 2.30195
13 0 924.703 0 -924.703
27 54 1021.54 1021.65 0.102659
2 0 709.936 0 -709.936
45 54 712.49 714.792 2.30197
5 50 708.207 710.509 2.30195
47 53 709.943 712.245 2.30196
26 52 711.593 713.895 2.30196
3 0 710.133 0 -710.133
45 51 940.383 942.685 2.30197
32 52 936.728 939.03 2.30195
28 0 710.588 0 -710.588
43 52 925.733 928.035 2.30196
23 51 683.776 686.078 2.30195
7 50 684.042 686.344 2.30195
34 55 684.3 686.602 2.30197
44 0 684.529 0 -684.529
27 54 685.224 687.526 2.30196
42 54 686.142 688.444 2.30196
4 0 686.307 0 -686.307
35 55 688.993 691.295 2.30196
38 54 691.294 693.596 2.30197
41 51 692.958 695.26 2.30197
15 51 693.098 695.399 2.30195
10 53 693.956 696.258 2.30195
1 55 694.48 696.782 2.30195
22 0 694.508 0 -694.508
33 54 694.775 697.077 2.30195
37 0 695.057 0 -695.057
20 0 695.093 0 -695.093
12 50 696 698.302 2.30195
21 0 696.062 0 -696.062
13 0 696.81 0 -696.81
24 0 697.503 0 -697.503
15 51 1179.42 1179.52 0.0975377
26 0 939.486 0 -939.486
36 55 928.37 930.672 2.30197
2 50 937.83 940.131 2.30195
28 52 938.481 940.783 2.30195
12 50 942.32 942.423 0.102658
9 55 951.31 951.408 0.0975366
15 51 939.418 939.515 0.0975377
49 0 936.304 0 -936.304
23 51 930.096 930.198 0.102658
27 54 931.545 931.647 0.102659
8 50 955.546 955.644 0.0975376
30 54 952.074 952.172 0.0975383
10 53 940.276 940.378 0.102658
21 51 923.955 926.257 2.30195
30 54 1162.07 1162.17 0.0975383
24 0 925.396 0 -925.396
8 50 937.119 937.222 0.102658
47 0 937.836 0 -937.836
27 54 961.545 961.642 0.0975394
14 50 929.679 931.981 2.30195
18 0 934.728 0 -934.728
48 0 937.887 0 -937.887
29 52 935.916 938.218 2.30195
25 51 937.563 939.865 2.30195
3 50 938.026 940.328 2.30196
0 50 945.903 946.001 0.0975373
15 51 969.418 969.515 0.0975377
31 52 926.203 928.505 2.30195
19 51 930.165 932.467 2.30195
6 0 931.422 0 -931.422
30 52 933.647 933.75 0.102659
39 51 938.285 940.587 2.30197
40 55 935.218 937.52 2.30197
23 51 911.669 911.771 0.102658
7 50 911.935 914.237 2.30195
34 0 912.193 0 -912.193
44 52 912.422 914.724 2.30196
27 54 913.118 913.22 0.102659
42 52 914.035 916.337 2.30196
4 53 914.2 916.502 2.30196
35 55 916.886 919.188 2.30196
38 51 919.187 921.489 2.30197
41 0 920.852 0 -920.852
15 51 920.991 921.093 0.102658
10 53 921.849 921.951 0.102658
1 55 922.373 924.675 2.30195
22 0 922.401 0 -922.401
33 54 922.668 924.97 2.30195
37 55 922.951 925.253 2.30197
20 0 922.987 0 -922.987
11 0 930.896 0 -930.896
17 0 927.185 0 -927.185
0 50 927.476 927.579 0.102657
46 0 927.021 0 -927.021
16 0 934.572 0 -934.572
10 53 970.276 970.373 0.0975382
12 50 972.32 972.418 0.097538
9 55 932.883 932.986 0.102657
0 50 975.903 976.006 0.102657
27 54 1171.54 1171.64 0.0975394
30 54 982.074 982.177 0.102658
23 51 1170.1 1170.19 0.097538
27 54 991.545 991.647 0.102659
9 55 981.31 981.408 0.0975366
42 54 1172.46 1172.56 0.0975401
8 50 985.546 985.644 0.0975376
12 50 1002.32 1002.42 0.097538
23 51 990.096 990.193 0.097538
10 53 1000.28 1000.37 0.0975382
15 51 999.418 999.515 0.0975377
30 54 1012.07 1012.17 0.0975383
10 53 1030.28 1030.37 0.0975382
0 50 1005.9 1006 0.0975373
8 50 1015.55 1015.64 0.0975376
9 55 1161.31 1161.41 0.0975366
9 55 1011.31 1011.41 0.0975366
34 55 1367.98 1370.28 2.30197
12 50 1032.32 1032.42 0.097538
8 50 1165.55 1165.64 0.0975376
15 51 1029.42 1029.52 0.0975377
0 50 1035.9 1036 0.0975373
23 51 1020.1 1020.19 0.097538
4 50 1172.63 1172.72 0.0975373
12 50 1152.32 1152.42 0.097538
31 52 1164.26 1164.36 0.102658
0 53 1155.9 1156 0.0975394
0 50 1185.9 1186 0.0975373
19 51 1168.22 1168.32 0.102659
17 55 1382.97 1385.27 2.30198
10 53 1180.28 1180.37 0.0975382
