50 64 0.138989 2.44095 2.30196
1 60 0.78043 3.08238 2.30195
55 0 6.23336 0 -6.23336
52 66 5.61865 7.92062 2.30197
38 67 6.46529 8.76725 2.30196
22 60 6.35459 8.65655 2.30195
35 66 0.894536 3.19649 2.30195
15 61 2.16034 4.46229 2.30195
36 66 3.01418 5.31614 2.30196
56 0 4.87261 0 -4.87261
0 60 3.42608 5.72803 2.30195
0 60 1173.43 1173.52 0.097538
53 65 4.57186 6.87382 2.30196
27 63 4.49977 6.80173 2.30195
47 64 937.291 937.394 0.102661
14 60 7.33419 9.63614 2.30195
53 65 460.358 462.66 2.30196
47 64 7.29132 9.59328 2.30196
10 62 7.83463 10.1366 2.30195
37 0 927.226 0 -927.226
44 65 8.10121 10.4032 2.30195
8 62 8.40664 10.7086 2.30195
0 60 963.426 963.524 0.097538
54 67 709.995 712.297 2.30196
21 60 710.577 712.879 2.30195
11 63 8.71594 11.0179 2.30195
57 0 9.27983 0 -9.27983
45 0 9.48227 0 -9.48227
32 0 9.99376 0 -9.99376
50 64 455.925 458.227 2.30196
19 61 708.863 711.165 2.30195
58 0 9.84534 0 -9.84534
27 63 460.286 462.588 2.30195
48 64 10.4829 12.7849 2.30195
9 63 11.2399 13.5418 2.30195
52 64 461.405 463.707 2.30197
46 0 11.231 0 -11.231
13 62 14.1354 16.4374 2.30195
25 60 14.3427 16.6447 2.30195
39 67 15.414 17.7159 2.30195
59 64 14.5546 16.8565 2.30196
5 63 14.9241 17.226 2.30195
37 0 15.6532 0 -15.6532
12 63 16.0395 18.3415 2.30195
15 61 457.947 460.249 2.30195
41 67 17.0471 19.3491 2.30195
26 61 16.969 19.2709 2.30195
29 66 20.3012 22.6031 2.30195
31 66 18.1133 20.4152 2.30195
49 64 18.5279 20.8298 2.30195
4 61 19.2526 21.5546 2.30195
24 62 20.1197 22.4217 2.30195
20 60 19.4661 21.768 2.30195
33 0 21.3668 0 -21.3668
17 0 20.9329 0 -20.9329
36 66 1142.48 1142.67 0.184836
6 0 22.3207 0 -22.3207
34 66 21.7293 24.0313 2.30195
18 62 21.5753 23.8773 2.30195
27 63 964.5 964.597 0.0975376
28 60 22.2404 24.5424 2.30195
43 65 21.9415 24.2435 2.30196
3 61 22.646 24.948 2.30195
51 64 22.9684 25.2704 2.30196
30 66 1163.28 1163.38 0.0975369
30 66 953.279 953.377 0.0975369
30 66 23.2794 25.5813 2.30195
40 67 23.8243 26.1262 2.30195
25 60 925.916 928.218 2.30195
2 0 25.9441 0 -25.9441
19 61 25.1829 27.4849 2.30195
35 66 1170.89 1170.99 0.0975379
21 60 26.8971 29.1991 2.30195
54 64 26.315 28.6169 2.30197
21 60 956.897 956.995 0.0975369
16 60 27.3078 29.6097 2.30195
23 62 27.4519 29.7538 2.30195
42 65 27.9163 30.2182 2.30196
7 0 27.7561 0 -27.7561
17 0 248.826 0 -248.826
29 66 248.194 250.496 2.30195
33 0 249.26 0 -249.26
51 64 250.862 253.164 2.30196
21 60 254.79 257.092 2.30195
54 67 254.208 256.51 2.30196
23 62 255.345 257.647 2.30195
42 65 255.81 258.111 2.30196
58 0 465.632 0 -465.632
24 62 475.906 478.208 2.30195
41 67 472.834 475.136 2.30195
59 64 470.341 472.643 2.30196
25 60 470.129 472.431 2.30195
54 0 482.101 0 -482.101
20 0 247.359 0 -247.359
24 62 248.013 250.315 2.30195
16 62 255.201 257.503 2.30195
10 62 463.621 465.923 2.30195
18 60 477.362 479.664 2.30195
4 61 247.146 249.448 2.30195
19 61 480.969 483.271 2.30195
2 0 253.837 0 -253.837
49 64 246.421 248.723 2.30195
3 61 250.539 252.841 2.30195
40 67 251.718 254.019 2.30195
33 0 477.153 0 -477.153
31 66 246.007 248.308 2.30195
30 66 251.173 253.475 2.30195
7 0 255.649 0 -255.649
48 64 466.269 468.571 2.30195
29 0 476.088 0 -476.088
19 61 253.076 255.378 2.30195
26 61 472.755 475.057 2.30195
50 64 228.032 230.334 2.30196
1 60 228.674 230.976 2.30195
35 66 228.788 231.09 2.30195
15 61 230.054 232.356 2.30195
36 66 230.907 233.209 2.30196
0 60 231.319 233.621 2.30195
27 63 232.393 234.695 2.30195
53 65 232.465 234.767 2.30196
56 66 232.766 235.068 2.30196
52 66 233.512 235.814 2.30197
55 60 234.127 236.429 2.30196
22 60 234.248 236.55 2.30195
38 67 234.359 236.66 2.30196
47 64 235.185 237.487 2.30196
14 61 235.227 237.529 2.30195
10 62 235.728 238.03 2.30195
44 65 235.994 238.296 2.30195
8 63 236.3 238.602 2.30195
11 63 236.609 238.911 2.30195
57 0 237.173 0 -237.173
45 65 237.376 239.677 2.30195
58 0 237.739 0 -237.739
32 0 237.887 0 -237.887
48 64 238.376 240.678 2.30195
46 64 239.124 241.426 2.30196
9 63 239.133 241.435 2.30195
13 62 242.029 244.331 2.30195
25 60 242.236 244.538 2.30195
59 64 242.448 244.75 2.30196
5 63 242.817 245.119 2.30195
39 67 243.307 245.609 2.30195
37 0 243.546 0 -243.546
12 63 243.933 246.235 2.30195
26 61 244.862 247.164 2.30195
41 67 244.94 247.242 2.30195
1 60 1170.78 1170.88 0.0975367
34 66 249.623 251.925 2.30195
43 65 249.835 252.137 2.30196
18 62 249.469 251.771 2.30195
35 66 456.681 458.983 2.30195
6 0 250.214 0 -250.214
28 0 250.134 0 -250.134
0 60 459.213 461.515 2.30195
3 61 952.646 952.749 0.102657
36 66 458.801 461.103 2.30196
1 60 456.567 458.869 2.30195
49 64 948.528 948.631 0.102658
56 66 460.659 462.961 2.30196
26 61 1166.6 1166.7 0.102657
12 62 471.826 474.128 2.30195
4 61 475.039 477.341 2.30195
51 64 478.755 481.057 2.30196
6 0 478.107 0 -478.107
43 65 477.728 480.03 2.30196
21 60 482.684 484.986 2.30195
42 65 483.703 486.005 2.30196
38 67 462.252 464.554 2.30196
14 60 463.121 465.423 2.30195
46 0 467.018 0 -467.018
44 65 463.888 466.19 2.30195
32 0 465.78 0 -465.78
5 63 470.711 473.013 2.30195
16 60 483.094 485.396 2.30195
22 60 462.141 464.443 2.30195
47 64 463.078 465.38 2.30196
57 0 465.066 0 -465.066
37 67 471.44 473.742 2.30196
9 63 467.026 469.328 2.30195
17 0 476.719 0 -476.719
20 61 475.253 477.555 2.30195
49 64 474.314 476.616 2.30195
3 61 478.433 480.734 2.30195
28 0 478.027 0 -478.027
7 62 483.543 485.845 2.30195
47 64 1147.29 1147.39 0.0975414
2 0 709.624 0 -709.624
55 0 462.02 0 -462.02
11 63 464.502 466.804 2.30195
40 67 479.611 481.913 2.30195
31 66 473.9 476.202 2.30195
39 0 471.2 0 -471.2
34 0 477.516 0 -477.516
2 62 481.731 484.033 2.30195
23 62 483.238 485.54 2.30195
8 62 464.193 466.495 2.30195
45 0 465.269 0 -465.269
30 66 479.066 481.368 2.30195
13 62 469.922 472.224 2.30195
40 67 707.504 709.806 2.30195
49 64 930.101 930.204 0.102658
23 62 939.025 941.327 2.30195
24 62 950.12 950.217 0.0975376
33 0 932.94 0 -932.94
2 0 937.517 0 -937.517
5 63 1034.92 1035.02 0.0975371
50 64 683.819 686.121 2.30196
1 60 684.46 686.762 2.30195
35 66 684.574 686.876 2.30195
15 61 685.84 688.142 2.30195
36 0 686.694 0 -686.694
0 62 687.106 689.408 2.30196
27 63 688.18 690.481 2.30195
53 65 688.252 690.554 2.30196
56 0 688.552 0 -688.552
52 0 689.298 0 -689.298
55 0 689.913 0 -689.913
22 60 690.034 692.336 2.30195
38 67 690.145 692.447 2.30196
47 64 690.971 693.273 2.30196
14 61 691.014 693.316 2.30195
10 0 691.514 0 -691.514
44 0 691.781 0 -691.781
8 62 692.086 694.388 2.30195
11 62 692.396 694.698 2.30196
57 66 692.96 695.262 2.30196
45 65 693.162 695.464 2.30195
58 0 693.525 0 -693.525
32 0 693.674 0 -693.674
48 0 694.163 0 -694.163
46 0 694.911 0 -694.911
9 63 694.92 697.222 2.30195
13 62 697.815 700.117 2.30195
25 60 698.022 700.324 2.30195
59 64 698.234 700.536 2.30196
5 62 698.604 700.906 2.30196
39 67 699.094 701.396 2.30195
37 0 699.333 0 -699.333
12 62 699.719 702.021 2.30195
26 61 700.649 702.951 2.30195
41 0 700.727 0 -700.727
31 66 701.793 704.095 2.30195
49 64 702.208 704.51 2.30195
4 61 702.932 705.234 2.30195
20 60 703.146 705.448 2.30195
24 62 703.799 706.101 2.30195
29 66 703.981 706.283 2.30195
17 67 704.613 706.915 2.30196
33 66 705.047 707.349 2.30196
18 62 705.255 707.557 2.30195
34 0 705.409 0 -705.409
43 65 705.621 707.923 2.30196
28 60 705.92 708.222 2.30195
6 0 706 0 -706
3 63 706.326 708.628 2.30196
51 0 706.648 0 -706.648
30 66 706.959 709.261 2.30195
21 60 1166.9 1166.99 0.0975369
50 64 972.74 973.357 0.616458
36 66 1173.01 1173.19 0.174596
42 65 711.596 713.898 2.30196
7 62 711.436 713.738 2.30195
16 62 710.987 713.289 2.30195
54 65 937.888 940.19 2.30196
23 62 711.132 713.434 2.30195
43 65 951.942 952.039 0.0975404
3 61 934.219 934.322 0.102657
5 63 1094.92 1095.02 0.0975371
4 61 1159.25 1159.35 0.0975368
17 0 932.506 0 -932.506
4 61 949.253 949.35 0.0975368
43 65 933.515 933.617 0.10266
9 63 941.24 941.343 0.102658
21 60 938.47 938.573 0.102657
1 61 930.78 930.878 0.0975397
27 63 934.5 934.597 0.0975376
5 63 944.924 945.027 0.102657
24 62 931.693 931.795 0.102658
15 61 932.16 932.263 0.102657
0 60 933.426 933.529 0.102658
13 60 925.708 928.01 2.30196
18 62 933.148 935.45 2.30195
12 62 927.613 929.914 2.30195
20 0 931.039 0 -931.039
29 0 931.874 0 -931.874
28 60 933.813 936.115 2.30195
34 66 933.302 935.604 2.30195
42 65 939.489 941.791 2.30196
51 64 934.541 936.843 2.30196
30 66 934.852 934.955 0.102657
40 67 935.397 937.699 2.30195
19 61 936.756 939.058 2.30195
4 61 930.826 930.928 0.102657
7 62 939.329 941.631 2.30195
1 60 960.78 960.878 0.0975367
59 0 926.128 0 -926.128
39 65 926.987 929.289 2.30196
15 61 962.16 962.258 0.0975368
6 0 933.894 0 -933.894
22 60 936.355 936.452 0.0975371
16 0 938.881 0 -938.881
8 63 938.407 938.509 0.102659
38 67 936.465 936.568 0.10266
50 64 911.712 912.328 0.616458
1 60 912.353 912.456 0.102657
35 66 912.468 914.769 2.30195
15 61 913.733 913.836 0.102657
36 62 914.587 916.889 2.30196
0 60 914.999 915.102 0.102658
27 63 916.073 916.175 0.102658
53 65 916.145 918.447 2.30196
56 63 916.446 918.748 2.30197
52 0 917.192 0 -917.192
55 0 917.806 0 -917.806
22 60 917.928 918.03 0.102657
38 67 918.038 918.141 0.10266
47 64 918.864 918.967 0.102661
14 60 918.907 921.209 2.30195
10 62 919.408 921.71 2.30195
44 0 919.674 0 -919.674
8 62 919.98 920.082 0.102658
11 62 920.289 922.591 2.30196
57 0 920.853 0 -920.853
45 65 921.055 923.357 2.30195
58 0 921.418 0 -921.418
32 0 921.567 0 -921.567
48 64 922.056 924.358 2.30195
46 64 922.804 925.106 2.30196
9 63 922.813 922.916 0.102658
31 63 929.686 931.988 2.30197
26 61 928.542 930.844 2.30195
41 0 928.62 0 -928.62
5 63 926.497 926.6 0.102657
22 60 966.355 966.452 0.0975371
38 67 966.465 966.568 0.10266
23 62 1166.92 1169.22 2.30195
8 62 968.407 968.504 0.0975376
47 64 967.291 967.389 0.0975414
5 63 974.924 975.022 0.0975371
9 63 971.24 971.343 0.102658
4 61 979.253 979.35 0.0975368
24 62 980.12 980.217 0.0975376
30 66 983.279 983.377 0.0975369
3 61 982.646 982.744 0.097537
49 64 978.528 978.625 0.0975384
3 0 1162.65 0 -1162.65
43 65 981.942 982.044 0.10266
15 61 992.16 992.258 0.0975368
1 60 990.78 990.878 0.0975367
21 60 986.897 986.995 0.0975369
24 62 1010.12 1010.22 0.0975376
0 60 993.426 993.524 0.097538
38 67 996.465 996.568 0.10266
27 63 994.5 994.597 0.0975376
5 63 1154.92 1155.02 0.0975371
22 60 996.355 996.452 0.0975371
1 60 1020.78 1020.88 0.0975367
47 64 997.291 997.394 0.102661
8 62 998.407 998.504 0.0975376
4 61 1009.25 1009.35 0.0975368
9 63 1001.24 1001.34 0.0975376
50 64 1033.77 1034.39 0.616458
5 63 1004.92 1005.02 0.0975371
3 61 1012.65 1012.74 0.097537
49 64 1008.53 1008.63 0.102658
30 66 1013.28 1013.38 0.0975369
43 65 1011.94 1012.04 0.10266
21 60 1016.9 1016.99 0.0975369
15 61 1022.16 1022.26 0.0975368
38 67 1026.47 1026.56 0.0975402
22 60 1026.35 1026.45 0.0975371
0 60 1023.43 1023.52 0.097538
27 63 1024.5 1024.6 0.0975376
47 64 1027.29 1027.39 0.0975414
8 62 1028.41 1028.5 0.0975376
3 61 1042.65 1042.74 0.097537
15 61 1052.16 1052.26 0.0975368
30 66 1043.28 1043.38 0.0975369
9 63 1031.24 1031.34 0.0975376
24 62 1040.12 1040.22 0.0975376
4 61 1039.25 1039.35 0.0975368
49 64 1038.53 1038.63 0.0975384
24 62 1160.12 1160.22 0.0975376
43 65 1041.94 1042.04 0.0975404
27 63 1054.5 1054.6 0.0975376
38 67 1056.47 1056.56 0.0975402
1 60 1050.78 1050.88 0.0975367
8 62 1058.41 1058.5 0.0975376
19 61 1174.81 1174.91 0.102657
21 60 1046.9 1046.99 0.0975369
47 64 1057.29 1057.39 0.0975414
0 60 1053.43 1053.52 0.097538
22 60 1056.35 1056.45 0.0975371
9 63 1091.24 1091.34 0.0975376
1 60 1080.78 1080.88 0.0975367
9 63 1061.24 1061.34 0.0975376
50 64 1216.85 1217.47 0.616458
5 63 1064.92 1065.02 0.0975371
24 62 1070.12 1070.22 0.0975376
3 61 1072.65 1072.74 0.097537
30 66 1073.28 1073.38 0.0975369
4 61 1069.25 1069.35 0.0975368
49 64 1068.53 1068.63 0.0975384
21 60 1076.9 1076.99 0.0975369
43 65 1071.94 1072.04 0.0975404
15 61 1082.16 1082.26 0.0975368
15 61 1112.16 1112.26 0.0975368
50 64 1094.8 1095.41 0.616458
47 64 1087.29 1087.39 0.102661
8 62 1088.41 1088.5 0.0975376
22 60 1146.35 1146.45 0.0975371
38 67 1086.47 1086.56 0.0975402
27 63 1084.5 1084.6 0.0975376
24 62 1100.12 1100.22 0.0975376
9 63 1151.24 1151.34 0.0975376
0 60 1083.43 1083.52 0.097538
22 60 1086.35 1086.45 0.0975371
4 61 1099.25 1099.35 0.0975368
3 61 1102.65 1102.74 0.097537
1 60 1110.78 1110.88 0.0975367
35 66 1140.36 1140.46 0.102658
8 62 1118.41 1118.5 0.0975376
43 65 1161.94 1162.04 0.0975404
37 67 1155.12 1157.42 2.30196
49 64 1098.53 1098.63 0.0975384
38 67 1116.47 1116.56 0.0975402
30 66 1103.28 1103.38 0.0975369
15 61 1172.16 1172.26 0.0975368
43 65 1101.94 1102.04 0.10266
1 60 1140.78 1140.88 0.0975367
27 63 1114.5 1114.6 0.0975376
56 66 1144.34 1146.64 2.30196
13 62 1153.6 1155.9 2.30195
21 60 1106.9 1106.99 0.0975369
55 67 1145.7 1148 2.30196
11 63 1148.18 1150.48 2.30195
47 64 1117.29 1117.39 0.102661
14 60 1146.8 1146.9 0.102658
49 0 1158.53 0 -1158.53
10 62 1147.3 1147.4 0.102657
29 0 1159.77 0 -1159.77
39 0 1154.88 0 -1154.88
45 65 1148.95 1151.25 2.30195
0 60 1113.43 1113.52 0.097538
24 62 1130.12 1130.22 0.0975376
53 65 1144.04 1146.34 2.30196
57 0 1148.75 0 -1148.75
22 60 1116.35 1116.45 0.0975371
52 64 1145.08 1147.39 2.30197
16 0 1166.77 0 -1166.77
20 61 1158.93 1161.23 2.30195
44 0 1147.57 0 -1147.57
42 0 1167.38 0 -1167.38
28 0 1161.71 0 -1161.71
35 66 1150.52 1150.63 0.102658
9 63 1121.24 1121.34 0.0975376
2 0 1165.41 0 -1165.41
58 0 1149.31 0 -1149.31
32 0 1149.46 0 -1149.46
48 64 1149.95 1150.05 0.102657
46 64 1150.7 1153 2.30196
3 61 1132.65 1132.74 0.097537
18 60 1161.04 1161.14 0.102658
59 64 1154.02 1156.32 2.30196
5 63 1124.92 1125.02 0.0975371
25 60 1153.81 1153.91 0.102657
50 64 1155.83 1156.44 0.616458
19 61 1164.65 1164.75 0.102657
27 63 1144.5 1144.6 0.0975376
26 61 1156.44 1156.54 0.102657
41 67 1156.51 1158.82 2.30195
12 63 1155.51 1157.81 2.30195
31 66 1157.58 1159.88 2.30195
4 61 1129.25 1129.35 0.0975368
49 64 1128.53 1128.63 0.0975384
43 65 1131.94 1132.04 0.10266
33 62 1160.83 1163.14 2.30196
7 0 1167.22 0 -1167.22
34 0 1161.2 0 -1161.2
6 0 1161.79 0 -1161.79
51 64 1162.43 1164.74 2.30196
17 60 1160.4 1162.7 2.30195
38 67 1146.47 1146.56 0.0975402
30 66 1133.28 1133.38 0.0975369
49 64 1188.53 1188.63 0.0975384
15 61 1142.16 1142.26 0.0975368
40 67 1163.29 1165.59 2.30195
21 60 1136.9 1136.99 0.0975369
54 67 1165.78 1166.4 0.616456
8 62 1148.41 1148.5 0.0975376
0 60 1143.43 1143.52 0.097538
8 62 1178.41 1178.5 0.0975376
5 63 1184.92 1185.02 0.0975371
51 64 1390.33 1392.63 2.30196
56 66 1372.23 1373.55 1.31483
52 64 1372.98 1375.28 2.30197
57 62 1376.64 1378.94 2.30196
55 67 1373.59 1375.89 2.30196
44 0 1375.46 0 -1375.46
10 62 1177.83 1177.93 0.0975365
38 67 1176.47 1176.56 0.0975402
11 63 1376.08 1376.18 0.102657
9 63 1181.24 1181.34 0.0975376
32 0 1377.35 0 -1377.35
22 60 1176.35 1176.45 0.0975371
58 66 1377.2 1379.51 2.30196
39 67 1382.77 1385.08 2.30195
37 67 1383.01 1385.31 2.30196
47 64 1177.29 1177.39 0.0975414
34 66 1389.09 1391.39 2.30195
13 62 1381.49 1381.6 0.102657
53 65 1371.93 1374.23 2.30196
27 63 1174.5 1174.6 0.0975376
12 63 1383.4 1383.5 0.102658
17 61 1388.29 1390.59 2.30195
46 64 1378.59 1380.89 2.30196
59 64 1381.91 1382.02 0.10266
48 64 1180.48 1180.58 0.0975367
14 61 1177.33 1177.43 0.0975385
45 65 1376.84 1376.94 0.102658
3 61 1192.65 1192.74 0.097537
31 66 1385.47 1385.58 0.102658
29 0 1387.66 0 -1387.66
40 67 1391.18 1393.49 2.30195
26 61 1186.97 1187.07 0.097537
43 65 1191.94 1192.04 0.0975404
20 60 1386.83 1389.13 2.30195
30 66 1193.28 1193.38 0.0975369
25 60 1184.34 1184.44 0.0975371
4 61 1189.25 1189.35 0.0975368
28 0 1389.6 0 -1389.6
24 62 1190.12 1190.22 0.0975376
41 67 1384.41 1384.51 0.102657
2 60 1393.3 1395.61 2.30195
7 0 1395.12 0 -1395.12
54 67 1226.81 1227.43 0.616456
23 62 1394.81 1394.91 0.102657
18 60 1191.58 1191.67 0.097538
33 0 1388.73 0 -1388.73
6 0 1389.68 0 -1389.68
19 61 1195.18 1195.29 0.102657
21 60 1196.9 1196.99 0.0975369
42 65 1197.92 1198.01 0.0975405
16 60 1394.67 1396.97 2.30195
