26 44 0.854949 3.15691 2.30196
7 42 1.70631 4.00827 2.30195
16 41 7.1294 9.43136 2.30195
35 47 1154.76 1154.86 0.097538
33 46 2.50068 4.80265 2.30197
16 41 1087.13 1087.23 0.0975371
35 47 698.443 700.745 2.30195
1 40 3.25406 5.55602 2.30195
1 40 686.934 689.236 2.30195
28 44 5.43513 7.73708 2.30195
37 48 6.13799 8.43995 2.30195
4 40 5.56037 7.86232 2.30195
14 41 6.68614 8.98809 2.30195
2 42 5.36182 7.66377 2.30195
39 45 696.764 699.066 2.30197
9 40 7.71317 10.0151 2.30195
15 41 9.14938 11.4513 2.30195
29 46 7.98088 10.2828 2.30195
38 45 9.3783 11.6803 2.30195
22 0 696.867 0 -696.867
27 44 702.682 704.984 2.30195
19 43 9.75976 12.0617 2.30195
23 44 10.3052 12.6072 2.30196
31 46 11.339 13.6409 2.30196
13 43 12.0176 14.3195 2.30195
25 44 11.7728 14.0747 2.30195
24 44 702.047 704.349 2.30196
5 40 12.1238 14.4258 2.30195
39 46 13.0843 15.3863 2.30197
22 44 13.1873 15.4892 2.30195
35 47 14.7633 17.0653 2.30195
3 40 15.3527 17.6546 2.30195
0 40 1076.13 1076.23 0.0975366
18 47 15.6071 17.909 2.30195
32 45 17.3682 19.6702 2.30196
15 47 692.829 695.131 2.30196
34 0 16.1241 0 -16.1241
30 46 701.672 703.974 2.30195
24 44 18.3676 20.6696 2.30196
21 47 16.435 18.737 2.30195
12 40 16.9947 19.2967 2.30196
10 0 711.682 0 -711.682
17 41 1048.4 1048.49 0.0975378
37 48 1086.14 1086.24 0.0975376
30 46 17.9926 20.2945 2.30195
33 0 686.18 0 -686.18
28 44 1175.44 1175.54 0.102658
27 44 19.0021 21.3041 2.30195
36 47 20.0931 22.3951 2.30196
20 43 1076.35 1076.45 0.0975372
38 45 1089.38 1089.48 0.0975386
16 41 1147.13 1147.23 0.0975371
31 46 1091.34 1091.44 0.0975406
6 45 22.2015 24.5035 2.30195
11 42 28.0526 30.3545 2.30195
20 43 26.3489 28.6508 2.30195
0 40 26.13 28.4319 2.30195
8 40 25.5408 27.8427 2.30195
17 41 28.3954 30.6974 2.30195
20 43 1046.35 1046.45 0.0975372
10 40 28.0028 30.3047 2.30195
23 44 1060.31 1060.4 0.0975394
33 42 1203 1203.32 0.328709
0 40 1166.13 1166.23 0.0975366
12 48 700.674 702.976 2.30196
8 0 253.434 0 -253.434
17 41 256.289 258.591 2.30195
25 44 695.453 697.754 2.30195
11 42 711.732 714.034 2.30195
36 47 247.986 250.288 2.30196
10 40 255.896 258.198 2.30195
5 45 695.804 698.106 2.30196
13 0 695.697 0 -695.697
18 47 471.394 473.696 2.30195
0 40 254.023 256.325 2.30195
29 46 463.767 466.069 2.30195
9 42 691.393 693.695 2.30195
20 43 710.029 712.331 2.30195
3 42 926.926 929.228 2.30195
27 44 246.895 249.197 2.30195
11 42 255.946 258.248 2.30195
26 44 228.748 231.05 2.30196
7 42 229.6 231.902 2.30195
33 42 230.394 232.696 2.30196
1 40 231.147 233.449 2.30195
2 42 233.255 235.557 2.30195
28 44 233.328 235.63 2.30195
4 40 233.454 235.756 2.30195
37 48 234.031 236.333 2.30195
14 41 234.579 236.881 2.30195
21 43 700.115 702.417 2.30196
16 41 235.023 237.325 2.30195
9 42 235.606 237.908 2.30195
29 46 235.874 238.176 2.30195
15 41 237.043 239.345 2.30195
38 45 237.272 239.574 2.30195
19 43 237.653 239.955 2.30195
23 44 238.198 240.5 2.30196
28 44 689.115 691.417 2.30195
31 46 239.232 241.534 2.30196
25 44 239.666 241.968 2.30195
13 43 239.911 242.213 2.30195
5 40 240.017 242.319 2.30195
39 46 240.978 243.28 2.30197
31 46 695.019 697.321 2.30196
22 0 241.081 0 -241.081
35 47 242.657 244.959 2.30195
3 40 243.246 245.548 2.30195
18 47 243.5 245.802 2.30195
34 0 244.017 0 -244.017
21 43 244.328 246.63 2.30196
12 40 244.888 247.19 2.30196
32 45 245.261 247.563 2.30196
30 46 245.886 248.188 2.30195
24 44 246.261 248.563 2.30196
9 40 1027.71 1027.81 0.097538
29 0 691.661 0 -691.661
2 42 1175.36 1175.46 0.0975363
9 40 1087.71 1087.81 0.097538
4 0 689.24 0 -689.24
7 42 685.386 687.688 2.30195
6 45 250.095 252.397 2.30195
20 43 254.242 256.544 2.30195
37 48 1146.14 1146.24 0.0975376
17 41 1078.4 1078.49 0.0975378
26 44 684.535 686.837 2.30196
9 40 1057.71 1057.81 0.097538
23 44 1090.31 1090.41 0.102659
4 40 1372.92 1373.02 0.102657
6 45 705.881 708.183 2.30195
32 0 701.048 0 -701.048
7 42 1171.71 1171.81 0.102658
34 0 699.804 0 -699.804
16 41 690.809 693.111 2.30195
3 40 699.032 701.334 2.30195
11 42 939.626 939.728 0.102657
20 43 482.135 484.437 2.30195
18 0 699.287 0 -699.287
19 43 465.546 467.848 2.30195
23 44 466.092 468.394 2.30196
9 42 463.5 465.802 2.30195
39 0 468.871 0 -468.871
21 43 472.222 474.523 2.30196
24 44 474.154 476.456 2.30196
8 40 709.221 711.522 2.30195
11 42 1048.05 1048.15 0.0975375
23 44 693.985 696.287 2.30196
13 43 1161.65 1161.75 0.102656
19 43 693.44 695.741 2.30195
26 44 1217.57 1218.19 0.616452
8 0 481.327 0 -481.327
5 40 467.91 470.212 2.30195
3 40 471.139 473.441 2.30195
20 43 1166.35 1166.45 0.0975372
27 44 474.789 477.091 2.30195
12 40 1096.99 1097.09 0.0975396
11 42 483.839 486.141 2.30195
10 42 483.789 486.091 2.30196
0 40 481.916 484.218 2.30195
17 41 484.182 486.484 2.30195
16 41 462.916 465.218 2.30195
17 41 712.075 714.377 2.30195
12 40 472.781 475.083 2.30196
32 0 473.155 0 -473.155
9 40 1147.71 1147.81 0.097538
6 45 1072.2 1072.3 0.0975372
14 41 462.473 464.775 2.30195
15 41 464.936 467.238 2.30195
34 0 471.911 0 -471.911
6 45 477.988 480.29 2.30195
0 40 1046.13 1046.23 0.0975366
38 45 465.165 467.467 2.30195
22 44 468.974 471.276 2.30195
30 46 473.779 476.081 2.30195
36 47 475.88 478.182 2.30196
0 40 709.81 712.112 2.30195
26 44 456.641 458.943 2.30196
7 42 457.493 459.795 2.30195
33 42 458.287 460.589 2.30196
1 40 459.041 461.343 2.30195
2 42 461.148 463.45 2.30195
28 44 461.222 463.524 2.30195
4 40 461.347 463.649 2.30195
37 48 461.924 464.226 2.30195
12 40 1066.99 1067.1 0.10266
36 41 703.773 706.075 2.30196
38 45 1059.38 1059.48 0.0975386
25 44 467.559 469.861 2.30195
31 46 467.125 469.427 2.30196
13 43 467.804 470.106 2.30195
35 47 470.55 472.852 2.30195
23 44 1150.31 1150.41 0.102659
14 0 690.366 0 -690.366
30 46 1167.62 1167.72 0.102658
6 45 1042.2 1042.3 0.0975372
36 47 1070.09 1070.19 0.0975421
1 40 1152.88 1152.99 0.102658
26 44 1095.51 1096.13 0.616452
37 48 1056.14 1056.24 0.0975376
37 48 689.818 692.12 2.30195
10 40 1185.77 1185.94 0.174593
2 45 689.042 691.344 2.30196
38 40 693.058 695.36 2.30196
38 45 1149.38 1149.48 0.0975386
25 0 1161.4 0 -1161.4
31 46 1061.34 1061.44 0.102661
38 45 939.378 939.481 0.102659
2 42 935.362 935.459 0.0975363
31 46 941.339 941.514 0.174597
9 40 937.713 937.816 0.102658
16 41 937.129 937.232 0.102657
36 47 1160.09 1160.19 0.0975421
20 43 956.349 956.452 0.102657
12 40 946.995 947.097 0.10266
6 45 1162.2 1162.3 0.0975372
17 41 939.968 940.071 0.102658
2 42 1055.36 1055.46 0.0975363
15 41 939.149 939.247 0.0975362
15 41 1149.15 1149.25 0.0975362
35 47 1064.76 1064.86 0.097538
5 40 1062.12 1062.22 0.097538
21 47 1066.44 1066.53 0.0975382
34 42 927.697 929.999 2.30196
16 41 1057.13 1057.23 0.0975371
0 40 937.703 937.806 0.102657
6 45 933.775 933.877 0.102657
8 40 937.114 939.416 2.30195
10 45 939.576 941.878 2.30196
20 43 937.922 938.025 0.102657
37 48 936.138 936.241 0.102658
26 44 912.428 913.044 0.616452
7 42 913.279 915.581 2.30195
33 42 914.074 916.376 2.30196
1 40 914.827 917.129 2.30195
2 40 916.935 917.037 0.10266
28 44 917.008 919.31 2.30195
4 0 917.133 0 -917.133
37 48 917.711 917.814 0.102658
14 43 918.259 920.561 2.30195
16 41 918.702 918.805 0.102657
9 42 919.286 919.389 0.102658
29 46 919.554 921.856 2.30195
15 41 920.722 920.825 0.102656
38 45 920.951 921.054 0.102659
19 0 921.333 0 -921.333
23 44 921.878 922.207 0.328707
31 44 922.912 923.097 0.184839
25 48 923.346 925.648 2.30196
13 41 923.591 925.893 2.30196
5 40 923.697 923.799 0.102658
18 43 927.18 929.482 2.30196
22 46 924.76 927.062 2.30196
39 46 924.657 926.959 2.30197
24 0 929.941 0 -929.941
21 47 928.008 928.111 0.102658
32 45 928.941 931.243 2.30196
30 43 929.566 931.868 2.30196
1 40 1173.25 1173.36 0.102658
12 40 928.568 928.67 0.10266
35 47 926.336 926.439 0.102658
2 42 1085.36 1085.46 0.0975363
37 48 1176.14 1176.24 0.0975376
11 42 1078.05 1078.15 0.0975375
15 41 1089.15 1089.25 0.0975362
21 47 1096.44 1096.53 0.0975382
35 47 1094.76 1094.86 0.097538
5 40 1092.12 1092.22 0.097538
27 0 930.575 0 -930.575
15 41 1059.15 1059.25 0.0975362
36 47 931.666 931.851 0.184838
11 42 1018.05 1018.15 0.0975375
23 44 954.42 954.605 0.184835
6 45 952.202 952.304 0.102657
21 47 946.435 946.538 0.102658
5 0 942.124 0 -942.124
38 45 1029.38 1029.48 0.0975386
35 47 944.763 944.866 0.102658
28 44 1155.06 1155.17 0.102658
26 44 973.456 974.073 0.616452
0 40 956.13 956.228 0.0975366
26 44 1034.48 1035.1 0.616452
21 47 1036.44 1036.53 0.0975382
36 47 950.093 950.268 0.174598
2 42 965.362 965.459 0.0975363
16 41 967.129 967.227 0.0975371
9 40 967.713 967.811 0.097538
17 41 958.395 958.498 0.102658
37 48 966.138 966.236 0.0975376
11 42 958.053 958.15 0.0975375
37 48 1026.14 1026.24 0.0975376
38 45 969.378 969.476 0.0975386
15 41 969.149 969.247 0.0975362
5 40 972.124 972.221 0.097538
23 44 972.718 972.893 0.174595
31 46 971.339 971.514 0.174597
6 45 982.202 982.304 0.102657
20 43 986.349 986.446 0.0975372
17 41 988.395 988.498 0.102658
35 47 974.763 974.861 0.097538
37 48 996.138 996.236 0.0975376
12 40 976.995 977.097 0.10266
9 40 997.713 997.811 0.097538
21 47 976.435 976.538 0.102658
36 47 980.093 980.268 0.174598
2 42 995.362 995.459 0.0975363
16 41 997.129 997.227 0.0975371
11 42 988.053 988.155 0.102657
0 40 986.13 986.228 0.0975366
29 46 1157.61 1157.71 0.102658
31 46 1001.34 1001.51 0.174597
15 41 999.149 999.247 0.0975362
5 40 1002.12 1002.23 0.102658
12 40 1006.99 1007.1 0.10266
6 45 1012.2 1012.3 0.102657
38 45 999.378 999.476 0.0975386
23 44 1000.31 1000.41 0.102659
12 40 1036.99 1037.1 0.10266
18 47 1165.24 1165.34 0.102658
2 42 1025.36 1025.46 0.0975363
35 47 1004.76 1004.86 0.097538
21 47 1006.44 1006.53 0.0975382
16 41 1027.13 1027.23 0.0975371
36 47 1010.09 1010.27 0.174598
17 41 1018.4 1018.49 0.0975378
0 40 1016.13 1016.23 0.0975366
20 43 1016.35 1016.45 0.0975372
31 46 1031.34 1031.51 0.174597
5 40 1032.12 1032.22 0.097538
15 41 1029.15 1029.25 0.0975362
23 44 1030.31 1030.4 0.0975394
31 46 1151.34 1151.44 0.102661
35 47 1034.76 1034.86 0.097538
36 47 1040.09 1040.2 0.102662
36 47 1100.09 1100.19 0.0975421
11 42 1168.05 1168.15 0.0975375
15 41 1119.15 1119.25 0.0975362
35 47 1124.76 1124.86 0.097538
20 43 1106.35 1106.45 0.0975372
23 44 1120.31 1120.41 0.102659
14 41 1146.15 1148.45 2.30195
4 40 1145.03 1147.33 2.30195
37 48 1116.14 1116.24 0.0975376
12 40 1156.99 1157.09 0.0975396
33 45 1141.97 1142.58 0.616453
17 41 1138.4 1138.49 0.0975378
6 45 1102.2 1102.3 0.0975372
1 40 1142.72 1142.82 0.102658
29 46 1147.45 1147.55 0.102658
17 41 1108.4 1108.49 0.0975378
0 40 1106.13 1106.23 0.0975366
11 42 1108.05 1108.15 0.0975375
9 40 1117.71 1117.81 0.097538
38 45 1119.38 1119.48 0.0975386
12 40 1126.99 1127.09 0.0975396
19 43 1149.23 1151.53 2.30195
7 42 1141.17 1141.28 0.102658
28 44 1144.9 1145 0.102658
2 42 1115.36 1115.46 0.0975363
6 45 1132.2 1132.3 0.0975372
32 45 1156.83 1159.14 2.30196
39 0 1152.55 0 -1152.55
16 41 1117.13 1117.23 0.0975371
7 42 1151.34 1151.44 0.102658
2 42 1145.36 1145.46 0.0975363
8 40 1165.01 1167.31 2.30195
10 40 1167.47 1167.65 0.184833
3 42 1154.82 1157.12 2.30195
26 44 1156.54 1157.16 0.616452
18 47 1155.07 1155.18 0.102658
31 46 1121.34 1121.44 0.0975406
13 43 1151.48 1151.59 0.102656
25 44 1151.24 1151.34 0.102657
5 40 1122.12 1122.22 0.097538
5 40 1152.12 1152.22 0.097538
21 47 1156.44 1156.53 0.0975382
22 48 1152.65 1154.96 2.30196
34 0 1155.59 0 -1155.59
17 47 1168.4 1168.49 0.0975393
30 46 1157.46 1157.56 0.102658
21 47 1126.44 1126.53 0.0975382
20 43 1136.35 1136.45 0.0975372
24 44 1157.83 1160.14 2.30196
36 47 1130.09 1130.19 0.0975421
27 44 1158.47 1160.77 2.30195
0 40 1136.13 1136.23 0.0975366
11 42 1138.05 1138.15 0.0975375
14 41 1374.05 1374.15 0.102658
5 40 1182.12 1182.22 0.097538
19 43 1377.12 1377.22 0.102657
11 42 1198.05 1198.15 0.0975375
9 40 1177.71 1177.81 0.097538
16 41 1177.13 1177.23 0.0975371
29 46 1177.98 1178.08 0.0975378
23 44 1180.31 1180.41 0.102659
39 46 1380.44 1382.75 2.30197
22 44 1380.55 1380.73 0.184834
25 44 1181.77 1181.87 0.0975371
15 41 1179.15 1179.25 0.0975362
21 47 1186.44 1186.53 0.0975382
38 45 1179.38 1179.48 0.0975386
3 40 1382.71 1385.01 2.30195
34 42 1383.48 1385.79 2.30196
31 46 1181.34 1181.44 0.102661
18 47 1185.61 1185.71 0.102658
32 45 1384.73 1384.91 0.184838
35 47 1184.76 1184.86 0.097538
13 43 1182.02 1182.12 0.0975365
12 40 1186.99 1187.09 0.0975396
8 40 1392.9 1393.09 0.184834
10 40 1203.05 1203.15 0.102657
30 46 1187.99 1188.1 0.102658
20 43 1196.35 1196.45 0.0975372
27 46 1386.36 1388.66 2.30196
24 44 1385.73 1385.83 0.102659
6 45 1192.2 1192.3 0.0975372
17 41 1198.4 1198.49 0.0975378
36 47 1190.09 1190.19 0.0975421
0 40 1196.13 1196.23 0.0975366
