18 61 0.688285 2.99024 2.30195
10 0 9.41276 0 -9.41276
34 60 9.02618 11.3281 2.30195
29 0 9.04676 0 -9.04676
14 0 1.35289 0 -1.35289
20 62 1.48646 3.78842 2.30195
31 60 1.79306 4.09501 2.30195
11 61 2.12463 4.42659 2.30195
25 62 2.16573 4.46768 2.30195
57 0 708.614 0 -708.614
58 0 2.64025 0 -2.64025
46 0 939.325 0 -939.325
38 60 919.807 922.109 2.30195
22 0 2.87705 0 -2.87705
16 0 914.927 0 -914.927
16 62 3.35399 5.65595 2.30196
49 0 3.68204 0 -3.68204
19 61 4.76592 7.06787 2.30195
45 0 4.78971 0 -4.78971
42 0 6.48847 0 -6.48847
5 61 5.69224 7.9942 2.30195
12 61 7.45253 9.75448 2.30195
59 0 8.67422 0 -8.67422
38 0 8.23408 0 -8.23408
23 0 8.74494 0 -8.74494
39 60 9.75545 12.0574 2.30195
48 0 10.0002 0 -10.0002
30 62 1185.21 1185.31 0.0975386
50 0 10.4206 0 -10.4206
55 0 13.873 0 -13.873
35 60 13.2848 15.5867 2.30195
53 0 15.1253 0 -15.1253
8 61 930.587 932.889 2.30196
54 0 15.1445 0 -15.1445
49 61 915.255 917.557 2.30197
30 62 15.2132 17.5152 2.30195
17 0 15.7711 0 -15.7711
4 61 17.0045 19.3065 2.30195
15 61 17.9248 20.2268 2.30195
8 62 19.0138 21.3158 2.30195
6 0 938.402 0 -938.402
41 0 20.0128 0 -20.0128
26 62 20.1433 22.4453 2.30196
55 0 925.446 0 -925.446
37 60 20.6973 22.9993 2.30195
33 60 20.6167 22.9187 2.30195
24 0 20.6109 0 -20.6109
50 0 921.994 0 -921.994
3 61 21.4943 23.7962 2.30195
47 0 21.8688 0 -21.8688
36 60 22.357 24.6589 2.30195
27 0 940.262 0 -940.262
43 0 22.4582 0 -22.4582
21 61 22.6579 24.9598 2.30196
51 0 22.6603 0 -22.6603
54 62 1382.5 1384.81 2.30197
32 60 708.079 710.381 2.30195
0 0 22.7748 0 -22.7748
35 60 924.858 927.16 2.30195
40 0 23.1085 0 -23.1085
52 0 23.949 0 -23.949
44 60 24.1586 26.4605 2.30196
32 60 24.3993 26.7013 2.30195
12 61 919.026 919.128 0.102658
57 0 24.934 0 -24.934
1 61 27.4346 29.7366 2.30195
7 61 26.6757 28.9777 2.30195
2 0 26.5168 0 -26.5168
4 61 1384.36 1386.67 2.30195
6 0 26.8286 0 -26.8286
46 60 27.7517 30.0537 2.30196
28 0 27.7962 0 -27.7962
27 0 28.6885 0 -28.6885
57 0 936.507 0 -936.507
10 61 920.986 923.288 2.30196
13 61 29.438 31.7399 2.30195
9 0 29.4389 0 -29.4389
56 0 29.696 0 -29.696
48 0 921.573 0 -921.573
26 61 248.037 250.339 2.30195
33 60 248.51 250.812 2.30195
24 61 248.504 250.806 2.30195
51 0 250.554 0 -250.554
0 0 250.668 0 -250.668
57 0 252.827 0 -252.827
7 61 254.569 256.871 2.30195
26 61 475.93 478.232 2.30195
41 0 475.799 0 -475.799
9 62 485.225 487.527 2.30196
21 0 250.551 0 -250.551
41 0 247.906 0 -247.906
32 60 252.293 254.595 2.30195
1 61 255.328 257.63 2.30195
59 0 464.461 0 -464.461
28 60 255.689 257.991 2.30196
8 62 474.8 477.102 2.30195
37 0 476.484 0 -476.484
36 0 250.25 0 -250.25
47 0 249.762 0 -249.762
44 60 252.052 254.354 2.30196
2 0 254.41 0 -254.41
53 0 470.912 0 -470.912
12 61 463.239 465.541 2.30195
39 60 465.542 467.844 2.30195
47 0 933.442 0 -933.442
47 61 477.655 479.957 2.30197
25 0 913.739 0 -913.739
30 62 471 473.302 2.30195
56 0 713.376 0 -713.376
31 60 913.366 913.469 0.102659
20 0 913.059 0 -913.059
14 62 912.926 915.228 2.30196
27 61 484.475 486.777 2.30195
37 60 248.591 250.893 2.30195
38 60 464.021 466.323 2.30195
46 0 255.645 0 -255.645
10 0 465.199 0 -465.199
19 61 916.339 918.641 2.30195
17 61 471.558 473.86 2.30196
21 62 478.444 480.746 2.30196
46 0 711.431 0 -711.431
46 60 483.538 485.84 2.30196
8 62 246.907 249.209 2.30195
43 0 250.351 0 -250.351
56 0 257.589 0 -257.589
13 61 257.331 259.633 2.30195
27 0 256.582 0 -256.582
32 60 935.972 938.274 2.30195
0 0 478.561 0 -478.561
22 0 914.45 0 -914.45
43 0 478.245 0 -478.245
45 0 916.363 0 -916.363
11 61 913.698 913.8 0.102658
15 61 473.711 476.013 2.30195
13 62 941.011 941.114 0.10266
18 61 912.261 912.364 0.102657
40 0 251.002 0 -251.002
3 61 249.388 251.689 2.30195
52 0 251.842 0 -251.842
6 61 254.722 257.024 2.30195
9 62 257.332 259.634 2.30196
56 0 485.483 0 -485.483
58 0 914.213 0 -914.213
18 61 228.582 230.883 2.30195
14 60 229.246 231.548 2.30196
20 62 229.38 231.682 2.30195
31 60 229.686 231.988 2.30195
11 61 230.018 232.32 2.30195
25 62 230.059 232.361 2.30195
58 0 230.533 0 -230.533
22 0 230.77 0 -230.77
16 0 231.247 0 -231.247
49 0 231.575 0 -231.575
19 61 232.659 234.961 2.30195
45 0 232.683 0 -232.683
5 61 233.585 235.887 2.30195
42 60 234.382 236.684 2.30196
12 61 235.346 237.648 2.30195
38 60 236.127 238.429 2.30195
59 0 236.567 0 -236.567
23 0 236.638 0 -236.638
34 60 236.919 239.221 2.30195
29 61 236.94 239.242 2.30196
10 0 237.306 0 -237.306
39 60 237.649 239.951 2.30195
48 0 237.893 0 -237.893
50 0 238.314 0 -238.314
35 60 241.178 243.48 2.30195
55 0 241.766 0 -241.766
53 0 243.019 0 -243.019
54 0 243.038 0 -243.038
30 62 243.106 245.408 2.30195
17 0 243.664 0 -243.664
4 61 244.898 247.2 2.30195
15 0 245.818 0 -245.818
42 0 918.061 0 -918.061
26 61 950.143 950.241 0.0975378
30 62 926.786 929.088 2.30195
5 61 917.265 919.567 2.30195
34 0 920.599 0 -920.599
59 0 920.247 0 -920.247
29 0 920.62 0 -920.62
23 0 920.318 0 -920.318
54 0 926.718 0 -926.718
39 61 921.328 923.63 2.30196
36 0 478.143 0 -478.143
24 61 932.184 934.486 2.30195
40 0 478.895 0 -478.895
17 61 927.344 929.646 2.30196
2 0 482.303 0 -482.303
1 0 483.221 0 -483.221
13 62 485.224 487.526 2.30196
50 0 466.207 0 -466.207
31 60 931.793 931.896 0.102659
54 0 470.931 0 -470.931
24 61 476.397 478.699 2.30195
33 0 476.403 0 -476.403
32 60 480.186 482.488 2.30195
7 0 482.462 0 -482.462
28 60 483.583 485.885 2.30196
11 61 932.125 932.222 0.097538
9 62 713.119 715.421 2.30196
9 0 941.012 0 -941.012
1 0 711.114 0 -711.114
44 0 935.732 0 -935.732
3 61 933.067 935.369 2.30195
23 0 464.531 0 -464.531
0 62 934.348 936.65 2.30195
13 61 713.118 715.42 2.30195
44 60 479.945 482.247 2.30196
6 0 482.615 0 -482.615
18 61 930.688 930.786 0.0975367
53 0 1382.48 0 -1382.48
42 0 462.275 0 -462.275
34 60 464.813 467.115 2.30195
43 0 934.031 0 -934.031
4 61 472.791 475.093 2.30195
2 61 710.197 712.498 2.30195
37 60 932.27 934.572 2.30195
21 62 934.231 936.533 2.30196
7 0 710.355 0 -710.355
53 0 926.698 0 -926.698
29 61 464.833 467.135 2.30196
48 0 465.787 0 -465.787
35 60 469.071 471.373 2.30195
55 0 469.659 0 -469.659
57 0 480.721 0 -480.721
51 0 478.447 0 -478.447
3 0 477.281 0 -477.281
6 0 710.508 0 -710.508
52 0 479.735 0 -479.735
7 61 938.249 940.551 2.30195
18 61 456.475 458.777 2.30195
14 0 457.139 0 -457.139
20 62 457.273 459.575 2.30195
31 60 457.58 459.882 2.30195
11 61 457.911 460.213 2.30195
25 62 457.952 460.254 2.30195
58 0 458.427 0 -458.427
22 60 458.664 460.966 2.30196
16 0 459.14 0 -459.14
49 0 459.469 0 -459.469
19 61 460.552 462.854 2.30195
45 0 460.576 0 -460.576
5 0 461.479 0 -461.479
12 62 937.453 937.55 0.0975414
27 0 712.368 0 -712.368
28 0 711.476 0 -711.476
28 0 939.369 0 -939.369
33 60 932.19 934.492 2.30195
41 0 931.586 0 -931.586
52 0 935.522 0 -935.522
4 61 928.578 930.879 2.30195
18 61 684.368 686.67 2.30195
14 0 685.033 0 -685.033
20 0 685.166 0 -685.166
31 60 685.473 687.775 2.30195
11 62 685.804 688.106 2.30196
25 0 685.845 0 -685.845
58 0 686.32 0 -686.32
22 0 686.557 0 -686.557
16 0 687.034 0 -687.034
49 0 687.362 0 -687.362
19 0 688.446 0 -688.446
45 0 688.469 0 -688.469
5 61 689.372 691.674 2.30195
42 0 690.168 0 -690.168
12 61 691.132 693.434 2.30195
38 60 691.914 694.216 2.30195
59 0 692.354 0 -692.354
23 0 692.425 0 -692.425
34 62 692.706 695.008 2.30196
29 62 692.727 695.028 2.30196
10 0 693.093 0 -693.093
39 60 693.435 695.737 2.30195
48 0 693.68 0 -693.68
50 0 694.1 0 -694.1
35 0 696.965 0 -696.965
55 0 697.553 0 -697.553
53 61 698.805 701.107 2.30196
54 0 698.824 0 -698.824
30 62 698.893 701.195 2.30195
17 62 699.451 701.753 2.30196
4 61 700.684 702.986 2.30195
15 61 701.605 703.907 2.30195
8 62 702.694 704.996 2.30195
41 0 703.693 0 -703.693
26 61 703.823 706.125 2.30195
24 61 704.291 706.593 2.30195
33 0 704.296 0 -704.296
37 0 704.377 0 -704.377
3 61 705.174 707.476 2.30195
47 0 705.549 0 -705.549
36 60 706.037 708.339 2.30195
43 0 706.138 0 -706.138
21 0 706.338 0 -706.338
51 0 706.34 0 -706.34
0 0 706.454 0 -706.454
40 0 706.788 0 -706.788
52 0 707.629 0 -707.629
44 0 707.838 0 -707.838
26 61 931.716 931.819 0.102658
15 0 929.498 0 -929.498
51 0 934.233 0 -934.233
40 0 934.682 0 -934.682
2 61 938.09 940.392 2.30195
26 61 1160.14 1160.24 0.0975378
36 0 933.93 0 -933.93
1 61 939.008 941.31 2.30195
56 0 941.269 0 -941.269
13 61 959.438 959.541 0.102658
31 60 1141.79 1141.89 0.0975389
18 61 960.688 960.786 0.0975367
31 60 961.793 961.891 0.0975389
11 61 962.125 962.222 0.097538
35 60 1183.28 1183.38 0.0975383
12 61 967.453 967.55 0.0975381
16 62 1370.71 1373.02 2.30196
31 60 1171.79 1171.89 0.0975389
45 0 1372.15 0 -1372.15
26 61 980.143 980.241 0.0975378
38 60 1178.23 1178.33 0.0975381
13 61 989.438 989.536 0.0975376
17 61 1383.13 1383.23 0.102659
18 61 990.688 990.786 0.0975367
3 0 1388.85 0 -1388.85
31 60 991.793 991.891 0.0975389
11 61 992.125 992.222 0.097538
48 0 1377.36 0 -1377.36
12 61 997.453 997.55 0.0975381
10 61 1376.77 1379.07 2.30196
26 61 1010.14 1010.24 0.0975378
39 60 1377.11 1377.22 0.102657
11 61 1172.12 1172.22 0.097538
13 61 1169.44 1169.54 0.0975376
13 61 1019.44 1019.54 0.0975376
25 62 1369.53 1369.63 0.102657
18 61 1020.69 1020.79 0.0975367
26 61 1190.14 1190.24 0.0975378
55 0 1381.23 0 -1381.23
31 60 1021.79 1021.89 0.0975389
37 60 1388.06 1390.36 2.30195
5 61 1155.32 1155.42 0.102658
11 61 1022.12 1022.22 0.097538
28 60 1395.16 1397.46 2.30196
12 61 1027.45 1027.55 0.0975381
33 60 1387.98 1390.28 2.30195
26 61 1040.14 1040.24 0.0975378
47 0 1389.23 0 -1389.23
12 61 1177.45 1177.55 0.0975381
6 61 1394.19 1396.49 2.30195
36 60 1389.72 1392.02 2.30195
20 62 1368.85 1368.95 0.102658
13 61 1049.44 1049.54 0.0975376
44 0 1391.52 0 -1391.52
58 0 1370 0 -1370
5 61 1175.69 1175.79 0.0975383
18 61 1050.69 1050.79 0.0975367
31 60 1051.79 1051.89 0.0975389
59 0 1376.03 0 -1376.03
11 61 1052.12 1052.22 0.097538
12 61 1057.45 1057.55 0.0975381
19 61 1174.77 1174.86 0.0975371
26 61 1070.14 1070.24 0.0975378
22 0 1370.24 0 -1370.24
34 60 1376.39 1378.69 2.30195
1 61 1394.79 1397.1 2.30195
31 60 1081.79 1081.89 0.0975389
13 61 1079.44 1079.54 0.0975376
29 62 1376.41 1376.51 0.102659
18 61 1080.69 1080.79 0.0975367
41 0 1387.37 0 -1387.37
11 61 1082.12 1082.22 0.097538
11 61 1142.12 1142.22 0.097538
30 62 1164.84 1164.95 0.102659
15 62 1385.28 1387.59 2.30196
23 0 1376.1 0 -1376.1
12 61 1087.45 1087.55 0.0975381
49 0 1371.04 0 -1371.04
26 61 1100.14 1100.24 0.0975378
24 61 1387.97 1388.07 0.102658
18 61 1110.69 1110.79 0.0975367
50 0 1377.78 0 -1377.78
14 60 1368.71 1371.01 2.30196
13 61 1109.44 1109.54 0.0975376
58 0 1142.11 0 -1142.11
17 61 1155.24 1157.54 2.30196
50 0 1149.89 0 -1149.89
4 61 1156.47 1158.77 2.30195
49 0 1143.15 0 -1143.15
18 61 1170.69 1170.79 0.0975367
42 60 1373.85 1376.15 2.30196
26 61 1130.14 1130.24 0.0975378
15 0 1157.39 0 -1157.39
30 62 1154.68 1154.78 0.102659
37 0 1160.16 0 -1160.16
25 62 1141.63 1143.93 2.30195
31 60 1111.79 1111.89 0.0975389
16 60 1142.82 1145.12 2.30196
22 0 1142.34 0 -1142.34
34 0 1148.49 0 -1148.49
8 62 1158.48 1160.78 2.30195
11 61 1112.12 1112.22 0.097538
14 60 1140.82 1143.12 2.30196
20 62 1140.95 1143.25 2.30195
38 60 1147.7 1147.8 0.102658
35 0 1152.75 0 -1152.75
33 0 1160.08 0 -1160.08
40 0 1162.57 0 -1162.57
54 61 1154.61 1156.91 2.30196
23 0 1148.21 0 -1148.21
59 60 1148.14 1150.44 2.30196
19 61 1144.23 1144.33 0.102657
41 0 1159.48 0 -1159.48
56 0 1169.16 0 -1169.16
55 0 1153.34 0 -1153.34
53 0 1154.59 0 -1154.59
45 0 1144.26 0 -1144.26
5 60 1145.16 1145.26 0.102664
42 62 1145.95 1148.26 2.30196
12 61 1117.45 1117.55 0.0975381
47 0 1161.34 0 -1161.34
36 60 1161.82 1164.13 2.30195
24 61 1160.08 1162.38 2.30195
3 61 1160.96 1163.26 2.30195
29 61 1148.51 1150.81 2.30196
10 0 1148.88 0 -1148.88
39 60 1149.22 1151.52 2.30195
48 0 1149.47 0 -1149.47
32 60 1163.87 1163.97 0.102658
57 0 1164.4 0 -1164.4
7 0 1166.14 0 -1166.14
6 0 1166.29 0 -1166.29
44 0 1163.62 0 -1163.62
27 61 1168.15 1170.46 2.30195
1 0 1166.9 0 -1166.9
2 61 1165.98 1168.28 2.30195
9 62 1168.91 1171.21 2.30196
46 60 1167.22 1169.52 2.30196
28 0 1167.26 0 -1167.26
52 0 1163.42 0 -1163.42
13 61 1139.44 1139.54 0.0975376
18 61 1140.69 1140.79 0.0975367
43 0 1161.92 0 -1161.92
21 62 1162.12 1164.43 2.30196
51 0 1162.13 0 -1162.13
0 0 1162.24 0 -1162.24
12 61 1147.45 1147.55 0.0975381
43 0 1389.82 0 -1389.82
8 0 1386.37 0 -1386.37
21 0 1390.02 0 -1390.02
32 60 1194.4 1194.5 0.0975385
27 60 1396.05 1398.35 2.30196
2 0 1393.88 0 -1393.88
57 0 1392.29 0 -1392.29
7 61 1394.04 1396.34 2.30195
56 0 1397.06 0 -1397.06
13 61 1199.44 1199.54 0.0975376
9 62 1396.8 1396.9 0.102659
51 0 1390.02 0 -1390.02
0 62 1390.13 1392.44 2.30195
40 0 1390.47 0 -1390.47
52 0 1391.31 0 -1391.31
46 60 1395.11 1397.41 2.30196
