0 51 1.32261 3.62456 2.30195
39 52 1.98449 4.28644 2.30195
1 40 5.37794 7.6799 2.30195
19 44 5.45733 7.75929 2.30195
12 42 2.73362 5.03558 2.30195
35 44 938.525 938.628 0.102657
26 48 2.84057 5.14252 2.30195
39 52 1141.98 1142.08 0.0975384
21 45 3.16082 5.46277 2.30195
16 50 944.735 944.838 0.102659
17 50 3.39799 5.69995 2.30195
18 49 1102.28 1102.38 0.0975379
5 51 3.91077 6.21273 2.30196
10 0 3.75355 0 -3.75355
3 0 4.92899 0 -4.92899
15 44 4.66486 6.96681 2.30195
26 48 962.841 962.943 0.102657
33 54 7.28449 9.58644 2.30195
8 41 6.03856 8.34051 2.30195
11 41 25.7413 28.0433 2.30195
18 49 22.2783 24.5803 2.30195
31 58 7.79561 10.0976 2.30195
9 51 8.85844 11.1604 2.30195
25 48 11.2435 13.5454 2.30195
37 50 16.3329 18.6349 2.30195
23 43 14.5308 16.8327 2.30195
22 43 19.4258 21.7277 2.30195
28 46 14.8436 17.1456 2.30195
16 49 14.7353 17.0373 2.30195
7 40 19.234 21.536 2.30195
2 41 17.9216 20.2235 2.30195
4 40 18.7562 21.0582 2.30195
38 56 18.8084 21.1104 2.30195
4 40 1158.22 1158.33 0.102657
29 47 23.9175 26.2194 2.30195
30 46 22.7788 25.0807 2.30195
34 47 25.2573 27.5592 2.30195
20 45 24.1067 26.4087 2.30195
32 55 23.4107 25.7126 2.30195
7 40 1158.7 1158.8 0.102657
10 42 1153.38 1153.49 0.102658
2 41 1157.92 1158.02 0.0975372
5 41 933.911 934.013 0.102658
24 43 1136.44 1136.54 0.0975364
6 40 25.6462 27.9482 2.30195
6 40 985.646 985.744 0.0975368
35 44 26.9523 29.2542 2.30195
24 43 26.4387 28.7407 2.30195
14 45 29.4483 31.7502 2.30195
27 53 27.5508 29.8528 2.30195
36 57 27.8132 30.1151 2.30195
13 41 29.4459 31.7479 2.30195
39 52 931.984 932.087 0.102658
36 57 987.813 987.916 0.102658
18 49 250.172 252.474 2.30195
22 43 247.319 249.621 2.30195
29 47 251.811 254.113 2.30195
7 0 247.127 0 -247.127
30 46 250.672 252.974 2.30195
26 48 992.841 992.938 0.0975374
20 45 252 254.302 2.30195
36 57 255.706 258.008 2.30195
6 40 937.219 937.322 0.102657
0 51 229.216 231.518 2.30195
39 52 229.878 232.18 2.30195
12 42 230.627 232.929 2.30195
26 48 230.734 233.036 2.30195
21 45 231.054 233.356 2.30195
17 50 231.291 233.593 2.30195
10 42 231.647 233.949 2.30195
5 41 231.804 234.106 2.30195
15 44 232.558 234.86 2.30195
3 47 232.822 235.124 2.30196
1 40 233.271 235.573 2.30195
19 44 233.351 235.653 2.30195
8 41 233.932 236.234 2.30195
33 54 235.178 237.48 2.30195
31 58 235.689 237.991 2.30195
9 51 236.752 239.054 2.30195
25 48 239.137 241.439 2.30195
23 43 242.424 244.726 2.30195
16 49 242.629 244.931 2.30195
28 46 242.737 245.039 2.30195
37 50 244.226 246.528 2.30195
2 41 245.815 248.117 2.30195
4 0 246.649 0 -246.649
38 56 246.702 249.004 2.30195
33 54 1087.28 1087.39 0.102658
37 50 1096.33 1096.43 0.0975375
0 51 1141.32 1141.42 0.0975379
14 45 941.021 943.323 2.30195
35 44 1136.95 1137.05 0.102657
32 0 983.411 0 -983.411
36 57 1137.81 1137.91 0.0975379
2 41 1127.92 1128.02 0.0975372
0 51 931.323 931.425 0.102658
32 55 251.304 253.606 2.30195
8 41 1155.67 1155.77 0.102657
38 56 1158.81 1158.91 0.0975385
11 41 253.635 255.937 2.30195
6 40 253.539 255.841 2.30195
34 47 253.151 255.452 2.30195
20 45 935.68 937.982 2.30195
35 44 254.846 257.147 2.30195
24 43 254.332 256.634 2.30195
27 53 255.444 257.746 2.30195
13 41 257.339 259.641 2.30195
9 51 464.645 466.947 2.30195
14 45 257.342 259.643 2.30195
18 49 933.851 933.954 0.102658
31 58 463.582 465.884 2.30195
9 51 998.858 998.956 0.0975377
34 47 936.83 936.933 0.102658
25 48 1001.24 1001.35 0.102657
39 52 991.984 992.082 0.0975384
21 45 933.161 933.258 0.0975365
28 46 1004.84 1004.95 0.102659
13 41 941.019 941.122 0.102658
24 43 986.439 986.536 0.0975364
15 44 1144.66 1144.76 0.0975375
14 45 485.235 487.537 2.30195
20 45 479.893 482.195 2.30195
23 43 470.317 472.619 2.30195
34 47 481.044 483.346 2.30195
36 57 483.6 485.902 2.30195
17 50 1153.03 1153.13 0.102659
37 50 472.119 474.421 2.30195
25 48 467.03 469.332 2.30195
27 53 483.337 485.639 2.30195
36 57 711.493 713.795 2.30195
16 49 470.522 472.824 2.30195
24 43 482.225 484.527 2.30195
35 44 482.739 485.041 2.30195
24 43 710.118 712.42 2.30195
33 54 463.071 465.373 2.30195
38 56 474.595 476.897 2.30195
7 40 1168.86 1168.97 0.102657
30 46 478.565 480.867 2.30195
28 46 470.63 472.932 2.30195
35 44 986.952 987.05 0.0975368
0 51 457.109 459.411 2.30195
39 52 457.771 460.073 2.30195
12 42 458.52 460.822 2.30195
26 48 458.627 460.929 2.30195
21 45 458.947 461.249 2.30195
17 50 459.184 461.486 2.30195
10 42 459.54 461.842 2.30195
5 41 459.697 461.999 2.30195
15 44 460.451 462.753 2.30195
3 47 460.715 463.017 2.30196
1 40 461.164 463.466 2.30195
19 0 461.244 0 -461.244
8 41 461.825 464.127 2.30195
25 48 1091.24 1091.35 0.102657
11 41 937.314 939.616 2.30195
30 46 934.352 934.454 0.102658
29 47 935.49 935.593 0.102658
16 49 1154.74 1154.83 0.097537
31 58 1147.8 1147.89 0.0975372
12 42 1142.73 1142.83 0.0975364
15 44 994.665 994.762 0.0975375
31 58 997.796 997.898 0.102657
1 40 995.378 995.475 0.0975379
27 53 939.124 939.226 0.102658
31 58 937.796 937.898 0.102657
28 46 944.844 944.946 0.102659
19 44 1155.09 1155.19 0.102659
1 40 935.378 935.481 0.102658
5 41 993.911 994.008 0.0975379
4 40 474.543 476.845 2.30195
7 40 475.021 477.322 2.30195
2 41 473.708 476.01 2.30195
32 55 479.197 481.499 2.30195
18 49 478.065 480.367 2.30195
2 41 977.922 978.019 0.0975372
22 43 475.212 477.514 2.30195
34 47 1135.26 1135.35 0.0975382
11 41 481.528 483.83 2.30195
29 47 479.704 482.006 2.30195
6 40 481.433 483.735 2.30195
13 41 485.232 487.534 2.30195
35 44 710.632 712.934 2.30195
11 41 709.421 711.723 2.30195
27 53 711.231 713.533 2.30195
13 41 713.126 715.428 2.30195
6 40 709.326 711.628 2.30195
34 47 708.937 711.239 2.30195
14 50 713.128 715.43 2.30196
0 51 685.002 687.304 2.30195
39 52 685.664 687.966 2.30195
12 42 686.413 688.715 2.30195
26 48 686.52 688.822 2.30195
21 45 686.841 689.143 2.30195
17 50 687.078 689.38 2.30195
10 40 687.433 689.735 2.30195
5 41 687.591 689.892 2.30195
15 44 688.345 690.647 2.30195
3 0 688.609 0 -688.609
1 40 689.058 691.36 2.30195
19 49 689.137 691.439 2.30196
8 40 689.718 692.02 2.30195
33 54 690.964 693.266 2.30195
31 58 691.475 693.777 2.30195
9 51 692.538 694.84 2.30195
25 48 694.923 697.225 2.30195
23 43 698.21 700.512 2.30195
16 49 698.415 700.717 2.30195
28 46 698.523 700.825 2.30195
37 50 700.013 702.315 2.30195
2 41 701.601 703.903 2.30195
4 40 702.436 704.738 2.30195
38 56 702.488 704.79 2.30195
7 40 702.914 705.216 2.30195
22 43 703.106 705.407 2.30195
18 49 705.958 708.26 2.30195
30 46 706.459 708.76 2.30195
32 58 707.09 709.392 2.30196
29 47 707.597 709.899 2.30195
20 45 707.786 710.088 2.30195
22 43 930.999 933.301 2.30195
26 48 932.841 932.943 0.102657
25 48 955.358 955.543 0.184833
23 43 944.531 944.633 0.102657
2 41 929.495 929.597 0.102657
38 56 930.381 930.484 0.102658
33 54 1147.28 1147.38 0.0975381
29 47 1133.92 1134.02 0.0975381
13 41 1139.45 1139.54 0.0975382
28 46 926.417 926.601 0.184835
13 41 989.446 989.549 0.102658
32 55 1133.41 1133.51 0.0975372
0 51 991.323 991.42 0.0975379
21 45 993.161 993.258 0.0975365
12 42 992.734 992.831 0.0975364
34 47 985.257 985.355 0.0975382
11 41 1165.21 1165.31 0.102658
16 49 1004.74 1004.83 0.097537
15 44 934.665 934.762 0.0975375
14 45 1168.91 1169.24 0.328705
23 43 926.104 926.206 0.102657
32 55 934.984 935.086 0.102657
7 40 930.807 933.109 2.30195
24 43 938.012 938.114 0.102656
27 53 987.551 987.654 0.102658
33 54 997.284 997.387 0.102658
33 54 937.284 937.387 0.102658
28 46 1094.84 1094.94 0.0975388
9 51 938.858 938.961 0.102658
37 50 927.906 928.009 0.102657
21 45 1143.16 1143.26 0.0975365
36 57 939.386 939.571 0.184834
12 42 932.734 932.831 0.0975364
0 51 912.896 912.998 0.102658
39 52 913.557 913.66 0.102658
12 42 914.307 914.409 0.102656
26 48 914.414 914.516 0.102657
21 45 914.734 914.836 0.102657
17 50 914.971 917.273 2.30195
10 40 915.327 917.628 2.30195
5 41 915.484 915.586 0.102658
15 44 916.238 916.341 0.102658
3 42 916.502 918.804 2.30195
1 40 916.951 917.054 0.102658
19 44 917.03 919.332 2.30195
8 41 917.612 919.914 2.30195
33 54 918.857 919.042 0.184834
31 58 919.369 919.471 0.102657
9 51 920.431 920.534 0.102658
25 48 922.816 923.145 0.328705
37 50 1156.33 1156.43 0.0975375
28 46 1154.84 1154.94 0.0975388
37 50 1126.33 1126.43 0.0975375
4 40 930.329 932.631 2.30195
18 49 1132.28 1132.38 0.0975379
5 41 1143.91 1144.01 0.0975379
16 49 926.308 926.411 0.102657
33 54 967.284 967.387 0.102658
38 56 948.808 948.911 0.102658
0 51 961.323 961.42 0.0975379
30 46 952.779 952.876 0.0975384
38 56 1008.81 1008.91 0.0975385
2 41 1007.92 1008.02 0.0975372
4 40 1168.39 1168.49 0.102657
18 49 952.278 952.381 0.102658
6 40 955.646 955.749 0.102657
21 45 963.161 963.258 0.0975365
29 47 953.917 954.02 0.102658
37 50 946.333 946.436 0.102657
2 41 947.922 948.019 0.0975372
23 43 1004.53 1004.63 0.102657
27 53 1137.55 1137.65 0.0975379
23 43 1154.53 1154.63 0.0975375
37 50 1006.33 1006.44 0.102657
32 55 1163.41 1163.51 0.0975372
29 47 1013.92 1014.02 0.0975381
32 58 953.411 953.513 0.10266
39 52 961.984 962.082 0.0975384
34 47 955.257 955.36 0.102658
36 57 957.813 957.988 0.174594
15 44 964.665 964.762 0.0975375
30 46 1162.78 1162.88 0.0975384
35 44 956.952 957.05 0.0975368
25 48 973.657 973.759 0.102657
27 53 957.551 957.654 0.102658
24 43 956.439 956.536 0.0975364
37 50 976.333 976.436 0.102657
12 42 962.734 962.831 0.0975364
13 41 959.446 959.549 0.102658
31 58 967.796 967.898 0.102657
16 49 974.735 974.838 0.102657
5 41 963.911 964.008 0.0975379
28 46 974.844 974.946 0.102659
23 43 1034.53 1034.63 0.102657
1 40 965.378 965.475 0.0975379
23 43 974.531 974.633 0.102657
30 46 982.779 982.881 0.102658
29 47 983.917 984.02 0.102658
9 51 968.858 968.961 0.102658
38 56 978.808 978.911 0.102658
18 49 982.278 982.381 0.102658
30 46 1012.78 1012.88 0.102658
6 40 1015.65 1015.74 0.0975368
35 44 1016.95 1017.05 0.0975368
34 47 1015.26 1015.35 0.0975382
12 42 1022.73 1022.83 0.0975364
18 49 1012.28 1012.38 0.102658
25 48 1151.24 1151.34 0.0975374
9 51 1148.86 1148.96 0.0975377
38 56 1128.81 1128.91 0.0975385
27 53 1017.55 1017.65 0.0975379
29 47 1043.92 1044.02 0.0975381
39 52 1021.98 1022.08 0.0975384
32 58 1013.41 1013.51 0.0975402
36 57 1017.81 1017.91 0.0975379
24 43 1016.44 1016.54 0.0975364
22 43 1158.89 1158.99 0.102657
18 49 1162.28 1162.38 0.0975379
22 43 1169.05 1169.16 0.102657
13 41 1019.45 1019.55 0.102658
16 49 1094.74 1094.83 0.097537
6 40 1135.65 1135.74 0.0975368
20 45 1163.57 1163.68 0.102657
0 51 1021.32 1021.42 0.0975379
2 41 1097.92 1098.02 0.0975372
21 45 1023.16 1023.26 0.0975365
26 48 1022.84 1022.94 0.0975374
34 47 1045.26 1045.35 0.0975382
1 40 1145.38 1145.48 0.0975379
15 44 1024.66 1024.76 0.0975375
1 40 1025.38 1025.48 0.0975379
31 58 1027.8 1027.89 0.0975372
33 54 1027.28 1027.39 0.102658
16 49 1034.74 1034.83 0.097537
25 48 1031.24 1031.35 0.102657
5 41 1023.91 1024.01 0.0975379
6 40 1045.65 1045.74 0.0975368
24 43 1046.44 1046.54 0.0975364
35 44 1046.95 1047.05 0.0975368
39 52 1051.98 1052.08 0.0975384
38 56 1038.81 1038.91 0.0975385
2 41 1037.92 1038.02 0.0975372
16 49 1124.74 1124.83 0.097537
36 57 1047.81 1047.91 0.0975379
9 51 1028.86 1028.96 0.0975377
30 46 1042.78 1042.88 0.102658
31 58 1057.8 1057.89 0.0975372
27 53 1047.55 1047.65 0.0975379
0 51 1051.32 1051.42 0.0975379
37 50 1036.33 1036.44 0.102657
26 48 1142.84 1142.94 0.0975374
18 49 1042.28 1042.38 0.102658
32 55 1043.41 1043.51 0.0975372
21 45 1053.16 1053.26 0.0975365
1 40 1055.38 1055.48 0.0975379
28 46 1034.84 1034.95 0.102659
26 48 1052.84 1052.94 0.0975374
12 42 1052.73 1052.83 0.0975364
37 50 1066.33 1066.44 0.102657
13 41 1049.45 1049.55 0.102658
38 56 1068.81 1068.91 0.0975385
33 54 1057.28 1057.39 0.102658
15 44 1054.66 1054.76 0.0975375
29 47 1073.92 1074.02 0.0975381
5 41 1053.91 1054.01 0.0975379
27 53 1077.55 1077.65 0.0975379
25 48 1061.24 1061.35 0.102657
6 40 1075.65 1075.74 0.0975368
20 45 1173.74 1173.84 0.102657
16 49 1064.74 1064.83 0.097537
21 45 1083.16 1083.26 0.0975365
18 49 1072.28 1072.38 0.102658
9 51 1058.86 1058.96 0.0975377
28 46 1064.84 1064.94 0.0975388
30 46 1072.78 1072.88 0.102658
1 40 1085.38 1085.48 0.0975379
2 41 1067.92 1068.02 0.0975372
24 43 1076.44 1076.54 0.0975364
23 43 1064.53 1064.63 0.0975375
12 42 1082.73 1082.83 0.0975364
35 44 1076.95 1077.05 0.102657
34 47 1075.26 1075.35 0.0975382
39 52 1081.98 1082.08 0.0975384
32 55 1073.41 1073.51 0.0975372
26 48 1082.84 1082.94 0.0975374
36 57 1077.81 1077.91 0.0975379
31 58 1087.8 1087.89 0.0975372
9 51 1088.86 1088.96 0.0975377
23 43 1094.53 1094.63 0.0975375
5 41 1083.91 1084.01 0.0975379
0 51 1081.32 1081.42 0.0975379
13 41 1079.45 1079.54 0.0975382
15 44 1084.66 1084.76 0.0975375
38 56 1098.81 1098.91 0.0975385
30 46 1102.78 1102.88 0.0975384
12 42 1112.73 1112.83 0.0975364
10 42 1143.22 1143.32 0.102658
29 47 1103.92 1104.02 0.0975381
27 53 1107.55 1107.65 0.0975379
6 40 1105.65 1105.74 0.0975368
19 44 1144.92 1145.03 0.102659
21 45 1113.16 1113.26 0.0975365
35 44 1106.95 1107.05 0.102657
36 57 1107.81 1107.91 0.0975379
34 47 1105.26 1105.35 0.0975382
24 43 1106.44 1106.54 0.0975364
39 52 1111.98 1112.08 0.0975384
32 55 1103.41 1103.51 0.0975372
34 47 1165.26 1165.35 0.0975382
29 47 1163.92 1164.02 0.0975381
30 46 1132.78 1132.88 0.0975384
31 58 1117.8 1117.89 0.0975372
17 50 1142.86 1142.97 0.102659
26 48 1112.84 1112.94 0.0975374
25 48 1121.24 1121.34 0.0975374
8 41 1145.5 1145.61 0.102657
28 46 1124.84 1124.94 0.0975388
3 42 1144.4 1146.7 2.30195
33 54 1117.28 1117.39 0.102658
0 51 1111.32 1111.42 0.0975379
13 41 1109.45 1109.54 0.0975382
15 44 1114.66 1114.76 0.0975375
5 41 1113.91 1114.01 0.0975379
1 40 1115.38 1115.48 0.0975379
23 43 1124.53 1124.63 0.0975375
9 51 1118.86 1118.96 0.0975377
11 41 1175.37 1175.47 0.102658
6 40 1165.65 1165.74 0.0975368
35 44 1166.95 1167.05 0.0975368
36 57 1167.81 1167.91 0.0975379
24 43 1166.44 1166.54 0.0975364
38 56 1188.81 1188.91 0.0975385
13 41 1169.45 1169.54 0.0975382
27 53 1167.55 1167.65 0.0975379
39 52 1171.98 1172.08 0.0975384
12 42 1172.73 1172.83 0.0975364
21 45 1173.16 1173.26 0.0975365
0 51 1171.32 1171.42 0.0975379
26 48 1172.84 1172.94 0.0975374
31 58 1177.8 1177.89 0.0975372
17 50 1173.4 1173.5 0.0975387
10 42 1173.75 1173.85 0.0975379
30 46 1192.78 1192.88 0.0975384
8 41 1176.04 1176.14 0.102657
28 46 1184.84 1184.94 0.0975388
1 40 1175.38 1175.48 0.0975379
27 53 1197.55 1197.65 0.0975379
6 40 1195.65 1195.74 0.0975368
15 44 1174.66 1174.76 0.0975375
36 57 1197.81 1197.91 0.0975379
4 40 1188.76 1188.86 0.102657
2 41 1187.92 1188.02 0.0975372
3 42 1372.29 1372.39 0.102657
19 44 1175.46 1175.56 0.102659
5 41 1173.91 1174.01 0.0975379
16 49 1184.74 1184.83 0.097537
34 47 1195.26 1195.35 0.0975382
18 49 1192.28 1192.38 0.0975379
20 45 1194.11 1194.2 0.097537
33 54 1177.28 1177.38 0.0975381
11 41 1195.74 1195.84 0.097538
7 40 1189.23 1189.34 0.102657
25 48 1181.24 1181.34 0.0975374
9 51 1178.86 1178.96 0.0975377
22 43 1189.43 1189.53 0.102657
23 43 1184.53 1184.63 0.0975375
37 50 1186.33 1186.43 0.0975375
24 43 1196.44 1196.54 0.0975364
29 47 1193.92 1194.02 0.0975381
32 55 1193.41 1193.51 0.0975372
35 44 1196.95 1197.05 0.0975368
14 45 1201.46 1201.64 0.184833
13 41 1199.45 1199.54 0.0975382
