28 33 0.641543 2.9435 2.30195
5 30 1.74462 4.04657 2.30195
9 32 1070.3 1070.4 0.0975376
21 35 1.82649 4.12844 2.30195
16 31 2.64 4.94196 2.30195
10 34 2.92347 5.22543 2.30195
4 30 4.06684 6.3688 2.30195
7 30 1058.44 1058.54 0.0975363
0 34 4.5186 6.82055 2.30195
15 31 4.26109 6.56304 2.30195
12 30 1150.54 1152.84 2.30195
0 34 1114.52 1114.62 0.0975377
3 30 1155.1 1155.2 0.102659
18 32 1117.2 1117.3 0.0975383
20 35 1145.4 1147.7 2.30195
20 35 5.93055 8.2325 2.30195
18 32 7.19986 9.50181 2.30195
7 30 8.44094 10.7429 2.30195
17 31 1097.98 1098.08 0.0975375
11 30 1073.29 1073.39 0.097538
12 30 11.0753 13.3773 2.30195
1 30 12.2573 14.5592 2.30195
8 34 1047.83 1047.93 0.097538
24 33 14.0839 16.3859 2.30197
16 31 1142.11 1142.21 0.102658
29 0 14.8721 0 -14.8721
9 32 1190.3 1190.4 0.0975376
3 30 15.6302 17.9322 2.30195
27 30 16.0142 18.3162 2.30196
1 30 1122.26 1122.35 0.0975363
17 31 17.9775 20.2795 2.30195
21 35 1051.83 1051.92 0.0975374
23 0 18.9942 0 -18.9942
14 32 18.4943 20.7962 2.30195
8 34 1107.83 1107.93 0.097538
13 30 1178.07 1178.17 0.102658
9 32 20.2981 22.6 2.30195
2 30 1392.92 1395.23 2.30195
2 0 25.565 0 -25.565
11 30 23.293 25.5949 2.30195
18 32 1057.2 1057.3 0.0975383
6 0 24.3202 0 -24.3202
19 31 24.9788 27.2808 2.30195
0 34 1144.52 1144.62 0.0975377
8 34 27.8338 30.1358 2.30195
26 30 25.762 28.064 2.30196
22 35 27.9867 30.2886 2.30196
11 30 1133.29 1133.39 0.097538
13 30 1167.91 1168.01 0.102658
25 0 29.2081 0 -29.2081
13 30 28.4412 30.7432 2.30195
15 31 1143.73 1143.83 0.102659
4 30 1143.53 1145.84 2.30195
8 34 255.727 258.029 2.30195
9 32 248.191 250.493 2.30195
19 31 252.872 255.174 2.30195
2 30 253.458 255.76 2.30195
25 0 257.101 0 -257.101
21 35 1111.83 1111.92 0.0975374
7 30 464.227 466.529 2.30195
26 30 253.655 255.957 2.30196
13 30 256.334 258.636 2.30195
23 0 246.887 0 -246.887
6 30 252.213 254.515 2.30195
29 0 470.659 0 -470.659
21 35 1081.83 1081.92 0.0975374
11 30 251.186 253.488 2.30195
22 35 255.88 258.182 2.30196
28 33 228.535 230.837 2.30195
5 30 229.638 231.94 2.30195
21 35 229.72 232.022 2.30195
16 31 230.533 232.835 2.30195
10 0 230.817 0 -230.817
4 30 231.96 234.262 2.30195
15 31 232.154 234.456 2.30195
0 34 232.412 234.714 2.30195
20 35 233.824 236.126 2.30195
18 32 235.093 237.395 2.30195
7 30 236.334 238.636 2.30195
12 30 238.969 241.271 2.30195
1 30 240.151 242.452 2.30195
24 33 241.977 244.279 2.30197
29 0 242.765 0 -242.765
3 30 243.523 245.825 2.30195
27 30 243.907 246.209 2.30196
17 31 245.871 248.173 2.30195
14 32 246.388 248.689 2.30195
0 34 1054.52 1054.62 0.0975377
28 33 1140.64 1140.74 0.0975368
5 30 1081.74 1081.84 0.0975383
11 30 1103.29 1103.39 0.097538
11 30 1043.29 1043.39 0.097538
27 30 1155.48 1157.78 2.30196
7 30 1118.44 1118.54 0.0975363
1 30 468.044 470.346 2.30195
13 30 484.228 486.53 2.30195
9 32 476.085 478.387 2.30195
8 34 483.62 485.922 2.30195
25 30 484.995 487.297 2.30196
7 30 1088.44 1088.54 0.0975363
28 33 1050.64 1050.74 0.0975368
13 30 712.121 714.423 2.30195
12 0 466.862 0 -466.862
24 33 469.87 472.172 2.30197
10 34 1142.39 1142.49 0.102658
6 0 480.107 0 -480.107
22 35 483.773 486.075 2.30196
19 31 480.765 483.067 2.30195
26 0 937.335 0 -937.335
18 32 1087.2 1087.3 0.0975383
3 30 927.203 929.505 2.30195
3 30 471.417 473.719 2.30195
5 30 1051.74 1051.84 0.0975383
8 34 711.514 713.816 2.30195
18 32 462.986 465.288 2.30195
17 31 1067.98 1068.08 0.0975375
28 33 1080.64 1080.74 0.0975368
26 0 481.549 0 -481.549
2 0 481.351 0 -481.351
26 0 709.442 0 -709.442
2 31 709.245 711.547 2.30196
28 33 456.428 458.73 2.30195
5 30 457.531 459.833 2.30195
21 35 457.613 459.915 2.30195
16 31 458.426 460.728 2.30195
10 34 458.71 461.012 2.30195
4 30 459.853 462.155 2.30195
15 31 460.048 462.35 2.30195
0 34 460.305 462.607 2.30195
20 35 461.717 464.019 2.30195
8 34 1137.83 1137.93 0.097538
19 31 1164.45 1166.75 2.30195
0 34 1084.52 1084.62 0.0975377
9 32 1100.3 1100.4 0.0975376
28 33 1110.64 1110.74 0.0975368
22 0 711.666 0 -711.666
8 34 1077.83 1077.93 0.097538
27 0 471.801 0 -471.801
17 31 473.764 476.066 2.30195
23 0 474.781 0 -474.781
11 30 479.079 481.381 2.30195
14 32 474.281 476.583 2.30195
1 30 1062.26 1062.35 0.0975363
14 32 1157.96 1160.26 2.30195
17 31 1127.98 1128.08 0.0975375
21 35 1141.83 1141.92 0.0975374
2 30 1165.03 1167.33 2.30195
1 30 1092.26 1092.35 0.0975363
23 0 1158.46 0 -1158.46
19 31 1392.34 1392.44 0.102658
19 31 936.552 938.854 2.30195
9 32 1130.3 1130.4 0.0975376
7 30 938.441 938.538 0.0975363
21 35 1021.83 1021.92 0.0975374
22 31 939.56 941.862 2.30196
19 31 708.659 710.961 2.30195
27 30 927.587 929.889 2.30196
5 30 1111.74 1111.84 0.0975383
26 0 1165.23 0 -1165.23
6 30 1163.79 1166.09 2.30195
28 33 684.321 686.623 2.30195
5 30 685.424 687.726 2.30195
21 35 685.506 687.808 2.30195
16 31 686.32 688.622 2.30195
10 34 686.603 688.905 2.30195
4 0 687.747 0 -687.747
15 0 687.941 0 -687.941
0 34 688.198 690.5 2.30195
20 0 689.61 0 -689.61
18 32 690.88 693.182 2.30195
7 30 692.121 694.423 2.30195
12 0 694.755 0 -694.755
1 32 695.937 698.239 2.30196
24 0 697.764 0 -697.764
29 31 698.552 700.854 2.30196
3 30 699.31 701.612 2.30195
27 0 699.694 0 -699.694
17 31 701.657 703.959 2.30195
14 32 702.174 704.476 2.30195
23 0 702.674 0 -702.674
9 32 703.978 706.28 2.30195
11 32 706.973 709.275 2.30196
6 32 708 710.302 2.30196
15 31 1153.89 1153.99 0.102659
22 35 1167.45 1169.75 2.30196
11 30 1193.29 1193.39 0.097538
9 32 1040.3 1040.4 0.0975376
2 34 937.138 939.44 2.30196
5 30 991.745 991.842 0.0975383
25 32 712.888 715.19 2.30197
9 32 931.871 931.974 0.102658
13 30 940.014 942.316 2.30195
6 32 935.893 938.195 2.30196
18 32 937.2 937.303 0.102658
17 31 929.551 929.653 0.102658
1 30 942.257 942.36 0.102656
1 30 923.83 923.933 0.102656
24 33 925.657 927.959 2.30197
29 31 926.445 928.747 2.30196
23 0 930.567 0 -930.567
21 35 931.826 931.924 0.0975374
28 33 912.215 912.317 0.102657
5 30 913.318 913.42 0.102658
21 35 913.399 913.502 0.102657
16 31 914.213 916.515 2.30195
10 34 914.496 916.798 2.30195
4 30 915.64 917.942 2.30195
15 35 915.834 918.136 2.30196
0 34 916.092 916.194 0.102658
20 0 917.504 0 -917.504
18 32 918.773 918.876 0.102658
7 32 920.014 920.117 0.10266
12 32 922.648 924.95 2.30196
14 31 930.067 932.369 2.30196
28 33 990.642 990.739 0.0975368
5 30 931.745 931.847 0.102658
11 30 934.866 934.969 0.102658
0 34 934.519 934.616 0.0975377
25 30 940.781 943.083 2.30196
8 34 939.407 939.509 0.102658
28 33 930.642 930.744 0.102657
17 31 947.978 948.08 0.102658
3 30 1165.26 1165.36 0.102659
9 32 950.298 950.401 0.102658
7 30 998.441 998.538 0.0975363
4 30 1371.43 1371.53 0.102657
21 35 961.826 961.924 0.0975374
8 34 957.834 957.936 0.102658
7 30 968.441 968.538 0.0975363
11 30 953.293 953.396 0.102658
28 33 960.642 960.744 0.102657
5 30 961.745 961.842 0.0975383
0 34 964.519 964.616 0.0975377
18 32 967.2 967.303 0.102658
28 33 1020.64 1020.74 0.0975368
8 34 1017.83 1017.93 0.097538
21 35 991.826 991.924 0.0975374
5 30 1021.74 1021.84 0.0975383
1 30 972.257 972.355 0.0975363
11 30 983.293 983.396 0.102658
8 34 1167.83 1167.93 0.097538
17 31 977.978 978.08 0.102658
9 32 980.298 980.401 0.102658
16 31 1152.27 1152.37 0.102658
8 34 987.834 987.931 0.097538
0 34 994.519 994.616 0.0975377
18 32 997.2 997.297 0.0975383
17 31 1037.98 1038.08 0.0975375
0 34 1024.52 1024.62 0.0975377
1 30 1002.26 1002.36 0.102656
11 30 1013.29 1013.39 0.097538
17 31 1007.98 1008.08 0.0975375
9 32 1010.3 1010.4 0.0975376
1 30 1032.26 1032.35 0.0975363
29 31 1382.23 1384.53 2.30196
5 30 1141.74 1141.84 0.0975383
25 33 1168.67 1170.98 2.30196
24 0 1153.55 0 -1153.55
29 35 1154.34 1156.64 2.30196
18 32 1027.2 1027.3 0.0975383
7 30 1028.44 1028.54 0.0975363
10 34 1152.55 1152.66 0.102658
21 0 1171.83 0 -1171.83
7 30 1148.44 1148.54 0.0975363
22 35 1395.35 1395.53 0.184838
26 30 1393.12 1395.42 2.30196
18 32 1147.2 1147.3 0.0975383
13 30 1198.44 1198.54 0.0975376
1 30 1152.26 1152.35 0.0975363
9 32 1160.3 1160.4 0.0975376
17 31 1157.98 1158.08 0.0975375
5 30 1171.74 1171.84 0.0975383
3 30 1185.63 1185.73 0.102659
0 34 1174.52 1174.62 0.0975377
8 34 1197.83 1197.93 0.097538
6 30 1391.68 1391.78 0.102657
28 33 1170.64 1170.74 0.0975368
16 31 1172.64 1172.74 0.0975385
15 31 1174.26 1174.36 0.102659
11 30 1163.29 1163.39 0.097538
10 32 1172.92 1173.02 0.0975389
17 31 1187.98 1188.08 0.0975375
20 35 1373.29 1373.39 0.102659
27 0 1383.37 0 -1383.37
14 32 1385.85 1385.96 0.102656
7 30 1178.44 1178.54 0.0975363
25 30 1396.57 1397.88 1.31483
24 33 1381.44 1383.75 2.30197
1 30 1182.26 1182.35 0.0975363
23 33 1386.35 1388.66 2.30196
12 30 1378.43 1378.54 0.102658
18 32 1177.2 1177.3 0.0975383
