5 21 1.05055 3.3525 2.30195
13 20 1.67337 3.97532 2.30195
11 20 3.89628 6.19823 2.30196
6 21 6.02216 8.32411 2.30195
7 21 4.96075 7.2627 2.30195
15 22 8.90719 11.2091 2.30196
16 22 7.62723 9.92919 2.30196
17 22 13.0594 15.3614 2.30195
0 23 8.33984 10.6418 2.30196
1 23 14.3716 16.6736 2.30195
19 0 13.353 0 -13.353
8 21 14.5106 16.8126 2.30196
12 20 15.0117 17.3136 2.30195
9 21 17.0221 19.3241 2.30196
18 20 18.1394 20.4414 2.30196
4 23 18.7299 21.0318 2.30195
3 23 20.1048 22.4068 2.30196
10 20 25.0249 27.3269 2.30195
2 23 27.0638 29.3658 2.30196
14 22 28.3033 30.6053 2.30195
3 0 247.998 0 -247.998
14 22 256.197 258.499 2.30195
2 23 254.957 257.259 2.30196
3 0 475.891 0 -475.891
10 20 252.918 255.22 2.30195
5 21 228.944 231.246 2.30195
13 20 229.567 231.869 2.30195
11 20 231.79 234.091 2.30196
7 21 232.854 235.156 2.30195
6 21 233.915 236.217 2.30195
16 22 235.52 237.822 2.30196
0 23 236.233 238.535 2.30196
15 22 236.8 239.102 2.30196
17 22 240.953 243.255 2.30195
19 20 241.246 243.548 2.30197
1 23 242.265 244.567 2.30195
8 21 242.404 244.706 2.30196
12 20 242.905 245.207 2.30195
9 21 244.915 247.217 2.30196
18 20 246.033 248.335 2.30196
4 23 246.623 248.925 2.30195
14 22 484.09 486.392 2.30195
12 20 470.798 473.1 2.30195
13 20 961.673 961.776 0.102658
2 23 482.85 485.152 2.30196
15 22 464.694 466.996 2.30196
1 23 470.158 472.46 2.30195
10 20 480.811 483.113 2.30195
14 22 958.303 958.478 0.174594
0 23 464.126 466.428 2.30196
8 21 470.297 472.599 2.30196
16 22 463.414 465.716 2.30196
17 22 468.846 471.148 2.30195
5 21 456.837 459.139 2.30195
13 20 457.46 459.762 2.30195
11 22 459.683 461.985 2.30197
7 21 460.747 463.049 2.30195
6 21 461.809 464.111 2.30195
19 0 469.139 0 -469.139
9 21 472.809 475.111 2.30196
0 23 938.34 938.443 0.102659
18 20 473.926 476.228 2.30196
4 23 474.516 476.818 2.30195
18 0 929.712 0 -929.712
10 20 936.598 936.927 0.328705
10 20 708.705 711.007 2.30195
13 20 931.673 931.776 0.102658
2 23 710.744 713.046 2.30196
2 20 971.178 971.507 0.328717
10 20 969.14 969.242 0.102657
19 0 924.926 0 -924.926
5 21 684.73 687.032 2.30195
13 20 685.353 687.655 2.30195
11 22 687.576 689.878 2.30197
7 0 688.64 0 -688.64
6 21 689.702 692.004 2.30195
16 0 691.307 0 -691.307
0 20 692.02 694.322 2.30196
15 22 692.587 694.889 2.30196
17 0 696.739 0 -696.739
19 0 697.033 0 -697.033
1 23 698.051 700.353 2.30195
8 21 698.19 700.492 2.30196
12 20 698.691 700.993 2.30195
9 22 700.702 703.004 2.30197
18 20 701.819 704.121 2.30196
4 0 702.41 0 -702.41
3 23 703.785 706.086 2.30196
14 22 711.983 714.285 2.30195
14 0 939.876 0 -939.876
2 20 938.637 938.966 0.328717
15 22 938.907 939.01 0.102661
11 20 976.498 977.114 0.616453
5 21 931.051 931.153 0.102657
8 21 1154.51 1154.61 0.10266
17 21 924.632 926.934 2.30197
3 22 931.678 933.98 2.30198
10 20 1165.02 1165.12 0.0975374
8 21 944.511 944.613 0.10266
1 23 944.372 944.469 0.0975368
5 21 912.624 912.726 0.102657
13 20 913.246 913.431 0.184834
11 20 915.469 916.086 0.616453
7 0 916.534 0 -916.534
6 0 917.595 0 -917.595
16 22 919.2 921.502 2.30196
0 23 919.913 920.015 0.102659
15 22 920.48 920.583 0.102661
8 21 974.511 974.613 0.10266
5 21 961.051 961.148 0.0975367
9 0 928.595 0 -928.595
1 23 925.945 926.047 0.102657
0 23 968.34 968.437 0.0975393
4 23 930.303 932.605 2.30195
15 22 968.907 969.01 0.102661
1 23 974.372 974.469 0.0975368
12 20 926.585 928.887 2.30195
8 21 926.084 926.186 0.10266
1 23 1154.37 1154.47 0.0975368
2 23 1003.72 1004.05 0.328707
8 21 1004.51 1004.61 0.10266
13 20 991.673 991.776 0.102658
5 21 991.051 991.148 0.0975367
10 20 985.025 985.122 0.0975374
0 23 998.34 998.443 0.102659
14 22 988.303 988.406 0.102658
17 22 1162.69 1162.79 0.102657
15 22 998.907 999.005 0.0975407
1 23 1004.37 1004.47 0.0975368
13 20 1021.67 1021.77 0.0975376
14 22 1018.3 1018.41 0.102658
15 22 1148.91 1149 0.0975407
0 23 1148.34 1148.44 0.0975393
10 20 1015.02 1015.13 0.102657
2 23 1036.26 1036.59 0.328707
11 20 1037.53 1038.14 0.616453
0 23 1028.34 1028.44 0.102659
5 21 1021.05 1021.15 0.0975367
1 23 1034.37 1034.47 0.0975368
15 22 1028.91 1029 0.0975407
8 21 1034.51 1034.61 0.10266
10 20 1045.02 1045.13 0.102657
1 23 1064.37 1064.47 0.0975368
12 20 1164.64 1164.74 0.102658
14 22 1048.3 1048.41 0.102658
2 23 1068.8 1068.99 0.184835
5 21 1051.05 1051.15 0.0975367
0 23 1058.34 1058.44 0.0975393
8 21 1064.51 1064.61 0.0975404
13 20 1051.67 1051.77 0.0975376
10 20 1075.02 1075.12 0.0975374
15 22 1058.91 1059.01 0.102661
14 22 1078.3 1078.4 0.0975381
5 21 1081.05 1081.15 0.0975367
1 23 1094.37 1094.47 0.0975368
13 20 1081.67 1081.77 0.0975376
2 23 1087.1 1087.2 0.102659
11 20 1098.55 1099.17 0.616453
4 23 1168.36 1168.46 0.102658
0 23 1088.34 1088.44 0.0975393
15 22 1088.91 1089.01 0.102661
8 21 1094.51 1094.61 0.0975404
6 0 1145.49 0 -1145.49
1 23 1184.37 1184.47 0.0975368
5 21 1111.05 1111.15 0.0975367
13 20 1111.67 1111.77 0.0975376
14 22 1108.3 1108.4 0.0975381
10 20 1105.02 1105.12 0.0975374
2 23 1107.06 1107.17 0.102659
0 23 1118.34 1118.44 0.0975393
7 0 1144.43 0 -1144.43
16 22 1147.09 1147.42 0.328707
15 22 1118.91 1119.01 0.102661
9 21 1156.49 1158.79 2.30196
19 20 1152.82 1155.12 2.30197
17 22 1152.53 1152.63 0.102657
18 20 1157.61 1159.91 2.30196
1 23 1124.37 1124.47 0.0975368
12 20 1154.48 1154.58 0.102658
8 21 1124.51 1124.61 0.10266
14 22 1138.3 1138.4 0.0975381
2 23 1137.06 1137.17 0.102659
10 20 1135.02 1135.12 0.0975374
11 20 1159.58 1159.91 0.328709
5 21 1141.05 1141.15 0.0975367
3 23 1159.57 1161.87 2.30196
4 23 1158.2 1158.3 0.102658
2 23 1167.06 1167.17 0.102659
13 20 1141.67 1141.77 0.0975376
14 22 1168.3 1168.4 0.0975381
6 22 1373.38 1375.68 2.30197
0 23 1178.34 1178.44 0.0975393
13 20 1171.67 1171.77 0.0975376
7 21 1372.32 1374.62 2.30195
19 20 1380.71 1383.01 2.30197
11 20 1192.12 1192.45 0.328709
9 21 1384.38 1385 0.616451
5 21 1171.05 1171.15 0.0975367
3 23 1387.46 1387.57 0.102661
16 22 1179.64 1179.74 0.102659
17 22 1183.06 1183.16 0.097537
4 23 1188.73 1188.83 0.0975379
15 22 1178.91 1179 0.0975407
12 20 1185.01 1185.11 0.102658
8 21 1184.51 1184.61 0.0975404
18 20 1385.5 1387.8 2.30196
14 22 1198.3 1198.4 0.0975381
10 20 1195.02 1195.12 0.0975374
2 23 1197.06 1197.16 0.0975395
