25 43 0.632408 2.93437 2.30196
21 47 1.11392 3.41587 2.30195
8 44 4.39342 6.69537 2.30195
3 45 4.63362 6.93558 2.30195
0 40 4.85863 7.16058 2.30195
32 43 1.73047 4.03243 2.30195
0 40 1054.86 1054.96 0.0975371
39 45 1.73281 4.03477 2.30196
28 46 2.62374 4.9257 2.30196
5 40 5.40838 7.71033 2.30195
2 40 7.43391 9.73587 2.30195
10 44 7.25341 9.55537 2.30196
34 45 8.21647 10.5184 2.30196
5 40 1372.77 1375.07 2.30195
37 46 1089.87 1089.97 0.0975369
32 43 1171.73 1171.83 0.097539
11 44 8.47103 10.773 2.30195
29 43 9.34088 11.6428 2.30195
0 40 1084.86 1084.96 0.0975371
7 42 9.39357 11.6955 2.30195
21 47 1081.11 1081.21 0.0975375
16 41 9.40584 11.7078 2.30195
27 46 1076.03 1076.13 0.097538
31 43 1078.35 1078.45 0.102658
37 46 9.86869 12.1706 2.30195
22 47 12.249 14.551 2.30195
18 41 12.1706 14.4725 2.30195
4 45 14.0338 16.3357 2.30196
20 48 12.6385 14.9404 2.30195
36 46 1186.64 1187.96 1.31483
8 44 1054.39 1054.49 0.097538
11 44 1178.47 1178.57 0.0975377
36 46 14.7344 17.0363 2.30196
1 40 16.8538 19.1557 2.30195
35 45 14.5531 16.855 2.30196
19 48 1163.15 1163.26 0.102659
30 43 16.6635 18.9655 2.30195
33 43 17.621 19.923 2.30196
13 42 17.6762 19.9782 2.30195
12 42 19.1375 21.4394 2.30195
26 46 20.1318 22.4337 2.30196
24 45 22.047 24.349 2.30196
15 41 22.3736 24.6756 2.30195
35 45 1381.91 1383.23 1.31482
33 43 701.301 703.603 2.30196
20 0 696.318 0 -696.318
19 48 23.1542 25.4562 2.30196
6 45 23.4885 25.7905 2.30195
38 44 24.9741 27.2761 2.30196
27 46 26.0316 28.3335 2.30195
23 43 25.8711 28.1731 2.30196
29 43 1179.34 1179.44 0.102658
14 41 27.012 29.3139 2.30195
9 42 27.1717 29.4736 2.30195
5 0 689.088 0 -689.088
17 41 28.2365 30.5385 2.30195
21 47 1171.11 1171.21 0.0975375
31 43 28.3468 30.6487 2.30195
26 46 248.025 250.327 2.30196
12 42 247.031 249.333 2.30195
31 43 256.24 258.542 2.30195
13 42 1067.68 1067.77 0.0975376
6 45 251.382 253.684 2.30195
14 0 254.905 0 -254.905
11 44 464.258 466.559 2.30195
34 45 464.003 466.305 2.30196
9 42 255.065 257.367 2.30195
23 43 253.764 256.066 2.30196
15 41 250.267 252.569 2.30195
38 46 252.867 255.169 2.30197
27 46 253.925 256.227 2.30195
17 41 256.13 258.432 2.30195
18 41 467.957 470.259 2.30195
6 45 707.168 709.47 2.30195
25 45 228.526 230.828 2.30197
11 0 692.151 0 -692.151
21 47 229.007 231.309 2.30195
32 43 229.624 231.926 2.30195
34 45 691.896 694.198 2.30196
39 45 229.626 231.928 2.30196
2 45 691.114 693.416 2.30196
28 46 230.517 232.819 2.30196
10 42 690.933 693.235 2.30196
8 44 232.287 234.589 2.30195
3 45 232.527 234.829 2.30195
0 40 232.752 235.054 2.30195
5 0 233.302 0 -233.302
10 44 235.147 237.449 2.30196
37 46 693.548 695.85 2.30195
2 40 235.327 237.629 2.30195
34 45 236.11 238.412 2.30196
11 44 236.364 238.666 2.30195
0 40 688.538 690.84 2.30195
29 43 237.234 239.536 2.30195
7 42 237.287 239.589 2.30195
3 0 688.313 0 -688.313
16 41 237.299 239.601 2.30195
8 44 688.073 690.375 2.30195
37 46 237.762 240.064 2.30195
18 41 240.064 242.366 2.30195
22 47 240.142 242.444 2.30195
20 48 240.532 242.834 2.30195
4 45 241.927 244.229 2.30196
35 0 242.446 0 -242.446
4 45 697.714 700.015 2.30196
36 46 242.628 244.93 2.30196
30 43 244.557 246.859 2.30195
1 40 244.747 247.049 2.30195
33 43 245.514 247.816 2.30196
13 42 245.569 247.871 2.30195
28 46 686.303 688.605 2.30196
6 45 1163.49 1163.59 0.0975377
19 48 251.047 253.349 2.30196
24 45 249.94 252.242 2.30196
8 44 934.393 934.491 0.097538
18 0 695.85 0 -695.85
16 41 1059.41 1059.5 0.0975366
22 47 695.929 698.231 2.30195
10 44 1087.25 1087.35 0.0975391
21 47 684.794 687.096 2.30195
16 41 1179.41 1179.5 0.0975366
25 43 684.312 686.614 2.30196
32 43 685.41 687.712 2.30195
1 45 700.534 702.835 2.30196
18 41 1182.17 1182.27 0.0975372
28 46 1109.45 1109.78 0.32871
21 47 1051.11 1051.21 0.0975375
9 42 710.851 713.153 2.30195
10 44 1057.25 1057.35 0.0975391
8 44 1084.39 1084.49 0.097538
12 42 1189.14 1189.24 0.0975378
32 43 931.73 931.833 0.102659
30 43 700.343 702.645 2.30195
35 0 470.34 0 -470.34
19 48 1073.15 1073.25 0.0975391
7 42 1059.39 1059.49 0.0975369
30 43 1066.66 1066.76 0.097537
4 45 1184.03 1184.13 0.0975399
36 41 698.414 700.716 2.30196
19 48 1013.15 1013.26 0.102659
9 42 1077.17 1077.27 0.0975372
17 46 711.916 714.218 2.30196
13 42 1097.68 1097.77 0.0975376
39 45 1369.09 1370.41 1.31482
16 41 693.086 695.388 2.30195
31 43 484.133 486.435 2.30195
4 45 469.82 472.122 2.30196
15 41 478.16 480.462 2.30195
30 43 472.45 474.752 2.30195
12 42 474.924 477.226 2.30195
24 45 477.834 480.135 2.30196
9 42 482.958 485.26 2.30195
2 40 1087.43 1087.53 0.0975371
33 43 473.407 475.709 2.30196
17 41 484.023 486.325 2.30195
27 48 709.711 712.013 2.30196
4 45 1064.03 1064.13 0.0975399
32 43 1051.73 1051.83 0.097539
7 42 465.18 467.482 2.30195
29 43 465.127 467.429 2.30195
22 47 468.036 470.337 2.30195
20 48 468.425 470.727 2.30195
36 46 470.521 472.823 2.30196
14 41 482.798 485.1 2.30195
38 0 708.654 0 -708.654
23 43 709.551 711.853 2.30196
2 40 463.22 465.522 2.30195
25 43 1367.99 1370.29 2.30196
16 41 465.192 467.494 2.30195
13 42 473.463 475.765 2.30195
22 47 1062.25 1062.35 0.0975372
19 48 478.941 481.243 2.30196
6 45 479.275 481.577 2.30195
31 43 1168.35 1168.44 0.0975381
10 44 463.04 465.342 2.30196
19 48 706.834 709.136 2.30196
15 41 706.053 708.355 2.30195
24 47 705.727 708.029 2.30197
26 46 703.812 706.113 2.30196
27 46 481.818 484.12 2.30195
12 42 702.817 705.119 2.30195
23 43 481.658 483.96 2.30196
9 42 1167.17 1167.27 0.0975372
13 42 701.356 703.658 2.30195
14 0 710.692 0 -710.692
1 40 472.64 474.942 2.30195
26 46 475.918 478.22 2.30196
38 44 480.761 483.063 2.30196
1 40 1186.85 1186.96 0.102658
31 43 712.027 714.328 2.30195
6 45 1103.49 1103.59 0.0975377
25 45 456.419 458.721 2.30197
21 47 456.9 459.202 2.30195
32 43 457.517 459.819 2.30195
39 45 457.519 459.821 2.30196
28 46 458.41 460.712 2.30196
8 44 460.18 462.482 2.30195
3 45 460.42 462.722 2.30195
0 40 460.645 462.947 2.30195
5 0 461.195 0 -461.195
4 45 1094.03 1094.13 0.0975399
22 47 1182.25 1182.35 0.0975372
39 45 685.413 687.715 2.30196
22 47 1092.25 1092.35 0.0975372
28 46 1076.91 1077.23 0.32871
6 45 1073.49 1073.59 0.0975377
37 46 465.655 467.957 2.30195
30 43 1186.66 1186.76 0.097537
7 44 693.073 695.375 2.30196
9 42 938.745 938.847 0.102657
3 45 1371.99 1372.1 0.102658
13 42 1187.68 1187.77 0.0975376
29 43 693.021 695.323 2.30195
35 45 698.233 700.535 2.30196
10 44 1177.25 1177.35 0.0975391
8 44 1174.39 1174.49 0.097538
27 46 1166.03 1166.13 0.097538
0 40 1174.86 1174.96 0.0975371
30 43 1096.66 1096.76 0.097537
16 41 1089.41 1089.5 0.0975366
7 42 939.394 939.491 0.0975369
15 41 933.947 936.249 2.30195
31 43 939.92 940.248 0.328706
28 46 946.738 947.067 0.32871
38 42 936.547 938.849 2.30197
12 42 1168.77 1168.87 0.102658
30 43 946.664 946.766 0.102657
16 0 939.406 0 -939.406
20 48 924.211 926.513 2.30195
2 40 1057.43 1057.53 0.0975371
19 48 1103.15 1103.25 0.0975391
32 43 1081.73 1081.83 0.097539
22 47 923.822 923.925 0.102657
36 46 926.307 927.622 1.31483
12 42 930.71 933.012 2.30195
37 46 1059.87 1059.97 0.0975369
23 43 937.444 939.746 2.30196
37 0 939.869 0 -939.869
17 41 939.81 942.111 2.30195
27 46 937.605 937.707 0.102658
21 47 931.114 931.217 0.102657
0 40 934.859 934.956 0.0975371
22 47 942.249 942.347 0.0975372
25 45 912.205 914.507 2.30197
21 47 912.687 912.79 0.102657
32 43 913.303 913.406 0.102659
39 45 913.306 915.608 2.30196
28 46 914.197 914.525 0.32871
8 44 915.966 916.069 0.102658
3 0 916.207 0 -916.207
0 40 916.432 916.534 0.102657
5 40 916.981 919.283 2.30195
10 44 918.826 918.929 0.102659
2 40 919.007 919.11 0.102657
34 45 919.789 922.091 2.30196
11 44 920.044 922.346 2.30195
29 43 920.914 923.216 2.30195
7 42 920.967 921.069 0.102657
16 41 920.979 921.081 0.102657
37 46 921.442 921.544 0.102657
18 41 923.744 926.046 2.30195
33 43 929.194 931.496 2.30196
35 43 926.126 928.428 2.30197
4 45 925.607 925.709 0.10266
14 0 938.585 0 -938.585
13 42 929.249 929.352 0.102658
24 45 933.62 934.935 1.31483
1 40 928.427 930.729 2.30195
2 40 1177.43 1177.53 0.0975371
29 43 1158.97 1159.07 0.102658
7 42 1089.39 1089.49 0.0975369
30 43 928.237 928.339 0.102657
7 42 1179.39 1179.49 0.0975369
34 45 1375.58 1376.89 1.31483
37 46 1179.87 1179.97 0.0975369
2 40 937.434 937.531 0.0975371
26 0 931.705 0 -931.705
10 44 937.253 937.356 0.102659
19 48 934.727 934.83 0.102659
19 48 953.154 953.257 0.102659
6 45 935.062 935.164 0.102658
4 45 944.034 944.136 0.10266
30 43 1156.66 1156.76 0.097537
28 46 979.28 979.609 0.32871
13 42 947.676 947.779 0.102658
9 42 957.172 957.274 0.102657
6 45 953.489 953.586 0.0975377
0 40 1024.86 1024.96 0.0975371
9 42 1017.17 1017.27 0.0975372
27 46 956.032 956.134 0.102658
16 41 1149.41 1149.5 0.0975366
10 44 967.253 967.356 0.102659
31 43 972.461 972.646 0.184834
32 43 961.73 961.833 0.102659
28 46 1044.36 1044.69 0.32871
0 40 964.859 964.956 0.0975371
21 47 961.114 961.217 0.102657
2 40 967.434 967.531 0.0975371
8 44 964.393 964.491 0.097538
37 46 969.869 969.966 0.0975369
22 47 972.249 972.347 0.0975372
7 42 969.394 969.491 0.0975369
16 41 969.406 969.503 0.0975366
4 45 974.034 974.136 0.10266
0 40 994.859 994.956 0.0975371
13 42 977.676 977.774 0.0975376
15 0 1172 0 -1172
6 45 983.489 983.591 0.102658
30 43 976.664 976.766 0.102657
28 46 1011.82 1012.15 0.32871
31 43 990.76 990.862 0.102658
37 46 999.869 999.966 0.0975369
9 42 987.172 987.269 0.0975372
19 48 983.154 983.257 0.102659
21 47 991.114 991.211 0.0975375
27 46 986.032 986.134 0.102658
32 43 991.73 991.828 0.097539
2 40 997.434 997.531 0.0975371
10 44 997.253 997.356 0.102659
4 45 1004.03 1004.14 0.10266
7 42 999.394 999.491 0.0975369
6 45 1013.49 1013.59 0.0975377
13 42 1157.68 1157.77 0.0975376
8 44 994.393 994.491 0.097538
22 47 1002.25 1002.35 0.0975372
16 41 999.406 999.503 0.0975366
8 44 1024.39 1024.49 0.097538
37 46 1029.87 1029.97 0.0975369
13 42 1007.68 1007.77 0.0975376
30 43 1006.66 1006.77 0.102657
7 42 1029.39 1029.49 0.0975369
28 46 1174.53 1174.86 0.32871
32 43 1021.73 1021.83 0.097539
27 46 1016.03 1016.13 0.102658
2 40 1027.43 1027.53 0.0975371
31 43 1018.35 1018.45 0.102658
11 44 1158.1 1158.2 0.102658
21 47 1021.11 1021.21 0.0975375
10 44 1027.25 1027.35 0.0975391
7 42 1149.39 1149.49 0.0975369
30 43 1036.66 1036.76 0.097537
16 41 1029.41 1029.5 0.0975366
22 47 1032.25 1032.35 0.0975372
27 46 1046.03 1046.13 0.102658
4 45 1034.03 1034.13 0.0975399
36 46 1056.47 1057.79 1.31483
19 48 1043.15 1043.26 0.102659
24 45 1063.79 1065.1 1.31483
13 42 1037.68 1037.77 0.0975376
9 42 1047.17 1047.27 0.0975372
6 45 1043.49 1043.59 0.0975377
31 43 1048.35 1048.45 0.102658
39 45 1141.2 1143.5 2.30196
25 43 1140.1 1142.4 2.30196
0 40 1114.86 1114.96 0.0975371
22 47 1122.25 1122.35 0.0975372
28 46 1141.99 1142.32 0.32871
32 43 1111.73 1111.83 0.097539
27 46 1106.03 1106.13 0.097538
10 44 1117.25 1117.35 0.0975391
31 43 1108.35 1108.45 0.102658
9 42 1107.17 1107.27 0.0975372
11 44 1147.94 1148.04 0.102658
20 48 1182.64 1182.74 0.0975365
13 42 1127.68 1127.77 0.0975376
37 46 1119.87 1119.97 0.0975369
34 45 1147.68 1149.98 2.30196
3 40 1144.1 1146.4 2.30196
8 44 1114.39 1114.49 0.097538
2 40 1117.43 1117.53 0.0975371
5 40 1144.87 1147.18 2.30195
7 42 1119.39 1119.49 0.0975369
21 47 1111.11 1111.21 0.0975375
33 43 1384.98 1387.28 2.30196
4 45 1124.03 1124.14 0.10266
14 41 1166.48 1168.78 2.30195
35 45 1154.02 1156.32 2.30196
30 43 1126.66 1126.76 0.097537
33 0 1157.09 0 -1157.09
29 43 1148.81 1148.91 0.102658
16 41 1119.41 1119.5 0.0975366
20 48 1152.1 1152.21 0.102657
18 41 1151.64 1151.74 0.102657
1 40 1156.32 1156.42 0.102658
15 41 1161.84 1161.94 0.102659
6 45 1133.49 1133.59 0.0975377
22 47 1152.25 1152.35 0.0975372
9 42 1137.17 1137.27 0.0975372
31 43 1138.35 1138.44 0.0975381
12 42 1158.6 1158.71 0.102658
26 46 1159.6 1161.9 2.30196
2 0 1147.43 0 -1147.43
19 48 1133.15 1133.25 0.0975391
4 45 1154.03 1154.13 0.0975399
21 47 1141.11 1141.21 0.0975375
37 46 1149.87 1149.97 0.0975369
38 44 1164.44 1166.74 2.30196
17 41 1167.7 1170 2.30195
23 43 1165.34 1165.67 0.32871
10 44 1147.25 1147.35 0.0975391
1 40 1166.48 1166.59 0.102658
27 46 1136.03 1136.13 0.097538
8 44 1144.39 1144.49 0.097538
32 43 1141.73 1141.83 0.097539
0 40 1144.86 1144.96 0.0975371
23 43 1197.88 1198.06 0.184838
26 46 1387.49 1388.11 0.616454
15 41 1192.37 1192.47 0.0975388
24 45 1193.95 1195.27 1.31483
6 45 1193.49 1193.59 0.0975377
19 48 1193.15 1193.25 0.0975391
38 44 1392.33 1394.64 2.30196
9 42 1197.17 1197.27 0.0975372
17 41 1395.6 1395.92 0.328705
31 43 1198.35 1198.44 0.0975381
14 41 1394.37 1396.67 2.30195
27 46 1196.03 1196.13 0.097538
