17 66 0.616872 2.91883 2.30196
44 63 1.32698 3.62893 2.30196
22 66 8.30164 10.6036 2.30195
6 66 933.036 935.338 2.30196
53 0 1379.46 0 -1379.46
10 60 1.53024 3.83219 2.30195
17 66 912.19 914.492 2.30196
44 63 912.9 913.003 0.10266
34 62 924.794 927.096 2.30196
39 63 1.80436 4.10631 2.30196
20 60 1057.19 1057.29 0.0975389
0 60 923.793 923.896 0.102657
48 62 913.573 915.875 2.30196
58 62 913.685 913.788 0.102658
12 60 941.962 942.06 0.0975397
48 0 2.00019 0 -2.00019
43 63 1169.97 1170.07 0.102661
58 62 2.1122 4.41415 2.30195
54 0 923.689 0 -923.689
51 64 923.701 926.003 2.30196
30 65 923.744 923.846 0.102657
2 0 3.21334 0 -3.21334
57 64 970.36 970.535 0.174598
5 0 4.55383 0 -4.55383
26 66 4.11467 6.41662 2.30195
42 63 947.191 947.293 0.10266
9 60 995.551 995.649 0.0975372
29 0 7.23731 0 -7.23731
20 60 7.18927 9.49122 2.30195
47 62 5.49509 7.79705 2.30196
9 60 5.55114 7.85309 2.30195
11 60 7.69974 10.0017 2.30196
57 63 7.94735 10.2493 2.30196
49 62 8.9456 11.2476 2.30196
20 60 1027.19 1027.29 0.0975389
0 60 1032.22 1032.32 0.097537
8 61 945.211 945.314 0.102658
8 61 1065.21 1065.31 0.0975384
9 60 1055.55 1055.65 0.0975372
12 66 11.962 14.264 2.30195
36 0 11.8856 0 -11.8856
53 0 12.1003 0 -12.1003
3 0 934.768 0 -934.768
35 65 940.201 942.503 2.30195
21 60 954.126 954.224 0.0975376
0 60 1002.22 1002.32 0.097537
1 0 927.521 0 -927.521
54 0 12.1156 0 -12.1156
36 65 1151.35 1153.65 2.30195
51 64 12.1282 14.4302 2.30196
9 60 917.124 917.227 0.102657
20 60 918.762 918.865 0.102659
30 65 12.1707 14.4726 2.30195
26 66 964.115 964.212 0.0975384
49 62 920.519 920.621 0.102661
36 0 923.459 0 -923.459
42 63 1067.19 1067.29 0.0975396
0 60 12.2199 14.5218 2.30195
57 64 1027.95 1028.12 0.174598
10 60 1141.53 1141.63 0.0975378
38 65 12.5874 14.8893 2.30195
14 0 13.0823 0 -13.0823
57 64 952.062 952.247 0.184838
40 63 948.487 948.584 0.0975371
52 0 13.1592 0 -13.1592
21 60 1014.13 1014.22 0.0975376
34 0 13.221 0 -13.221
31 0 13.4345 0 -13.4345
40 63 1008.49 1008.58 0.0975371
25 0 13.7326 0 -13.7326
12 66 1061.96 1062.06 0.0975375
13 0 929.123 0 -929.123
15 66 14.3398 16.6417 2.30195
8 64 15.2111 17.5131 2.30196
19 0 15.8128 0 -15.8128
1 0 15.9478 0 -15.9478
43 63 713.646 715.948 2.30196
33 65 16.4935 18.7954 2.30195
50 64 1196.34 1196.43 0.0975366
59 64 930.512 932.814 2.30196
27 61 934.524 936.826 2.30196
5 60 1154.18 1154.29 0.102658
42 63 17.1907 19.4927 2.30196
13 64 17.5504 19.8523 2.30196
40 63 18.4869 20.7889 2.30195
18 65 18.5505 20.8525 2.30195
37 0 934.131 0 -934.131
18 65 1168.18 1168.28 0.102658
33 65 928.066 930.368 2.30195
4 60 19.6037 21.9056 2.30195
59 0 18.9394 0 -18.9394
16 65 20.6832 22.9851 2.30195
0 60 1062.22 1062.32 0.097537
33 65 1186.49 1186.59 0.0975381
37 0 22.5578 0 -22.5578
28 65 22.2369 24.5389 2.30196
6 66 21.4629 23.7649 2.30196
1 66 1383.31 1385.61 2.30196
55 61 1162.56 1164.87 2.30195
45 62 939.405 941.707 2.30195
52 62 924.732 927.034 2.30196
41 63 22.0103 24.3122 2.30195
38 0 924.16 0 -924.16
27 61 22.9508 25.2528 2.30196
23 60 24.9959 27.2978 2.30196
17 66 1170.62 1170.72 0.10266
42 63 928.764 928.866 0.10266
16 0 932.256 0 -932.256
52 0 1380.52 0 -1380.52
3 0 23.1954 0 -23.1954
55 61 23.0984 25.4003 2.30195
23 0 708.676 0 -708.676
7 60 987.341 987.443 0.10266
43 63 941.54 941.642 0.102661
43 63 959.967 960.064 0.0975411
21 60 24.1263 26.4282 2.30195
50 64 26.3365 28.6385 2.30195
32 65 25.5195 27.8214 2.30196
9 60 1175.55 1175.65 0.0975372
10 60 961.53 961.628 0.0975378
44 0 931.327 0 -931.327
7 60 938.914 939.016 0.10266
7 60 27.3406 29.6426 2.30196
46 0 28.2015 0 -28.2015
57 64 997.947 998.122 0.174598
43 63 1199.97 1200.07 0.102661
40 63 930.06 930.163 0.102657
4 60 931.177 933.479 2.30195
45 62 27.8318 30.1337 2.30195
2 60 914.786 917.088 2.30195
26 60 915.688 915.79 0.102658
10 60 913.103 913.206 0.102658
39 64 913.377 915.679 2.30197
8 61 1005.21 1005.31 0.0975384
46 62 939.774 942.076 2.30196
24 60 28.4887 30.7906 2.30195
35 65 28.6277 30.9297 2.30195
9 60 965.551 965.649 0.0975372
43 63 29.9666 32.2686 2.30196
56 66 29.7567 32.0587 2.30196
29 0 918.81 0 -918.81
11 0 919.273 0 -919.273
5 60 916.127 918.429 2.30195
47 63 917.068 919.37 2.30197
43 63 989.967 990.069 0.102661
10 60 1051.53 1051.63 0.0975378
32 65 1015.52 1015.62 0.0975395
23 60 252.889 255.191 2.30196
16 65 248.576 250.878 2.30195
37 0 250.451 0 -250.451
43 63 257.86 260.162 2.30196
22 66 464.088 466.39 2.30195
57 64 463.734 466.036 2.30196
36 0 467.672 0 -467.672
55 61 478.885 481.187 2.30195
50 64 254.23 256.532 2.30195
42 63 1187.19 1187.29 0.0975396
56 60 713.436 715.738 2.30196
4 60 247.497 249.799 2.30195
6 66 249.356 251.658 2.30196
3 0 251.089 0 -251.089
6 60 1388.82 1391.12 2.30196
4 60 475.39 477.692 2.30195
23 60 480.782 483.084 2.30196
59 64 246.833 249.135 2.30196
28 62 250.13 252.432 2.30196
41 63 249.904 252.205 2.30195
24 60 256.382 258.684 2.30195
46 0 256.095 0 -256.095
32 65 955.519 955.617 0.0975395
44 63 1021.33 1021.42 0.0975404
18 65 246.444 248.746 2.30195
21 60 252.02 254.321 2.30195
10 60 1171.53 1171.63 0.0975378
7 60 255.234 257.536 2.30196
45 62 255.725 258.027 2.30195
56 66 257.65 259.952 2.30196
15 66 470.126 472.428 2.30195
25 0 1381.09 0 -1381.09
35 65 1395.99 1396.17 0.184834
20 60 997.189 997.287 0.0975389
17 66 228.51 230.812 2.30196
44 63 229.22 231.522 2.30196
10 60 229.423 231.725 2.30195
39 63 229.698 232 2.30196
48 62 229.893 232.195 2.30196
58 62 230.005 232.307 2.30195
2 60 231.107 233.409 2.30195
26 66 232.008 234.31 2.30195
5 61 232.447 234.749 2.30196
47 62 233.388 235.69 2.30196
9 60 233.444 235.746 2.30195
20 64 235.083 237.384 2.30196
29 65 235.131 237.433 2.30196
11 60 235.593 237.895 2.30196
57 64 235.841 238.143 2.30196
22 66 236.195 238.497 2.30195
49 62 236.839 239.141 2.30196
36 0 239.779 0 -239.779
12 66 239.855 242.157 2.30195
53 62 239.994 242.296 2.30196
54 0 240.009 0 -240.009
51 64 240.021 242.323 2.30196
30 65 240.064 242.366 2.30195
0 60 240.113 242.415 2.30195
38 65 240.481 242.783 2.30195
14 0 240.976 0 -240.976
52 0 241.052 0 -241.052
34 0 241.114 0 -241.114
31 0 241.328 0 -241.328
25 0 241.626 0 -241.626
15 66 242.233 244.535 2.30195
8 61 243.104 245.406 2.30195
19 60 243.706 246.008 2.30195
1 65 243.841 246.143 2.30196
33 65 244.387 246.689 2.30195
42 63 245.084 247.386 2.30196
13 60 245.444 247.746 2.30196
40 63 246.38 248.682 2.30195
27 0 250.844 0 -250.844
56 61 941.33 943.632 2.30196
7 60 1197.34 1197.44 0.0975399
57 64 1057.95 1058.12 0.174598
21 60 1194.13 1194.22 0.0975376
12 66 1031.96 1032.06 0.0975375
50 64 937.91 940.211 2.30195
8 61 975.211 975.309 0.0975384
30 65 1032.17 1032.27 0.0975369
12 66 1181.96 1182.06 0.0975375
26 66 994.115 994.212 0.0975384
49 62 938.946 939.048 0.102661
44 63 1051.33 1051.42 0.0975404
59 64 1219.43 1219.76 0.328711
55 61 250.992 253.294 2.30195
44 63 1171.33 1171.42 0.0975404
32 65 253.413 255.715 2.30196
21 60 935.699 935.802 0.102658
10 60 991.53 991.628 0.0975378
42 63 1037.19 1037.29 0.0975396
7 60 1107.34 1107.44 0.0975399
2 60 1152.84 1152.95 0.102658
24 60 940.062 940.164 0.102658
30 65 1152.17 1152.27 0.0975369
49 62 998.946 999.048 0.102661
9 0 935.551 0 -935.551
30 65 1182.17 1182.27 0.0975369
30 65 1062.17 1062.27 0.0975369
18 60 930.124 932.425 2.30196
35 65 256.521 258.823 2.30195
24 60 1018.49 1018.59 0.102658
2 60 1173.21 1173.31 0.097538
30 65 942.171 942.268 0.0975369
42 63 1007.19 1007.29 0.10266
10 60 1021.53 1021.63 0.0975378
33 65 1166.12 1166.23 0.102658
7 60 1047.34 1047.44 0.10266
43 63 1049.97 1050.07 0.102661
20 60 937.189 937.292 0.102659
21 60 984.126 984.224 0.0975376
0 60 942.22 942.317 0.097537
58 62 932.112 932.21 0.0975376
34 0 1380.58 0 -1380.58
58 62 1172.11 1172.21 0.0975376
24 60 958.489 958.586 0.0975381
21 60 1164.13 1164.22 0.0975376
38 0 1379.95 0 -1379.95
55 61 1390.46 1392.76 2.30195
45 62 711.512 713.813 2.30195
10 60 931.53 931.633 0.102658
58 62 1052.11 1052.21 0.0975376
36 0 1379.25 0 -1379.25
52 63 468.946 471.248 2.30197
39 63 1369.16 1369.78 0.616452
40 63 978.487 978.584 0.0975371
4 60 1386.96 1389.27 2.30195
30 65 1002.17 1002.27 0.0975369
32 65 1045.52 1045.62 0.10266
44 63 961.327 961.425 0.0975404
58 62 962.112 962.21 0.0975376
17 66 1150.25 1150.35 0.10266
9 60 1025.55 1025.65 0.0975372
57 64 919.52 919.849 0.32871
22 66 919.875 922.177 2.30195
24 60 484.275 486.577 2.30195
25 0 469.519 0 -469.519
11 65 463.486 465.788 2.30196
12 66 467.749 470.05 2.30195
13 61 473.337 475.639 2.30196
59 64 474.726 477.028 2.30196
45 62 483.618 485.92 2.30195
50 64 482.123 484.425 2.30195
50 64 710.016 712.318 2.30195
14 0 468.869 0 -468.869
42 63 472.977 475.279 2.30196
53 62 467.887 470.189 2.30196
19 61 471.599 473.901 2.30196
35 65 484.414 486.716 2.30195
49 62 464.732 467.034 2.30196
40 63 474.273 476.575 2.30195
54 0 467.902 0 -467.902
0 60 468.006 470.308 2.30195
33 65 472.28 474.582 2.30195
1 0 471.734 0 -471.734
41 63 477.797 480.099 2.30195
6 66 477.249 479.551 2.30196
37 0 478.344 0 -478.344
46 0 483.988 0 -483.988
56 66 485.543 487.845 2.30196
7 66 711.02 713.322 2.30196
29 0 463.024 0 -463.024
18 65 474.337 476.639 2.30195
51 64 467.915 470.217 2.30196
8 61 470.998 473.3 2.30195
32 65 937.092 937.195 0.10266
27 61 478.737 481.039 2.30196
7 60 483.127 485.429 2.30196
20 60 462.976 465.278 2.30195
30 65 467.957 470.259 2.30195
38 0 468.374 0 -468.374
34 0 469.008 0 -469.008
16 65 476.47 478.772 2.30195
3 0 478.982 0 -478.982
21 60 479.913 482.215 2.30195
43 63 485.753 488.055 2.30196
32 65 481.306 483.608 2.30196
31 0 469.221 0 -469.221
32 65 709.199 711.501 2.30196
14 61 1380.44 1382.74 2.30195
28 62 478.023 480.325 2.30196
25 61 925.306 927.608 2.30195
17 66 456.403 458.705 2.30196
44 63 457.113 459.415 2.30196
10 60 457.317 459.619 2.30195
39 63 457.591 459.893 2.30196
48 62 457.787 460.089 2.30196
58 62 457.899 460.201 2.30195
2 65 459 461.302 2.30196
26 66 459.901 462.203 2.30195
5 61 460.34 462.642 2.30196
47 62 461.282 463.584 2.30196
9 60 461.338 463.64 2.30195
24 61 712.168 714.47 2.30196
46 0 711.881 0 -711.881
24 60 1198.49 1198.59 0.0975381
55 61 934.671 936.973 2.30195
27 0 1390.31 0 -1390.31
42 63 977.191 977.288 0.0975396
17 0 684.297 0 -684.297
44 63 685.007 687.309 2.30196
10 60 685.21 687.512 2.30195
39 63 685.484 687.786 2.30196
48 62 685.68 687.982 2.30196
58 62 685.792 688.094 2.30195
2 65 686.893 689.195 2.30196
26 66 687.794 690.096 2.30195
5 61 688.234 690.536 2.30196
47 0 689.175 0 -689.175
9 65 689.231 691.533 2.30196
20 60 690.869 693.171 2.30195
29 0 690.917 0 -690.917
11 0 691.379 0 -691.379
57 64 691.627 693.929 2.30196
22 0 691.981 0 -691.981
49 62 692.625 694.927 2.30196
36 65 695.565 697.867 2.30195
12 66 695.642 697.944 2.30195
53 63 695.78 698.082 2.30197
54 0 695.795 0 -695.795
51 0 695.808 0 -695.808
30 65 695.85 698.152 2.30195
0 60 695.9 698.202 2.30195
38 0 696.267 0 -696.267
14 0 696.762 0 -696.762
52 0 696.839 0 -696.839
34 0 696.901 0 -696.901
31 0 697.114 0 -697.114
25 0 697.412 0 -697.412
15 0 698.019 0 -698.019
8 61 698.891 701.193 2.30195
19 0 699.493 0 -699.493
1 0 699.628 0 -699.628
33 0 700.173 0 -700.173
42 63 700.87 703.172 2.30196
13 64 701.23 703.532 2.30196
40 63 702.167 704.469 2.30195
18 65 702.23 704.532 2.30195
59 64 702.619 704.921 2.30196
4 60 703.283 705.585 2.30195
16 65 704.363 706.665 2.30195
6 66 705.143 707.445 2.30196
41 0 705.69 0 -705.69
28 62 705.917 708.219 2.30196
37 0 706.238 0 -706.238
27 61 706.631 708.933 2.30196
55 61 706.778 709.08 2.30195
3 60 706.875 709.177 2.30196
21 60 707.806 710.108 2.30195
24 65 1048.49 1048.59 0.10266
20 60 967.189 967.292 0.102659
58 62 992.112 992.21 0.0975376
12 66 923.535 923.638 0.102657
53 0 923.673 0 -923.673
19 0 927.386 0 -927.386
23 60 936.569 938.871 2.30196
8 61 926.784 926.887 0.102658
30 65 972.171 972.268 0.0975369
42 63 1157.19 1157.29 0.0975396
32 65 1195.52 1195.62 0.0975395
40 63 1038.49 1038.58 0.0975371
29 65 1374.6 1376.9 2.30196
41 63 933.583 935.885 2.30195
26 66 1054.11 1054.21 0.0975384
0 60 972.22 972.317 0.097537
37 0 1389.92 0 -1389.92
57 64 1177.95 1178.12 0.174598
49 62 968.946 969.043 0.0975411
44 63 991.327 991.425 0.0975404
7 60 957.341 957.438 0.0975399
49 62 1028.95 1029.05 0.102661
49 62 1058.95 1059.05 0.102661
7 60 1017.34 1017.44 0.10266
43 63 1019.97 1020.07 0.102661
40 63 1068.49 1068.58 0.0975371
40 63 1188.49 1188.58 0.0975371
21 60 1074.13 1074.22 0.0975376
14 61 924.655 926.957 2.30195
31 62 925.007 927.309 2.30196
35 62 712.307 714.609 2.30197
31 0 1380.79 0 -1380.79
26 66 1024.11 1024.21 0.0975384
12 66 1001.96 1002.06 0.0975375
28 65 933.81 936.112 2.30196
15 66 925.913 928.215 2.30195
26 66 934.115 934.217 0.102658
21 60 1044.13 1044.22 0.0975376
48 62 1172 1172.1 0.10266
24 60 988.489 988.591 0.102658
12 66 971.962 972.06 0.0975375
22 66 1178.3 1178.4 0.0975369
6 66 1160.93 1163.23 2.30196
8 61 1035.21 1035.31 0.0975384
58 62 1022.11 1022.21 0.0975376
32 65 1075.52 1075.62 0.10266
18 65 1188.55 1188.65 0.0975381
51 64 1379.49 1379.59 0.10266
32 65 985.519 985.617 0.0975395
3 65 1390.55 1392.86 2.30196
41 63 1389.37 1389.47 0.102658
13 60 1384.91 1385.01 0.102659
58 62 1082.11 1082.21 0.0975376
24 60 1168.49 1168.59 0.0975381
9 60 1085.55 1085.65 0.0975372
7 60 1077.34 1077.44 0.10266
20 60 1177.19 1177.29 0.0975389
26 66 1174.11 1174.21 0.0975384
12 66 1091.96 1092.06 0.0975375
24 60 1078.49 1078.59 0.0975381
44 63 1081.33 1081.42 0.0975404
10 60 1081.53 1081.63 0.0975378
54 0 1379.48 0 -1379.48
43 63 1079.97 1080.07 0.102661
8 61 1185.21 1185.31 0.0975384
28 65 1389.6 1391.9 2.30196
30 65 1092.17 1092.27 0.0975369
57 64 1087.95 1088.12 0.174598
57 64 1147.95 1148.12 0.174598
26 66 1084.11 1084.21 0.0975384
19 61 1383.17 1385.47 2.30196
49 62 1178.95 1179.05 0.102661
47 62 1205.99 1206.61 0.616455
56 66 1230.25 1230.58 0.328712
20 60 1087.19 1087.29 0.0975389
11 60 1375.06 1375.16 0.102659
49 62 1088.95 1089.04 0.0975411
0 60 1092.22 1092.32 0.097537
46 62 1395.56 1397.86 2.30196
5 60 1174.55 1174.65 0.0975384
15 66 1184.34 1184.44 0.0975376
8 61 1095.21 1095.31 0.0975384
42 63 1097.19 1097.29 0.0975396
57 64 1117.95 1118.12 0.174598
21 60 1104.13 1104.22 0.0975376
40 63 1098.49 1098.58 0.0975371
22 66 1147.77 1147.87 0.102657
32 65 1105.52 1105.62 0.10266
18 60 1158.02 1158.12 0.10266
16 65 1388.04 1388.15 0.102658
23 60 1195 1195.09 0.0975395
24 60 1108.49 1108.59 0.0975381
47 62 1144.96 1145.58 0.616455
5 60 1144.02 1144.12 0.102658
58 62 1112.11 1112.21 0.0975376
14 61 1152.55 1154.85 2.30195
48 62 1141.47 1141.57 0.10266
11 60 1147.17 1149.47 2.30196
13 61 1157.02 1159.32 2.30196
44 63 1111.33 1111.42 0.0975404
9 60 1115.55 1115.65 0.0975372
54 0 1151.58 0 -1151.58
34 0 1152.69 0 -1152.69
39 63 1141.27 1143.57 2.30196
53 0 1151.57 0 -1151.57
52 0 1152.63 0 -1152.63
3 0 1162.66 0 -1162.66
43 63 1109.97 1110.06 0.0975411
17 66 1140.08 1140.19 0.10266
10 60 1111.53 1111.63 0.0975378
51 64 1151.59 1153.9 2.30196
16 65 1160.15 1162.45 2.30195
0 60 1122.22 1122.32 0.097537
38 65 1152.05 1154.36 2.30195
19 60 1155.28 1157.58 2.30195
2 60 1142.68 1142.78 0.102658
26 66 1114.11 1114.21 0.0975384
20 60 1117.19 1117.29 0.0975389
29 65 1146.7 1149.01 2.30196
30 65 1122.17 1122.27 0.0975369
37 0 1162.02 0 -1162.02
23 60 1164.46 1164.56 0.10266
49 62 1118.95 1119.04 0.0975411
12 66 1121.96 1122.06 0.0975375
4 60 1159.07 1161.37 2.30195
59 64 1158.41 1159.02 0.616455
1 60 1155.41 1157.72 2.30195
32 65 1135.52 1135.62 0.10266
7 60 1137.34 1137.44 0.0975399
41 63 1161.48 1163.78 2.30195
9 60 1145.55 1145.65 0.0975372
42 63 1127.19 1127.29 0.0975396
40 63 1128.49 1128.58 0.0975371
27 60 1162.42 1164.72 2.30196
21 60 1134.13 1134.22 0.0975376
25 60 1153.2 1155.5 2.30195
31 0 1152.9 0 -1152.9
15 60 1153.81 1153.91 0.102659
33 65 1155.96 1156.06 0.102658
28 0 1161.7 0 -1161.7
8 61 1125.21 1125.31 0.0975384
46 62 1167.67 1169.97 2.30196
0 60 1182.22 1182.32 0.097537
24 60 1138.49 1138.59 0.0975381
44 63 1141.33 1141.42 0.0975404
35 65 1168.09 1170.4 2.30195
56 66 1169.22 1169.84 0.616456
45 62 1167.3 1167.4 0.102657
48 62 1151.63 1151.73 0.10266
45 62 1197.83 1197.93 0.0975369
50 64 1165.8 1165.91 0.102657
26 66 1144.11 1144.21 0.0975384
58 62 1142.11 1142.21 0.0975376
43 63 1139.97 1140.06 0.0975411
40 63 1158.49 1158.58 0.0975371
49 62 1148.95 1149.05 0.102661
12 66 1151.96 1152.06 0.0975375
20 60 1147.19 1147.29 0.0975389
8 0 1155.21 0 -1155.21
0 60 1152.22 1152.32 0.097537
32 65 1165.52 1165.62 0.10266
23 60 1174.63 1174.73 0.10266
7 66 1167.34 1167.44 0.0975403
