7 41 0.0316059 2.33356 2.30195
34 0 0.0530227 0 -0.0530227
13 40 0.598075 2.90003 2.30195
10 41 1160.72 1160.82 0.102657
27 42 1159.42 1161.72 2.30196
23 43 1091.23 1091.33 0.10266
39 40 0.726422 3.02838 2.30195
4 40 1164.61 1166.91 2.30195
18 44 1.73921 4.04116 2.30195
11 41 1168.86 1171.16 2.30196
15 40 3.20834 5.5103 2.30195
3 40 3.45278 5.75474 2.30195
1 41 2.75729 5.05925 2.30195
19 44 3.94207 6.24402 2.30195
7 41 1080.03 1080.13 0.0975377
32 42 5.00989 7.31184 2.30196
24 43 4.4803 6.78225 2.30195
8 41 1167.28 1167.38 0.102659
17 42 7.59066 9.89262 2.30195
5 41 11.3988 13.7008 2.30195
9 41 10.4246 12.7265 2.30196
29 45 11.0346 13.3366 2.30196
22 43 13.5424 15.8444 2.30195
23 43 11.2322 13.5341 2.30196
6 41 14.8576 17.1596 2.30195
28 45 13.7442 16.0461 2.30195
37 41 14.012 16.314 2.30196
25 43 18.1884 20.4903 2.30195
14 40 17.2668 19.5688 2.30195
0 41 19.0024 21.3044 2.30195
27 45 19.9546 22.2565 2.30195
16 42 18.0883 20.3902 2.30195
3 41 1142.92 1145.22 2.30196
38 0 19.6375 0 -19.6375
31 45 20.5516 22.8536 2.30195
10 41 21.2532 23.5551 2.30195
35 43 24.9558 27.2578 2.30196
2 40 1164.95 1167.25 2.30195
36 43 22.4196 24.7215 2.30196
30 42 22.2026 24.5046 2.30196
21 42 22.9266 25.2286 2.30195
19 44 1113.94 1114.04 0.0975369
34 0 1139.52 0 -1139.52
12 41 24.7533 27.0552 2.30195
4 40 25.1445 27.4465 2.30195
0 41 1158.47 1158.57 0.102657
23 43 1121.23 1121.33 0.0975404
20 42 26.7655 29.0674 2.30196
8 41 27.8135 30.1154 2.30196
2 45 25.483 27.7849 2.30196
33 0 28.967 0 -28.967
10 41 249.146 251.448 2.30195
35 43 1164.42 1164.75 0.328711
20 42 1076.77 1076.86 0.097542
11 40 29.3901 31.692 2.30196
16 42 245.982 248.283 2.30195
26 43 29.2969 31.5988 2.30196
9 41 1149.89 1150.08 0.184836
18 44 1141.74 1141.84 0.0975379
26 43 1168.76 1171.07 2.30196
24 43 1084.48 1084.58 0.0975385
27 45 247.848 250.15 2.30195
21 42 250.82 253.122 2.30195
26 43 257.19 259.492 2.30196
38 0 247.531 0 -247.531
30 45 250.096 252.398 2.30196
38 0 1159.1 0 -1159.1
0 41 246.896 249.198 2.30195
2 40 481.269 483.571 2.30195
31 45 248.445 250.747 2.30195
33 0 256.86 0 -256.86
36 43 478.206 480.508 2.30196
11 40 257.283 259.585 2.30196
27 45 475.741 478.043 2.30195
17 42 1147.59 1147.69 0.0975377
35 43 480.742 483.044 2.30196
25 43 246.082 248.384 2.30195
20 42 1106.77 1106.86 0.097542
36 43 250.313 252.615 2.30196
12 41 252.647 254.948 2.30195
7 41 227.925 230.227 2.30195
34 0 227.946 0 -227.946
13 40 228.491 230.793 2.30195
39 40 228.62 230.922 2.30195
18 44 229.632 231.934 2.30195
1 41 230.651 232.952 2.30195
15 40 231.102 233.404 2.30195
3 0 231.346 0 -231.346
19 44 231.835 234.137 2.30195
24 43 232.374 234.675 2.30195
32 0 232.903 0 -232.903
17 42 235.484 237.786 2.30195
9 41 238.318 240.62 2.30196
29 45 238.928 241.23 2.30196
23 43 239.125 241.427 2.30196
5 41 239.292 241.594 2.30195
22 43 241.436 243.738 2.30195
28 45 241.637 243.939 2.30195
37 41 241.905 244.207 2.30196
6 41 242.751 245.053 2.30195
14 40 245.16 247.462 2.30195
17 42 1087.59 1087.69 0.0975377
24 43 1114.48 1114.58 0.0975385
9 41 1168.19 1168.29 0.10266
36 43 1102.42 1102.59 0.1746
33 41 1168.43 1170.74 2.30196
12 41 1134.75 1134.85 0.097538
35 43 252.849 255.151 2.30196
20 42 254.659 256.961 2.30196
2 0 253.376 0 -253.376
4 40 253.038 255.34 2.30195
8 41 255.707 258.009 2.30196
12 41 1104.75 1104.85 0.097538
32 42 1144.48 1146.78 2.30196
37 41 1153.48 1154.79 1.31483
5 41 467.185 469.487 2.30195
20 42 1136.77 1136.86 0.097542
16 42 1167.72 1167.82 0.102658
7 41 1110.03 1110.13 0.0975377
2 40 1392.84 1395.14 2.30195
5 41 1091.4 1091.5 0.0975371
22 43 1153.01 1153.11 0.102658
15 41 1142.67 1144.98 2.30196
19 44 1083.94 1084.04 0.0975369
31 45 476.338 478.64 2.30195
20 42 482.552 484.854 2.30196
19 0 933.942 0 -933.942
29 45 1150.5 1151.12 0.616454
23 43 467.019 469.321 2.30196
13 40 1140.06 1142.37 2.30195
38 0 475.424 0 -475.424
22 43 469.329 471.631 2.30195
12 41 708.433 710.735 2.30195
28 45 1093.74 1093.84 0.0975376
26 43 485.083 487.385 2.30196
6 41 470.644 472.946 2.30195
10 41 477.04 479.342 2.30195
0 41 474.789 477.091 2.30195
21 42 478.713 481.015 2.30195
39 40 1140.73 1140.82 0.0975383
16 42 473.875 476.177 2.30195
17 42 1117.59 1117.69 0.0975377
25 43 473.975 476.277 2.30195
30 45 477.989 480.291 2.30196
12 41 480.54 482.842 2.30195
11 40 485.177 487.479 2.30196
17 42 463.377 465.679 2.30195
37 45 469.798 472.1 2.30196
5 41 1121.4 1121.5 0.0975371
9 41 466.211 468.513 2.30196
29 45 466.821 469.123 2.30196
14 40 473.053 475.355 2.30195
4 40 480.931 483.233 2.30195
21 45 1162.39 1164.69 2.30196
25 43 1157.65 1159.96 2.30195
28 45 469.531 471.833 2.30195
18 44 1111.74 1111.84 0.0975379
8 41 483.6 485.902 2.30196
33 41 484.753 487.055 2.30196
30 45 1102.2 1102.38 0.174596
7 41 455.818 458.12 2.30195
34 43 455.84 458.141 2.30198
13 40 456.385 458.687 2.30195
39 40 456.513 458.815 2.30195
18 44 457.526 459.828 2.30195
1 41 458.544 460.846 2.30195
15 0 458.995 0 -458.995
3 0 459.239 0 -459.239
19 44 459.729 462.031 2.30195
24 43 460.267 462.569 2.30195
32 0 460.796 0 -460.796
30 45 1132.2 1132.38 0.174596
14 41 1156.73 1159.04 2.30196
31 42 1160.02 1162.32 2.30196
39 40 1080.73 1080.82 0.0975383
9 41 1180.42 1180.52 0.0975405
36 43 1132.42 1132.59 0.1746
28 45 1123.74 1123.84 0.0975376
39 40 1110.73 1110.82 0.0975383
5 41 1151.4 1151.5 0.0975371
30 45 952.203 952.377 0.174596
6 41 1154.32 1154.43 0.102658
18 44 1081.74 1081.84 0.0975379
16 42 929.661 931.963 2.30195
2 0 709.163 0 -709.163
20 44 710.445 712.747 2.30196
33 40 712.647 714.949 2.30197
30 45 933.776 933.96 0.184836
4 0 708.824 0 -708.824
26 43 712.977 715.279 2.30196
35 44 708.636 710.938 2.30197
36 43 933.993 934.177 0.18484
11 42 713.07 715.372 2.30197
8 0 711.493 0 -711.493
7 41 683.711 686.013 2.30195
34 0 683.733 0 -683.733
13 40 684.278 686.58 2.30195
39 40 684.406 686.708 2.30195
18 44 685.419 687.721 2.30195
1 0 686.437 0 -686.437
15 0 686.888 0 -686.888
3 0 687.133 0 -687.133
19 42 687.622 689.924 2.30196
24 43 688.16 690.462 2.30195
32 0 688.69 0 -688.69
17 44 691.27 693.572 2.30196
9 41 694.104 696.406 2.30196
29 42 694.714 697.016 2.30196
23 43 694.912 697.214 2.30196
5 41 695.079 697.381 2.30195
22 0 697.222 0 -697.222
28 45 697.424 699.726 2.30195
37 45 697.692 699.994 2.30196
6 0 698.537 0 -698.537
14 40 700.947 703.249 2.30195
16 42 701.768 704.07 2.30195
25 43 701.868 704.17 2.30195
0 41 702.682 704.984 2.30195
38 0 703.317 0 -703.317
27 45 703.634 705.936 2.30195
31 45 704.231 706.533 2.30195
10 41 704.933 707.235 2.30195
30 42 705.882 708.184 2.30196
36 43 706.099 708.401 2.30196
21 42 706.606 708.908 2.30195
17 42 951.705 951.808 0.102658
28 45 925.317 925.42 0.102658
16 42 1157.55 1157.66 0.102658
27 45 931.528 933.83 2.30195
36 43 1162.42 1162.59 0.1746
18 44 961.739 961.837 0.0975379
11 40 940.963 943.265 2.30196
22 43 925.115 927.417 2.30195
2 40 937.056 939.358 2.30195
8 41 939.386 941.688 2.30196
18 44 931.739 931.842 0.102658
24 43 934.48 934.583 0.102659
5 41 941.399 941.501 0.102657
26 44 940.87 943.172 2.30197
28 45 943.744 943.847 0.102658
23 0 941.232 0 -941.232
37 40 925.585 927.887 2.30196
12 41 936.326 936.429 0.102658
33 0 940.54 0 -940.54
39 0 930.726 0 -930.726
36 43 952.42 952.594 0.1746
38 0 931.21 0 -931.21
20 42 938.338 938.667 0.32871
7 41 911.605 911.707 0.102658
34 0 911.626 0 -911.626
13 0 912.171 0 -912.171
39 40 912.299 912.402 0.102658
18 44 913.312 913.415 0.102658
1 41 914.33 916.632 2.30195
15 40 914.781 917.083 2.30195
3 0 915.026 0 -915.026
19 44 915.515 915.618 0.102657
24 43 916.053 916.156 0.102659
32 44 916.583 918.885 2.30196
17 42 919.164 919.492 0.328706
9 41 921.998 924.3 2.30196
29 45 922.608 924.91 2.30196
23 43 922.805 922.908 0.10266
5 41 922.972 923.074 0.102657
6 40 926.431 928.733 2.30196
1 41 1142.22 1142.33 0.102658
0 41 930.575 932.877 2.30195
7 41 960.032 960.129 0.0975377
12 41 1164.75 1164.85 0.097538
25 0 929.761 0 -929.761
14 41 928.84 931.142 2.30196
24 43 1144.48 1144.58 0.0975385
35 43 936.529 938.831 2.30196
4 40 936.718 939.019 2.30195
7 41 930.032 930.134 0.102658
31 45 932.125 934.427 2.30195
21 40 934.5 936.802 2.30197
24 43 964.48 964.578 0.0975385
10 41 932.826 935.128 2.30195
22 43 1163.17 1163.27 0.102658
39 40 960.726 960.824 0.0975383
20 42 970.88 971.065 0.184838
12 41 954.753 954.851 0.097538
7 41 1140.03 1140.13 0.0975377
36 43 982.42 982.594 0.1746
17 42 967.591 967.688 0.0975377
23 43 971.232 971.33 0.0975404
19 44 963.942 964.04 0.0975369
36 43 1072.42 1072.59 0.1746
5 41 971.399 971.496 0.0975371
30 45 982.203 982.377 0.174596
6 41 1164.49 1164.59 0.102658
28 45 1153.74 1153.84 0.0975376
20 42 1196.77 1196.86 0.097542
28 45 973.744 973.847 0.102658
7 41 990.032 990.129 0.0975377
20 42 989.179 989.353 0.174598
19 44 993.942 994.04 0.0975369
18 44 991.739 991.842 0.102658
39 40 990.726 990.824 0.0975383
12 41 984.753 984.851 0.097538
24 43 994.48 994.583 0.102659
5 41 1001.4 1001.5 0.0975371
12 41 1074.75 1074.85 0.097538
17 42 997.591 997.693 0.102658
30 45 1012.2 1012.38 0.174596
36 43 1012.42 1012.59 0.1746
28 45 1003.74 1003.85 0.102658
23 43 1001.23 1001.33 0.0975404
20 42 1016.77 1016.87 0.102662
28 45 1033.74 1033.84 0.0975376
7 41 1170.03 1170.13 0.0975377
12 41 1014.75 1014.85 0.097538
18 44 1021.74 1021.84 0.0975379
39 40 1020.73 1020.82 0.0975383
5 41 1031.4 1031.5 0.0975371
19 44 1023.94 1024.04 0.0975369
7 41 1020.03 1020.13 0.0975377
36 43 1042.42 1042.59 0.1746
17 42 1027.59 1027.69 0.102658
24 43 1024.48 1024.58 0.0975385
30 45 1042.2 1042.38 0.174596
5 41 1061.4 1061.5 0.0975371
20 42 1046.77 1046.86 0.097542
23 43 1031.23 1031.33 0.10266
12 41 1044.75 1044.85 0.097538
23 43 1061.23 1061.33 0.10266
18 44 1051.74 1051.84 0.0975379
19 44 1053.94 1054.04 0.0975369
17 42 1057.59 1057.69 0.102658
39 40 1050.73 1050.82 0.0975383
19 44 1143.94 1144.04 0.0975369
39 40 1170.73 1170.82 0.0975383
7 41 1050.03 1050.13 0.0975377
34 41 1367.41 1369.71 2.30196
24 43 1054.48 1054.58 0.0975385
30 45 1072.2 1072.38 0.174596
23 43 1151.23 1151.33 0.0975404
28 45 1063.74 1063.84 0.0975376
30 45 1162.2 1162.38 0.174596
8 41 1197.81 1197.91 0.0975393
10 41 1170.88 1170.99 0.102657
20 42 1166.77 1166.86 0.097542
19 44 1173.94 1174.04 0.0975369
18 44 1171.74 1171.84 0.0975379
29 45 1211.53 1211.86 0.32871
36 43 1192.42 1192.59 0.1746
1 41 1172.76 1172.85 0.0975377
13 40 1367.96 1370.26 2.30195
32 42 1372.37 1374.67 2.30196
6 41 1184.86 1184.96 0.0975377
21 42 1390.29 1390.47 0.184834
25 43 1385.55 1385.65 0.102658
17 42 1177.59 1177.69 0.0975377
24 43 1174.48 1174.58 0.0975385
15 40 1370.57 1370.67 0.102658
5 41 1181.4 1181.5 0.0975371
3 45 1370.81 1373.11 2.30197
23 43 1181.23 1181.33 0.10266
37 41 1283.65 1284.96 1.31483
27 45 1387.31 1387.42 0.102657
22 0 1183.54 0 -1183.54
28 45 1183.74 1183.84 0.0975376
14 40 1384.63 1384.73 0.102658
0 41 1189 1189.1 0.0975371
38 40 1387 1389.3 2.30197
16 42 1188.09 1188.19 0.0975381
31 45 1387.91 1388.01 0.102659
10 41 1191.25 1191.35 0.0975371
30 45 1192.2 1192.38 0.174596
11 40 1396.75 1397.08 0.328708
26 43 1396.66 1398.96 2.30196
4 40 1392.5 1392.61 0.102658
35 43 1196.96 1197.29 0.328711
12 41 1194.75 1194.85 0.097538
33 41 1396.33 1398.63 2.30196
