7 0 0.510094 0 -0.510094
27 42 15.3967 17.6987 2.30195
12 40 13.9651 16.2671 2.30195
0 43 941.183 943.485 2.30195
36 41 13.1835 15.4855 2.30196
18 43 1.41577 3.71772 2.30195
10 40 1.75308 4.05503 2.30195
16 43 2.10003 4.40199 2.30196
35 0 929.331 0 -929.331
3 0 2.56699 0 -2.56699
30 42 3.85687 6.15884 2.30197
28 0 7.08437 0 -7.08437
1 43 7.18496 9.48692 2.30195
9 40 5.36423 7.66619 2.30196
11 40 7.57945 9.88141 2.30195
27 40 926.97 929.272 2.30196
5 40 927.465 927.567 0.102659
6 40 8.38449 10.6864 2.30195
38 0 8.13479 0 -8.13479
34 42 8.93051 11.2325 2.30196
17 43 952.106 952.204 0.0975376
23 41 926.826 929.128 2.30195
14 40 9.95805 12.26 2.30195
4 40 10.9776 13.2796 2.30196
23 42 15.2531 17.5551 2.30197
5 40 15.8916 18.1936 2.30195
25 43 927.928 930.23 2.30197
21 41 16.7861 19.088 2.30195
9 40 1154.99 1155.1 0.102659
25 42 16.3554 18.6574 2.30196
31 43 933.778 936.08 2.30196
35 42 17.7579 20.0599 2.30197
24 42 21.3051 23.6071 2.30195
26 42 21.1706 23.4726 2.30195
22 41 22.0124 24.3144 2.30195
32 41 941.542 943.844 2.30196
19 41 1077.03 1077.13 0.0975387
17 43 22.1063 24.4082 2.30195
31 43 22.2052 24.5071 2.30196
4 40 922.551 924.853 2.30196
20 0 22.3607 0 -22.3607
14 40 921.531 923.833 2.30195
8 0 22.8784 0 -22.8784
34 42 920.504 920.832 0.328711
13 43 25.2893 27.5913 2.30195
2 40 24.0197 26.3217 2.30195
8 43 934.451 936.753 2.30195
6 0 919.957 0 -919.957
37 41 24.6194 26.9213 2.30196
15 0 26.3343 0 -26.3343
38 0 919.708 0 -919.708
11 40 919.152 919.255 0.102658
1 43 937.185 937.283 0.0975378
1 43 918.758 918.861 0.102658
29 43 27.305 29.6069 2.30196
19 41 27.0328 29.3348 2.30195
28 42 918.657 920.959 2.30196
5 40 945.892 945.994 0.102659
13 43 936.862 939.164 2.30195
39 42 29.9716 32.2735 2.30196
32 0 29.9693 0 -29.9693
0 43 29.6103 31.9123 2.30195
9 40 916.937 919.239 2.30196
1 43 1057.18 1057.28 0.0975378
30 43 915.43 917.732 2.30196
3 40 914.14 916.442 2.30195
33 0 29.9766 0 -29.9766
16 42 913.673 915.975 2.30197
31 0 250.098 0 -250.098
38 0 463.921 0 -463.921
20 41 250.254 252.556 2.30196
33 0 257.87 0 -257.87
32 0 257.863 0 -257.863
32 41 485.756 488.058 2.30196
17 43 250 252.301 2.30195
37 41 252.513 254.815 2.30196
13 43 253.183 255.485 2.30195
39 43 257.865 260.167 2.30196
17 43 477.893 480.195 2.30195
22 41 477.799 480.101 2.30195
0 43 485.397 487.699 2.30195
29 43 483.091 485.393 2.30196
15 40 254.228 256.53 2.30195
0 43 257.504 259.806 2.30195
24 0 249.198 0 -249.198
8 43 250.772 253.074 2.30195
19 41 254.926 257.228 2.30195
34 42 464.717 467.019 2.30196
22 41 249.906 252.208 2.30195
2 40 251.913 254.215 2.30195
26 0 249.064 0 -249.064
29 42 255.198 257.5 2.30196
6 0 464.171 0 -464.171
11 40 463.366 465.668 2.30195
7 40 228.403 230.705 2.30195
18 43 229.309 231.611 2.30195
10 40 229.646 231.948 2.30195
16 0 229.993 0 -229.993
3 0 230.46 0 -230.46
30 42 231.75 234.052 2.30197
9 40 233.257 235.559 2.30196
28 0 234.978 0 -234.978
1 43 235.078 237.38 2.30195
11 40 235.473 237.775 2.30195
38 0 236.028 0 -236.028
6 40 236.278 238.58 2.30195
34 42 236.824 239.126 2.30196
14 40 237.851 240.153 2.30195
4 40 238.871 241.173 2.30196
36 41 241.077 243.379 2.30196
12 40 241.858 244.16 2.30195
23 0 243.146 0 -243.146
27 42 243.29 245.592 2.30195
5 40 243.785 246.087 2.30195
25 42 244.249 246.551 2.30196
21 41 244.679 246.981 2.30195
35 42 245.651 247.953 2.30197
27 42 471.183 473.485 2.30195
10 40 913.326 913.429 0.102657
18 43 912.989 913.091 0.102658
18 43 1171.42 1171.51 0.0975379
22 41 1072.01 1072.11 0.0975383
7 40 912.083 914.385 2.30195
39 43 941.545 943.847 2.30196
34 42 953.045 953.374 0.328711
2 40 935.593 935.695 0.102657
11 40 1057.58 1057.68 0.0975383
36 41 943.184 943.286 0.10266
36 41 1063.18 1063.28 0.0975398
26 42 932.744 935.046 2.30195
21 41 928.359 930.661 2.30195
26 0 476.957 0 -476.957
37 41 480.406 482.708 2.30196
19 41 1047.03 1047.13 0.0975387
18 43 931.416 931.518 0.102658
2 40 1044.02 1044.12 0.0975374
22 41 952.012 952.11 0.0975383
19 42 710.713 713.015 2.30197
5 40 471.678 473.98 2.30195
33 41 713.656 715.958 2.30196
31 0 477.992 0 -477.992
19 41 482.819 485.121 2.30195
15 42 710.014 712.316 2.30197
4 40 466.764 469.066 2.30196
12 40 925.538 927.84 2.30195
25 42 472.142 474.444 2.30196
2 40 479.806 482.108 2.30195
13 43 481.076 483.378 2.30195
1 43 462.971 465.273 2.30195
14 40 465.745 468.046 2.30195
23 0 471.04 0 -471.04
35 42 473.544 475.846 2.30197
24 0 477.092 0 -477.092
15 40 482.121 484.423 2.30195
39 43 485.758 488.06 2.30196
13 40 708.969 711.271 2.30195
28 43 462.871 465.173 2.30196
21 41 472.573 474.875 2.30195
36 41 468.97 471.272 2.30196
12 40 469.752 472.054 2.30195
33 41 485.763 488.065 2.30196
20 41 478.147 480.449 2.30196
8 43 478.665 480.967 2.30195
7 40 456.297 458.599 2.30195
18 43 457.202 459.504 2.30195
10 40 457.54 459.842 2.30195
16 0 457.887 0 -457.887
3 40 458.353 460.655 2.30195
30 0 459.643 0 -459.643
9 40 461.151 463.453 2.30196
29 42 938.878 941.18 2.30196
2 40 954.02 954.117 0.0975374
10 40 1051.75 1051.85 0.0975374
27 42 1382.76 1382.94 0.184835
11 43 1147.58 1147.68 0.0975414
34 42 1083.21 1083.54 0.328711
17 43 1072.11 1072.2 0.0975376
18 43 1081.42 1081.51 0.0975379
32 41 713.649 715.951 2.30196
10 40 931.753 931.851 0.0975374
29 42 710.985 713.287 2.30196
11 40 937.579 937.677 0.0975383
37 0 708.299 0 -708.299
33 41 941.55 943.852 2.30196
19 0 938.606 0 -938.606
37 0 936.192 0 -936.192
15 40 937.907 940.209 2.30195
36 41 924.757 924.859 0.10266
7 0 684.19 0 -684.19
18 43 685.096 687.397 2.30195
10 40 685.433 687.735 2.30195
16 0 685.78 0 -685.78
3 40 686.247 688.549 2.30195
30 0 687.537 0 -687.537
9 0 689.044 0 -689.044
28 42 690.764 693.066 2.30196
1 43 690.865 693.167 2.30195
11 40 691.259 693.561 2.30195
38 0 691.815 0 -691.815
6 40 692.064 694.366 2.30195
34 42 692.61 694.912 2.30196
14 0 693.638 0 -693.638
4 0 694.657 0 -694.657
36 41 696.863 699.165 2.30196
12 40 697.645 699.947 2.30195
23 0 698.933 0 -698.933
27 0 699.076 0 -699.076
5 40 699.571 701.873 2.30195
25 0 700.035 0 -700.035
21 0 700.466 0 -700.466
35 42 701.438 703.74 2.30197
26 0 704.85 0 -704.85
24 43 704.985 707.287 2.30196
22 41 705.692 707.994 2.30195
17 43 705.786 708.088 2.30195
31 42 705.885 708.187 2.30196
20 41 706.04 708.342 2.30196
8 0 706.558 0 -706.558
2 40 707.699 710.001 2.30195
39 43 713.651 715.953 2.30196
0 43 713.29 715.592 2.30195
2 40 1074.02 1074.12 0.0975374
17 43 933.679 933.782 0.102658
24 42 932.878 935.18 2.30195
20 41 933.934 936.236 2.30196
21 41 1156.25 1156.35 0.102658
22 41 933.585 933.688 0.102658
33 43 1169.44 1171.74 2.30197
18 43 961.416 961.513 0.0975379
10 40 961.753 961.851 0.0975374
19 41 957.033 957.13 0.0975387
1 43 967.185 967.283 0.0975378
36 41 973.184 973.281 0.0975398
2 40 984.02 984.117 0.0975374
11 40 967.579 967.677 0.0975383
34 42 985.587 985.916 0.328711
5 40 975.892 975.989 0.0975386
22 41 982.012 982.11 0.0975383
17 43 982.106 982.204 0.0975376
10 40 991.753 991.851 0.0975374
18 43 991.416 991.513 0.0975379
19 41 987.033 987.135 0.102659
1 43 997.185 997.283 0.0975378
11 40 997.579 997.682 0.102658
5 40 1005.89 1005.99 0.102659
34 42 1018.13 1018.46 0.328711
22 41 1012.01 1012.11 0.0975383
36 41 1003.18 1003.29 0.10266
2 40 1014.02 1014.12 0.0975374
17 43 1012.11 1012.2 0.0975376
11 40 1027.58 1027.68 0.0975383
19 41 1017.03 1017.13 0.0975387
10 40 1021.75 1021.85 0.0975374
5 40 1035.89 1035.99 0.0975386
18 43 1021.42 1021.51 0.0975379
34 42 1050.67 1051 0.328711
1 43 1027.18 1027.28 0.0975378
9 40 1175.36 1175.46 0.0975391
21 41 1166.42 1166.52 0.102658
18 43 1051.42 1051.51 0.0975379
5 40 1065.89 1065.99 0.0975386
36 41 1033.18 1033.28 0.0975398
2 40 1164.02 1164.12 0.0975374
1 43 1147.18 1147.28 0.0975378
10 40 1081.75 1081.85 0.0975374
16 40 1369.46 1371.76 2.30196
22 41 1042.01 1042.11 0.0975383
17 43 1042.11 1042.2 0.0975376
3 43 1142.03 1144.34 2.30196
22 41 1102.01 1102.11 0.0975383
5 40 1095.89 1095.99 0.0975386
20 41 1171.99 1172.09 0.10266
11 40 1087.58 1087.68 0.0975383
2 40 1104.02 1104.12 0.0975374
1 43 1087.18 1087.28 0.0975378
36 41 1093.18 1093.28 0.0975398
34 42 1115.75 1116.08 0.328711
17 43 1162.11 1162.2 0.0975376
3 40 1369.93 1370.03 0.102659
38 43 1147.6 1149.9 2.30198
18 43 1111.42 1111.51 0.0975379
17 43 1102.11 1102.2 0.0975376
7 40 1139.98 1142.28 2.30195
25 42 1155.82 1156.15 0.328707
30 40 1371.22 1373.52 2.30196
16 43 1141.57 1143.87 2.30196
10 40 1111.75 1111.85 0.0975374
19 41 1107.03 1107.13 0.0975387
35 43 1157.22 1159.53 2.30197
37 41 1164.09 1166.39 2.30196
28 42 1146.55 1148.85 2.30196
24 0 1160.77 0 -1160.77
1 43 1117.18 1117.28 0.0975378
6 0 1147.85 0 -1147.85
36 41 1123.18 1123.28 0.0975398
2 40 1134.02 1134.12 0.0975374
11 40 1117.58 1117.68 0.0975383
8 43 1162.34 1164.65 2.30195
4 40 1150.44 1152.75 2.30196
27 42 1154.86 1157.16 2.30195
30 0 1143.32 0 -1143.32
9 40 1144.83 1144.93 0.102659
5 40 1125.89 1125.99 0.0975386
22 41 1132.01 1132.11 0.0975383
10 40 1141.75 1141.85 0.0975374
31 0 1161.67 0 -1161.67
12 40 1153.43 1155.73 2.30195
26 0 1160.64 0 -1160.64
34 42 1148.3 1148.62 0.328711
14 40 1149.42 1149.53 0.102657
23 41 1154.72 1157.02 2.30195
20 41 1161.83 1161.93 0.10266
32 0 1169.44 0 -1169.44
29 40 1166.77 1169.07 2.30196
13 43 1164.76 1164.86 0.102658
39 43 1169.44 1171.74 2.30196
17 43 1132.11 1132.2 0.0975376
15 40 1165.8 1168.1 2.30195
0 43 1169.08 1169.18 0.102658
19 41 1137.03 1137.13 0.0975387
18 43 1141.42 1141.51 0.0975379
10 40 1171.75 1171.85 0.0975374
22 41 1162.01 1162.11 0.0975383
7 40 1367.87 1367.97 0.102658
19 41 1167.03 1167.13 0.0975387
14 40 1159.59 1159.69 0.102657
5 40 1155.89 1155.99 0.0975386
36 41 1153.18 1153.28 0.0975398
28 43 1374.44 1374.77 0.32871
4 0 1378.34 0 -1378.34
1 43 1177.18 1177.28 0.0975378
14 40 1179.96 1180.06 0.0975373
8 43 1390.24 1392.54 2.30195
31 43 1389.56 1391.87 2.30196
6 40 1375.74 1378.05 2.30195
34 42 1180.84 1181.17 0.328711
11 40 1177.58 1177.68 0.0975383
38 0 1375.49 0 -1375.49
5 40 1185.89 1185.99 0.0975386
23 41 1382.61 1384.91 2.30195
20 41 1192.36 1192.46 0.10266
35 43 1385.12 1387.42 2.30197
17 43 1192.11 1192.2 0.0975376
36 41 1183.18 1183.28 0.0975398
25 42 1188.36 1188.69 0.328707
21 41 1186.79 1186.88 0.0975379
13 43 1195.29 1195.39 0.097538
24 0 1388.66 0 -1388.66
26 0 1388.53 0 -1388.53
22 41 1192.01 1192.11 0.0975383
12 40 1381.32 1381.43 0.102658
37 41 1391.98 1392.6 0.616456
15 40 1393.69 1393.8 0.102659
2 40 1194.02 1194.12 0.0975374
32 41 1397.33 1399.63 2.30196
39 43 1397.33 1399.63 2.30196
33 41 1397.34 1399.64 2.30196
0 43 1199.61 1199.71 0.0975376
19 41 1197.03 1197.13 0.0975387
29 42 1394.66 1394.77 0.102664
