31 40 0.000465182 2.30242 2.30195
39 41 0.97794 3.27991 2.30197
6 0 17.0154 0 -17.0154
34 41 17.0938 19.3958 2.30195
33 0 18.6305 0 -18.6305
14 0 19.7032 0 -19.7032
10 41 17.7533 20.0553 2.30195
20 41 1147.7 1150 2.30195
36 40 5.49834 7.80029 2.30195
3 40 3.74799 6.04995 2.30196
2 41 5.97063 8.27259 2.30195
10 0 1157.22 0 -1157.22
35 0 7.3552 0 -7.3552
24 0 8.87202 0 -8.87202
9 40 1161.58 1163.88 2.30195
20 0 8.23374 0 -8.23374
12 41 8.34929 10.6512 2.30195
7 41 9.87206 12.174 2.30195
7 41 999.872 999.97 0.0975378
5 0 9.90121 0 -9.90121
33 40 1158.1 1160.4 2.30196
12 41 1147.82 1150.12 2.30195
7 41 1149.87 1149.97 0.0975378
35 0 1146.82 0 -1146.82
24 40 1148.34 1150.64 2.30195
18 40 11.847 14.1489 2.30195
26 0 12.0055 0 -12.0055
13 0 12.3676 0 -12.3676
17 40 12.7521 15.0541 2.30195
38 0 13.4716 0 -13.4716
31 40 1140 1140.1 0.0975379
31 40 1020 1020.1 0.0975379
36 40 1175.5 1175.6 0.0975368
8 0 1168.92 0 -1168.92
15 41 15.4996 17.8015 2.30195
0 40 15.4666 17.7685 2.30195
19 0 16.245 0 -16.245
36 40 1055.5 1055.6 0.0975368
11 0 16.6604 0 -16.6604
25 0 1168.27 0 -1168.27
14 40 1159.17 1161.47 2.30195
3 40 1143.21 1145.52 2.30196
37 41 20.4761 22.778 2.30196
22 40 20.719 23.021 2.30195
1 0 21.2815 0 -21.2815
7 41 1029.87 1029.97 0.0975378
27 0 21.4739 0 -21.4739
7 41 969.872 969.97 0.0975378
9 40 22.1113 24.4133 2.30195
16 40 23.4177 25.7197 2.30195
21 41 24.9735 27.2755 2.30195
29 0 25.6112 0 -25.6112
28 40 25.9641 28.266 2.30195
32 41 26.6901 28.992 2.30195
30 41 28.3178 30.6198 2.30195
38 0 1152.94 0 -1152.94
25 0 28.7995 0 -28.7995
4 40 1169.33 1171.64 2.30196
23 0 1169.36 0 -1169.36
4 0 29.8669 0 -29.8669
8 0 29.4585 0 -29.4585
23 41 29.8919 32.1939 2.30195
2 41 1115.97 1116.07 0.0975389
2 41 995.971 996.068 0.0975389
37 41 248.369 250.671 2.30196
9 0 250.005 0 -250.005
25 40 256.693 258.995 2.30195
26 41 467.792 470.094 2.30195
37 40 1010.48 1010.57 0.0975373
4 0 713.547 0 -713.547
22 40 248.612 250.914 2.30195
14 0 247.596 0 -247.596
8 0 257.352 0 -257.352
23 41 257.785 260.087 2.30195
20 41 464.02 466.322 2.30195
3 40 1371.11 1371.21 0.102659
2 41 1055.97 1056.07 0.0975389
34 41 472.88 475.182 2.30195
29 0 253.504 0 -253.504
30 41 256.211 258.513 2.30195
4 0 257.76 0 -257.76
37 40 1100.48 1100.57 0.0975373
28 40 253.857 256.159 2.30195
21 0 252.867 0 -252.867
31 40 1050 1050.1 0.0975379
39 41 1368.34 1370.64 2.30197
10 41 473.54 475.842 2.30195
37 41 476.263 478.565 2.30196
37 40 980.476 980.574 0.0975373
16 40 479.204 481.506 2.30195
36 40 935.498 935.596 0.0975368
33 0 246.524 0 -246.524
35 40 463.142 465.444 2.30195
16 40 251.311 253.613 2.30195
18 40 467.633 469.935 2.30195
18 40 923.42 925.722 2.30195
31 40 227.894 230.196 2.30195
39 41 228.871 231.173 2.30197
3 40 231.641 233.943 2.30196
36 40 233.392 235.694 2.30195
2 41 233.864 236.166 2.30195
35 0 235.248 0 -235.248
20 0 236.127 0 -236.127
12 0 236.243 0 -236.243
24 0 236.765 0 -236.765
7 41 237.765 240.067 2.30195
5 0 237.794 0 -237.794
18 40 239.74 242.042 2.30195
26 41 239.899 242.201 2.30195
13 40 240.261 242.563 2.30195
17 0 240.645 0 -240.645
38 0 241.365 0 -241.365
0 40 243.36 245.662 2.30195
15 41 243.393 245.695 2.30195
19 0 244.138 0 -244.138
11 0 244.554 0 -244.554
6 0 244.909 0 -244.909
34 41 244.987 247.289 2.30195
10 41 245.647 247.949 2.30195
37 40 1130.48 1130.57 0.0975373
1 0 249.175 0 -249.175
27 0 249.367 0 -249.367
32 41 254.583 256.885 2.30195
35 40 1374.71 1377.02 2.30195
15 41 1154.97 1157.27 2.30195
31 40 1080 1080.1 0.0975379
6 0 1156.48 0 -1156.48
20 41 1375.59 1377.9 2.30195
7 41 1119.87 1119.97 0.0975378
21 40 1164.44 1166.74 2.30195
1 0 1160.75 0 -1160.75
27 41 1160.94 1163.24 2.30196
7 41 1059.87 1059.97 0.0975378
31 40 990 990.098 0.0975379
5 0 1149.37 0 -1149.37
13 0 1151.83 0 -1151.83
9 40 1389.47 1391.77 2.30195
36 40 1115.5 1115.6 0.0975368
32 41 1166.16 1168.46 2.30195
30 41 1167.78 1167.89 0.102657
36 40 995.498 995.596 0.0975368
34 41 1156.56 1156.66 0.102658
19 0 1155.71 0 -1155.71
22 40 1160.19 1162.49 2.30195
8 41 485.245 487.547 2.30195
21 0 708.653 0 -708.653
17 0 468.539 0 -468.539
19 0 472.031 0 -472.031
17 41 1380.11 1382.41 2.30196
32 0 710.37 0 -710.37
29 0 481.398 0 -481.398
32 0 482.477 0 -482.477
12 41 464.136 466.438 2.30195
38 0 469.258 0 -469.258
21 41 480.76 483.062 2.30195
23 0 485.678 0 -485.678
8 0 941.031 0 -941.031
4 41 941.44 943.742 2.30195
24 40 464.659 466.96 2.30195
6 0 472.802 0 -472.802
2 41 1025.97 1026.07 0.0975389
27 40 477.26 479.562 2.30195
30 41 484.104 486.406 2.30195
2 41 461.757 464.059 2.30195
15 41 471.286 473.588 2.30195
33 40 474.417 476.719 2.30196
9 0 477.898 0 -477.898
28 40 481.751 484.053 2.30195
2 41 935.971 936.073 0.102659
8 0 713.138 0 -713.138
36 40 1025.5 1025.6 0.0975368
39 41 1140.44 1142.75 2.30197
0 40 471.253 473.555 2.30195
11 0 472.447 0 -472.447
37 40 1070.48 1070.57 0.0975373
22 40 476.506 478.807 2.30195
14 0 475.49 0 -475.49
1 0 477.068 0 -477.068
25 40 484.586 486.888 2.30195
4 41 485.653 487.955 2.30195
23 41 713.572 715.874 2.30195
31 40 455.787 458.089 2.30195
39 0 456.764 0 -456.764
3 0 459.534 0 -459.534
36 40 461.285 463.587 2.30195
7 41 465.659 467.961 2.30195
5 0 465.688 0 -465.688
13 40 468.154 470.456 2.30195
37 40 1040.48 1040.57 0.0975373
36 40 1085.5 1085.6 0.0975368
7 41 1089.87 1089.97 0.0975378
26 0 1151.47 0 -1151.47
11 0 1156.13 0 -1156.13
16 40 1162.88 1165.19 2.30195
29 41 1165.08 1167.38 2.30196
28 41 1165.43 1167.73 2.30196
2 41 1145.97 1146.07 0.0975389
36 40 1145.5 1145.6 0.0975368
0 0 1154.93 0 -1154.93
17 0 1152.22 0 -1152.22
33 0 930.203 0 -930.203
23 0 941.465 0 -941.465
28 40 709.644 711.946 2.30195
31 40 960 960.098 0.0975379
31 40 1170 1170.1 0.0975379
7 40 939.872 939.97 0.0975387
25 40 940.372 942.674 2.30195
31 40 1110 1110.1 0.0975379
2 41 1085.97 1086.07 0.0975389
29 0 709.291 0 -709.291
30 41 711.998 714.3 2.30195
18 40 1151.31 1153.62 2.30195
36 40 965.498 965.596 0.0975368
22 0 932.292 0 -932.292
37 40 932.049 932.152 0.102657
10 0 929.326 0 -929.326
26 41 923.579 925.88 2.30195
29 0 937.184 0 -937.184
34 41 928.667 930.969 2.30195
31 40 683.68 685.982 2.30195
39 0 684.658 0 -684.658
3 0 687.428 0 -687.428
36 40 689.178 691.48 2.30195
2 41 689.65 691.952 2.30195
35 40 691.035 693.337 2.30195
20 0 691.913 0 -691.913
12 0 692.029 0 -692.029
24 0 692.552 0 -692.552
7 40 693.552 695.854 2.30195
5 0 693.581 0 -693.581
18 0 695.527 0 -695.527
26 41 695.685 697.987 2.30195
13 0 696.047 0 -696.047
17 0 696.432 0 -696.432
38 41 697.151 699.453 2.30196
0 40 699.146 701.448 2.30195
15 41 699.179 701.481 2.30195
19 0 699.925 0 -699.925
11 40 700.34 702.642 2.30195
6 0 700.695 0 -700.695
34 0 700.774 0 -700.774
10 0 701.433 0 -701.433
33 0 702.31 0 -702.31
14 40 703.383 705.685 2.30195
37 40 704.156 706.458 2.30195
22 40 704.399 706.701 2.30195
1 0 704.961 0 -704.961
27 0 705.154 0 -705.154
9 0 705.791 0 -705.791
16 0 707.097 0 -707.097
25 0 712.479 0 -712.479
2 41 965.971 966.068 0.0975389
17 0 924.325 0 -924.325
13 0 923.941 0 -923.941
16 41 934.991 937.293 2.30196
30 41 939.891 942.193 2.30195
37 40 950.476 950.579 0.102657
15 0 927.073 0 -927.073
21 40 936.547 938.848 2.30195
31 40 930 930.103 0.102658
2 41 1175.97 1176.07 0.0975389
9 0 933.684 0 -933.684
32 0 938.263 0 -938.263
28 40 937.537 939.839 2.30195
31 40 911.573 911.676 0.102658
39 41 912.551 914.853 2.30197
3 40 915.321 917.623 2.30196
36 40 917.071 917.174 0.102657
2 41 917.544 917.646 0.102659
35 40 918.928 921.23 2.30195
20 41 919.807 922.109 2.30195
12 41 919.922 922.224 2.30195
24 40 920.445 922.747 2.30195
7 41 921.445 921.548 0.102658
5 0 921.474 0 -921.474
38 0 925.045 0 -925.045
6 0 928.588 0 -928.588
11 40 928.233 930.535 2.30195
0 0 927.04 0 -927.04
19 0 927.818 0 -927.818
1 0 932.854 0 -932.854
14 40 931.276 933.578 2.30195
27 0 933.047 0 -933.047
37 40 1160.48 1160.57 0.0975373
12 41 1375.71 1375.81 0.102658
1 0 1388.64 0 -1388.64
24 0 1376.23 0 -1376.23
26 0 1379.37 0 -1379.37
37 40 1190.48 1190.57 0.0975373
11 40 1384.02 1386.32 2.30195
13 0 1379.73 0 -1379.73
6 40 1384.37 1386.68 2.30196
21 40 1392.33 1394.63 2.30195
34 41 1187.09 1187.19 0.0975378
16 40 1390.78 1390.88 0.102657
18 40 1379.21 1379.31 0.102658
22 0 1388.08 0 -1388.08
10 41 1385.11 1387.41 2.30195
33 0 1385.99 0 -1385.99
27 40 1388.83 1391.14 2.30195
4 41 1397.23 1399.53 2.30195
5 0 1377.26 0 -1377.26
7 41 1179.87 1179.97 0.0975378
14 40 1387.06 1389.36 2.30195
29 40 1392.97 1395.27 2.30195
38 41 1380.83 1383.13 2.30196
0 40 1382.83 1385.13 2.30195
15 41 1382.86 1382.96 0.102658
19 0 1383.6 0 -1383.6
25 0 1396.16 0 -1396.16
8 41 1396.82 1399.12 2.30195
23 41 1397.25 1399.55 2.30195
28 40 1393.32 1393.43 0.102658
32 41 1394.05 1396.35 2.30195
30 41 1198.32 1198.42 0.0975366
