25 0 0.0603504 0 -0.0603504
49 67 0.288916 2.59087 2.30195
23 0 0.298256 0 -0.298256
44 70 0.896727 3.19868 2.30196
31 64 0.835157 3.13711 2.30195
35 68 10.7018 13.0038 2.30196
46 70 24.296 26.598 2.30196
50 72 24.224 26.526 2.30195
52 69 10.6818 12.9837 2.30195
15 61 1.1063 3.40825 2.30195
38 68 485.108 487.41 2.30195
47 70 1.16389 3.46585 2.30196
21 61 937.493 939.795 2.30196
13 71 934.354 934.457 0.102659
0 0 472.892 0 -472.892
19 63 3.94049 6.24244 2.30195
50 72 480.011 482.312 2.30195
10 71 4.69445 6.9964 2.30195
32 64 7.47818 9.78013 2.30195
27 65 462.321 464.623 2.30195
27 65 6.53482 8.83677 2.30195
4 61 6.46516 8.76711 2.30195
25 0 455.847 0 -455.847
33 64 7.1193 9.42125 2.30195
20 61 7.03549 9.33745 2.30195
11 63 1197.14 1197.23 0.0975365
1 0 466.827 0 -466.827
17 60 9.33016 11.6321 2.30195
40 70 8.85501 11.157 2.30195
0 0 1384.46 0 -1384.46
16 63 1190.34 1190.43 0.0975369
12 71 472.15 474.452 2.30195
24 62 9.80478 12.1067 2.30196
39 68 470.03 472.332 2.30195
57 68 466.327 468.629 2.30196
18 0 465.99 0 -465.99
58 0 466.936 0 -466.936
18 60 10.2036 12.5056 2.30195
59 73 1158.04 1158.14 0.0975374
26 62 10.3067 12.6087 2.30196
57 68 10.5403 12.8423 2.30196
42 66 1197.9 1198 0.102658
24 0 1377.16 0 -1377.16
55 62 25.8011 28.1031 2.30196
21 60 481.707 484.009 2.30195
7 63 476.23 478.532 2.30195
9 63 474.844 477.146 2.30195
32 64 1177.48 1177.58 0.0975368
48 72 1100.62 1100.72 0.0975374
32 64 937.478 937.576 0.0975368
6 61 473.44 475.742 2.30195
1 71 11.0407 13.3427 2.30196
43 73 11.0915 13.3935 2.30196
58 0 11.1496 0 -11.1496
26 62 1180.31 1180.4 0.0975396
38 68 1396.68 1397.01 0.328706
22 62 1189.38 1189.48 0.0975373
20 61 462.822 465.124 2.30195
30 65 12.6659 14.9678 2.30195
14 61 12.9424 15.2443 2.30195
32 64 463.265 465.567 2.30195
14 61 468.729 471.031 2.30195
24 0 465.591 0 -465.591
30 65 468.452 470.754 2.30195
45 70 473.812 476.114 2.30195
2 61 13.9186 16.2206 2.30195
41 66 14.7675 17.0695 2.30195
39 68 14.2434 16.5454 2.30195
53 69 1192.95 1193.05 0.102659
12 60 16.3635 18.6655 2.30195
36 68 16.8141 19.1161 2.30196
3 61 16.8339 19.1358 2.30195
29 65 16.6463 18.9482 2.30195
42 67 939.472 941.774 2.30196
56 73 479.368 481.67 2.30196
36 68 472.601 474.903 2.30196
14 60 924.515 926.817 2.30195
45 70 18.0259 20.3278 2.30195
6 0 17.6531 0 -17.6531
0 61 17.1053 19.4072 2.30195
59 73 18.042 20.344 2.30195
34 65 1098.49 1098.59 0.0975386
14 61 1182.94 1183.04 0.0975382
13 63 1192.78 1192.88 0.0975378
44 70 456.683 458.985 2.30196
15 61 456.893 459.195 2.30195
47 70 456.95 459.252 2.30196
56 73 1193.58 1193.68 0.0975398
52 69 1180.68 1180.78 0.0975365
28 62 1195.57 1195.67 0.0975373
51 67 485.226 487.528 2.30195
8 71 481.444 483.746 2.30195
34 65 18.4942 20.7961 2.30195
9 0 19.0575 0 -19.0575
22 62 19.3834 21.6854 2.30195
36 68 946.814 946.917 0.10266
46 70 480.083 482.384 2.30196
16 63 20.3363 22.6383 2.30195
16 63 476.123 478.425 2.30195
48 72 20.621 22.9229 2.30195
7 0 20.4431 0 -20.4431
26 62 1159.94 1160.04 0.10266
59 73 473.829 476.13 2.30195
54 69 20.8938 23.1958 2.30195
13 63 22.781 25.0829 2.30195
53 69 22.9494 25.2513 2.30195
36 68 1186.81 1186.91 0.0975399
56 73 23.5814 25.8834 2.30196
19 63 459.727 462.029 2.30195
10 71 460.481 462.783 2.30195
57 0 1377.9 0 -1377.9
48 72 1160.62 1160.72 0.0975374
49 67 456.075 458.377 2.30195
23 0 456.085 0 -456.085
31 64 456.622 458.924 2.30195
8 71 25.6579 27.9598 2.30195
28 62 25.5684 27.8704 2.30195
59 73 929.615 929.718 0.102657
5 60 1198.79 1198.89 0.0975374
55 0 481.588 0 -481.588
21 61 25.9204 28.2224 2.30196
11 63 27.135 29.437 2.30195
33 64 1374.48 1374.58 0.102658
20 61 1156.66 1156.77 0.102658
42 66 27.8989 30.2009 2.30195
42 66 483.685 485.987 2.30195
5 60 28.7925 31.0944 2.30195
13 63 478.567 480.869 2.30195
38 0 29.3217 0 -29.3217
51 67 29.4392 31.7411 2.30195
37 68 29.727 32.029 2.30195
22 62 475.17 477.472 2.30195
8 71 709.338 711.64 2.30195
2 61 469.705 472.007 2.30195
43 73 466.878 469.18 2.30196
40 70 938.855 938.958 0.102658
31 64 930.835 930.938 0.102658
9 63 246.951 249.253 2.30195
7 71 248.336 250.638 2.30195
28 62 253.462 255.764 2.30195
22 62 247.277 249.579 2.30195
55 0 253.694 0 -253.694
16 63 248.23 250.532 2.30195
34 65 246.387 248.689 2.30195
54 69 248.787 251.089 2.30195
48 72 248.514 250.816 2.30195
37 68 257.62 259.922 2.30195
21 60 253.814 256.116 2.30195
38 68 257.215 259.517 2.30195
30 65 1182.67 1182.76 0.0975382
21 60 1393.28 1395.58 2.30195
10 71 934.694 934.797 0.102659
59 73 245.935 248.237 2.30195
11 63 255.028 257.33 2.30195
40 70 464.642 466.943 2.30195
6 63 1385.01 1385.12 0.102661
4 61 462.252 464.554 2.30195
45 70 245.919 248.221 2.30195
35 68 466.488 468.79 2.30196
5 60 256.686 258.988 2.30195
3 0 472.62 0 -472.62
50 72 252.117 254.419 2.30195
8 71 253.551 255.853 2.30195
42 66 255.792 258.094 2.30195
51 67 257.332 259.634 2.30195
48 72 476.407 478.709 2.30195
3 0 1384.19 0 -1384.19
25 62 227.954 230.256 2.30195
49 67 228.182 230.484 2.30195
23 62 228.192 230.493 2.30195
31 64 228.728 231.03 2.30195
44 0 228.79 0 -228.79
15 61 229 231.302 2.30195
47 0 229.057 0 -229.057
19 63 231.834 234.136 2.30195
10 71 232.588 234.89 2.30195
4 61 234.358 236.66 2.30195
27 65 234.428 236.73 2.30195
20 61 234.929 237.231 2.30195
33 64 235.013 237.314 2.30195
32 64 235.371 237.673 2.30195
40 70 236.748 239.05 2.30195
17 71 237.223 239.525 2.30195
24 0 237.698 0 -237.698
18 60 238.097 240.399 2.30195
26 62 238.2 240.502 2.30196
57 68 238.434 240.736 2.30196
52 69 238.575 240.877 2.30195
35 68 238.595 240.897 2.30196
1 0 238.934 0 -238.934
43 73 238.985 241.287 2.30196
58 0 239.043 0 -239.043
30 65 240.559 242.861 2.30195
14 60 240.836 243.138 2.30195
2 0 241.812 0 -241.812
39 68 242.137 244.439 2.30195
41 66 242.661 244.963 2.30195
12 60 244.257 246.559 2.30195
29 65 244.54 246.841 2.30195
36 68 244.707 247.009 2.30196
3 61 244.727 247.029 2.30195
0 61 244.999 247.3 2.30195
6 61 245.546 247.848 2.30195
37 68 485.514 487.815 2.30195
29 65 472.433 474.735 2.30195
50 72 954.224 954.322 0.0975369
27 65 1146.53 1146.63 0.0975375
34 65 474.281 476.583 2.30195
26 62 466.093 468.395 2.30196
50 72 707.904 710.206 2.30195
55 62 937.374 939.676 2.30196
53 69 934.522 936.824 2.30195
56 73 251.475 253.777 2.30196
53 69 250.843 253.145 2.30195
13 63 250.674 252.976 2.30195
46 70 252.189 254.491 2.30196
5 60 484.579 486.881 2.30195
28 62 481.355 483.657 2.30195
17 60 1149.33 1149.43 0.0975379
53 69 478.736 481.038 2.30195
17 60 465.117 467.419 2.30195
41 66 470.554 472.856 2.30195
32 64 1147.48 1147.58 0.0975368
54 69 476.68 478.982 2.30195
52 69 466.468 468.77 2.30195
11 63 482.922 485.223 2.30195
59 73 1188.04 1188.14 0.0975374
33 0 462.906 0 -462.906
19 61 933.94 934.043 0.102659
16 63 1100.34 1100.43 0.0975369
39 68 1163.87 1163.98 0.102659
11 63 938.708 938.811 0.102657
54 69 1388.25 1388.44 0.184835
37 68 1139.73 1139.82 0.0975364
37 68 941.3 941.403 0.102656
10 71 1144.69 1144.79 0.0975385
34 65 948.494 948.597 0.102659
43 66 1183.1 1183.28 0.184835
52 69 940.682 940.779 0.0975365
29 65 1186.65 1186.75 0.102658
55 62 1393.16 1393.49 0.328711
5 60 940.365 940.468 0.102657
48 72 1190.62 1190.72 0.0975374
5 60 712.472 714.774 2.30195
2 0 925.492 0 -925.492
2 61 1381.28 1383.58 2.30195
58 62 1378.51 1380.81 2.30196
28 62 709.248 711.55 2.30195
21 61 709.6 711.902 2.30196
4 61 936.465 936.568 0.102657
38 65 940.895 943.197 2.30196
40 70 1178.86 1178.95 0.0975384
7 63 1387.8 1387.91 0.102658
39 68 1184.24 1184.35 0.102659
55 62 709.481 711.783 2.30196
4 61 1146.47 1146.56 0.0975373
46 70 707.976 710.278 2.30196
56 73 935.154 935.339 0.184836
8 0 937.231 0 -937.231
16 63 931.909 932.012 0.102657
19 63 1143.94 1144.04 0.0975379
25 62 683.74 686.042 2.30195
49 67 683.969 686.271 2.30195
23 62 683.978 686.28 2.30195
31 64 684.515 686.817 2.30195
44 70 684.576 686.878 2.30196
15 61 684.786 687.088 2.30195
47 70 684.844 687.146 2.30196
19 63 687.62 689.922 2.30195
10 71 688.374 690.676 2.30195
4 61 690.145 692.447 2.30195
27 65 690.215 692.517 2.30195
20 0 690.715 0 -690.715
33 0 690.799 0 -690.799
32 64 691.158 693.46 2.30195
40 70 692.535 694.837 2.30195
17 60 693.01 695.312 2.30195
24 62 693.485 695.786 2.30196
18 60 693.883 696.185 2.30195
26 0 693.986 0 -693.986
57 0 694.22 0 -694.22
52 69 694.361 696.663 2.30195
35 68 694.382 696.683 2.30196
1 71 694.72 697.022 2.30196
43 73 694.771 697.073 2.30196
58 65 694.829 697.131 2.30196
30 65 696.346 698.648 2.30195
14 61 696.622 698.924 2.30195
2 61 697.598 699.9 2.30195
39 0 697.923 0 -697.923
41 66 698.447 700.749 2.30195
12 71 700.043 702.345 2.30195
29 65 700.326 702.628 2.30195
36 68 700.494 702.796 2.30196
3 0 700.514 0 -700.514
0 0 700.785 0 -700.785
6 0 701.333 0 -701.333
45 70 701.706 704.008 2.30195
59 73 701.722 704.024 2.30195
34 64 702.174 704.476 2.30196
9 0 702.737 0 -702.737
22 62 703.063 705.365 2.30195
16 63 704.016 706.318 2.30195
7 0 704.123 0 -704.123
48 67 704.301 706.603 2.30196
54 69 704.574 706.876 2.30195
13 63 706.461 708.763 2.30195
53 0 706.629 0 -706.629
56 73 707.261 709.563 2.30196
41 66 1094.77 1094.87 0.0975376
50 72 935.797 935.9 0.102657
48 72 932.194 932.297 0.102657
17 60 939.33 939.433 0.102658
36 68 1096.81 1096.91 0.0975399
46 70 1194.3 1194.4 0.102659
34 65 1188.49 1188.59 0.0975386
11 63 710.815 713.117 2.30195
42 70 711.579 713.881 2.30196
38 68 713.001 715.303 2.30195
22 62 930.956 931.059 0.102657
37 68 713.407 715.709 2.30195
35 68 1150.7 1150.8 0.0975396
51 67 713.119 715.421 2.30195
13 63 1102.78 1102.88 0.0975378
13 63 952.781 952.884 0.102658
35 68 940.702 940.804 0.10266
50 72 1194.22 1194.32 0.0975369
10 71 1174.69 1174.79 0.0975385
39 68 925.816 928.118 2.30195
30 65 924.239 926.541 2.30195
34 65 930.067 930.17 0.102659
28 62 937.141 937.244 0.102657
46 70 935.869 938.171 2.30196
51 67 941.012 943.314 2.30195
49 67 930.289 930.392 0.102657
15 61 931.106 931.204 0.0975362
56 73 1103.58 1103.68 0.0975398
27 65 936.535 936.637 0.102657
41 66 944.768 944.87 0.102658
25 62 911.633 913.935 2.30195
49 67 911.862 911.965 0.102657
23 62 911.871 914.173 2.30195
31 64 912.408 912.511 0.102658
44 70 912.47 914.772 2.30196
15 61 912.679 912.782 0.102656
47 70 912.737 915.039 2.30196
19 63 915.513 915.616 0.102658
10 71 916.267 916.37 0.102659
4 61 918.038 918.141 0.102657
27 65 918.108 918.21 0.102657
20 63 918.608 920.91 2.30196
33 64 918.692 920.994 2.30195
32 64 919.051 919.154 0.102657
40 70 920.428 920.531 0.102658
17 60 920.903 921.006 0.102658
24 0 921.378 0 -921.378
18 61 921.777 924.079 2.30196
26 62 921.88 924.182 2.30196
57 0 922.113 0 -922.113
52 69 922.255 922.357 0.102657
35 68 922.275 922.377 0.10266
1 60 922.614 924.916 2.30195
43 66 922.665 924.966 2.30195
58 62 922.723 925.025 2.30196
22 62 1159.38 1159.48 0.0975373
19 63 1173.94 1174.04 0.0975379
4 61 1176.47 1176.56 0.0975373
18 60 1159.83 1159.94 0.102657
1 60 1378.4 1380.7 2.30195
45 70 1158.03 1158.12 0.097537
45 70 1098.03 1098.12 0.097537
41 66 926.341 926.443 0.102658
7 68 932.016 934.318 2.30197
54 65 932.467 934.769 2.30196
12 71 927.937 928.039 0.102659
9 0 930.63 0 -930.63
29 65 1166.28 1166.38 0.102658
40 70 1148.86 1148.95 0.0975384
12 60 1186.36 1186.46 0.0975385
9 63 1386.42 1388.72 2.30195
16 63 950.336 950.439 0.102657
0 0 928.678 0 -928.678
3 0 928.407 0 -928.407
36 68 928.387 928.49 0.10266
29 64 928.219 930.521 2.30196
45 70 929.599 929.702 0.102657
6 61 929.226 931.528 2.30195
27 65 1176.53 1176.63 0.0975375
48 72 950.621 950.724 0.102657
52 69 1150.68 1150.78 0.0975365
59 73 1098.04 1098.14 0.0975374
56 73 953.581 953.684 0.10266
12 60 946.364 946.466 0.102658
15 61 961.106 961.204 0.0975362
37 68 959.727 959.83 0.102656
22 62 949.383 949.486 0.102657
45 0 948.026 0 -948.026
59 73 1038.04 1038.14 0.0975374
59 73 948.042 948.145 0.102657
59 73 978.042 978.145 0.102657
5 60 958.792 958.895 0.102657
11 63 957.135 957.233 0.0975365
31 64 960.835 960.938 0.102658
28 62 955.568 955.671 0.102657
17 60 969.33 969.428 0.0975379
49 67 960.289 960.392 0.102657
19 63 963.94 964.038 0.0975379
36 68 976.814 976.912 0.0975399
10 71 964.694 964.797 0.102659
5 60 988.792 988.89 0.0975374
32 64 967.478 967.576 0.0975368
30 65 1162.3 1162.4 0.102658
52 69 970.682 970.779 0.0975365
14 60 1162.57 1162.67 0.102658
40 70 968.855 968.953 0.0975384
4 61 966.465 966.563 0.0975373
34 65 1068.49 1068.59 0.0975386
27 65 966.535 966.637 0.102657
35 68 970.702 970.804 0.10266
41 66 974.768 974.87 0.102658
48 72 980.621 980.718 0.0975373
22 62 979.383 979.481 0.0975373
56 73 983.581 983.679 0.0975398
34 65 978.494 978.597 0.102659
45 70 978.026 978.123 0.097537
12 60 976.364 976.461 0.0975385
13 63 982.781 982.884 0.102658
16 63 980.336 980.434 0.0975369
28 62 985.568 985.666 0.0975373
31 64 990.835 990.933 0.0975377
15 61 991.106 991.204 0.0975362
37 68 989.727 989.825 0.0975364
50 72 984.224 984.327 0.102657
11 63 987.135 987.233 0.0975365
49 67 990.289 990.392 0.102657
45 70 1008.03 1008.12 0.097537
40 70 998.855 998.958 0.102658
41 66 1004.77 1004.87 0.102658
32 64 997.478 997.576 0.0975368
17 60 999.33 999.428 0.0975379
10 71 994.694 994.797 0.102659
19 63 993.94 994.038 0.0975379
4 61 996.465 996.563 0.0975373
27 65 996.535 996.632 0.0975375
59 73 1008.04 1008.14 0.102657
52 69 1000.68 1000.78 0.0975365
35 68 1000.7 1000.8 0.10266
36 68 1006.81 1006.91 0.0975399
36 68 1156.81 1156.91 0.0975399
22 62 1009.38 1009.48 0.0975373
34 65 1008.49 1008.59 0.0975386
16 63 1160.34 1160.43 0.0975369
48 72 1010.62 1010.72 0.102657
12 60 1006.36 1006.46 0.0975385
13 63 1012.78 1012.88 0.0975378
16 63 1010.34 1010.43 0.0975369
28 62 1015.57 1015.67 0.0975373
5 60 1018.79 1018.89 0.0975374
11 63 1017.14 1017.23 0.0975365
56 73 1013.58 1013.68 0.0975398
37 68 1169.73 1169.82 0.0975364
31 64 1140.84 1140.93 0.0975377
37 68 1019.73 1019.82 0.0975364
10 71 1024.69 1024.8 0.102659
36 68 1036.81 1036.91 0.0975399
34 65 1158.49 1158.59 0.0975386
50 72 1014.22 1014.32 0.0975369
15 61 1021.11 1021.2 0.0975362
32 64 1027.48 1027.58 0.0975368
49 67 1020.29 1020.39 0.0975368
31 64 1020.84 1020.93 0.0975377
41 66 1034.77 1034.87 0.0975376
40 70 1028.86 1028.95 0.0975384
19 63 1023.94 1024.04 0.0975379
17 60 1029.33 1029.43 0.0975379
4 61 1026.47 1026.56 0.0975373
27 65 1026.53 1026.63 0.0975375
52 69 1030.68 1030.78 0.0975365
35 68 1030.7 1030.8 0.10266
48 72 1040.62 1040.72 0.102657
34 65 1038.49 1038.59 0.0975386
22 62 1039.38 1039.48 0.0975373
45 70 1038.03 1038.12 0.097537
13 63 1042.78 1042.88 0.0975378
12 60 1036.36 1036.46 0.0975385
56 73 1043.58 1043.68 0.0975398
5 60 1048.79 1048.89 0.0975374
16 63 1040.34 1040.43 0.0975369
22 62 1069.38 1069.48 0.0975373
28 62 1045.57 1045.67 0.0975373
37 68 1049.73 1049.82 0.0975364
36 68 1066.81 1066.91 0.0975399
15 61 1051.11 1051.2 0.0975362
31 64 1050.84 1050.93 0.0975377
50 72 1044.22 1044.32 0.0975369
11 63 1047.14 1047.23 0.0975365
40 70 1058.86 1058.95 0.0975384
45 70 1068.03 1068.12 0.097537
49 67 1140.29 1140.39 0.0975368
49 67 1050.29 1050.39 0.0975368
32 64 1057.48 1057.58 0.0975368
19 63 1053.94 1054.04 0.0975379
17 60 1059.33 1059.43 0.0975379
41 66 1064.77 1064.87 0.0975376
12 60 1066.36 1066.46 0.0975385
10 71 1054.69 1054.79 0.0975385
16 63 1070.34 1070.43 0.0975369
4 61 1056.47 1056.56 0.0975373
27 65 1056.53 1056.63 0.0975375
59 73 1068.04 1068.14 0.0975374
52 69 1060.68 1060.78 0.0975365
35 68 1060.7 1060.8 0.0975396
48 72 1070.62 1070.72 0.102657
11 63 1077.14 1077.23 0.0975365
32 64 1087.48 1087.58 0.0975368
12 60 1156.36 1156.46 0.0975385
13 63 1072.78 1072.88 0.0975378
56 73 1073.58 1073.68 0.0975398
27 65 1086.53 1086.63 0.0975375
37 68 1079.73 1079.82 0.0975364
31 64 1080.84 1080.93 0.0975377
15 61 1081.11 1081.2 0.0975362
5 60 1078.79 1078.89 0.0975374
50 72 1074.22 1074.32 0.0975369
28 62 1075.57 1075.67 0.0975373
49 67 1080.29 1080.39 0.0975368
22 62 1099.38 1099.48 0.0975373
10 71 1084.69 1084.79 0.0975385
19 63 1083.94 1084.04 0.0975379
17 60 1089.33 1089.43 0.0975379
35 68 1090.7 1090.8 0.0975396
40 70 1088.86 1088.95 0.0975384
4 61 1086.47 1086.56 0.0975373
52 69 1090.68 1090.78 0.0975365
12 60 1096.36 1096.46 0.0975385
41 66 1124.77 1124.87 0.0975376
31 64 1110.84 1110.93 0.0975377
14 61 1152.41 1152.51 0.102658
2 0 1153.38 0 -1153.38
44 70 1140.36 1140.69 0.32871
47 70 1140.63 1140.81 0.184838
11 63 1107.14 1107.23 0.0975365
5 60 1108.79 1108.89 0.0975374
37 68 1109.73 1109.82 0.0975364
15 61 1111.11 1111.2 0.0975362
28 62 1105.57 1105.67 0.0975373
31 64 1170.84 1170.93 0.0975377
56 73 1133.58 1133.68 0.0975398
18 60 1149.67 1149.77 0.102657
50 72 1104.22 1104.32 0.0975369
18 60 1180.2 1180.31 0.102657
35 68 1180.7 1180.8 0.0975396
17 60 1179.33 1179.43 0.0975379
39 68 1153.71 1153.81 0.102659
30 65 1152.13 1152.23 0.102658
38 68 1168.79 1171.09 2.30195
33 64 1146.59 1148.89 2.30195
19 63 1113.94 1114.04 0.0975379
25 62 1139.53 1141.83 2.30195
49 67 1110.29 1110.39 0.0975368
23 62 1139.76 1142.07 2.30195
41 66 1184.77 1184.87 0.0975376
32 64 1117.48 1117.58 0.0975368
24 62 1149.27 1151.57 2.30196
34 65 1128.49 1128.59 0.0975386
20 61 1146.5 1146.6 0.102658
58 65 1150.62 1152.92 2.30196
16 63 1130.34 1130.43 0.0975369
12 60 1126.36 1126.46 0.0975385
48 72 1130.62 1130.72 0.0975374
43 66 1150.56 1150.89 0.328707
3 61 1156.3 1158.6 2.30195
10 71 1114.69 1114.79 0.0975385
26 62 1149.77 1149.88 0.10266
0 61 1156.57 1158.87 2.30195
17 60 1119.33 1119.43 0.0975379
1 61 1150.51 1152.81 2.30196
40 70 1118.86 1118.95 0.0975384
22 62 1129.38 1129.48 0.0975373
36 68 1126.81 1126.91 0.0975399
37 68 1199.73 1199.82 0.0975364
45 70 1128.03 1128.12 0.097537
29 65 1156.11 1156.22 0.102658
4 61 1116.47 1116.56 0.0975373
27 65 1116.53 1116.63 0.0975375
6 61 1157.12 1159.42 2.30195
57 0 1150.01 0 -1150.01
52 69 1120.68 1120.78 0.0975365
35 68 1120.7 1120.8 0.0975396
9 63 1158.52 1160.83 2.30195
7 63 1159.91 1162.21 2.30195
42 66 1167.37 1167.47 0.102658
53 69 1162.42 1162.6 0.184835
46 66 1163.76 1163.86 0.102663
54 69 1160.36 1162.66 2.30195
59 73 1128.04 1128.14 0.0975374
50 72 1134.22 1134.32 0.0975369
21 60 1165.39 1167.69 2.30195
15 61 1141.11 1141.2 0.0975362
8 71 1165.12 1167.43 2.30195
13 63 1132.78 1132.88 0.0975378
41 66 1154.77 1154.87 0.0975376
11 63 1137.14 1137.23 0.0975365
5 60 1138.79 1138.89 0.0975374
28 62 1135.57 1135.67 0.0975373
51 66 1168.91 1169.01 0.102662
55 62 1165.27 1167.57 2.30196
11 63 1167.14 1167.23 0.0975365
56 73 1163.58 1163.68 0.0975398
53 69 1180.71 1180.82 0.102659
50 72 1164.22 1164.32 0.0975369
13 63 1162.78 1162.88 0.0975378
42 66 1177.53 1177.63 0.102658
46 70 1173.93 1174.03 0.102659
47 70 1171.16 1171.34 0.174598
45 70 1188.03 1188.12 0.097537
51 67 1199.44 1199.54 0.0975384
28 62 1165.57 1165.67 0.0975373
8 71 1393.02 1393.12 0.102657
20 61 1177.04 1177.14 0.102658
44 70 1172.9 1173.09 0.184838
23 62 1367.66 1367.99 0.328706
15 61 1171.11 1171.2 0.0975362
5 61 1168.79 1168.89 0.0975389
25 62 1367.42 1367.52 0.102658
49 67 1170.29 1170.39 0.0975368
