15 40 1.228 3.52995 2.30196
23 40 1.54124 3.84319 2.30195
12 40 255.233 257.535 2.30196
3 40 247.379 249.681 2.30196
16 0 249.634 0 -249.634
19 41 2.00278 4.30474 2.30196
29 0 2.05266 0 -2.05266
2 40 2.18993 4.49188 2.30195
21 40 1154.56 1154.66 0.102658
0 40 6.62657 8.92852 2.30196
37 41 6.63666 8.93862 2.30196
20 40 6.90431 9.20627 2.30195
20 40 1146.37 1148.67 2.30195
18 40 7.11653 9.41849 2.30196
37 41 1116.64 1116.73 0.0975395
26 41 1018.78 1018.88 0.10266
33 0 7.78924 0 -7.78924
35 0 8.35336 0 -8.35336
28 0 1165.98 0 -1165.98
27 41 10.272 12.574 2.30195
10 0 9.00342 0 -9.00342
31 41 1133.62 1133.72 0.0975422
25 41 10.327 12.629 2.30195
17 0 10.6558 0 -10.6558
31 41 1073.62 1073.72 0.0975422
19 40 1082 1082.1 0.0975432
14 40 10.7938 13.0957 2.30195
4 0 1151.14 0 -1151.14
18 0 1146.58 0 -1146.58
4 40 11.6726 13.9746 2.30195
30 0 13.6059 0 -13.6059
38 0 13.0572 0 -13.0572
34 0 14.696 0 -14.696
21 40 15.0905 17.3925 2.30195
39 40 16.607 18.9089 2.30196
7 40 19.4733 21.7752 2.30196
8 0 18.571 0 -18.571
3 0 19.4861 0 -19.4861
24 0 19.8511 0 -19.8511
26 41 1078.78 1078.87 0.0975397
2 40 1022.19 1022.29 0.0975373
32 41 20.8904 23.1923 2.30196
5 40 21.1571 23.4591 2.30195
3 0 1158.95 0 -1158.95
12 40 1166.81 1169.11 2.30196
19 41 1142 1142.1 0.097546
9 0 21.3284 0 -21.3284
32 0 1160.36 0 -1160.36
16 0 21.7412 0 -21.7412
31 41 1013.62 1013.72 0.0975422
6 0 22.4096 0 -22.4096
1 40 22.5917 24.8937 2.30195
36 0 23.1951 0 -23.1951
31 41 23.6224 25.9243 2.30196
2 40 1172.19 1172.29 0.0975373
22 40 23.6607 25.9626 2.30196
2 40 1112.19 1112.29 0.0975373
28 41 26.5139 28.8158 2.30195
13 40 26.7915 29.0935 2.30196
12 40 27.3395 29.6415 2.30196
26 41 28.7774 31.0793 2.30196
11 40 29.836 32.138 2.30195
9 0 249.222 0 -249.222
7 0 247.367 0 -247.367
13 40 254.685 256.987 2.30196
33 0 463.576 0 -463.576
31 41 1163.62 1163.72 0.0975422
5 0 249.05 0 -249.05
28 41 254.407 256.709 2.30195
15 40 1158.99 1159.1 0.102661
35 0 464.14 0 -464.14
36 0 478.982 0 -478.982
32 0 248.784 0 -248.784
1 40 250.485 252.787 2.30195
30 0 1153.07 0 -1153.07
15 40 1140.69 1140.88 0.184837
12 40 483.126 485.428 2.30196
24 0 247.744 0 -247.744
36 0 251.088 0 -251.088
16 0 1161.21 0 -1161.21
34 0 470.482 0 -470.482
2 40 1052.19 1052.29 0.0975373
26 41 1138.78 1138.87 0.0975397
26 41 484.564 486.866 2.30196
6 0 250.303 0 -250.303
31 41 251.516 253.818 2.30196
26 41 256.671 258.973 2.30196
11 40 257.729 260.031 2.30195
19 40 1052 1052.1 0.0975432
15 40 229.121 231.423 2.30196
23 0 229.434 0 -229.434
19 40 229.896 232.198 2.30196
29 0 229.946 0 -229.946
2 40 230.083 232.385 2.30195
0 0 234.52 0 -234.52
37 41 234.53 236.832 2.30196
20 40 234.798 237.1 2.30195
18 40 235.01 237.312 2.30196
33 0 235.682 0 -235.682
35 0 236.247 0 -236.247
10 40 236.897 239.199 2.30196
27 0 238.165 0 -238.165
25 41 238.22 240.522 2.30195
17 0 238.549 0 -238.549
14 0 238.687 0 -238.687
4 40 239.566 241.868 2.30195
38 41 240.95 243.252 2.30196
30 41 241.499 243.801 2.30196
34 0 242.589 0 -242.589
21 40 242.984 245.286 2.30195
39 0 244.5 0 -244.5
8 0 246.464 0 -246.464
26 41 1048.78 1048.88 0.10266
37 41 1026.64 1026.73 0.0975395
14 0 1150.26 0 -1150.26
27 41 1149.74 1152.04 2.30195
34 40 1154.16 1156.46 2.30198
22 40 251.554 253.856 2.30196
36 40 1162.66 1164.96 2.30197
0 0 1146.09 0 -1146.09
31 41 1103.62 1103.73 0.102662
37 41 1146.64 1146.73 0.0975395
22 40 1163.13 1165.43 2.30196
5 40 1160.62 1160.73 0.102658
19 40 1022 1022.1 0.0975432
37 41 1086.64 1086.73 0.0975395
24 41 1159.32 1161.62 2.30197
25 41 1149.79 1152.1 2.30195
0 0 1373.99 0 -1373.99
5 40 476.944 479.246 2.30195
22 0 479.447 0 -479.447
31 41 479.409 481.711 2.30196
26 41 940.35 940.453 0.10266
5 40 932.73 935.032 2.30195
30 41 925.179 927.481 2.30196
4 40 467.459 469.761 2.30195
19 40 1112 1112.1 0.0975432
30 0 469.392 0 -469.392
13 40 938.365 940.666 2.30196
3 0 931.059 0 -931.059
32 0 476.677 0 -476.677
9 0 477.115 0 -477.115
1 40 478.378 480.68 2.30195
13 40 482.578 484.88 2.30196
39 40 1383.97 1385.28 1.31483
10 0 1148.47 0 -1148.47
28 0 710.194 0 -710.194
7 0 1158.94 0 -1158.94
26 41 1108.78 1108.87 0.0975397
23 41 1141.01 1143.31 2.30196
17 0 466.442 0 -466.442
25 41 466.114 468.415 2.30195
21 40 470.877 473.179 2.30195
38 0 468.844 0 -468.844
6 0 933.983 0 -933.983
8 40 474.358 476.659 2.30196
16 0 477.528 0 -477.528
28 41 482.3 484.602 2.30195
6 0 478.196 0 -478.196
16 0 933.314 0 -933.314
10 40 464.79 467.092 2.30196
14 0 466.58 0 -466.58
27 41 466.058 468.36 2.30195
1 41 1162.06 1164.36 2.30197
24 0 475.638 0 -475.638
18 0 462.903 0 -462.903
39 40 472.393 474.695 2.30196
7 0 475.26 0 -475.26
17 0 1378.02 0 -1378.02
8 0 1158.04 0 -1158.04
26 40 712.457 714.759 2.30197
35 0 1147.82 0 -1147.82
11 40 485.623 487.924 2.30195
37 41 1056.64 1056.73 0.0975395
9 0 1160.79 0 -1160.79
9 0 932.901 0 -932.901
7 0 931.046 0 -931.046
3 0 475.273 0 -475.273
26 41 988.777 988.875 0.0975397
15 40 457.014 459.316 2.30196
23 0 457.328 0 -457.328
19 40 457.789 460.091 2.30196
29 0 457.839 0 -457.839
2 40 457.976 460.278 2.30195
0 40 462.413 464.715 2.30196
37 41 462.423 464.725 2.30196
20 40 462.691 464.993 2.30195
2 40 1082.19 1082.29 0.0975373
13 40 1166.26 1168.56 2.30196
33 0 1147.26 0 -1147.26
6 0 1161.88 0 -1161.88
39 40 1156.07 1158.38 2.30196
11 40 1169.3 1171.6 2.30195
38 0 1152.52 0 -1152.52
31 41 1043.62 1043.72 0.0975422
17 0 1150.12 0 -1150.12
29 41 1141.52 1143.82 2.30196
31 41 953.622 953.725 0.102662
12 0 711.019 0 -711.019
11 40 713.516 715.818 2.30195
31 41 935.195 935.298 0.102662
21 40 926.664 928.965 2.30195
37 41 936.637 936.739 0.10266
26 41 958.777 958.875 0.0975397
1 40 934.165 936.467 2.30195
13 0 710.471 0 -710.471
18 40 1374.48 1376.78 2.30196
36 0 934.768 0 -934.768
24 40 931.424 933.726 2.30196
22 0 935.234 0 -935.234
19 40 962.003 962.1 0.0975432
37 41 996.637 996.734 0.0975395
15 0 684.908 0 -684.908
23 0 685.221 0 -685.221
19 40 685.683 687.984 2.30196
29 0 685.732 0 -685.732
2 40 685.87 688.172 2.30195
0 0 690.306 0 -690.306
37 41 690.316 692.618 2.30196
20 0 690.584 0 -690.584
18 41 690.796 693.098 2.30196
33 40 691.469 693.771 2.30197
35 0 692.033 0 -692.033
10 40 692.683 694.985 2.30196
27 0 693.952 0 -693.952
25 0 694.007 0 -694.007
17 0 694.336 0 -694.336
14 40 694.474 696.775 2.30195
4 40 695.352 697.654 2.30195
38 41 696.737 699.039 2.30196
30 41 697.286 699.588 2.30196
34 0 698.376 0 -698.376
21 40 698.77 701.072 2.30195
39 40 700.287 702.589 2.30196
8 0 702.251 0 -702.251
7 41 703.153 705.455 2.30196
3 41 703.166 705.468 2.30197
24 0 703.531 0 -703.531
32 0 704.57 0 -704.57
5 40 704.837 707.139 2.30195
9 0 705.008 0 -705.008
16 0 705.421 0 -705.421
6 0 706.089 0 -706.089
1 40 706.271 708.573 2.30195
36 0 706.875 0 -706.875
31 41 707.302 709.604 2.30196
22 0 707.34 0 -707.34
32 40 932.463 934.765 2.30196
31 41 983.622 983.725 0.102662
2 40 932.19 932.287 0.0975373
2 40 962.19 962.287 0.0975373
38 41 924.63 926.932 2.30196
34 0 926.269 0 -926.269
39 0 928.18 0 -928.18
2 40 1142.19 1142.29 0.0975373
28 0 938.087 0 -938.087
23 40 1368.9 1371.2 2.30195
19 40 992.003 992.1 0.0975432
8 0 930.144 0 -930.144
2 40 992.19 992.287 0.0975373
19 40 932.003 932.105 0.102663
12 40 938.913 941.214 2.30196
37 41 966.637 966.734 0.0975395
11 40 941.409 943.711 2.30195
15 40 1171.23 1171.33 0.102661
15 41 912.801 915.103 2.30197
23 41 913.114 915.416 2.30196
19 40 913.576 913.761 0.184839
29 41 913.626 915.928 2.30196
2 40 913.763 913.866 0.102657
0 0 918.2 0 -918.2
37 41 918.21 918.312 0.10266
20 40 918.477 920.779 2.30195
18 0 918.69 0 -918.69
33 0 919.362 0 -919.362
35 0 919.926 0 -919.926
10 0 920.576 0 -920.576
27 41 921.845 924.147 2.30195
25 41 921.9 924.202 2.30195
17 0 922.229 0 -922.229
14 0 922.367 0 -922.367
4 0 923.246 0 -923.246
27 41 1377.63 1377.73 0.102659
10 0 1376.36 0 -1376.36
19 40 1172 1172.1 0.0975432
29 41 1369.41 1371.71 2.30196
37 41 1176.64 1176.73 0.0975395
26 41 1168.78 1168.87 0.0975397
20 40 1374.26 1376.57 2.30195
14 0 1378.15 0 -1378.15
33 0 1375.15 0 -1375.15
35 0 1375.71 0 -1375.71
30 41 1380.97 1383.27 2.30196
36 41 1390.55 1392.86 2.30197
25 0 1377.69 0 -1377.69
21 40 1185.09 1185.19 0.0975376
1 40 1389.95 1390.05 0.102659
7 40 1386.83 1389.13 2.30196
32 0 1388.25 0 -1388.25
34 41 1382.06 1384.36 2.30197
24 41 1387.21 1389.51 2.30197
26 41 1198.78 1198.87 0.0975397
9 0 1388.69 0 -1388.69
31 41 1193.62 1193.72 0.0975422
16 40 1389.1 1391.4 2.30196
3 0 1386.85 0 -1386.85
8 0 1385.93 0 -1385.93
22 41 1391.02 1393.32 2.30196
6 0 1389.77 0 -1389.77
4 0 1379.03 0 -1379.03
38 40 1380.42 1382.72 2.30197
5 40 1191.16 1191.25 0.0975383
28 40 1393.87 1396.18 2.30197
13 40 1394.15 1396.45 2.30196
12 40 1394.7 1397 2.30196
11 40 1397.2 1399.5 2.30195
