22 30 0.845759 3.14774 2.30198
6 30 10.8619 13.1639 2.30198
24 30 12.6942 14.9962 2.30197
9 30 3.24622 5.54817 2.30195
25 30 3.98923 6.2912 2.30198
17 0 4.49432 0 -4.49432
3 0 1146.43 0 -1146.43
22 30 1140.31 1142.61 2.30198
19 0 4.70918 0 -4.70918
19 0 916.282 0 -916.282
14 30 1185.41 1185.51 0.0975366
6 30 1378.22 1380.52 2.30198
21 30 4.81466 7.11664 2.30197
9 30 1113.25 1113.34 0.0975383
3 0 6.96482 0 -6.96482
26 30 7.74832 10.0503 2.30198
15 0 7.99235 0 -7.99235
0 0 8.58916 0 -8.58916
27 0 14.8928 0 -14.8928
14 30 15.4132 17.7151 2.30195
4 0 16.1303 0 -16.1303
8 30 16.2544 18.5563 2.30195
1 30 1388.48 1390.78 2.30197
28 0 16.8005 0 -16.8005
7 30 20.065 22.367 2.30197
1 0 21.1207 0 -21.1207
23 0 21.9752 0 -21.9752
12 30 22.9707 25.2727 2.30196
20 0 24.2817 0 -24.2817
13 30 25.1687 27.4707 2.30196
12 30 1102.97 1103.07 0.0975393
11 0 26.2702 0 -26.2702
5 0 27.9289 0 -27.9289
10 30 28.1456 30.4475 2.30195
29 30 28.5644 30.8664 2.30197
16 0 29.1856 0 -29.1856
17 0 1371.85 0 -1371.85
19 0 1144.18 0 -1144.18
18 0 29.3213 0 -29.3213
21 0 1144.28 0 -1144.28
2 30 29.3325 31.6345 2.30198
13 30 253.062 255.364 2.30196
12 30 250.864 253.166 2.30196
11 30 254.163 256.465 2.30196
5 0 255.822 0 -255.822
16 0 257.079 0 -257.079
12 30 478.757 481.059 2.30196
23 0 249.868 0 -249.868
29 30 484.351 486.653 2.30197
10 30 256.039 258.341 2.30195
13 0 480.955 0 -480.955
22 30 1368.21 1370.51 2.30198
1 0 932.694 0 -932.694
1 0 249.014 0 -249.014
28 0 928.373 0 -928.373
18 0 257.215 0 -257.215
16 0 484.972 0 -484.972
29 30 712.244 714.546 2.30197
20 0 252.175 0 -252.175
2 0 257.226 0 -257.226
7 30 475.851 478.153 2.30197
4 30 471.917 474.219 2.30198
7 0 247.958 0 -247.958
28 0 472.587 0 -472.587
29 30 256.458 258.76 2.30197
10 0 711.825 0 -711.825
1 30 476.907 479.209 2.30197
0 0 464.376 0 -464.376
8 30 472.041 474.343 2.30195
21 0 1372.17 0 -1372.17
5 0 483.715 0 -483.715
22 30 228.739 231.041 2.30198
9 30 231.139 233.441 2.30195
25 0 231.882 0 -231.882
17 0 232.388 0 -232.388
19 0 232.602 0 -232.602
21 0 232.708 0 -232.708
3 0 234.858 0 -234.858
26 30 235.642 237.944 2.30198
15 0 235.886 0 -235.886
0 0 236.482 0 -236.482
6 30 238.755 241.057 2.30198
24 30 240.587 242.889 2.30197
27 0 242.786 0 -242.786
14 0 243.306 0 -243.306
4 0 244.024 0 -244.024
8 0 244.148 0 -244.148
28 0 244.694 0 -244.694
26 30 1147.21 1149.52 2.30198
12 30 1072.97 1073.07 0.0975393
9 30 1173.25 1173.34 0.0975383
15 0 463.779 0 -463.779
12 30 952.971 953.068 0.0975393
9 30 1053.25 1053.34 0.0975383
3 0 1374.32 0 -1374.32
22 30 912.419 914.721 2.30198
6 30 1150.33 1152.63 2.30198
17 0 1143.96 0 -1143.96
23 0 1161.44 0 -1161.44
9 30 1083.25 1083.34 0.0975383
25 0 1143.46 0 -1143.46
0 30 1375.95 1378.25 2.30198
29 0 1168.03 0 -1168.03
16 0 1168.65 0 -1168.65
14 30 1154.88 1154.98 0.102657
20 0 935.855 0 -935.855
4 30 1383.49 1385.79 2.30198
18 30 940.894 943.196 2.30198
24 30 1380.05 1382.36 2.30197
26 0 463.535 0 -463.535
14 30 471.2 473.502 2.30195
10 30 483.932 486.234 2.30195
11 0 482.057 0 -482.057
19 0 1372.07 0 -1372.07
3 0 462.751 0 -462.751
20 0 480.068 0 -480.068
18 0 485.108 0 -485.108
28 0 1384.16 0 -1384.16
6 30 466.648 468.95 2.30198
24 30 468.481 470.783 2.30197
27 0 470.679 0 -470.679
5 0 711.609 0 -711.609
2 0 485.119 0 -485.119
7 0 931.638 0 -931.638
16 0 940.759 0 -940.759
22 30 456.632 458.934 2.30198
9 30 459.033 461.335 2.30195
25 30 459.776 462.078 2.30198
17 0 460.281 0 -460.281
19 0 460.496 0 -460.496
21 0 460.601 0 -460.601
5 0 1167.4 0 -1167.4
2 30 1168.8 1171.1 2.30198
10 30 1167.61 1167.71 0.102659
13 30 1164.63 1166.94 2.30196
9 30 1143.25 1143.34 0.0975383
26 30 1375.11 1377.41 2.30198
23 0 477.762 0 -477.762
17 0 916.067 0 -916.067
3 0 918.538 0 -918.538
6 30 922.435 924.737 2.30198
0 30 920.162 922.464 2.30198
27 0 1382.25 0 -1382.25
26 30 919.321 921.623 2.30198
12 30 934.544 934.646 0.102659
11 0 709.95 0 -709.95
11 0 937.843 0 -937.843
9 0 933.246 0 -933.246
12 30 1192.97 1193.07 0.0975393
29 30 940.137 942.439 2.30197
27 0 926.466 0 -926.466
13 0 708.848 0 -708.848
4 0 927.703 0 -927.703
9 30 993.246 993.344 0.0975383
18 0 713.001 0 -713.001
14 30 926.986 929.288 2.30195
22 30 684.526 686.827 2.30198
9 30 686.926 689.228 2.30195
25 0 687.669 0 -687.669
17 0 688.174 0 -688.174
19 0 688.389 0 -688.389
21 0 688.494 0 -688.494
3 0 690.645 0 -690.645
26 0 691.428 0 -691.428
15 30 691.672 693.974 2.30198
0 0 692.269 0 -692.269
6 0 694.542 0 -694.542
24 30 696.374 698.676 2.30197
27 0 698.573 0 -698.573
14 30 699.093 701.395 2.30195
4 0 699.81 0 -699.81
8 30 699.934 702.236 2.30195
28 0 700.48 0 -700.48
7 30 703.745 706.047 2.30197
1 0 704.8 0 -704.8
23 30 705.655 707.957 2.30198
12 30 706.65 708.952 2.30196
20 0 707.961 0 -707.961
2 30 713.012 715.314 2.30198
16 0 712.865 0 -712.865
15 0 1147.46 0 -1147.46
0 0 1148.06 0 -1148.06
25 30 915.562 917.864 2.30198
11 30 1165.74 1168.04 2.30196
24 30 1152.16 1154.46 2.30197
15 30 919.565 921.867 2.30198
9 30 914.819 914.922 0.102658
12 30 1132.97 1133.07 0.0975393
20 0 1163.75 0 -1163.75
18 0 1168.79 0 -1168.79
7 30 1159.53 1161.83 2.30197
4 30 1155.6 1157.9 2.30198
1 0 1160.59 0 -1160.59
28 0 1156.27 0 -1156.27
9 30 1023.25 1023.34 0.0975383
21 0 916.388 0 -916.388
8 30 1155.72 1155.82 0.102657
27 0 1154.36 0 -1154.36
12 30 1042.97 1043.07 0.0975393
15 30 1375.35 1377.65 2.30198
12 30 1162.97 1163.07 0.0975393
8 30 1186.25 1186.35 0.0975367
5 0 939.502 0 -939.502
11 0 1393.63 0 -1393.63
9 30 963.246 963.344 0.0975383
24 30 924.267 926.569 2.30197
13 0 936.742 0 -936.742
23 30 933.548 935.85 2.30198
2 0 940.905 0 -940.905
12 30 982.971 983.073 0.102659
8 30 927.827 930.129 2.30195
12 30 1012.97 1013.07 0.0975393
10 30 939.719 942.021 2.30195
20 0 1391.64 0 -1391.64
25 30 1371.35 1373.65 2.30198
7 30 1387.42 1389.73 2.30197
23 0 1389.33 0 -1389.33
13 0 1392.53 0 -1392.53
10 30 1177.77 1177.88 0.102659
10 30 1198.15 1198.24 0.0975386
5 0 1395.29 0 -1395.29
2 0 1396.69 0 -1396.69
16 0 1396.55 0 -1396.55
18 0 1396.68 0 -1396.68
29 30 1395.92 1398.23 2.30197
