2 31 0.568387 2.87034 2.30195
27 30 4.37203 6.674 2.30197
11 30 8.14569 10.4476 2.30195
4 0 9.22177 0 -9.22177
8 0 7.0568 0 -7.0568
25 31 2.97591 5.27787 2.30196
13 0 6.38936 0 -6.38936
1 30 5.37412 7.67608 2.30195
10 30 7.72773 10.0297 2.30195
9 30 12.7644 15.0663 2.30196
12 31 11.9125 14.2145 2.30198
15 0 13.5432 0 -13.5432
18 0 15.6991 0 -15.6991
5 30 15.3036 17.6055 2.30195
20 0 16.569 0 -16.569
23 0 16.7049 0 -16.7049
3 31 16.8367 19.1387 2.30195
14 0 19.336 0 -19.336
28 0 19.4338 0 -19.4338
0 31 19.5798 21.8817 2.30195
24 0 20.962 0 -20.962
21 0 20.9671 0 -20.9671
19 0 21.1179 0 -21.1179
17 0 21.1236 0 -21.1236
16 0 24.8391 0 -24.8391
6 30 23.1852 25.4872 2.30195
7 31 24.9408 27.2427 2.30195
26 0 26.6166 0 -26.6166
29 0 26.0516 0 -26.0516
19 0 249.011 0 -249.011
22 0 29.9599 0 -29.9599
17 0 249.017 0 -249.017
29 0 253.945 0 -253.945
22 0 713.64 0 -713.64
15 0 469.33 0 -469.33
24 30 932.535 934.837 2.30198
11 30 463.932 466.234 2.30195
3 31 472.623 474.925 2.30195
10 30 1177.73 1177.83 0.0975375
0 31 247.473 249.775 2.30195
29 0 481.838 0 -481.838
19 0 476.904 0 -476.904
28 0 247.327 0 -247.327
26 31 254.51 256.812 2.30196
28 0 475.22 0 -475.22
6 30 478.972 481.274 2.30195
14 0 247.229 0 -247.229
29 0 937.625 0 -937.625
7 0 708.621 0 -708.621
6 30 251.078 253.38 2.30195
16 0 252.732 0 -252.732
10 30 463.514 465.816 2.30195
22 0 257.853 0 -257.853
17 0 476.91 0 -476.91
12 0 467.699 0 -467.699
2 31 228.462 230.764 2.30195
25 31 230.869 233.171 2.30196
27 0 232.265 0 -232.265
1 30 233.267 235.569 2.30195
13 0 234.283 0 -234.283
8 31 234.95 237.252 2.30195
10 30 235.621 237.923 2.30195
11 30 236.039 238.341 2.30195
4 0 237.115 0 -237.115
12 0 239.806 0 -239.806
9 30 240.658 242.96 2.30196
15 0 241.436 0 -241.436
5 30 243.197 245.499 2.30195
18 30 243.592 245.894 2.30195
20 0 244.462 0 -244.462
23 0 244.598 0 -244.598
3 31 244.73 247.032 2.30195
10 30 967.728 967.825 0.0975375
2 31 456.355 458.657 2.30195
21 0 248.86 0 -248.86
24 0 248.855 0 -248.855
7 31 252.834 255.136 2.30195
20 30 472.355 474.657 2.30196
23 0 472.491 0 -472.491
14 0 475.122 0 -475.122
0 31 475.366 477.668 2.30195
9 30 1182.76 1182.87 0.10266
5 31 926.877 929.179 2.30196
8 0 462.843 0 -462.843
9 30 468.551 470.853 2.30196
7 31 480.727 483.029 2.30195
16 0 480.626 0 -480.626
13 0 462.176 0 -462.176
5 30 471.09 473.392 2.30195
24 0 476.749 0 -476.749
23 0 928.278 0 -928.278
29 31 709.731 712.033 2.30196
22 0 485.746 0 -485.746
18 30 471.486 473.788 2.30195
21 0 476.754 0 -476.754
26 0 482.403 0 -482.403
9 30 924.337 926.639 2.30196
6 30 983.185 983.283 0.0975377
25 31 458.762 461.064 2.30196
27 30 460.159 462.46 2.30197
1 30 461.161 463.463 2.30195
4 31 465.008 467.31 2.30196
20 0 928.142 0 -928.142
27 30 1371.73 1374.03 2.30197
10 30 937.728 937.825 0.0975375
16 0 708.519 0 -708.519
14 0 930.909 0 -930.909
16 0 1392.2 0 -1392.2
11 30 1178.15 1178.24 0.0975383
6 30 934.758 934.861 0.102658
16 0 936.412 0 -936.412
2 31 960.568 960.666 0.0975382
26 31 938.19 940.492 2.30196
2 31 684.248 686.55 2.30195
25 30 686.656 688.958 2.30197
27 0 688.052 0 -688.052
1 0 689.054 0 -689.054
13 0 690.069 0 -690.069
8 0 690.737 0 -690.737
10 30 691.407 693.709 2.30195
11 30 691.825 694.127 2.30195
4 31 692.902 695.203 2.30196
12 0 695.592 0 -695.592
9 0 696.444 0 -696.444
15 0 697.223 0 -697.223
5 30 698.983 701.285 2.30195
18 0 699.379 0 -699.379
20 30 700.249 702.551 2.30196
23 0 700.385 0 -700.385
3 31 700.516 702.818 2.30195
14 0 703.016 0 -703.016
28 0 703.114 0 -703.114
0 31 703.26 705.561 2.30195
24 0 704.642 0 -704.642
21 0 704.647 0 -704.647
19 0 704.798 0 -704.798
17 0 704.803 0 -704.803
6 30 706.865 709.167 2.30195
26 31 710.296 712.598 2.30196
22 0 941.533 0 -941.533
21 30 1388.33 1390.63 2.30196
5 30 1382.66 1382.77 0.102657
2 31 930.568 930.671 0.102658
4 31 1376.58 1376.68 0.10266
8 31 1374.42 1376.72 2.30195
3 31 1384.2 1386.5 2.30195
0 31 949.58 949.677 0.0975389
21 30 932.54 934.842 2.30196
19 30 932.691 934.993 2.30196
0 31 979.58 979.682 0.102659
6 30 953.185 953.283 0.0975377
2 31 912.141 912.244 0.102658
25 31 914.549 916.851 2.30196
27 30 915.945 918.247 2.30197
1 30 916.947 919.249 2.30195
13 0 917.962 0 -917.962
8 0 918.63 0 -918.63
10 30 919.301 919.403 0.102657
11 31 919.719 922.021 2.30196
4 31 920.795 923.097 2.30196
12 0 923.485 0 -923.485
23 0 1384.06 0 -1384.06
15 0 925.116 0 -925.116
18 0 927.272 0 -927.272
0 31 931.153 931.255 0.102659
28 0 931.007 0 -931.007
17 0 932.697 0 -932.697
3 31 928.41 930.712 2.30195
7 31 936.514 938.816 2.30195
2 31 990.568 990.666 0.0975382
0 31 1009.58 1009.68 0.0975389
29 31 1393.41 1395.71 2.30196
10 30 997.728 997.825 0.0975375
13 0 1373.75 0 -1373.75
6 30 1013.19 1013.28 0.0975377
0 31 1039.58 1039.68 0.0975389
20 30 1383.93 1386.23 2.30196
2 31 1020.57 1020.67 0.0975382
0 31 1159.58 1159.68 0.0975389
28 0 1386.79 0 -1386.79
10 30 1027.73 1027.83 0.0975375
10 30 1147.73 1147.83 0.0975375
6 30 1043.19 1043.28 0.0975377
14 0 1386.7 0 -1386.7
2 31 1050.57 1050.67 0.0975382
0 31 1069.58 1069.68 0.0975389
11 30 1157.77 1157.88 0.102658
10 30 1057.73 1057.83 0.0975375
7 31 1194.94 1195.04 0.0975382
26 31 1393.98 1394.3 0.328713
24 0 1388.32 0 -1388.32
6 30 1163.19 1163.28 0.0975377
12 31 1379.27 1381.57 2.30198
6 30 1073.19 1073.28 0.0975377
23 0 1156.17 0 -1156.17
2 31 1080.57 1080.67 0.0975382
27 0 1143.84 0 -1143.84
0 31 1099.58 1099.68 0.0975389
10 30 1087.73 1087.83 0.0975375
25 31 1142.44 1144.74 2.30196
12 0 1151.38 0 -1151.38
1 30 1175.37 1175.47 0.0975371
3 31 1156.3 1158.6 2.30195
19 30 1160.58 1162.89 2.30196
1 30 1144.84 1144.94 0.102657
11 30 1147.61 1147.71 0.102658
9 30 1152.23 1152.33 0.10266
6 30 1103.19 1103.28 0.0975377
4 31 1148.69 1150.99 2.30196
14 0 1158.8 0 -1158.8
2 30 1170.57 1170.67 0.0975415
25 31 1370.34 1370.95 0.616458
2 31 1110.57 1110.67 0.0975382
22 0 1397.32 0 -1397.32
28 0 1158.9 0 -1158.9
21 30 1160.43 1162.74 2.30196
19 30 1388.48 1390.78 2.30196
0 31 1129.58 1129.68 0.0975389
29 0 1165.52 0 -1165.52
13 0 1145.86 0 -1145.86
8 0 1146.52 0 -1146.52
10 30 1117.73 1117.83 0.0975375
24 0 1160.43 0 -1160.43
16 0 1164.31 0 -1164.31
15 0 1153.01 0 -1153.01
5 30 1154.77 1157.07 2.30195
18 30 1155.17 1157.47 2.30195
20 0 1156.04 0 -1156.04
0 31 1189.58 1189.68 0.0975389
7 31 1164.41 1164.51 0.102658
17 0 1160.59 0 -1160.59
6 30 1133.19 1133.28 0.0975377
15 0 1380.9 0 -1380.9
18 30 1383.06 1385.36 2.30195
26 31 1166.08 1168.38 2.30196
22 0 1169.43 0 -1169.43
2 31 1140.57 1140.67 0.0975382
9 30 1162.39 1162.5 0.10266
6 30 1193.19 1193.28 0.0975377
17 0 1388.48 0 -1388.48
