2 26 0.571343 2.8733 2.30195
4 21 1.97827 4.28023 2.30195
6 21 11.5605 13.8624 2.30195
5 20 10.8662 13.1682 2.30195
18 24 7.38975 9.69171 2.30195
11 25 9.02168 11.3236 2.30195
19 27 17.4021 19.7041 2.30195
0 20 16.3669 18.6689 2.30195
16 22 15.516 17.818 2.30195
9 22 18.5798 20.8818 2.30196
1 20 22.6962 24.9982 2.30195
12 25 20.5479 22.8499 2.30195
8 22 19.9496 22.2516 2.30196
13 23 23.8429 26.1449 2.30195
3 20 24.2998 26.6017 2.30195
14 23 25.6438 27.9458 2.30196
17 22 26.3718 28.6738 2.30196
15 22 26.3649 28.6669 2.30196
10 22 28.7191 31.021 2.30196
7 20 29.8076 32.1096 2.30195
1 20 250.589 252.891 2.30195
12 25 248.441 250.743 2.30195
14 0 253.537 0 -253.537
17 22 482.158 484.46 2.30196
8 22 247.843 250.145 2.30196
7 20 257.701 260.003 2.30195
3 0 252.193 0 -252.193
9 24 246.473 248.775 2.30197
13 23 251.736 254.038 2.30195
2 26 228.465 230.767 2.30195
4 21 229.872 232.173 2.30195
18 24 235.283 237.585 2.30195
11 25 236.915 239.217 2.30195
5 20 238.759 241.061 2.30195
6 21 239.454 241.756 2.30195
16 22 243.409 245.711 2.30195
0 20 244.26 246.562 2.30195
19 27 245.295 247.597 2.30195
15 0 254.258 0 -254.258
17 0 254.265 0 -254.265
10 22 256.612 258.914 2.30196
5 20 466.653 468.955 2.30195
16 22 471.302 473.604 2.30195
14 0 481.43 0 -481.43
9 22 474.366 476.668 2.30196
18 24 463.176 465.478 2.30195
3 0 480.086 0 -480.086
15 22 482.151 484.453 2.30196
10 22 484.506 486.808 2.30196
17 22 710.052 712.354 2.30196
11 25 464.808 467.11 2.30195
7 20 485.594 487.896 2.30195
2 26 456.358 458.66 2.30195
4 21 457.765 460.067 2.30195
0 20 472.153 474.455 2.30195
6 21 467.347 469.649 2.30195
12 25 476.334 478.636 2.30195
19 27 473.189 475.491 2.30195
8 22 475.736 478.038 2.30196
13 23 479.629 481.931 2.30195
1 20 478.483 480.785 2.30195
15 22 710.045 712.347 2.30196
14 0 709.324 0 -709.324
6 21 941.56 941.663 0.102657
1 20 934.269 934.372 0.102657
3 20 707.98 710.281 2.30195
2 26 684.251 686.553 2.30195
4 21 685.658 687.96 2.30195
18 24 691.069 693.371 2.30195
11 25 692.701 695.003 2.30195
5 20 694.546 696.848 2.30195
6 21 695.24 697.542 2.30195
16 22 699.196 701.498 2.30195
0 20 700.047 702.349 2.30195
19 27 701.082 703.384 2.30195
9 0 702.26 0 -702.26
8 0 703.629 0 -703.629
12 25 704.228 706.53 2.30195
1 20 706.376 708.678 2.30195
13 23 707.523 709.825 2.30195
13 23 1073.84 1073.94 0.0975363
3 20 935.873 938.175 2.30195
10 22 712.399 714.701 2.30196
7 20 713.487 715.789 2.30195
10 22 940.292 940.909 0.616457
2 26 960.571 960.674 0.102657
2 26 930.571 930.674 0.102657
5 20 940.866 940.969 0.102659
11 25 939.022 939.124 0.102657
7 20 941.381 941.483 0.102658
2 26 912.144 912.247 0.102657
4 21 913.551 913.654 0.102657
18 24 918.963 919.291 0.328706
11 25 920.595 920.697 0.102657
5 20 922.439 922.542 0.102659
6 21 923.133 923.236 0.102657
9 22 930.153 932.455 2.30196
18 24 951.504 951.689 0.184834
15 0 937.938 0 -937.938
13 23 935.416 935.601 0.184832
8 22 931.523 933.825 2.30196
16 22 927.089 927.192 0.102659
17 0 937.945 0 -937.945
19 27 928.975 929.078 0.102657
0 20 927.94 928.043 0.102658
11 25 1089.02 1089.12 0.0975371
14 0 937.217 0 -937.217
4 21 931.978 932.081 0.102657
12 25 932.121 932.224 0.102658
4 21 961.978 962.076 0.0975374
19 27 947.402 947.505 0.102657
7 20 959.808 959.91 0.102658
16 22 945.516 945.619 0.102659
0 20 946.367 946.47 0.102658
13 23 1163.84 1163.94 0.0975363
12 25 950.548 950.651 0.102658
4 21 1081.98 1082.08 0.0975374
11 25 969.022 969.124 0.102657
1 20 952.696 952.799 0.102657
13 23 953.843 953.946 0.102656
18 24 969.803 969.977 0.174594
19 27 977.402 977.505 0.102657
5 20 970.866 970.969 0.102659
2 26 990.571 990.669 0.0975368
6 21 971.56 971.663 0.102657
16 22 975.516 975.619 0.102659
0 20 976.367 976.47 0.102658
4 21 991.978 992.076 0.0975374
12 25 980.548 980.651 0.102658
7 20 989.808 989.91 0.102658
1 20 1192.7 1192.79 0.0975371
1 20 982.696 982.799 0.102657
13 23 983.843 983.946 0.102656
0 20 1006.37 1006.47 0.102658
18 24 997.39 997.492 0.102658
16 22 1005.52 1005.62 0.102659
10 22 1001.32 1001.94 0.616457
12 25 1010.55 1010.65 0.102658
6 21 1001.56 1001.66 0.0975366
16 22 1035.52 1035.61 0.0975387
11 25 999.022 999.124 0.102657
5 20 1000.87 1000.97 0.102659
12 25 1040.55 1040.65 0.102658
19 27 1187.4 1187.5 0.0975373
4 21 1021.98 1022.08 0.0975374
19 27 1007.4 1007.5 0.0975373
5 20 1030.87 1030.97 0.102659
2 26 1020.57 1020.67 0.0975368
1 20 1012.7 1012.8 0.102657
2 26 1170.57 1170.67 0.0975368
13 23 1013.84 1013.94 0.0975363
11 25 1029.02 1029.12 0.0975371
7 20 1019.81 1019.91 0.102658
6 21 1031.56 1031.66 0.0975366
19 27 1037.4 1037.5 0.0975373
18 24 1027.39 1027.49 0.102658
13 23 1103.84 1103.94 0.0975363
19 27 1067.4 1067.5 0.0975373
0 20 1066.37 1066.46 0.0975376
0 20 1036.37 1036.47 0.102658
6 21 1061.56 1061.66 0.0975366
5 20 1060.87 1060.96 0.0975388
10 22 1062.35 1062.97 0.616457
2 26 1050.57 1050.67 0.0975368
7 20 1049.81 1049.91 0.0975383
10 22 1184.41 1185.02 0.616457
1 20 1042.7 1042.79 0.0975371
11 25 1059.02 1059.12 0.0975371
13 23 1043.84 1043.94 0.0975363
18 24 1057.39 1057.49 0.102658
16 22 1065.52 1065.61 0.0975387
4 21 1051.98 1052.08 0.0975374
1 20 1072.7 1072.79 0.0975371
2 26 1080.57 1080.67 0.0975368
6 21 1151.56 1151.66 0.0975366
12 25 1070.55 1070.65 0.0975381
19 27 1097.4 1097.5 0.0975373
6 21 1091.56 1091.66 0.0975366
5 20 1090.87 1090.96 0.0975388
10 22 1123.38 1123.99 0.616457
5 20 1120.87 1120.96 0.0975388
7 20 1079.81 1079.91 0.0975383
18 24 1087.39 1087.49 0.0975382
18 24 1117.39 1117.49 0.0975382
0 20 1126.37 1126.46 0.0975376
13 23 1133.84 1133.94 0.0975363
15 22 1165.83 1168.13 2.30196
12 25 1100.55 1100.65 0.0975381
11 25 1119.02 1119.12 0.0975371
16 22 1095.52 1095.61 0.0975387
0 20 1096.37 1096.46 0.0975376
2 26 1110.57 1110.67 0.0975368
1 20 1102.7 1102.79 0.0975371
7 20 1109.81 1109.91 0.0975383
19 27 1127.4 1127.5 0.0975373
3 20 1163.77 1166.07 2.30195
9 22 1158.05 1160.35 2.30196
11 25 1149.02 1149.12 0.0975371
6 21 1121.56 1121.66 0.0975366
4 21 1111.98 1112.08 0.0975374
12 25 1130.55 1130.65 0.0975381
16 22 1125.52 1125.61 0.0975387
8 22 1159.42 1159.52 0.102661
1 20 1132.7 1132.79 0.0975371
4 21 1141.98 1142.08 0.0975374
5 20 1150.87 1150.96 0.0975388
17 22 1165.84 1168.14 2.30196
2 26 1140.57 1140.67 0.0975368
14 23 1165.11 1167.41 2.30196
12 25 1160.55 1160.65 0.0975381
19 27 1157.4 1157.5 0.0975373
7 20 1139.81 1139.91 0.0975383
18 24 1177.39 1177.49 0.0975382
1 20 1162.7 1162.79 0.0975371
18 24 1147.39 1147.49 0.0975382
11 25 1179.02 1179.12 0.0975371
7 20 1169.81 1169.91 0.0975383
5 20 1180.87 1180.96 0.0975388
16 22 1155.52 1155.61 0.0975387
0 20 1156.37 1156.46 0.0975376
8 0 1169.58 0 -1169.58
6 21 1181.56 1181.66 0.0975366
12 25 1190.55 1190.65 0.0975381
13 23 1193.84 1193.94 0.0975363
10 22 1245.43 1246.05 0.616457
4 21 1171.98 1172.08 0.0975374
8 22 1189.95 1190.05 0.097541
7 20 1199.81 1199.91 0.0975383
3 20 1391.66 1391.76 0.102658
14 23 1393 1395.31 2.30196
9 22 1385.94 1388.24 2.30196
0 20 1186.37 1186.46 0.0975376
16 22 1185.52 1185.61 0.0975387
15 22 1393.72 1394.34 0.616459
17 22 1393.73 1396.03 2.30196
