0 5468.75 1.9877654285714288 0.8900503883643925
1 5468.75 0.728467142857143 1.4665256611072497
2 5468.75 1.3586648571428572 1.1780369024501067
3 5468.75 1.3586644428571428 1.1780370920997498
4 5468.75 0.7281006428571429 1.4666934356447499
5 5468.75 1.5679989666666667 1.082208980462845
6 5468.75 0.7277345428571429 1.4668610270722497
7 5468.75 1.5679987166666667 1.082209094906595
8 5468.75 2.3019525 0.7462234017411782
9 5468.75 0.7281019714285716 1.466692827457964
10 292.969 2.30195 -0.010917997494905747
11 5468.75 0.7281012428571428 1.4666931609797498
12 5468.75 2.30195 0.7462245461786783
13 5468.75 2.30195 0.7462245461786783
14 5468.75 1.9877667142857143 0.8900497997965354
15 292.969 2.30195 -0.010917997494905747
16 5468.75 0.7281012 1.4666931805986785
17 5468.75 0.7281016000000001 1.4666929974886784
18 5468.75 1.6728503142857143 1.0342106548065355
19 5468.75 0.7277348071428572 1.4668609060888569
20 5468.75 1.47721675 1.1237668096974285
21 292.969 2.30195 -0.010917997494905747
22 5468.75 1.9354098333333332 0.9140174709745117
23 5468.75 1.3586648714285714 1.1780368959104641
24 5468.75 0.7284669428571429 1.4665257526622497
25 292.969 2.30196 -0.010922575244905704
26 5468.75 2.30195 0.7462245461786783
27 5468.75 1.9354046666666669 0.9140198361453449
28 5468.75 0.7281050571428571 1.466691414895107
29 292.969 2.30196 -0.010922575244905704
30 5468.75 0.7281020285714286 1.4666928012993927
31 5468.75 1.3711357142857143 1.1723280558215354
32 292.969 2.30195 -0.010917997494905747
33 5468.75 1.9345478166666668 0.914412080654095
34 537.109 1.8789014285714285 0.21845724351533663
35 292.969 2.30196 -0.010922575244905704
36 292.969 2.301965 -0.010924864119905682
37 1757.81 2.3019624999999997 0.2033615139504233
38 976.562 1.9648591999999998 0.2433935971894336
39 292.969 2.30196 -0.010922575244905704
40 5468.75 0.7281013714285715 1.466693102122964
41 5468.75 0.7277351285714285 1.4668607589468927
42 5468.75 1.6728489000000002 1.0342113022311783
43 5468.75 0.7762119538461539 1.4446692802567553
44 537.109 2.1609442857142858 0.08934507458676515
45 5468.75 0.7295656285714286 1.4660228018093926
46 5468.75 0.7284684142857144 1.4665250790790354
47 5468.75 0.7442542 1.4592987410236784
48 976.562 2.30196 0.08907727846943353
49 537.109 2.301965 0.02478931710462233
