0 5468.75 1.8620937999999998 0.9475797181336784
1 292.969 2.301956666666667 -0.010921049328239125
2 5468.75 0.7281013142857143 1.4666931282815354
3 5468.75 0.7277352571428573 1.4668607000901068
4 5468.75 0.7281005142857143 1.4666934945015355
5 5468.75 1.6728497285714286 1.0342109229318925
6 5468.75 1.9877742857142857 0.8900463337858212
7 3125.0 1.9491061666666665 0.5648906145134114
8 5468.75 0.7284670928571428 1.4665256839959997
9 5468.75 1.6728494142857144 1.0342110668040354
10 5468.75 2.3019525 0.7462234017411782
11 5468.75 0.7281013714285715 1.466693102122964
12 5468.75 0.7295656285714286 1.4660228018093926
13 5468.75 1.9491006666666666 0.9077501497453451
14 5468.75 1.6955997142857144 1.0237965482215354
15 3125.0 2.3019525 0.4033663842717446
16 292.969 2.30195 -0.010917997494905747
17 5468.75 1.8620934000000002 0.9475799012436782
18 292.969 2.30196 -0.010922575244905704
19 5468.75 1.3586648000000001 1.1780369286086783
20 5468.75 1.935403 0.9140205991036783
21 5468.75 2.30195 0.7462245461786783
22 5468.75 2.3019533333333335 0.7462230202620115
23 5468.75 1.477215125 1.1237675535818035
24 5468.75 0.7281007714285714 1.4666933767879642
25 5468.75 1.3593977142857143 1.1777014187715356
26 5468.75 1.8785325999999998 0.9400544464636784
27 5468.75 0.7284671928571429 1.4665256382184997
28 5468.75 1.3593962857142858 1.1777020727358212
29 976.562 2.30196 0.08907727846943353
30 5468.75 0.728467292857143 1.4665255924409997
31 5468.75 1.6728491285714286 1.0342111975968926
32 3125.0 1.620230333333333 0.7154417491175782
33 5468.75 1.9354013333333333 0.9140213620620117
34 5468.75 1.476582825 1.1240570047143033
35 5468.75 1.4765754625 1.124060375082741
36 5468.75 0.7288371714285714 1.466356271277964
37 5468.75 1.477215125 1.1237675535818035
38 5468.75 0.7284707142857142 1.4665240261965355
39 5468.75 0.7281012571428571 1.466693154440107
40 292.969 2.301963333333333 -0.010924101161572282
41 5468.75 1.476575825 1.1240602091393033
42 5468.75 0.7277350642857143 1.4668607883752856
43 5468.75 2.3019514285714284 0.7462238922143927
44 5468.75 0.7281012571428571 1.466693154440107
45 5468.75 0.7281016000000001 1.4666929974886784
46 5468.75 0.7770007076923077 1.4443082084648322
47 976.562 1.920154714285714 0.2638581931372908
48 5468.75 1.4772158750000002 1.1237672102505534
49 5468.75 1.8620914000000002 0.9475808167936782
50 5468.75 0.7292034999999999 1.4661885752161785
51 5468.75 0.7284713285714285 1.4665237449918926
52 5468.75 0.7284673428571429 1.4665255695522499
53 5468.75 0.7777871230769231 1.44394820716214
54 5468.75 1.5679996166666668 1.082208682909095
55 5468.75 0.7284672428571428 1.46652561532975
56 5468.75 0.7394758071428572 1.461486169813857
57 5468.75 0.7288326857142857 1.4663583247258212
58 5468.75 0.7762116307692307 1.444669428153294
59 1757.81 2.30196 0.20336265838792317
