0 5468.75 1.6728489285714285 1.0342112891518926
1 292.969 2.30195 -0.010917997494905747
2 5468.75 0.7277359714285715 1.4668603731079641
3 5468.75 2.30196 0.7462199684286783
4 5468.75 0.728101 1.4666932721536785
5 5468.75 1.47657635 1.1240599688074284
6 5468.75 1.8620997999999997 0.9475769714836785
7 5468.75 1.8620936000000001 0.9475798096886783
8 5468.75 1.4765755125000002 1.124060352193991
9 5468.75 0.7281009571428572 1.466693291772607
10 292.969 2.30195 -0.010917997494905747
11 292.969 2.30195 -0.010917997494905747
12 5468.75 2.30195 0.7462245461786783
13 292.969 2.30195 -0.010917997494905747
14 292.969 2.301956666666667 -0.010921049328239125
15 5468.75 0.7281016000000001 1.4666929974886784
16 5468.75 0.7277346785714286 1.4668609649456426
17 292.969 2.30195 -0.010917997494905747
18 5468.75 1.6728494000000003 1.0342110733436782
19 5468.75 0.7277355857142858 1.4668605496783211
20 292.969 2.30195 -0.010917997494905747
21 5468.75 1.3586662857142857 1.1780362484858213
22 5468.75 1.9354045 0.9140199124411783
23 5468.75 0.7281007142857143 1.4666934029465355
24 5468.75 1.8620916 0.9475807252386783
25 292.969 2.30195 -0.010917997494905747
26 5468.75 1.4765758125000001 1.1240602148614909
27 292.969 2.30195 -0.010917997494905747
28 292.969 2.30196 -0.010922575244905704
29 292.969 2.30197 -0.01092715299490566
