0 5468.75 0.7284669428571429 1.4665257526622497
1 5468.75 0.7291985714285715 1.4661908313929641
2 5468.75 0.728467142857143 1.4665256611072497
3 5468.75 0.7347024 1.4636713162686785
4 5468.75 1.4772155 1.1237673819161782
5 5468.75 0.7284663285714287 1.4665260338668926
6 5468.75 0.7288319714285715 1.466358651707964
7 5468.75 0.7281016571428571 1.466692971330107
8 5468.75 0.7306664357142856 1.4655188798195713
9 5468.75 0.7281012571428571 1.466693154440107
10 5468.75 1.6728491428571428 1.0342111910572498
11 292.969 2.30197 -0.01092715299490566
12 537.109 2.1374416666666662 0.10010398602128916
13 5468.75 0.7281016000000001 1.4666929974886784
14 5468.75 0.7281014285714287 1.4666930759643926
15 5468.75 0.7295686857142857 1.4660214023258213
16 5468.75 0.7762116461538462 1.4446694211106015
17 537.109 1.8789042857142857 0.21845593558676518
18 5468.75 1.606527 1.0645718100036783
19 5468.75 0.8706561076923077 1.4014351077298322
