0 5468.75 2.30196 0.7462199684286783
1 5468.75 1.9354011666666668 0.9140214383578449
2 5468.75 1.3586710142857144 1.1780340838640355
3 292.969 2.301952 -0.010918913044905783
4 5468.75 1.9345495833333335 0.9144112719182615
5 5468.75 1.9354028333333335 0.9140206753995116
6 5468.75 1.9877654285714286 0.8900503883643927
7 5468.75 2.301952857142857 0.7462232382501068
8 5468.75 2.30195 0.7462245461786783
9 5468.75 1.9345497 0.9144112185111783
10 5468.75 0.7339773428571428 1.4640032293022498
11 1757.81 1.1247336363636362 0.7422674570015597
12 292.969 2.30196 -0.010922575244905704
13 292.969 2.30197 -0.01092715299490566
14 292.969 2.30197 -0.01092715299490566
16 292.969 2.301963333333333 -0.010924101161572282
17 3125.0 0.7831478571428571 1.0986371796556733
18 976.562 1.4431677777777778 0.4822108879972113
19 292.969 2.30197 -0.01092715299490566
