0 5468.75 2.30195 0.7462245461786783
1 5468.75 1.4868501125 1.119356897178991
2 292.969 2.30195 -0.010917997494905747
3 5468.75 2.30195 0.7462245461786783
4 3125.0 1.9995091428571428 0.5418173920878162
5 5468.75 0.7281016000000001 1.4666929974886784
6 5468.75 1.4772222499999998 1.1237642919349284
7 5468.75 1.9877652857142858 0.8900504537608211
8 5468.75 1.6728491142857145 1.0342112041365352
9 292.969 2.30195 -0.010917997494905747
10 5468.75 0.7277357142857143 1.4668604908215355
11 5468.75 1.9877654285714286 0.8900503883643927
12 5468.75 0.7281027428571428 1.4666924743172498
13 5468.75 0.7284670357142858 1.4665257101545712
14 5468.75 1.987766857142857 0.8900497344001069
15 5468.75 0.7277352571428573 1.4668607000901068
16 5468.75 1.476577075 1.1240596369205533
17 5468.75 1.476575525 1.1240603464718033
18 5468.75 0.7291998928571429 1.4661902264759998
19 5468.75 0.727735092857143 1.4668607752959997
20 5468.75 0.7288337428571429 1.4663578407922497
21 5468.75 1.7176128571428573 1.013719481750107
22 5468.75 0.7281013714285715 1.466693102122964
23 5468.75 0.7284708357142857 1.4665239706095712
24 5468.75 1.9354013333333333 0.9140213620620117
25 5468.75 1.4765755 1.1240603579161783
26 5468.75 0.7277347428571429 1.4668609355172497
27 5468.75 0.7277348000000001 1.4668609093586784
28 5468.75 1.47657795 1.1240592363674282
29 5468.75 1.359398285714286 1.1777011571858211
30 5468.75 0.7281019142857144 1.4666928536165356
31 5468.75 0.7943880000000001 1.4363487407286784
32 5468.75 0.7299350857142857 1.4658536735658212
33 976.562 1.9648587999999996 0.24339378029943376
34 5468.75 0.7762118307692307 1.4446693365982939
35 976.562 2.30196 0.08907727846943353
36 1757.81 2.0611732857142857 0.31358879652006605
37 3125.0 1.9073097999999997 0.5840239462642449
38 3125.0 1.6956057142857142 0.6809367841021019
39 292.969 2.30196 -0.010922575244905704
