0 5468.75 0.7288330714285715 1.4663581481554642
1 5468.75 0.7295644285714287 1.4660233511393925
2 5468.75 0.7277357142857143 1.4668604908215355
3 5468.75 0.7288328571428572 1.466358246250107
4 5468.75 0.7281016000000001 1.4666929974886784
5 5468.75 0.7281008857142857 1.4666933244708213
6 5468.75 1.8620916 0.9475807252386783
7 5468.75 0.7281014285714287 1.4666930759643926
8 5468.75 0.7284665285714286 1.4665259423118926
9 5468.75 1.8620936000000001 0.9475798096886783
10 5468.75 0.7354332857142858 1.4633367350608213
11 5468.75 0.7281011428571429 1.4666932067572498
12 5468.75 0.7288330714285715 1.4663581481554642
13 5468.75 0.888045053846154 1.3934748829042554
14 5468.75 0.7354333428571429 1.4633367089022498
15 5468.75 0.7354333142857143 1.4633367219815354
16 5468.75 0.7281013142857143 1.4666931282815354
17 5468.75 0.7281007142857143 1.4666934029465355
18 537.109 1.9729166666666664 0.17541941789628906
19 5468.75 0.7361654000000001 1.4630015914436783
