0 292.969 2.30195 -0.010917997494905747
1 5468.75 0.7281007714285714 1.4666933767879642
2 292.969 2.30195 -0.010917997494905747
3 292.969 2.30195 -0.010917997494905747
4 5468.75 1.3586702 1.1780344566236782
5 292.969 2.30195 -0.010917997494905747
6 5468.75 0.7281004857142858 1.4666935075808212
7 5468.75 1.5679993833333334 1.0822087897232615
8 5468.75 0.7277346071428571 1.466860997643857
9 5468.75 2.30195 0.7462245461786783
10 5468.75 1.6728493857142859 1.0342110798833213
11 5468.75 0.7284676571428571 1.466525425680107
12 5468.75 0.7281023142857144 1.4666926705065355
13 292.969 2.30195 -0.010917997494905747
14 5468.75 1.9354028333333335 0.9140206753995116
15 5468.75 1.4765754875000001 1.1240603636383657
16 5468.75 1.4765754375000002 1.1240603865271157
17 5468.75 2.30195 0.7462245461786783
18 292.969 2.3019533333333335 -0.010919523411572547
19 5468.75 0.7277344142857143 1.4668610859290356
20 5468.75 1.8620918000000004 0.9475806336836782
21 5468.75 1.6728491571428574 1.0342111845176067
22 292.969 2.301956666666667 -0.010921049328239125
23 5468.75 1.4765754875000001 1.1240603636383657
24 5468.75 2.301955 0.7462222573036783
25 292.969 2.30195 -0.010917997494905747
26 5468.75 0.7281014285714287 1.4666930759643926
27 5468.75 0.7281019142857142 1.4666928536165356
28 5468.75 0.7281013142857143 1.4666931282815354
29 5468.75 1.9877654285714286 0.8900503883643927
30 292.969 2.30196 -0.010922575244905704
31 5468.75 0.7281030285714286 1.4666923435243926
32 292.969 2.30195 -0.010917997494905747
33 5468.75 0.7288366 1.4663565328636783
34 5468.75 1.4765751375 1.1240605238596157
35 5468.75 1.4772155 1.1237673819161782
36 5468.75 1.3586714857142856 1.178033868055821
37 5468.75 0.7281008857142857 1.4666933244708213
38 5468.75 0.7281008857142857 1.4666933244708213
39 5468.75 0.7281016571428571 1.466692971330107
40 976.562 1.2906558 0.5520270586244336
41 5468.75 0.7284670928571428 1.4665256839959997
42 5468.75 0.7281007 1.4666934094861783
43 5468.75 0.7281012571428571 1.466693154440107
44 5468.75 0.7277348071428572 1.4668609060888569
45 5468.75 1.9354013333333333 0.9140213620620117
46 5468.75 1.672849185714286 1.034211171438321
47 5468.75 0.7281010285714286 1.4666932590743926
48 5468.75 2.301955 0.7462222573036783
49 5468.75 1.5679990666666666 1.0822089346853452
50 292.969 2.3019533333333335 -0.010919523411572547
51 292.969 2.30196 -0.010922575244905704
52 1757.81 1.6442103333333333 0.5044640120462565
53 5468.75 0.729569857142857 1.466020866075107
54 292.969 2.30197 -0.01092715299490566
55 292.969 2.30195 -0.010917997494905747
56 292.969 2.30196 -0.010922575244905704
57 292.969 2.30197 -0.01092715299490566
58 292.969 2.3019616666666667 -0.010923338203239104
59 5468.75 0.7284708142857143 1.4665239804190355
