0 292.969 2.30196 -0.010922575244905704
1 5468.75 1.8620912 0.9475809083486783
2 5468.75 1.358664957142857 1.178036856672607
3 5468.75 2.3019525 0.7462234017411782
4 3125.0 2.301958 0.4033638665092448
5 5468.75 0.7281020857142858 1.4666927751408212
6 5468.75 1.47721675 1.1237668096974285
7 5468.75 1.4765763875 1.1240599516408658
8 5468.75 1.6728491285714286 1.0342111975968926
9 292.969 2.30195 -0.010917997494905747
10 5468.75 0.7277345428571429 1.4668610270722497
11 5468.75 0.7281007714285714 1.4666933767879642
12 5468.75 1.6728493714285715 1.0342110864229639
13 5468.75 1.9877655714285716 0.8900503229679639
14 5468.75 0.7299314857142857 1.4658553215558212
15 5468.75 1.8620916 0.9475807252386783
16 292.969 2.301955 -0.010920286369905725
17 5468.75 0.7281007714285714 1.4666933767879642
18 5468.75 1.9877668571428573 0.8900497344001068
19 5468.75 0.7277348071428572 1.4668609060888569
20 5468.75 1.4765828749999999 1.1240569818255532
21 292.969 2.30195 -0.010917997494905747
22 292.969 2.30195 -0.010917997494905747
23 5468.75 0.7277404857142856 1.4668583065808214
24 5468.75 1.6728489285714285 1.0342112891518926
25 5468.75 1.9354011666666668 0.9140214383578449
26 5468.75 0.7339775714285713 1.4640031246679641
27 292.969 2.30196 -0.010922575244905704
28 5468.75 1.8620916 0.9475807252386783
29 5468.75 1.6728489000000002 1.0342113022311783
30 5468.75 0.7281022571428571 1.466692696665107
31 5468.75 1.8620914000000002 0.9475808167936782
32 5468.75 1.3586644142857143 1.1780371051790355
33 5468.75 1.4765754875000001 1.1240603636383657
34 292.969 2.30196 -0.010922575244905704
35 5468.75 0.7292006785714286 1.4661898667956428
36 5468.75 1.476577975 1.1240592249230534
37 292.969 2.30196 -0.010922575244905704
38 5468.75 0.7284677571428572 1.466525379902607
39 5468.75 0.7770000153846154 1.4443085253859862
40 5468.75 0.7281055428571428 1.46669119254725
41 5468.75 1.3594032857142857 1.1776988683108214
42 3125.0 1.8785353999999999 0.5971961472242449
43 292.969 2.30196 -0.010922575244905704
45 292.969 2.301963333333333 -0.010924101161572282
46 5468.75 0.7277351285714285 1.4668607589468927
47 5468.75 2.30195 0.7462245461786783
48 5468.75 1.477223625 1.1237636624943033
49 5468.75 0.7449850285714286 1.4589641859743927
50 976.562 2.30196 0.08907727846943353
51 3125.0 1.6956054285714284 0.6809369148949591
52 292.969 2.30196 -0.010922575244905704
53 3125.0 2.30196 0.40336295095924474
54 5468.75 0.7281054285714285 1.4666912448643927
55 976.562 2.30196 0.08907727846943353
56 292.969 2.30196 -0.010922575244905704
57 292.969 2.30196 -0.010922575244905704
58 292.969 2.301965 -0.010924864119905682
59 292.969 2.30197 -0.01092715299490566
