0 292.969 2.30195 -0.010917997494905747
1 292.969 2.30195 -0.010917997494905747
2 5468.75 1.9354098333333332 0.9140174709745117
3 292.969 2.30196 -0.010922575244905704
4 292.969 2.30195 -0.010917997494905747
5 292.969 2.30195 -0.010917997494905747
6 5468.75 1.8620998 0.9475769714836784
7 292.969 2.30195 -0.010917997494905747
8 292.969 2.30195 -0.010917997494905747
9 292.969 2.30196 -0.010922575244905704
10 292.969 2.30196 -0.010922575244905704
11 292.969 2.30195 -0.010917997494905747
12 5468.75 2.30195 0.7462245461786783
13 5468.75 0.7277353214285716 1.466860670661714
14 5468.75 2.30195 0.7462245461786783
15 5468.75 2.30195 0.7462245461786783
16 5468.75 1.3586714142857141 1.1780339007540355
17 292.969 2.30195 -0.010917997494905747
18 5468.75 0.72773565 1.4668605202499285
19 292.969 2.30195 -0.010917997494905747
22 292.969 2.30197 -0.01092715299490566
26 292.969 2.30196 -0.010922575244905704
27 292.969 2.30196 -0.010922575244905704
29 292.969 2.30197 -0.01092715299490566
30 292.969 2.30196 -0.010922575244905704
31 292.969 2.30196 -0.010922575244905704
33 292.969 2.30196 -0.010922575244905704
34 292.969 2.30197 -0.01092715299490566
36 292.969 2.30196 -0.010922575244905704
41 292.969 2.30197 -0.01092715299490566
42 292.969 2.30197 -0.01092715299490566
43 292.969 2.30197 -0.01092715299490566
45 292.969 2.30197 -0.01092715299490566
48 292.969 2.30196 -0.010922575244905704
49 292.969 2.30197 -0.01092715299490566
