0 5468.75 0.7303007571428571 1.465686278327607
1 5468.75 0.7281017142857144 1.4666929451715354
2 5468.75 0.7288333571428572 1.466358017362607
3 5468.75 1.8620936000000001 0.9475798096886783
4 5468.75 2.30196 0.7462199684286783
5 5468.75 0.7277346071428571 1.466860997643857
6 5468.75 1.4765767375 1.1240597914196158
7 5468.75 0.7306663999999999 1.4655188961686785
8 5468.75 1.3593962857142858 1.1777020727358212
9 5468.75 1.987765142857143 0.8900505191572496
10 5468.75 0.7762122153846155 1.444669160530986
11 5468.75 0.7277355214285715 1.4668605791067142
12 292.969 2.30197 -0.01092715299490566
13 292.969 2.30197 -0.01092715299490566
14 3125.0 1.6202309999999998 0.7154414439342449
15 5468.75 1.8620918 0.9475806336836783
16 292.969 2.30197 -0.01092715299490566
17 537.109 2.0199242857142856 0.15390050508676517
18 976.562 1.29066 0.5520251359694337
19 976.562 1.8203885714285712 0.30952863918371937
