0 5468.75 0.7281005428571429 1.4666934814222499
1 5468.75 1.4765754750000002 1.1240603693605533
2 5468.75 0.7277352571428571 1.4668607000901068
3 5468.75 1.477215125 1.1237675535818035
4 5468.75 0.7288328571428572 1.466358246250107
5 5468.75 0.7284664785714287 1.4665259652006426
6 5468.75 1.3586644428571428 1.1780370920997498
7 5468.75 0.7281009428571429 1.4666932983122498
8 5468.75 1.4765751125000002 1.1240605353039907
9 5468.75 0.7281026857142857 1.4666925004758213
10 5468.75 0.7281014285714287 1.4666930759643926
11 5468.75 2.30195 0.7462245461786783
12 5468.75 0.7288329000000001 1.4663582266311783
13 5468.75 0.7281009428571429 1.4666932983122498
14 5468.75 0.7281012000000001 1.4666931805986783
15 5468.75 0.7284673928571429 1.4665255466634997
16 5468.75 0.7281016142857143 1.4666929909490356
17 5468.75 1.4765758125000001 1.1240602148614909
18 5468.75 0.7277345428571429 1.4668610270722497
19 5468.75 1.5679990333333336 1.0822089499445116
20 976.562 1.7401276666666667 0.3462700748611001
21 5468.75 1.6728494000000003 1.0342110733436782
22 537.109 1.8789042857142857 0.21845593558676518
23 292.969 2.30197 -0.01092715299490566
24 292.969 2.30197 -0.01092715299490566
25 1757.81 1.6442106666666667 0.5044638594545898
26 5468.75 1.6956062857142855 1.0237935399858213
27 5468.75 0.7281005428571429 1.4666934814222499
28 5468.75 1.6728574285714284 1.0342073980643927
29 1757.81 0.9358666153846152 0.8287260575302309
