0 5468.75 1.9877655714285716 0.8900503229679639
1 5468.75 1.4772158750000002 1.1237672102505534
2 5468.75 1.6728494714285715 1.0342110406454639
3 5468.75 2.30196 0.7462199684286783
4 5468.75 1.3593977142857143 1.1777014187715356
5 5468.75 1.6728494285714286 1.0342110602643926
6 5468.75 0.7762131307692308 1.4446687414907937
7 5468.75 1.47657605 1.1240601061399285
8 5468.75 0.7281015428571429 1.4666930236472497
9 3125.0 2.30196 0.40336295095924474
10 5468.75 0.7277344785714286 1.4668610565006426
11 3125.0 0.7941551428571428 1.0935983194378163
12 5468.75 0.7758179923076924 1.4448496260000245
13 3125.0 1.9995135714285712 0.5418153647985304
14 292.969 2.30195 -0.010917997494905747
15 292.969 2.30195 -0.010917997494905747
16 5468.75 0.740573 1.4609839023536784
17 5468.75 0.7295686285714285 1.4660214284843927
18 5468.75 1.9877668571428573 0.8900497344001068
19 292.969 2.301956666666667 -0.010921049328239125
20 292.969 2.30197 -0.01092715299490566
21 5468.75 1.8785353999999999 0.9400531646936784
22 292.969 2.301965 -0.010924864119905682
23 292.969 2.30196 -0.010922575244905704
24 5468.75 0.7281014285714286 1.4666930759643928
25 5468.75 0.7762125846153847 1.4446689915063706
26 292.969 2.30196 -0.010922575244905704
27 5468.75 1.477223 1.1237639486036783
28 5468.75 0.7281078 1.4666901592836785
29 976.562 1.29066 0.5520251359694337
30 292.969 2.30198 -0.010931730744905617
31 292.969 2.30197 -0.01092715299490566
32 5468.75 1.8620916 0.9475807252386783
33 976.562 2.1374383333333333 0.16439118442776685
34 292.969 2.30197 -0.01092715299490566
35 5468.75 0.7284669428571429 1.4665257526622497
36 292.969 2.30196 -0.010922575244905704
37 5468.75 1.705882857142857 1.019089182500107
38 292.969 2.3019624999999997 -0.010923719682405582
39 292.969 2.30196 -0.010922575244905704
