0 5468.75 0.7281015428571429 1.4666930236472497
1 5468.75 0.7281019142857144 1.4666928536165356
2 5468.75 0.7281016000000001 1.4666929974886784
3 5468.75 0.7284672928571428 1.466525592441
4 5468.75 0.835486323076923 1.41753495588214
5 5468.75 1.7058748571428572 1.0190928447001069
6 5468.75 1.3586647857142857 1.178036935148321
7 5468.75 1.6728503428571428 1.0342106417272499
8 5468.75 1.0976403636363636 1.2975273899650421
9 5468.75 0.7515796000000001 1.4559453560386784
10 5468.75 0.7284707142857142 1.4665240261965355
11 5468.75 1.8620916 0.9475807252386783
12 5468.75 0.7295647142857143 1.4660232203465355
13 5468.75 1.6955997142857144 1.0237965482215354
14 5468.75 0.7281008285714287 1.4666933506293927
15 976.562 1.820386857142857 0.3095294239408622
16 5468.75 1.6202233333333336 1.0583019710120114
17 1757.81 1.1247319999999998 0.7422682060879233
18 5468.75 0.7291985714285715 1.4661908313929641
19 5468.75 0.7281015428571429 1.4666930236472497
20 5468.75 1.3594024285714283 1.1776992606893928
21 5468.75 0.7339762571428571 1.4640037263151071
22 5468.75 0.7277351285714287 1.4668607589468925
23 5468.75 0.7284671928571429 1.4665256382184997
24 5468.75 1.48748875 1.1190645448974283
25 537.109 2.01992 0.15390246697962234
26 5468.75 0.7281001714285714 1.466693651452964
27 5468.75 0.7512144285714285 1.4561125223893927
28 1757.81 1.6442103333333333 0.5044640120462565
29 5468.75 0.7512147142857143 1.4561123915965355
