0 5468.75 1.8620918 0.9475806336836783
1 5468.75 0.7281007714285714 1.4666933767879642
2 5468.75 2.30195 0.7462245461786783
3 5468.75 0.7288322714285715 1.466358514375464
4 5468.75 0.7347017714285714 1.463671604012964
5 5468.75 0.7277351928571428 1.4668607295184999
6 5468.75 1.47721675 1.1237668096974285
7 5468.75 1.5688543333333334 1.0818174149870117
8 5468.75 0.7295651142857142 1.4660230372365355
9 3125.0 2.3019525 0.4033663842717446
10 5468.75 0.7284666785714287 1.4665258736456426
11 5468.75 1.8620936000000001 0.9475798096886783
12 5468.75 1.8620918 0.9475806336836783
13 5468.75 0.7277346071428571 1.466860997643857
14 5468.75 0.7277352571428573 1.4668607000901068
15 5468.75 1.56799895 1.0822089880924284
16 5468.75 0.7277351928571428 1.4668607295184999
17 5468.75 2.30195 0.7462245461786783
18 5468.75 0.728100942857143 1.4666932983122498
19 5468.75 0.7281013142857143 1.4666931282815354
20 5468.75 1.3593967142857142 1.1777018765465357
21 5468.75 0.7281018571428571 1.466692879775107
22 5468.75 0.7288327285714287 1.4663583051068927
23 5468.75 0.7284677071428572 1.466525402791357
24 5468.75 1.3586648857142858 1.178036889370821
25 5468.75 0.7281019714285714 1.466692827457964
26 5468.75 0.7281016571428571 1.466692971330107
27 5468.75 1.9730776666666667 0.896774078570345
28 5468.75 0.72773565 1.4668605202499285
29 5468.75 1.3586666571428572 1.178036078455107
30 5468.75 0.7277355857142858 1.4668605496783211
31 5468.75 1.8620936000000001 0.9475798096886783
32 5468.75 1.4765755125000002 1.124060352193991
33 5468.75 0.7284669428571429 1.4665257526622497
34 5468.75 0.7277354571428571 1.466860608535107
35 5468.75 0.7281008285714287 1.4666933506293927
36 5468.75 1.47721675 1.1237668096974285
37 5468.75 1.9877682857142855 0.8900490804358212
38 5468.75 0.7284708642857142 1.4665239575302855
39 5468.75 0.7284664785714287 1.4665259652006426
40 3125.0 1.8785363999999998 0.5971956894492447
41 3125.0 2.30196 0.40336295095924474
42 5468.75 0.7281014857142857 1.4666930498058213
43 5468.75 0.7281007714285714 1.4666933767879642
44 5468.75 0.7284670428571429 1.4665257068847497
45 5468.75 1.3711357142857143 1.1723280558215354
46 537.109 2.30196 0.024791605979622308
47 5468.75 0.9000775909090909 1.3879666882502693
48 5468.75 1.47721675 1.1237668096974285
49 5468.75 2.30196 0.7462199684286783
