0 5468.75 0.7277347428571429 1.4668609355172497
1 5468.75 2.30195 0.7462245461786783
2 5468.75 0.7277344785714286 1.4668610565006426
3 5468.75 0.7453455357142857 1.4587991548170711
4 292.969 2.30195 -0.010917997494905747
5 292.969 2.30195 -0.010917997494905747
6 5468.75 0.727735842857143 1.4668604319647498
7 5468.75 0.7281015428571429 1.4666930236472497
8 292.969 2.30195 -0.010917997494905747
9 5468.75 0.7284671428571429 1.4665256611072497
10 292.969 2.30195 -0.010917997494905747
11 5468.75 1.4765751875000002 1.1240605009708657
12 292.969 2.30196 -0.010922575244905704
13 5468.75 1.3586662857142857 1.1780362484858213
14 5468.75 2.3019525 0.7462234017411782
15 5468.75 1.9877654285714286 0.8900503883643927
16 5468.75 1.8620912 0.9475809083486783
17 5468.75 1.4765754750000002 1.1240603693605533
18 5468.75 1.6728488857142858 1.0342113087708211
19 5468.75 0.7281007714285714 1.4666933767879642
20 5468.75 2.3019533333333335 0.7462230202620115
21 3125.0 1.9730846666666666 0.5539138566759114
22 5468.75 1.672849085714286 1.034211217215821
23 5468.75 0.7281008285714287 1.4666933506293927
24 537.109 2.30196 0.024791605979622308
25 5468.75 1.9877654285714286 0.8900503883643927
26 5468.75 1.3586649285714287 1.1780368697518926
27 3125.0 2.301951666666667 0.4033667657509113
28 5468.75 1.935403 0.9140205991036783
29 5468.75 0.7281019714285716 1.466692827457964
30 5468.75 0.7281007714285714 1.4666933767879642
31 5468.75 0.7284709357142856 1.4665239248320714
32 5468.75 0.7284676571428571 1.466525425680107
33 5468.75 1.47721675 1.1237668096974285
34 5468.75 1.477215125 1.1237675535818035
35 5468.75 2.301952 0.7462236306286782
36 5468.75 0.7284671928571429 1.4665256382184997
37 5468.75 1.4772228749999998 1.1237640058255534
38 3125.0 1.7176211428571426 0.6708586712878162
39 537.109 2.301965 0.02478931710462233
40 3125.0 0.8995125384615383 1.045368337665014
41 5468.75 0.7292037142857142 1.4661884771215357
42 1757.81 2.30196 0.20336265838792317
43 537.109 2.3019619999999996 0.024790690429622494
44 976.562 1.9648591999999998 0.2433935971894336
45 5468.75 1.3593967142857142 1.1777018765465357
46 5468.75 0.7284664785714287 1.4665259652006426
47 976.562 2.3019624999999997 0.08907613403193365
48 5468.75 0.7409380857142857 1.4608167752408212
49 5468.75 1.3586652571428572 1.178036719340107
