0 5468.75 1.4765754875000001 1.1240603636383657
1 5468.75 1.4772155 1.1237673819161782
2 292.969 2.3019533333333335 -0.010919523411572547
3 5468.75 0.7281007714285714 1.4666933767879642
4 5468.75 0.7284665285714286 1.4665259423118926
5 5468.75 0.7281013714285715 1.466693102122964
6 5468.75 0.7281013142857143 1.4666931282815354
7 5468.75 0.7281014857142857 1.4666930498058213
8 5468.75 1.8620914000000002 0.9475808167936782
9 5468.75 0.7281012571428571 1.466693154440107
10 5468.75 0.7284666285714286 1.4665258965343926
11 5468.75 0.7354338571428573 1.4633364734751069
12 5468.75 0.7284664285714287 1.4665259880893926
13 5468.75 0.7281019714285716 1.466692827457964
14 5468.75 1.4874875 1.1190651171161783
15 5468.75 1.4772171250000001 1.1237666380318032
16 5468.75 0.7347021428571429 1.4636714339822499
17 5468.75 1.9877652857142858 0.8900504537608211
18 5468.75 0.7284670142857143 1.4665257199640356
19 5468.75 0.728100942857143 1.4666932983122498
20 5468.75 0.7570836571428572 1.4534257362801069
21 5468.75 1.4772158750000002 1.1237672102505534
22 5468.75 0.7284671928571429 1.4665256382184997
23 5468.75 0.7762174923076922 1.4446667448875246
24 3125.0 1.6202309999999998 0.7154414439342449
25 5468.75 1.4868491000000001 1.1193573606761782
26 5468.75 0.7357997571428572 1.463168973602607
27 5468.75 0.7277351571428572 1.4668607458676068
28 5468.75 0.72773565 1.4668605202499285
29 5468.75 0.7291980357142858 1.4661910766295712
