0 1757.81 2.30195 0.20336723613792312
1 5468.75 0.7277350642857143 1.4668607883752856
2 5468.75 1.9354011666666668 0.9140214383578449
3 5468.75 0.7284665285714286 1.4665259423118926
4 5468.75 0.7277345428571429 1.4668610270722497
5 5468.75 0.728466892857143 1.4665257755509997
6 5468.75 0.8643401384615383 1.4043264005444476
7 5468.75 0.7292034642857141 1.4661885915652855
8 5468.75 1.358664842857143 1.1780369089897498
9 5468.75 1.4765767375 1.1240597914196158
10 5468.75 0.7284671928571429 1.4665256382184997
11 5468.75 0.7281008285714287 1.4666933506293927
12 5468.75 0.7281007714285714 1.4666933767879642
13 5468.75 1.47721675 1.1237668096974285
14 5468.75 0.7292033928571428 1.4661886242634998
15 5468.75 0.7288329857142858 1.4663581873933211
16 5468.75 0.7277349357142857 1.4668608472320712
17 5468.75 0.7292036785714285 1.4661884934706426
18 5468.75 0.7281012571428571 1.466693154440107
19 5468.75 1.47721675 1.1237668096974285
20 1757.81 1.8565188333333333 0.4072744884587565
21 5468.75 0.7292023571428571 1.466189098387607
22 5468.75 0.7354340857142858 1.4633363688408212
23 976.562 2.104534 0.17945396561943344
24 1757.81 1.9648584 0.3576793433279231
25 537.109 1.9729149999999998 0.17542018085462247
26 3125.0 0.7941565714285713 1.0935976654735304
27 976.562 2.30196 0.08907727846943353
28 5468.75 0.733975257142857 1.464004184090107
29 5468.75 0.7291986785714286 1.4661907823456426
