0 292.969 2.30195 -0.010917997494905747
1 292.969 2.30195 -0.010917997494905747
2 5468.75 0.7277355857142858 1.4668605496783211
3 5468.75 1.5679999833333333 1.0822085150582617
4 5468.75 2.3019533333333335 0.7462230202620115
5 5468.75 1.6728494285714286 1.0342110602643926
6 5468.75 0.7281002285714286 1.4666936252943925
7 5468.75 1.935403 0.9140205991036783
8 5468.75 1.9354068333333334 0.9140188442995116
9 5468.75 0.7281015428571429 1.4666930236472497
10 292.969 2.30195 -0.010917997494905747
11 5468.75 1.8620997999999997 0.9475769714836785
12 5468.75 1.6728493571428573 1.034211092962607
13 5468.75 1.56799895 1.0822089880924284
14 292.969 2.301955 -0.010920286369905725
15 5468.75 2.30195 0.7462245461786783
17 292.969 2.30196 -0.010922575244905704
18 292.969 2.301952 -0.010918913044905783
19 292.969 2.3019525 -0.010919141932405847
20 5468.75 2.30195 0.7462245461786783
21 5468.75 2.30195 0.7462245461786783
22 292.969 2.30195 -0.010917997494905747
23 5468.75 2.30195 0.7462245461786783
24 5468.75 1.9354013333333333 0.9140213620620117
25 5468.75 0.7277355214285715 1.4668605791067142
26 5468.75 1.9354028333333335 0.9140206753995116
27 5468.75 0.7277348071428572 1.4668609060888569
28 5468.75 2.301951666666667 0.7462237832203449
29 292.969 2.30195 -0.010917997494905747
30 5468.75 1.8620936000000001 0.9475798096886783
31 292.969 2.301951666666667 -0.010918760453239147
32 5468.75 2.30195 0.7462245461786783
33 5468.75 0.7284684714285714 1.466525052920464
34 5468.75 0.7281012 1.4666931805986785
35 5468.75 1.6728492142857143 1.0342111583590354
36 5468.75 0.7758183 1.4448494851461784
37 5468.75 2.3019533333333335 0.7462230202620115
38 5468.75 1.8620918000000004 0.9475806336836782
39 5468.75 1.4765792500000001 1.1240586412599283
40 292.969 2.30196 -0.010922575244905704
41 292.969 2.30195 -0.010917997494905747
42 292.969 2.30195 -0.010917997494905747
43 5468.75 0.7277344785714286 1.4668610565006426
44 5468.75 2.30195 0.7462245461786783
45 5468.75 1.4765755500000002 1.1240603350274283
46 292.969 2.30195 -0.010917997494905747
47 292.969 2.30195 -0.010917997494905747
48 5468.75 0.7277348071428572 1.4668609060888569
49 292.969 2.30196 -0.010922575244905704
50 292.969 2.301965 -0.010924864119905682
51 292.969 2.30196 -0.010922575244905704
53 292.969 2.30197 -0.01092715299490566
54 976.562 1.740127 0.3462703800444335
55 292.969 2.30198 -0.010931730744905617
56 1757.81 2.3019659999999997 0.20335991173792328
57 537.109 2.13744 0.10010474897962233
58 5468.75 0.7277355214285715 1.4668605791067142
59 292.969 2.301965 -0.010924864119905682
