0 5468.75 0.7281015999999999 1.4666929974886784
1 5468.75 0.7281005142857143 1.4666934945015355
2 5468.75 0.7281014285714287 1.4666930759643926
3 5468.75 0.7281008285714287 1.4666933506293927
4 5468.75 0.7281008857142857 1.4666933244708213
5 5468.75 0.7281009428571429 1.4666932983122498
6 5468.75 1.3593977142857143 1.1777014187715356
7 5468.75 0.7281013142857143 1.4666931282815354
8 5468.75 0.7284665785714285 1.4665259194231428
9 5468.75 1.358664842857143 1.1780369089897498
10 5468.75 0.7284676071428572 1.466525448568857
11 5468.75 0.7281008857142858 1.4666933244708211
12 5468.75 0.7457106 1.4586320375136783
13 976.562 1.820386857142857 0.3095294239408622
14 5468.75 0.7281020857142858 1.4666927751408212
15 5468.75 0.7288333 1.4663580435211783
16 5468.75 0.7413086999999999 1.4606471172861784
17 1757.81 1.0104414166666666 0.7945875778733398
18 537.109 2.104536 0.1151673775796223
19 5468.75 0.7281016571428571 1.466692971330107
20 537.109 2.1609399999999996 0.08934703647962243
21 5468.75 0.7281014857142857 1.4666930498058213
22 5468.75 0.7284664285714285 1.4665259880893928
23 537.109 2.104532 0.11516920867962237
24 976.562 1.820388857142857 0.30952850839086216
25 5468.75 0.7284661785714286 1.4665261025331426
26 976.562 2.0210424999999996 0.21767428703193364
27 976.562 1.2906582 0.5520259599644335
28 292.969 2.30197 -0.01092715299490566
29 5468.75 2.30196 0.7462199684286783
