0 292.969 2.30195 -0.010917997494905747
1 292.969 2.30195 -0.010917997494905747
2 5468.75 0.7762123384615385 1.4446691041894475
3 292.969 2.30195 -0.010917997494905747
4 292.969 2.30196 -0.010922575244905704
5 5468.75 0.7277359071428572 1.466860402536357
6 292.969 2.30196 -0.010922575244905704
7 292.969 2.30195 -0.010917997494905747
8 292.969 2.30196 -0.010922575244905704
9 292.969 2.30196 -0.010922575244905704
12 292.969 2.30195 -0.010917997494905747
13 5468.75 1.8620918000000004 0.9475806336836782
14 292.969 2.30196 -0.010922575244905704
15 292.969 2.30196 -0.010922575244905704
16 292.969 2.30196 -0.010922575244905704
17 5468.75 2.30195 0.7462245461786783
18 5468.75 1.6728491 1.0342112106761783
20 292.969 2.30195 -0.010917997494905747
21 5468.75 2.30195 0.7462245461786783
22 292.969 2.30196 -0.010922575244905704
23 5468.75 0.728105657142857 1.466691140230107
24 5468.75 2.30196 0.7462199684286783
25 292.969 2.30196 -0.010922575244905704
26 5468.75 1.358671857142857 1.178033698025107
27 5468.75 1.5679992833333334 1.0822088355007615
28 292.969 2.30196 -0.010922575244905704
29 5468.75 0.7758186846153846 1.4448493090788708
30 292.969 2.30196 -0.010922575244905704
31 292.969 2.30196 -0.010922575244905704
32 292.969 2.30196 -0.010922575244905704
33 292.969 2.30196 -0.010922575244905704
34 5468.75 1.6735897142857143 1.0338721759715355
35 5468.75 2.30196 0.7462199684286783
36 5468.75 2.30195 0.7462245461786783
37 5468.75 0.7770002923076924 1.4443083986175245
38 5468.75 0.7277351285714285 1.4668607589468927
39 976.562 2.3019659999999997 0.08907453181943364
41 1757.81 2.30196 0.20336265838792317
43 292.969 2.30196 -0.010922575244905704
44 1757.81 2.021042833333333 0.33195951435875665
47 292.969 2.30198 -0.010931730744905617
49 292.969 2.3019666666666665 -0.010925627078239082
52 292.969 2.30196 -0.010922575244905704
53 292.969 2.301963333333333 -0.010924101161572282
54 292.969 2.30197 -0.01092715299490566
55 292.969 2.30196 -0.010922575244905704
56 292.969 2.30197 -0.01092715299490566
58 292.969 2.30197 -0.01092715299490566
