0 5468.75 1.9354011666666668 0.9140214383578449
1 5468.75 0.7281012571428571 1.466693154440107
2 5468.75 2.301952 0.7462236306286782
3 5468.75 0.7281014285714287 1.4666930759643926
4 5468.75 0.7288326857142857 1.4663583247258212
5 5468.75 1.6728491571428574 1.0342111845176067
6 5468.75 2.30195 0.7462245461786783
7 5468.75 0.7281014071428571 1.466693085773857
8 5468.75 0.7281015428571429 1.4666930236472497
9 5468.75 0.7277348071428572 1.4668609060888569
10 5468.75 1.9354011666666668 0.9140214383578449
11 5468.75 1.476575125 1.1240605295818034
12 5468.75 0.7281014428571428 1.4666930694247498
13 5468.75 1.8785268000000002 0.9400571015586783
14 5468.75 0.7361667428571429 1.4630009767172498
15 5468.75 1.47721675 1.1237668096974285
16 5468.75 0.7288329428571428 1.4663582070122498
17 5468.75 1.9877654285714288 0.8900503883643925
18 5468.75 0.7277350714285715 1.466860785105464
19 5468.75 1.6728489142857144 1.0342112956915355
20 1757.81 1.6442020000000002 0.504467826837923
21 5468.75 0.7284684214285715 1.466525075809214
22 5468.75 1.9877654285714286 0.8900503883643927
23 5468.75 0.7347018142857143 1.4636715843940356
24 976.562 1.9648587999999996 0.24339378029943376
25 5468.75 0.7299304142857144 1.4658558120290355
26 5468.75 1.8620916 0.9475807252386783
27 5468.75 1.56799875 1.0822090796474284
28 5468.75 0.7288327714285715 1.466358285487964
29 5468.75 1.3586648000000001 1.1780369286086783
30 5468.75 0.7281018571428571 1.466692879775107
31 5468.75 0.7281023714285714 1.4666926443479642
32 5468.75 0.7284672428571428 1.46652561532975
33 5468.75 1.4772155 1.1237673819161782
34 5468.75 0.7284667428571429 1.4665258442172497
35 5468.75 0.7281012 1.4666931805986785
36 976.562 2.30196 0.08907727846943353
37 5468.75 0.7288327714285715 1.466358285487964
38 5468.75 0.7281016000000001 1.4666929974886784
39 5468.75 0.7291984285714286 1.4661908967893926
40 5468.75 0.7281008285714287 1.4666933506293927
41 1757.81 1.6442103333333333 0.5044640120462565
42 5468.75 0.7284728642857142 1.4665230419802855
43 292.969 2.30197 -0.01092715299490566
44 292.969 2.301965 -0.010924864119905682
45 5468.75 0.7574550142857142 1.4532557382640356
46 5468.75 0.7288320571428571 1.466358612470107
47 292.969 2.30196 -0.010922575244905704
48 3125.0 1.594546 0.7271993948092448
49 292.969 2.30195 -0.010917997494905747
