0 5468.75 1.935403 0.9140205991036783
1 5468.75 1.5680009666666666 1.082208064912845
2 292.969 2.30195 -0.010917997494905747
3 5468.75 0.7281029428571429 1.4666923827622498
4 5468.75 1.9354016666666667 0.9140212094703449
5 5468.75 1.359399 1.1777008302036784
6 292.969 2.30195 -0.010917997494905747
7 292.969 2.30195 -0.010917997494905747
8 5468.75 0.7281019714285716 1.466692827457964
9 5468.75 0.7277352642857143 1.4668606968202855
10 292.969 2.301963333333333 -0.010924101161572282
11 292.969 2.301955 -0.010920286369905725
12 5468.75 1.8620916 0.9475807252386783
13 292.969 2.30195 -0.010917997494905747
14 5468.75 1.3593958571428573 1.1777022689251069
15 5468.75 0.7288334428571429 1.4663579781247498
16 292.969 2.30196 -0.010922575244905704
17 5468.75 0.7281012 1.4666931805986785
18 5468.75 1.3593978571428573 1.1777013533751068
19 5468.75 0.7277349357142857 1.4668608472320712
20 5468.75 0.7281008857142857 1.4666933244708213
21 292.969 2.30196 -0.010922575244905704
23 292.969 2.30195 -0.010917997494905747
24 5468.75 2.301951666666667 0.7462237832203449
25 5468.75 0.7277352571428573 1.4668607000901068
26 5468.75 2.30195 0.7462245461786783
27 292.969 2.30195 -0.010917997494905747
28 5468.75 2.30196 0.7462199684286783
29 5468.75 0.7281012571428571 1.466693154440107
30 292.969 2.30196 -0.010922575244905704
31 5468.75 1.8621003999999999 0.9475766968186784
32 5468.75 2.30196 0.7462199684286783
33 292.969 2.30196 -0.010922575244905704
34 5468.75 1.6728496714285714 1.034210949090464
35 5468.75 0.7281008285714287 1.4666933506293927
36 5468.75 1.4765821375 1.1240573194346157
37 292.969 2.30195 -0.010917997494905747
38 5468.75 2.30196 0.7462199684286783
39 3125.0 2.30196 0.40336295095924474
40 1757.81 2.301952 0.2033663205879231
41 292.969 2.3019624999999997 -0.010923719682405582
42 5468.75 0.7402108214285714 1.461149698649214
43 292.969 2.30196 -0.010922575244905704
44 5468.75 1.4759425249999998 1.1243501180468034
45 292.969 2.30196 -0.010922575244905704
46 292.969 2.30196 -0.010922575244905704
49 5468.75 0.7281055999999999 1.4666911663886784
50 5468.75 2.30196 0.7462199684286783
51 292.969 2.30195 -0.010917997494905747
52 5468.75 1.935401 0.9140215146536783
53 292.969 2.3019666666666665 -0.010925627078239082
54 292.969 2.30196 -0.010922575244905704
55 5468.75 0.7339775142857142 1.4640031508265356
56 537.109 1.9729166666666664 0.17541941789628906
57 1757.81 1.907312 0.38402264658792323
58 292.969 2.3019624999999997 -0.010923719682405582
59 292.969 2.30196 -0.010922575244905704
