0 5468.75 1.8620918000000004 0.9475806336836782
1 5468.75 1.3586666571428572 1.178036078455107
2 5468.75 0.728833142857143 1.4663581154572498
3 5468.75 1.3586709999999997 1.1780340904036786
4 5468.75 0.7284671928571429 1.4665256382184997
5 5468.75 2.30195 0.7462245461786783
6 5468.75 0.727735392857143 1.4668606379634999
7 5468.75 2.3019542857142854 0.7462225842858212
8 5468.75 1.4765772750000001 1.1240595453655533
9 292.969 2.30196 -0.010922575244905704
10 5468.75 0.7277344785714286 1.4668610565006426
11 1757.81 1.9073117999999998 0.38402273814292326
12 5468.75 1.3586652428571429 1.1780367258797497
13 5468.75 0.7295687428571428 1.4660213761672498
14 5468.75 2.30195 0.7462245461786783
15 5468.75 0.7281008857142857 1.4666933244708213
16 5468.75 0.7277357785714286 1.4668604613931426
17 5468.75 1.3586652571428572 1.178036719340107
18 5468.75 0.7281014285714287 1.4666930759643926
19 292.969 2.30196 -0.010922575244905704
20 5468.75 2.3019559999999997 0.7462217995286784
21 5468.75 0.7762122153846154 1.444669160530986
22 5468.75 1.3711357142857143 1.1723280558215354
23 5468.75 1.3586644142857145 1.1780371051790355
24 292.969 2.30196 -0.010922575244905704
25 292.969 2.3019624999999997 -0.010923719682405582
26 1757.81 2.30196 0.20336265838792317
27 1757.81 1.7401303333333331 0.46055423404625656
28 292.969 2.30196 -0.010922575244905704
29 292.969 2.3019666666666665 -0.010925627078239082
30 1757.81 1.9730851666666664 0.35391333521708995
31 5468.75 0.7295694142857142 1.4660210688040356
32 292.969 2.30196 -0.010922575244905704
33 292.969 2.30196 -0.010922575244905704
34 976.562 2.3019624999999997 0.08907613403193365
35 976.562 1.8203885714285712 0.30952863918371937
36 1757.81 1.6442116666666664 0.5044634016795899
37 292.969 2.30195 -0.010917997494905747
38 5468.75 0.7758186153846154 1.4448493407709861
39 5468.75 1.9354013333333333 0.9140213620620117
40 5468.75 0.7295684571428571 1.466021506960107
41 292.969 2.30197 -0.01092715299490566
42 537.109 2.104534 0.11516829312962222
43 3125.0 0.7831485714285714 1.0986368526735304
45 537.109 2.30196 0.024791605979622308
46 5468.75 0.7762193076923076 1.4446659138498323
47 537.109 2.30197 0.02478702822962235
48 292.969 2.3019666666666665 -0.010925627078239082
49 292.969 2.3019749999999997 -0.010929441869905639
