0 5468.75 1.9877654285714288 0.8900503883643925
1 5468.75 0.7281010285714286 1.4666932590743926
2 5468.75 1.9877654285714288 0.8900503883643925
3 5468.75 0.7277348071428572 1.4668609060888569
4 292.969 2.30195 -0.010917997494905747
5 5468.75 1.9877681428571428 0.8900491458322498
6 5468.75 1.6728525285714286 1.0342096411618926
7 5468.75 1.3593962857142858 1.1777020727358212
8 5468.75 1.8620918 0.9475806336836783
9 5468.75 0.7277354714285715 1.466860601995464
10 5468.75 1.9877652857142858 0.8900504537608211
11 5468.75 0.7281026857142857 1.4666925004758213
12 5468.75 0.7284664785714287 1.4665259652006426
13 292.969 2.3019533333333335 -0.010919523411572547
14 5468.75 1.9877654285714288 0.8900503883643925
15 5468.75 2.301955 0.7462222573036783
16 5468.75 1.9877654285714288 0.8900503883643925
17 5468.75 1.9354028333333335 0.9140206753995116
18 5468.75 0.7281015999999999 1.4666929974886784
19 5468.75 0.7288328571428572 1.466358246250107
20 292.969 2.301955 -0.010920286369905725
21 5468.75 1.8620916 0.9475807252386783
22 292.969 2.30195 -0.010917997494905747
23 5468.75 1.3594028571428571 1.177699064500107
24 5468.75 1.4765773125000001 1.1240595281989907
25 5468.75 0.7281011142857142 1.4666932198365354
26 5468.75 0.7291986785714286 1.4661907823456426
27 292.969 2.30196 -0.010922575244905704
28 5468.75 0.7277354571428571 1.466860608535107
29 5468.75 0.7281014857142857 1.4666930498058213
30 5468.75 0.7281005428571429 1.4666934814222499
31 5468.75 2.30195 0.7462245461786783
32 5468.75 2.30195 0.7462245461786783
33 5468.75 1.4765757375000002 1.1240602491946157
34 5468.75 0.7284677500000001 1.4665253831724283
35 1757.81 1.9073096 0.3840237452479231
36 5468.75 0.7295643142857143 1.4660234034565356
37 5468.75 0.7453500714285715 1.458797078480464
38 3125.0 1.695598285714286 0.6809401847163874
39 1757.81 2.3019624999999997 0.2033615139504233
40 5468.75 1.6728489142857144 1.0342112956915355
41 5468.75 0.7629590142857142 1.4507361446640354
42 5468.75 0.7277355857142858 1.4668605496783211
43 5468.75 1.4868549125 1.119354699858991
44 5468.75 1.567999066666667 1.0822089346853447
45 3125.0 1.6956045714285712 0.6809373072735305
46 292.969 2.30196 -0.010922575244905704
47 976.562 1.290657 0.5520265092944336
48 5468.75 1.3593995714285716 1.177700568617964
49 5468.75 0.7770039692307692 1.444306715414063
