0 5468.75 1.4765750750000002 1.1240605524705534
1 5468.75 1.4765767375 1.1240597914196158
2 5468.75 0.7288315571428573 1.466358841357607
3 5468.75 0.7284678071428571 1.466525357013857
4 5468.75 0.7350677857142858 1.463504051823321
5 5468.75 0.7284678571428572 1.466525334125107
6 5468.75 1.2187198 1.2421002509836785
7 5468.75 1.9354013333333333 0.9140213620620117
8 5468.75 0.7277344142857143 1.4668610859290356
9 5468.75 0.7284664785714287 1.4665259652006426
10 5468.75 0.7354341428571429 1.4633363426822497
11 5468.75 0.7350683571428572 1.463503790237607
12 5468.75 0.7288334428571429 1.4663579781247498
13 976.562 2.0210429999999997 0.2176740581444337
14 976.562 2.061174857142857 0.1993026972408622
15 537.109 2.0199214285714286 0.1539018130153365
16 5468.75 0.7339709142857143 1.4640061721415356
17 292.969 2.30197 -0.01092715299490566
18 5468.75 0.7284670928571428 1.4665256839959997
19 5468.75 0.7288323142857144 1.4663584947565356
