0 5468.75 0.7277348714285715 1.466860876660464
1 292.969 2.30195 -0.010917997494905747
2 292.969 2.30195 -0.010917997494905747
3 5468.75 2.30196 0.7462199684286783
4 5468.75 1.5679990833333335 1.0822089270557615
7 292.969 2.30195 -0.010917997494905747
8 292.969 2.30195 -0.010917997494905747
9 5468.75 0.7762117076923077 1.4446693929398322
11 5468.75 1.86106756 0.9480495051496783
12 5468.75 1.9877654285714286 0.8900503883643927
13 292.969 2.30195 -0.010917997494905747
14 5468.75 1.8620916 0.9475807252386783
15 292.969 2.3019525 -0.010919141932405847
16 5468.75 0.7277346785714286 1.4668609649456426
17 292.969 2.30195 -0.010917997494905747
18 292.969 2.30195 -0.010917997494905747
19 5468.75 0.7762126307692309 1.4446689703782938
20 292.969 2.30195 -0.010917997494905747
21 292.969 2.30195 -0.010917997494905747
22 5468.75 1.9354011666666668 0.9140214383578449
23 5468.75 0.7277352142857144 1.4668607197090355
24 292.969 2.30196 -0.010922575244905704
25 292.969 2.30195 -0.010917997494905747
26 292.969 2.30195 -0.010917997494905747
27 292.969 2.30195 -0.010917997494905747
28 292.969 2.30195 -0.010917997494905747
29 292.969 2.30195 -0.010917997494905747
30 292.969 2.30195 -0.010917997494905747
31 292.969 2.30196 -0.010922575244905704
32 5468.75 1.567999066666667 1.0822089346853447
33 292.969 2.30196 -0.010922575244905704
34 292.969 2.30195 -0.010917997494905747
35 292.969 2.30195 -0.010917997494905747
36 5468.75 1.5679989666666667 1.082208980462845
37 5468.75 2.301955 0.7462222573036783
38 292.969 2.30195 -0.010917997494905747
39 292.969 2.30195 -0.010917997494905747
40 292.969 2.30195 -0.010917997494905747
41 292.969 2.30195 -0.010917997494905747
42 292.969 2.3019533333333335 -0.010919523411572547
43 292.969 2.30195 -0.010917997494905747
44 292.969 2.30195 -0.010917997494905747
45 5468.75 2.30195 0.7462245461786783
46 5468.75 0.7277355857142858 1.4668605496783211
47 292.969 2.30196 -0.010922575244905704
48 292.969 2.30197 -0.01092715299490566
49 292.969 2.30197 -0.01092715299490566
