0 292.969 2.30196 -0.010922575244905704
1 292.969 2.30196 -0.010922575244905704
2 5468.75 0.7277351285714285 1.4668607589468927
3 5468.75 0.7277348071428572 1.4668609060888569
4 292.969 2.30196 -0.010922575244905704
5 5468.75 1.5679989833333334 1.0822089728332616
6 292.969 2.30196 -0.010922575244905704
7 5468.75 2.30196 0.7462199684286783
8 292.969 2.30195 -0.010917997494905747
9 5468.75 1.9354013333333333 0.9140213620620117
10 5468.75 2.30195 0.7462245461786783
11 292.969 2.30196 -0.010922575244905704
12 292.969 2.30196 -0.010922575244905704
13 292.969 2.30196 -0.010922575244905704
14 292.969 2.30196 -0.010922575244905704
15 292.969 2.30196 -0.010922575244905704
16 5468.75 1.359403714285714 1.1776986721215357
17 292.969 2.30196 -0.010922575244905704
18 292.969 2.30196 -0.010922575244905704
19 292.969 2.30196 -0.010922575244905704
22 5468.75 2.30196 0.7462199684286783
24 292.969 2.30197 -0.01092715299490566
25 292.969 2.30197 -0.01092715299490566
26 292.969 2.30197 -0.01092715299490566
27 292.969 2.30196 -0.010922575244905704
28 5468.75 1.5679993833333334 1.0822087897232615
29 292.969 2.30196 -0.010922575244905704
30 292.969 2.30196 -0.010922575244905704
32 292.969 2.30196 -0.010922575244905704
33 1757.81 1.9073107999999999 0.3840231959179233
35 292.969 2.30197 -0.01092715299490566
36 292.969 2.30198 -0.010931730744905617
37 292.969 2.30196 -0.010922575244905704
38 292.969 2.30196 -0.010922575244905704
39 292.969 2.30197 -0.01092715299490566
