0 5468.75 2.30195 0.7462245461786783
1 5468.75 1.935403 0.9140205991036783
2 292.969 2.3019514285714284 -0.01091865145919136
3 5468.75 0.7762120769230769 1.4446692239152168
4 5468.75 0.7284676071428572 1.466525448568857
5 5468.75 1.56800095 1.0822080725424283
6 5468.75 2.30195 0.7462245461786783
7 5468.75 0.7284676571428571 1.466525425680107
8 292.969 2.301952 -0.010918913044905783
9 5468.75 0.7281020285714286 1.4666928012993927
10 292.969 2.30195 -0.010917997494905747
11 5468.75 1.9877654285714288 0.8900503883643925
12 5468.75 1.5679993333333335 1.0822088126120115
13 292.969 2.30196 -0.010922575244905704
14 292.969 2.30195 -0.010917997494905747
15 5468.75 1.4765754875000001 1.1240603636383657
16 5468.75 2.30195 0.7462245461786783
17 5468.75 0.7277355214285715 1.4668605791067142
18 292.969 2.30195 -0.010917997494905747
19 5468.75 1.567999266666667 1.082208843130345
20 292.969 2.30196 -0.010922575244905704
21 5468.75 2.3019525 0.7462234017411782
22 5468.75 0.7762125846153847 1.4446689915063706
23 5468.75 1.4772147500000001 1.1237677252474283
24 5468.75 0.7277357142857144 1.4668604908215355
25 5468.75 0.7281016571428571 1.466692971330107
26 292.969 2.30195 -0.010917997494905747
27 5468.75 0.7277353357142857 1.4668606641220712
28 5468.75 1.3586644 1.1780371117186783
29 5468.75 0.728466892857143 1.4665257755509997
30 292.969 2.30195 -0.010917997494905747
31 5468.75 1.4765751500000002 1.1240605181374281
32 5468.75 0.7284671928571429 1.4665256382184997
33 5468.75 2.30195 0.7462245461786783
34 292.969 2.30195 -0.010917997494905747
35 5468.75 1.9877682857142858 0.8900490804358212
36 5468.75 2.30195 0.7462245461786783
37 5468.75 1.8620934000000002 0.9475799012436782
38 5468.75 0.7277357999999999 1.4668604515836785
39 292.969 2.30195 -0.010917997494905747
40 5468.75 1.4772155 1.1237673819161782
41 292.969 2.301955 -0.010920286369905725
42 5468.75 0.7281006571428572 1.4666934291051068
43 292.969 2.30195 -0.010917997494905747
44 292.969 2.3019514285714284 -0.01091865145919136
45 292.969 2.301955 -0.010920286369905725
46 5468.75 0.7277351285714285 1.4668607589468927
47 292.969 2.30195 -0.010917997494905747
48 5468.75 2.30195 0.7462245461786783
49 292.969 2.30197 -0.01092715299490566
50 3125.0 1.5945469999999997 0.7271989370342449
51 976.562 1.2906593999999998 0.5520254106344336
52 5468.75 0.7766066538461539 1.4444885964642553
53 5468.75 0.7281013714285715 1.466693102122964
54 5468.75 0.7281009428571429 1.4666932983122498
55 5468.75 0.7281008857142857 1.4666933244708213
56 976.562 1.2906582 0.5520259599644335
57 5468.75 0.7457120142857143 1.4586313900890355
58 5468.75 0.9582079666666666 1.361356055487845
59 292.969 2.30195 -0.010917997494905747
