0 5468.75 1.3593962857142858 1.1777020727358212
1 5468.75 1.9491059999999998 0.9077477082786785
2 292.969 2.30196 -0.010922575244905704
3 5468.75 1.3586652428571429 1.1780367258797497
4 5468.75 0.7281007142857143 1.4666934029465355
5 5468.75 1.9354028333333335 0.9140206753995116
6 292.969 2.30196 -0.010922575244905704
7 5468.75 0.7288331428571428 1.4663581154572498
8 5468.75 0.83319525 1.4185837518599285
9 5468.75 1.5679996333333335 1.0822086752795115
10 3125.0 2.301952 0.40336661315924466
11 5468.75 1.4765824499999998 1.1240571763799285
12 5468.75 0.7284734214285714 1.4665227869342141
13 5468.75 0.8327680583333333 1.4187793095251366
14 5468.75 0.7284669428571429 1.4665257526622497
15 5468.75 0.7284673928571429 1.4665255466634997
16 5468.75 0.7766069461538462 1.4444884626531014
17 5468.75 1.9877681428571432 0.8900491458322496
18 5468.75 0.7284677571428572 1.466525379902607
19 292.969 2.30197 -0.01092715299490566
