0 5468.75 0.7284676642857144 1.4665254224102855
1 5468.75 0.7281015428571429 1.4666930236472497
2 5468.75 0.7281016571428571 1.466692971330107
3 5468.75 1.6728488714285716 1.034211315310464
4 5468.75 0.7739641071428572 1.445698288281357
5 5468.75 1.3586658285714286 1.1780364577543927
6 5468.75 0.7291986071428572 1.466190815043857
7 5468.75 1.3593962857142858 1.1777020727358212
8 5468.75 0.7281019714285716 1.466692827457964
9 5468.75 1.3586648285714287 1.1780369155293926
10 5468.75 0.7284670428571429 1.4665257068847497
11 5468.75 0.7512145357142858 1.4561124733420712
12 5468.75 0.7281013142857143 1.4666931282815354
13 5468.75 0.7526811714285714 1.4554410841779641
14 5468.75 0.7281007142857143 1.4666934029465355
15 5468.75 0.7284672428571428 1.46652561532975
16 1757.81 0.9358638461538461 0.8287273252148464
17 5468.75 0.7288322285714285 1.4663585339943928
18 5468.75 0.7281007142857143 1.4666934029465355
19 5468.75 0.7281014285714287 1.4666930759643926
20 5468.75 0.7361661142857143 1.4630012644615356
21 5468.75 0.7291978571428572 1.466191158375107
22 5468.75 0.7281001714285714 1.466693651452964
23 537.109 2.104534 0.11516829312962222
24 5468.75 0.7350732857142857 1.4635015340608213
25 292.969 2.30196 -0.010922575244905704
26 5468.75 0.7288322714285714 1.466358514375464
27 292.969 2.301962857142857 -0.010923883173477152
28 5468.75 0.7288328571428572 1.466358246250107
29 5468.75 0.7295643142857143 1.4660234034565356
