0 5468.75 1.477215125 1.1237675535818035
1 5468.75 0.7735962857142857 1.4458666677358212
2 5468.75 0.728466992857143 1.4665257297734997
3 5468.75 0.7284669428571429 1.4665257526622497
4 5468.75 1.4765751 1.1240605410261784
5 5468.75 1.4772147500000001 1.1237677252474283
6 5468.75 1.4874875 1.1190651171161783
7 5468.75 1.4765755375 1.1240603407496157
8 5468.75 0.7291981428571429 1.4661910275822498
9 5468.75 0.7281014857142857 1.4666930498058213
10 5468.75 1.9354013333333333 0.9140213620620117
11 5468.75 0.7288328142857143 1.4663582658690355
12 5468.75 0.7288328571428572 1.466358246250107
13 5468.75 1.4772155 1.1237673819161782
14 5468.75 1.6728492142857143 1.0342111583590354
15 5468.75 0.7281019714285716 1.466692827457964
16 5468.75 1.5679987333333336 1.0822090872770116
17 3125.0 2.30195 0.4033675287092447
18 5468.75 0.7281012571428572 1.466693154440107
19 292.969 2.30196 -0.010922575244905704
20 5468.75 1.8620956 0.9475788941386784
21 5468.75 1.9354011666666668 0.9140214383578449
22 5468.75 0.7281014857142857 1.4666930498058213
23 5468.75 0.7277355857142858 1.4668605496783211
24 3125.0 1.973085 0.5539137040842448
25 1757.81 2.301956666666667 0.20336418430458975
26 5468.75 1.4765829124999998 1.1240569646589909
27 5468.75 0.7277352571428573 1.4668607000901068
28 5468.75 0.7281006571428572 1.4666934291051068
29 5468.75 0.7281022142857143 1.4666927162840355
30 5468.75 0.728467142857143 1.4665256611072497
31 5468.75 0.7284679571428571 1.466525288347607
32 5468.75 1.6728493714285715 1.0342110864229639
33 3125.0 1.9730846666666666 0.5539138566759114
34 5468.75 0.7277353214285716 1.466860670661714
35 1757.81 1.2043313999999998 0.7058295907529233
36 537.109 1.8789042857142857 0.21845593558676518
37 5468.75 1.4765764125 1.1240599401964908
38 1757.81 1.7381745714285712 0.461449532952209
39 5468.75 1.8785353999999999 0.9400531646936784
