0 5468.75 1.477215125 1.1237675535818035
1 5468.75 1.3593962857142858 1.1777020727358212
2 1757.81 2.301952 0.2033663205879231
3 5468.75 1.9354011666666668 0.9140214383578449
4 5468.75 1.6728492000000001 1.0342111648986783
5 5468.75 0.7773935000000001 1.4441283979661783
6 5468.75 0.7766061461538462 1.4444888288731015
7 5468.75 0.7284672857142859 1.4665255957108212
8 5468.75 0.7281009428571429 1.4666932983122498
9 1757.81 2.30195 0.20336723613792312
10 5468.75 0.7350688214285714 1.463503577699214
11 5468.75 1.6728492000000001 1.0342111648986783
12 5468.75 1.476582125 1.1240573251568033
13 292.969 2.30195 -0.010917997494905747
14 292.969 2.30195 -0.010917997494905747
15 5468.75 0.8000255285714285 1.4337680210868928
16 5468.75 1.3593977142857143 1.1777014187715356
17 5468.75 0.7281002285714286 1.4666936252943925
18 5468.75 1.9354098333333332 0.9140174709745117
19 5468.75 0.7350675357142858 1.4635041662670711
20 5468.75 0.7284670428571429 1.4665257068847497
21 5468.75 0.728101 1.4666932721536785
22 3125.0 1.6202316666666665 0.7154411387509114
23 976.562 2.30196 0.08907727846943353
24 5468.75 0.7766058846153847 1.4444889485988708
25 976.562 1.2906575999999998 0.5520262346294336
26 292.969 2.30196 -0.010922575244905704
27 5468.75 0.728467292857143 1.4665255924409997
28 5468.75 0.7281014285714287 1.4666930759643926
29 5468.75 0.7281011428571429 1.4666932067572498
