0 5468.75 1.476575175 1.1240605066930534
1 5468.75 1.476576725 1.1240597971418034
2 5468.75 0.7281008857142857 1.4666933244708213
3 5468.75 0.7281020857142858 1.4666927751408212
4 292.969 2.3019514285714284 -0.01091865145919136
5 5468.75 0.7281016714285714 1.466692964790464
6 5468.75 1.935403166666667 0.9140205228078448
7 5468.75 1.935403166666667 0.9140205228078448
8 5468.75 1.476577075 1.1240596369205533
9 5468.75 0.7281015428571429 1.4666930236472497
10 5468.75 0.7281014857142857 1.4666930498058213
11 5468.75 1.4772155 1.1237673819161782
12 5468.75 0.7281017142857144 1.4666929451715354
13 5468.75 0.7281010785714287 1.4666932361856426
14 5468.75 2.3019514285714284 0.7462238922143927
15 5468.75 1.5679990333333336 1.0822089499445116
16 1757.81 2.30196 0.20336265838792317
17 5468.75 1.9877652857142858 0.8900504537608211
18 3125.0 2.301951666666667 0.4033667657509113
19 5468.75 0.7281007142857143 1.4666934029465355
20 5468.75 0.7343412285714285 1.4638366515193928
21 5468.75 0.7277352571428571 1.4668607000901068
22 3125.0 2.020066857142857 0.5324065844306733
23 5468.75 0.7281008571428572 1.466693337550107
24 5468.75 0.7288334 1.4663579977436785
25 5468.75 1.4765763625000001 1.1240599630852408
26 5468.75 2.30195 0.7462245461786783
27 5468.75 1.8620916 0.9475807252386783
28 5468.75 1.3593977142857143 1.1777014187715356
29 5468.75 0.7512145928571429 1.4561124471834999
30 1757.81 2.0611655714285715 0.31359232792720887
31 5468.75 0.7291994714285714 1.466190419395464
32 3125.0 1.999513714285714 0.5418152994021019
33 5468.75 0.7295642571428572 1.466023429615107
34 5468.75 0.7281012 1.4666931805986785
35 5468.75 0.729202857142857 1.466188869500107
36 3125.0 1.5945456666666666 0.7271995474009114
37 5468.75 0.7281005428571429 1.4666934814222499
38 5468.75 0.7284721928571428 1.4665233493435
39 5468.75 0.7284664285714287 1.4665259880893926
40 292.969 2.3019514285714284 -0.01091865145919136
41 5468.75 0.7281006571428572 1.4666934291051068
42 5468.75 0.7288321000000001 1.4663585928511784
43 5468.75 1.3593962857142858 1.1777020727358212
44 5468.75 0.728467142857143 1.4665256611072497
45 5468.75 0.7281006000000001 1.4666934552636783
46 5468.75 0.7277348071428572 1.4668609060888569
47 1757.81 1.6442093333333332 0.5044644698212566
48 5468.75 0.7284671928571429 1.4665256382184997
49 3125.0 1.6956057142857142 0.6809367841021019
