0 5468.75 1.6728503285714287 1.0342106482668925
1 5468.75 0.7277356785714286 1.4668605071706426
2 5468.75 1.3586649000000002 1.1780368828311782
3 5468.75 0.7281014857142857 1.4666930498058213
4 5468.75 0.7277358428571429 1.4668604319647498
5 5468.75 0.7277347428571429 1.4668609355172497
6 5468.75 1.56799905 1.0822089423149284
7 5468.75 0.7277355857142858 1.4668605496783211
8 5468.75 1.4765755 1.1240603579161783
9 5468.75 1.56800065 1.0822082098749282
10 5468.75 1.8620934000000002 0.9475799012436782
11 5468.75 1.9877652857142858 0.8900504537608211
12 5468.75 1.9354011666666668 0.9140214383578449
13 5468.75 0.7281014285714287 1.4666930759643926
14 5468.75 1.4765755125000002 1.124060352193991
15 5468.75 1.4765776 1.1240593965886783
16 5468.75 1.8620936000000001 0.9475798096886783
17 5468.75 0.7766060923076924 1.4444888535225244
18 5468.75 1.9354013333333333 0.9140213620620117
19 292.969 2.30196 -0.010922575244905704
