0 5468.75 0.7281012571428571 1.466693154440107
1 5468.75 0.72846615 1.4665261156124283
2 5468.75 1.8785285999999999 0.9400562775636784
3 5468.75 1.4772158750000002 1.1237672102505534
4 5468.75 0.7281008857142857 1.4666933244708213
5 5468.75 0.728467142857143 1.4665256611072497
6 5468.75 1.8620914000000002 0.9475808167936782
7 5468.75 1.477216 1.1237671530286784
8 5468.75 1.4772155 1.1237673819161782
9 5468.75 0.7288326857142857 1.4663583247258212
10 5468.75 1.358664842857143 1.1780369089897498
11 5468.75 0.7413037142857143 1.4606493996215355
12 5468.75 1.3593977142857143 1.1777014187715356
13 5468.75 0.7291984285714286 1.4661908967893926
14 5468.75 0.7281001714285714 1.466693651452964
15 5468.75 0.7284676571428571 1.466525425680107
16 5468.75 1.4765755625 1.124060329305241
17 5468.75 0.7288326428571429 1.4663583443447499
18 5468.75 0.7284673642857143 1.4665255597427855
19 5468.75 1.4772155 1.1237673819161782
20 5468.75 0.7284678071428571 1.466525357013857
21 5468.75 0.7281009428571429 1.4666932983122498
22 5468.75 0.7288328571428572 1.466358246250107
23 537.109 1.9729216666666665 0.1754171290212891
24 5468.75 0.7829274846153846 1.4415950781588707
25 3125.0 2.0200595714285714 0.5324099196485303
26 5468.75 1.4772232499999998 1.1237638341599285
27 5468.75 0.7284672428571428 1.46652561532975
28 5468.75 0.7291977857142857 1.4661911910733212
29 5468.75 0.7284678071428571 1.466525357013857
