0 5468.75 0.72773565 1.4668605202499285
1 5468.75 0.7291993928571429 1.4661904553635
2 5468.75 0.7277351285714285 1.4668607589468927
3 5468.75 0.7281007714285714 1.4666933767879642
4 292.969 2.3019533333333335 -0.010919523411572547
5 5468.75 0.7295642571428572 1.466023429615107
6 5468.75 0.7281006000000001 1.4666934552636783
7 5468.75 0.7281007714285714 1.4666933767879642
8 5468.75 0.7277351928571428 1.4668607295184999
9 5468.75 0.7281012571428571 1.466693154440107
10 5468.75 0.7281013714285715 1.466693102122964
11 5468.75 0.7281014285714287 1.4666930759643926
12 5468.75 0.7281009428571429 1.4666932983122498
13 5468.75 1.4772155 1.1237673819161782
14 292.969 2.30195 -0.010917997494905747
15 5468.75 1.4765751500000002 1.1240605181374281
16 5468.75 0.7288316000000001 1.4663588217386783
17 5468.75 1.3586659142857143 1.1780364185165355
18 5468.75 0.7281011428571429 1.4666932067572498
19 5468.75 1.476576375 1.1240599573630532
20 5468.75 1.9354015000000002 0.9140212857661782
21 5468.75 0.7281013714285715 1.466693102122964
22 5468.75 1.3593967142857142 1.1777018765465357
23 5468.75 0.7284664285714287 1.4665259880893926
24 5468.75 0.7281004285714285 1.4666935337393927
25 5468.75 0.7281016571428571 1.466692971330107
26 5468.75 0.7281013142857143 1.4666931282815354
27 5468.75 1.9877652857142858 0.8900504537608211
28 5468.75 0.7680916071428572 1.448386571968857
29 5468.75 0.7277345428571429 1.4668610270722497
30 976.562 1.2906564 0.5520267839594335
31 976.562 1.9648587999999996 0.24339378029943376
32 5468.75 1.567999366666667 1.082208797352845
33 5468.75 1.3586652714285716 1.178036712800464
34 5468.75 0.7288334857142857 1.4663579585058213
35 5468.75 0.7281020285714286 1.4666928012993927
36 5468.75 1.47721675 1.1237668096974285
37 5468.75 1.3586649142857143 1.1780368762915354
38 5468.75 0.7277344142857143 1.4668610859290356
39 5468.75 1.4772224999999999 1.1237641774911784
40 5468.75 0.7277351285714285 1.4668607589468927
41 5468.75 0.7281014285714287 1.4666930759643926
42 3125.0 1.9730794999999999 0.5539162218467448
43 5468.75 0.7281024714285714 1.466692598570464
44 5468.75 1.5680072833333332 1.0822051733007618
45 5468.75 1.47657635 1.1240599688074284
46 292.969 2.30196 -0.010922575244905704
47 3125.0 2.30196 0.40336295095924474
48 5468.75 0.728101 1.4666932721536785
49 292.969 2.30197 -0.01092715299490566
