0 5468.75 1.4765754875000001 1.1240603636383657
1 5468.75 0.7281013714285715 1.466693102122964
2 292.969 2.3019533333333335 -0.010919523411572547
3 5468.75 0.7281051142857142 1.4666913887365356
4 5468.75 0.7284665285714286 1.4665259423118926
5 5468.75 0.7281013714285715 1.466693102122964
6 5468.75 1.3586644 1.1780371117186783
7 5468.75 0.7281014857142857 1.4666930498058213
8 5468.75 1.8620914000000002 0.9475808167936782
9 5468.75 0.7277355214285715 1.4668605791067142
10 5468.75 0.7295679714285714 1.466021729307964
11 5468.75 0.7350681071428572 1.463503904681357
12 5468.75 0.7284665714285714 1.4665259226929641
13 5468.75 0.7281026857142858 1.4666925004758211
14 5468.75 0.7288328142857143 1.4663582658690355
15 5468.75 1.4772171250000001 1.1237666380318032
16 5468.75 0.7288321428571429 1.4663585732322497
17 5468.75 1.9877667142857143 0.8900497997965354
18 5468.75 1.47721675 1.1237668096974285
19 5468.75 0.7281009428571429 1.4666932983122498
20 5468.75 1.4874871250000001 1.1190652887818033
21 5468.75 1.4772158750000002 1.1237672102505534
22 5468.75 0.7291993214285715 1.466190488061714
23 5468.75 0.7773990769230769 1.444125844990217
24 5468.75 1.3704113285714286 1.1726596614918927
25 5468.75 1.6728511142857143 1.0342102885865354
26 5468.75 0.7523124571428571 1.455609872360107
27 5468.75 0.7762116461538462 1.4446694211106015
28 292.969 2.30196 -0.010922575244905704
29 5468.75 0.7288330714285715 1.4663581481554642
