0 5468.75 0.7281014285714287 1.4666930759643926
1 5468.75 1.4765763375 1.1240599745296158
2 5468.75 1.9877654285714288 0.8900503883643925
3 5468.75 0.7284664285714287 1.4665259880893926
4 5468.75 1.477216375 1.1237669813630533
5 5468.75 0.7281007714285714 1.4666933767879642
6 5468.75 1.3586645 1.1780370659411785
7 5468.75 1.3593977142857143 1.1777014187715356
8 5468.75 0.7284669428571429 1.4665257526622497
9 5468.75 1.3586648000000001 1.1780369286086783
10 5468.75 0.7284661785714286 1.4665261025331426
11 5468.75 0.7277352571428573 1.4668607000901068
12 5468.75 1.9354013333333333 0.9140213620620117
13 5468.75 0.7281014285714286 1.4666930759643928
14 5468.75 0.7284670642857144 1.4665256970752854
15 5468.75 1.47657635 1.1240599688074284
16 5468.75 0.7762122769230769 1.4446691323602168
17 5468.75 1.3586649857142858 1.178036843593321
18 5468.75 0.7281014500000001 1.4666930661549284
19 5468.75 1.9877655714285716 0.8900503229679639
20 5468.75 1.3586644142857143 1.1780371051790355
21 5468.75 1.8620995999999999 0.9475770630386784
22 5468.75 0.7295686571428571 1.466021415405107
23 5468.75 0.7773978461538461 1.4441264084056016
24 5468.75 0.7281055999999999 1.4666911663886784
25 1757.81 1.9073107999999999 0.3840231959179233
26 5468.75 2.3019533333333335 0.7462230202620115
27 5468.75 0.7281014285714287 1.4666930759643926
28 3125.0 1.620232 0.7154409861592448
29 292.969 2.30196 -0.010922575244905704
30 5468.75 0.7299350214285714 1.465853702994214
31 5468.75 0.7284722285714285 1.4665233329943927
32 292.969 2.301961428571428 -0.010923229209191317
33 5468.75 1.9995138571428568 0.8846722514751071
34 5468.75 0.7281009428571429 1.4666932983122498
35 537.109 2.3019624999999997 0.02479046154212243
36 976.562 2.3019533333333335 0.08908033030276669
37 3125.0 1.7176211428571426 0.6708586712878162
39 537.109 2.104534 0.11516829312962222
