0 5468.75 0.7281013714285715 1.466693102122964
1 5468.75 0.7281013714285715 1.466693102122964
2 5468.75 0.7277351285714285 1.4668607589468927
3 5468.75 1.8620954 0.9475789856936783
4 5468.75 1.3593958571428573 1.1777022689251069
5 5468.75 0.7281020857142858 1.4666927751408212
6 5468.75 0.7281013142857143 1.4666931282815354
7 5468.75 1.3593958571428573 1.1777022689251069
8 5468.75 1.4765751625 1.124060512415241
9 5468.75 0.7281012571428571 1.466693154440107
10 5468.75 1.358664842857143 1.1780369089897498
11 5468.75 1.4765755 1.1240603579161783
12 5468.75 0.7277345428571429 1.4668610270722497
13 5468.75 0.728832942857143 1.4663582070122498
14 5468.75 1.9995075714285715 0.884675128917964
15 5468.75 0.727735392857143 1.4668606379634999
16 5468.75 0.727735 1.4668608178036784
17 5468.75 1.4765758375000002 1.1240602034171157
18 5468.75 0.7284670928571428 1.4665256839959997
19 5468.75 1.3586652285714287 1.1780367324193926
20 5468.75 1.6728491428571428 1.0342111910572498
21 5468.75 0.7277346785714286 1.4668609649456426
22 5468.75 0.7284667142857143 1.4665258572965354
23 5468.75 1.3586645 1.1780370659411785
24 5468.75 1.987765142857143 0.8900505191572496
25 3125.0 1.7176125714285715 0.6708625950735305
26 5468.75 0.7284666285714286 1.4665258965343926
27 5468.75 0.7284686714285714 1.466524961365464
28 5468.75 0.7288334857142857 1.4663579585058213
29 5468.75 0.7281014857142857 1.4666930498058213
30 5468.75 0.7291987142857144 1.4661907659965354
31 5468.75 0.7343417571428571 1.463836409552607
32 1757.81 1.6442096666666666 0.50446431722959
33 5468.75 0.7409386714285715 1.4608165071154642
34 5468.75 1.9877654285714288 0.8900503883643925
35 5468.75 0.7284670428571429 1.4665257068847497
36 1757.81 1.6921673333333331 0.4825104963712566
37 5468.75 0.7291980357142858 1.4661910766295712
38 292.969 2.30197 -0.01092715299490566
39 3125.0 1.594546 0.7271993948092448
