0 292.969 2.30195 -0.010917997494905747
1 292.969 2.301963333333333 -0.010924101161572282
2 5468.75 1.9877654285714288 0.8900503883643925
3 292.969 2.30196 -0.010922575244905704
4 292.969 2.301963333333333 -0.010924101161572282
5 292.969 2.30195 -0.010917997494905747
6 3125.0 2.3019624999999997 0.40336180652174486
7 5468.75 2.30195 0.7462245461786783
8 5468.75 1.3586714 1.1780339072936785
9 292.969 2.30196 -0.010922575244905704
10 5468.75 2.301952857142857 0.7462232382501068
11 292.969 2.301956666666667 -0.010921049328239125
12 5468.75 1.5945466666666668 1.070056107095345
13 5468.75 0.7762127076923077 1.4446689351648323
14 292.969 2.30195 -0.010917997494905747
16 292.969 2.30195 -0.010917997494905747
17 292.969 2.30195 -0.010917997494905747
18 5468.75 2.30196 0.7462199684286783
19 5468.75 1.672849357142857 1.034211092962607
20 5468.75 0.7277350642857143 1.4668607883752856
21 1757.81 2.30196 0.20336265838792317
22 5468.75 1.6544966666666665 1.042612495845345
23 5468.75 0.7670012285714286 1.4488857200193928
24 5468.75 1.8785357999999999 0.9400529815836783
25 3125.0 1.6956064285714285 0.680936457119959
26 976.562 2.0210446666666666 0.21767329518610018
27 292.969 2.30197 -0.01092715299490566
28 292.969 2.30196 -0.010922575244905704
29 292.969 2.30197 -0.01092715299490566
30 292.969 2.30196 -0.010922575244905704
31 292.969 2.301974 -0.010928984094905732
32 292.969 2.30197 -0.01092715299490566
33 292.969 2.30196 -0.010922575244905704
34 292.969 2.30197 -0.01092715299490566
35 292.969 2.30197 -0.01092715299490566
36 292.969 2.30196 -0.010922575244905704
37 976.562 1.9201584285714284 0.26385649283014795
39 292.969 2.30196 -0.010922575244905704
