0 5468.75 1.8620918 0.9475806336836783
1 5468.75 0.7277350571428572 1.4668607916451069
2 5468.75 1.6728491142857145 1.0342112041365352
3 5468.75 2.3019525 0.7462234017411782
4 292.969 2.30195 -0.010917997494905747
5 5468.75 2.3019525 0.7462234017411782
6 5468.75 0.727735842857143 1.4668604319647498
7 5468.75 1.4765767375 1.1240597914196158
8 5468.75 1.3586647428571428 1.1780369547672498
9 5468.75 0.7277344142857143 1.4668610859290356
10 5468.75 0.7762125230769231 1.44466901967714
11 292.969 2.301952 -0.010918913044905783
12 5468.75 0.7762122769230769 1.4446691323602168
13 5468.75 0.7281005428571429 1.4666934814222499
14 5468.75 0.7281013714285715 1.466693102122964
15 5468.75 0.7281013714285715 1.466693102122964
16 5468.75 2.30195 0.7462245461786783
17 292.969 2.30195 -0.010917997494905747
18 5468.75 0.7277354571428571 1.466860608535107
19 5468.75 1.8620914000000002 0.9475808167936782
20 5468.75 1.6735810000000002 1.033876165153678
21 5468.75 0.7288323142857143 1.4663584947565356
22 3125.0 2.30195 0.4033675287092447
23 5468.75 1.5679989833333334 1.0822089728332616
24 5468.75 2.30195 0.7462245461786783
25 5468.75 1.4765755 1.1240603579161783
26 5468.75 0.7277350857142857 1.4668607785658212
27 5468.75 1.477215125 1.1237675535818035
28 5468.75 0.7281004857142859 1.4666935075808212
29 5468.75 0.7284670428571429 1.4665257068847497
30 5468.75 0.7281005428571429 1.4666934814222499
31 5468.75 0.7277354571428571 1.466860608535107
32 5468.75 0.7277347428571429 1.4668609355172497
33 5468.75 1.8620918 0.9475806336836783
34 5468.75 1.3586680999999998 1.1780354179511785
35 5468.75 0.728467292857143 1.4665255924409997
36 5468.75 1.8620918 0.9475806336836783
37 5468.75 1.476575125 1.1240605295818034
38 5468.75 0.7281013714285715 1.466693102122964
39 5468.75 1.4765767250000001 1.1240597971418032
40 5468.75 1.9877745714285713 0.8900462029929641
41 5468.75 1.5679989833333334 1.0822089728332616
42 5468.75 0.7284679571428571 1.466525288347607
43 5468.75 1.8620937999999998 0.9475797181336784
44 5468.75 1.3579345142857144 1.1783712351515354
45 5468.75 2.30196 0.7462199684286783
46 292.969 2.30196 -0.010922575244905704
47 292.969 2.30196 -0.010922575244905704
48 5468.75 0.727735842857143 1.4668604319647498
49 5468.75 0.7281020857142858 1.4666927751408212
50 5468.75 2.3019514285714284 0.7462238922143927
51 292.969 2.3019525 -0.010919141932405847
52 5468.75 0.7284672428571428 1.46652561532975
53 5468.75 0.7288331428571428 1.4663581154572498
54 5468.75 0.7288328142857143 1.4663582658690355
55 5468.75 0.7281008857142857 1.4666933244708213
56 5468.75 0.7281013714285715 1.466693102122964
57 5468.75 1.4765758625 1.1240601919727409
58 5468.75 0.7277344142857143 1.4668610859290356
59 5468.75 1.9345479666666667 0.9144120119878449
