0 3125.0 1.6956045714285712 0.6809373072735305
1 292.969 2.30195 -0.010917997494905747
2 5468.75 0.7281014857142857 1.4666930498058213
3 5468.75 0.7284664785714287 1.4665259652006426
4 5468.75 0.7281008857142858 1.4666933244708211
5 292.969 2.30195 -0.010917997494905747
6 5468.75 0.7574542428571428 1.4532560914047499
7 5468.75 0.7291991785714286 1.4661905534581428
8 5468.75 0.7299312 1.4658554523486784
9 5468.75 0.7394796785714285 1.4614843975706426
10 5468.75 2.30195 0.7462245461786783
11 5468.75 1.6728493571428573 1.034211092962607
12 5468.75 0.7277352571428573 1.4668607000901068
13 5468.75 1.4772158750000002 1.1237672102505534
14 5468.75 0.7281019142857144 1.4666928536165356
15 5468.75 1.3704104857142856 1.1726600473308213
16 5468.75 0.7281008857142857 1.4666933244708213
17 976.562 2.0210421666666663 0.2176744396236004
18 537.109 2.160942857142857 0.08934572855105087
19 537.109 2.1609414285714283 0.0893463825153367
20 5468.75 0.7281019714285716 1.466692827457964
21 976.562 1.9648587999999996 0.24339378029943376
22 5468.75 0.735434 1.4633364080786784
23 976.562 1.964859 0.2433936887444335
24 537.109 1.9729133333333333 0.17542094381295564
25 5468.75 0.7288322285714287 1.4663585339943925
26 3125.0 0.7831471428571428 1.0986375066378162
27 5468.75 0.7292029285714285 1.4661888368018927
28 5468.75 1.4772158750000002 1.1237672102505534
29 3125.0 1.695601142857143 0.6809388767878162
