0 5468.75 0.7277347428571429 1.4668609355172497
1 5468.75 1.4772155 1.1237673819161782
2 5468.75 0.7277354785714286 1.4668605987256427
3 5468.75 1.9877655714285716 0.8900503229679639
4 5468.75 1.8620914000000002 0.9475808167936782
5 5468.75 0.7281014285714286 1.4666930759643928
6 5468.75 0.7347019428571429 1.4636715255372499
7 5468.75 1.4772155 1.1237673819161782
8 3125.0 1.8785268000000002 0.5972000840892446
9 5468.75 0.7281014285714286 1.4666930759643928
10 1757.81 2.301951666666667 0.20336647317958972
11 5468.75 0.728101 1.4666932721536785
12 5468.75 0.7284663285714287 1.4665260338668926
13 5468.75 1.3586640714285714 1.1780372621304642
14 5468.75 1.9354013333333333 0.9140213620620117
15 5468.75 0.7277351285714285 1.4668607589468927
16 5468.75 0.7281007714285714 1.4666933767879642
17 5468.75 0.7291985 1.4661908640911783
18 5468.75 1.3593977142857143 1.1777014187715356
19 5468.75 1.9354011666666668 0.9140214383578449
20 5468.75 0.7284665285714286 1.4665259423118926
21 5468.75 0.7284693857142857 1.4665246343833211
22 5468.75 0.7281014285714286 1.4666930759643928
23 5468.75 0.7291986428571429 1.4661907986947498
24 5468.75 0.7284677071428572 1.466525402791357
25 5468.75 0.7277350642857143 1.4668607883752856
26 5468.75 0.7526810214285714 1.4554411528442142
27 5468.75 0.7284676571428571 1.466525425680107
28 5468.75 0.7288329857142858 1.4663581873933211
29 5468.75 0.7281013142857143 1.4666931282815354
30 5468.75 0.7288329000000001 1.4663582266311783
31 5468.75 1.3704112285714285 1.1726597072693927
32 3125.0 1.9491063333333332 0.5648905382175782
33 3125.0 1.6921686666666664 0.6825101785759116
34 292.969 2.30196 -0.010922575244905704
35 5468.75 0.7281014285714287 1.4666930759643926
36 5468.75 0.7504888928571428 1.456444654501
37 5468.75 0.7299299142857143 1.4658560409165355
38 5468.75 0.7288341142857143 1.4663576707615356
39 292.969 2.30197 -0.01092715299490566
