0 5468.75 1.6728503285714287 1.0342106482668925
1 5468.75 1.6728505142857144 1.0342105632515355
2 292.969 2.30195 -0.010917997494905747
3 5468.75 0.7277357857142858 1.466860458123321
4 5468.75 1.3586650428571427 1.1780368174347498
5 5468.75 1.5680006000000002 1.0822082327636782
6 5468.75 0.7277351928571428 1.4668607295184999
7 5468.75 1.4772204999999998 1.1237650930411784
8 5468.75 0.7281014428571428 1.4666930694247498
9 5468.75 1.8620933999999998 0.9475799012436784
10 5468.75 0.7277351285714285 1.4668607589468927
11 292.969 2.30195 -0.010917997494905747
12 5468.75 1.9877652857142858 0.8900504537608211
13 292.969 2.3019533333333335 -0.010919523411572547
14 292.969 2.30195 -0.010917997494905747
15 5468.75 1.9354011666666668 0.9140214383578449
16 5468.75 1.8620936000000001 0.9475798096886783
17 292.969 2.30195 -0.010917997494905747
18 5468.75 1.4765754875000001 1.1240603636383657
19 5468.75 0.727735242857143 1.4668607066297499
20 5468.75 1.9877667142857143 0.8900497997965354
21 5468.75 0.7277354571428571 1.466860608535107
22 5468.75 0.7281009428571429 1.4666932983122498
23 5468.75 1.8620975999999998 0.9475779785886784
24 5468.75 0.7277344142857143 1.4668610859290356
25 5468.75 1.9354045 0.9140199124411783
26 5468.75 2.30195 0.7462245461786783
27 292.969 2.30195 -0.010917997494905747
28 5468.75 0.7281017142857144 1.4666929451715354
29 5468.75 2.30196 0.7462199684286783
