0 292.969 2.3019624999999997 -0.010923719682405582
1 292.969 2.30196 -0.010922575244905704
2 292.969 2.30196 -0.010922575244905704
3 976.562 1.2906604 0.5520249528594336
4 3125.0 2.3019624999999997 0.40336180652174486
5 976.562 2.0210429999999997 0.2176740581444337
6 5468.75 2.30196 0.7462199684286783
7 292.969 2.30195 -0.010917997494905747
8 5468.75 0.7762130307692309 1.4446687872682937
9 5468.75 0.728467142857143 1.4665256611072497
10 5468.75 1.4765825124999998 1.124057147768991
11 5468.75 0.7284666285714286 1.4665258965343926
12 5468.75 1.5688606666666665 1.0818145157453452
13 5468.75 0.7281013142857143 1.4666931282815354
14 5468.75 2.301956 0.7462217995286782
15 537.109 2.30196 0.024791605979622308
16 5468.75 1.3704121571428571 1.172659282192607
17 292.969 2.30197 -0.01092715299490566
18 537.109 2.3019619999999996 0.024790690429622494
19 1757.81 1.6921689999999998 0.4825097334129233
