0 292.969 2.30195 -0.010917997494905747
1 292.969 2.3019533333333335 -0.010919523411572547
2 5468.75 1.8620942 0.9475795350236783
3 292.969 2.30195 -0.010917997494905747
4 5468.75 0.7281008857142858 1.4666933244708211
5 5468.75 1.476575175 1.1240605066930534
6 5468.75 1.8620916 0.9475807252386783
7 292.969 2.3019533333333335 -0.010919523411572547
8 292.969 2.30195 -0.010917997494905747
9 292.969 2.30195 -0.010917997494905747
10 5468.75 0.7284685214285714 1.466525030031714
11 5468.75 0.7277346785714286 1.4668609649456426
12 292.969 2.301952 -0.010918913044905783
13 5468.75 0.7284670428571429 1.4665257068847497
14 5468.75 1.4765755 1.1240603579161783
15 5468.75 0.7277344142857143 1.4668610859290356
16 5468.75 0.7277349357142857 1.4668608472320712
17 5468.75 0.7281020857142858 1.4666927751408212
18 5468.75 1.3586658857142857 1.1780364315958212
19 5468.75 0.7281013714285715 1.466693102122964
20 5468.75 1.3586664714285714 1.178036163470464
21 292.969 2.3019542857142854 -0.010919959387762808
22 5468.75 1.9354011666666668 0.9140214383578449
23 3125.0 1.9073032 0.5840269675792447
24 292.969 2.30196 -0.010922575244905704
25 5468.75 1.8620936000000001 0.9475798096886783
26 5468.75 1.3586713714285712 1.1780339203729642
27 5468.75 0.7339765714285713 1.464003582442964
28 5468.75 0.776605776923077 1.444488997897717
29 5468.75 1.6956062857142855 1.0237935399858213
30 5468.75 0.7762190615384614 1.4446660265329092
31 5468.75 0.7347088714285713 1.4636683538104642
32 1757.81 2.30196 0.20336265838792317
33 3125.0 1.8785353999999999 0.5971961472242449
34 5468.75 2.30196 0.7462199684286783
35 5468.75 2.30196 0.7462199684286783
36 5468.75 2.30196 0.7462199684286783
37 5468.75 0.7277345428571429 1.4668610270722497
38 5468.75 2.30195 0.7462245461786783
39 5468.75 0.7281019142857144 1.4666928536165356
40 5468.75 0.7281020285714286 1.4666928012993927
41 5468.75 1.4765754500000001 1.1240603808049283
42 5468.75 1.4765754500000001 1.1240603808049283
43 292.969 2.30195 -0.010917997494905747
44 1757.81 1.644211333333333 0.5044635542712566
45 292.969 2.3019619999999996 -0.010923490794905517
46 292.969 2.30196 -0.010922575244905704
47 3125.0 1.6202326666666664 0.7154406809759115
48 3125.0 0.7831492857142857 1.0986365256913877
49 5468.75 0.8374609307692307 1.4166310298457938
50 292.969 2.30196 -0.010922575244905704
51 292.969 2.30196 -0.010922575244905704
52 292.969 2.30196 -0.010922575244905704
53 292.969 2.30197 -0.01092715299490566
54 976.562 1.964859 0.2433936887444335
55 976.562 2.3019619999999996 0.08907636291943372
56 537.109 2.301964 0.024789774879622237
57 5468.75 1.3704125285714284 1.1726591121618928
58 292.969 2.30196 -0.010922575244905704
59 3125.0 1.9073106 0.5840235800442448
