0 5468.75 1.4765750625 1.124060558192741
1 5468.75 0.7284665785714287 1.4665259194231426
2 5468.75 0.7277351285714285 1.4668607589468927
3 5468.75 0.7299342428571428 1.4658540594047498
4 5468.75 0.728832942857143 1.4663582070122498
5 5468.75 0.7354341428571429 1.4633363426822497
6 5468.75 1.5679993166666668 1.082208820241595
7 5468.75 0.7281016571428571 1.466692971330107
8 5468.75 0.7284665285714286 1.4665259423118926
9 5468.75 1.4772155 1.1237673819161782
10 5468.75 1.9354011666666668 0.9140214383578449
11 5468.75 0.7284668142857144 1.4665258115190354
12 5468.75 0.7291989285714287 1.4661906679018926
13 292.969 2.30196 -0.010922575244905704
14 5468.75 0.7281020285714286 1.4666928012993927
15 5468.75 0.728832942857143 1.4663582070122498
16 5468.75 0.7281004857142858 1.4666935075808212
17 5468.75 0.7284678071428571 1.466525357013857
18 537.109 2.301965 0.02478931710462233
19 976.562 1.9648612 0.24339268163943345
20 1757.81 1.0104406666666665 0.7945879212045899
21 537.109 2.104534 0.11516829312962222
22 1757.81 1.6442096666666666 0.50446431722959
23 5468.75 0.7519511071428571 1.455775289356357
24 5468.75 0.7677307142857143 1.4485517796965355
25 1757.81 2.301952857142857 0.20336592820935168
26 976.562 1.290657 0.5520265092944336
27 5468.75 0.7281051142857142 1.4666913887365356
28 292.969 2.30196 -0.010922575244905704
29 3125.0 0.7941544285714285 1.0935986464199592
