0 5468.75 1.5679993166666668 1.082208820241595
1 5468.75 0.7277352571428571 1.4668607000901068
2 5468.75 1.8620918 0.9475806336836783
3 5468.75 2.30196 0.7462199684286783
4 5468.75 1.3586649000000002 1.1780368828311782
5 5468.75 1.9877682857142858 0.8900490804358212
6 5468.75 2.30195 0.7462245461786783
7 5468.75 0.7277359071428572 1.466860402536357
8 5468.75 0.7277351928571428 1.4668607295184999
9 5468.75 1.56799945 1.0822087592049283
10 292.969 2.30195 -0.010917997494905747
11 5468.75 1.4765758125000001 1.1240602148614909
12 5468.75 0.7281014857142857 1.4666930498058213
13 5468.75 0.72773565 1.4668605202499285
14 5468.75 0.7277351928571428 1.4668607295184999
15 5468.75 0.7277357142857143 1.4668604908215355
16 5468.75 0.7281016000000001 1.4666929974886784
17 5468.75 2.301955 0.7462222573036783
18 5468.75 1.9877682857142858 0.8900490804358212
19 5468.75 0.7762124615384617 1.4446690478479092
20 292.969 2.30196 -0.010922575244905704
21 5468.75 1.8621003999999999 0.9475766968186784
22 5468.75 0.7277351928571428 1.4668607295184999
23 5468.75 1.358671057142857 1.1780340642451068
24 5468.75 0.7281016571428571 1.466692971330107
25 5468.75 2.30196 0.7462199684286783
26 5468.75 1.3586710285714285 1.1780340773243927
27 5468.75 2.3019600000000002 0.7462199684286781
28 292.969 2.30196 -0.010922575244905704
29 292.969 2.3019619999999996 -0.010923490794905517
30 5468.75 1.4765821375 1.1240573194346157
31 5468.75 0.7277351928571428 1.4668607295184999
32 292.969 2.30195 -0.010917997494905747
33 5468.75 0.7758183384615385 1.4448494675394477
34 5468.75 2.301954 0.7462227150786784
35 5468.75 0.7281019142857144 1.4666928536165356
36 292.969 2.3019666666666665 -0.010925627078239082
37 292.969 2.30196 -0.010922575244905704
38 292.969 2.30196 -0.010922575244905704
39 292.969 2.3019659999999997 -0.010925321894905589
40 5468.75 1.9877747142857143 0.8900461375965355
41 292.969 2.301963333333333 -0.010924101161572282
42 976.562 1.9729133333333333 0.23970661630276685
43 292.969 2.3019666666666665 -0.010925627078239082
44 292.969 2.3019624999999997 -0.010923719682405582
45 292.969 2.30196 -0.010922575244905704
46 5468.75 1.5680066833333333 1.0822054479657617
47 292.969 2.30196 -0.010922575244905704
48 292.969 2.30196 -0.010922575244905704
49 5468.75 1.8620999999999999 0.9475768799286783
50 537.109 2.30196 0.024791605979622308
51 5468.75 1.6728570857142857 1.0342075550158212
52 5468.75 0.7281013714285715 1.466693102122964
53 5468.75 0.7281014857142857 1.4666930498058213
54 3125.0 1.717622 0.6708582789092448
55 292.969 2.30197 -0.01092715299490566
56 5468.75 1.8621001999999998 0.9475767883736784
57 537.109 2.301965 0.02478931710462233
58 537.109 2.104534 0.11516829312962222
59 5468.75 2.30196 0.7462199684286783
