0 5468.75 0.7284711785714285 1.4665238136581427
1 5468.75 0.7281013142857143 1.4666931282815354
2 5468.75 2.30195 0.7462245461786783
3 5468.75 1.8620914000000002 0.9475808167936782
4 5468.75 1.987766857142857 0.8900497344001069
5 5468.75 0.7288364714285713 1.4663565917204642
6 292.969 2.30195 -0.010917997494905747
7 292.969 2.30195 -0.010917997494905747
8 5468.75 1.5679989833333334 1.0822089728332616
9 5468.75 0.7277356142857144 1.4668605365990355
10 5468.75 1.9354013333333333 0.9140213620620117
11 5468.75 2.30195 0.7462245461786783
12 5468.75 1.8620914000000002 0.9475808167936782
13 5468.75 1.9354013333333333 0.9140213620620117
14 5468.75 1.9877742857142855 0.8900463337858213
15 5468.75 0.7277355642857143 1.4668605594877855
16 5468.75 1.6728496142857145 1.0342109752490354
17 5468.75 0.7281019142857144 1.4666928536165356
18 5468.75 0.7277356785714286 1.4668605071706426
19 5468.75 1.9354013333333333 0.9140213620620117
20 5468.75 1.6728494142857144 1.0342110668040354
21 5468.75 0.7281014857142857 1.4666930498058213
22 5468.75 2.30195 0.7462245461786783
23 292.969 2.30196 -0.010922575244905704
24 292.969 2.30196 -0.010922575244905704
25 292.969 2.30196 -0.010922575244905704
26 292.969 2.30196 -0.010922575244905704
27 292.969 2.30196 -0.010922575244905704
28 292.969 2.301963333333333 -0.010924101161572282
29 292.969 2.30196 -0.010922575244905704
30 292.969 2.30196 -0.010922575244905704
31 292.969 2.30196 -0.010922575244905704
34 5468.75 2.3019557142857145 0.7462219303215354
35 5468.75 0.7277351285714285 1.4668607589468927
36 5468.75 2.30196 0.7462199684286783
37 5468.75 1.6728494000000003 1.0342110733436782
38 292.969 2.3019600000000002 -0.010922575244905926
39 976.562 2.30196 0.08907727846943353
41 5468.75 1.3586710428571427 1.1780340707847499
42 292.969 2.301965 -0.010924864119905682
43 292.969 2.30197 -0.01092715299490566
44 292.969 2.30197 -0.01092715299490566
45 292.969 2.30197 -0.01092715299490566
46 292.969 2.30197 -0.01092715299490566
47 292.969 2.30196 -0.010922575244905704
48 1757.81 1.9073103999999996 0.38402337902792333
49 292.969 2.30196 -0.010922575244905704
50 292.969 2.30196 -0.010922575244905704
51 292.969 2.30196 -0.010922575244905704
52 976.562 2.3019624999999997 0.08907613403193365
54 292.969 2.30196 -0.010922575244905704
55 292.969 2.3019675 -0.010926008557405782
56 292.969 2.30196 -0.010922575244905704
57 292.969 2.30195 -0.010917997494905747
59 292.969 2.30196 -0.010922575244905704
