57 89 0.120171 2.42212 2.30195
14 75 1.07296 3.37492 2.30195
20 81 1.17892 3.48087 2.30195
33 78 1.86842 4.17038 2.30195
45 100 470.965 473.266 2.30195
36 72 2.21411 4.51606 2.30195
11 82 466.782 469.084 2.30195
17 0 3.19783 0 -3.19783
16 81 2.66004 4.96199 2.30195
0 0 2.54553 0 -2.54553
54 69 2.70078 5.00273 2.30195
26 73 2.52741 4.82936 2.30195
6 76 949.209 949.312 0.102657
27 72 955.856 955.959 0.102658
43 101 1004.71 1004.81 0.0975377
21 81 482.032 484.334 2.30195
38 72 467.489 469.791 2.30195
46 100 1009.94 1010.04 0.102658
28 73 4.45903 6.76099 2.30196
40 92 3.84471 6.14667 2.30195
9 0 710.131 0 -710.131
21 81 937.819 940.121 2.30195
25 78 4.82114 7.12309 2.30195
39 72 4.63363 6.93558 2.30195
9 0 938.025 0 -938.025
55 69 930.851 930.954 0.102657
6 76 474.996 477.297 2.30195
53 70 6.82354 9.12549 2.30195
37 72 5.0358 7.33775 2.30195
59 90 6.87954 9.1815 2.30195
31 78 6.59458 8.89653 2.30195
50 94 6.19568 8.49763 2.30195
13 75 9.89919 12.2011 2.30195
3 82 8.77132 11.0733 2.30195
41 99 5.52746 7.82941 2.30195
42 100 939.478 939.58 0.102656
5 76 479.956 482.258 2.30195
57 89 962.533 962.708 0.174593
25 78 460.608 462.91 2.30195
37 72 460.822 463.124 2.30195
22 75 480.827 483.129 2.30195
1 81 929.194 931.496 2.30195
35 79 7.43271 9.73467 2.30195
33 78 457.655 459.957 2.30195
8 75 9.90758 12.2095 2.30196
17 0 458.984 0 -458.984
7 81 12.8808 15.1827 2.30195
47 93 13.2064 15.5084 2.30195
19 81 11.0213 13.3233 2.30195
11 82 10.9954 13.2973 2.30195
38 72 11.703 14.0049 2.30195
24 75 13.243 15.545 2.30196
23 75 475.136 477.438 2.30195
45 100 945.178 945.281 0.102656
31 0 462.381 0 -462.381
58 65 1010.71 1010.81 0.0975391
53 70 1146.82 1146.92 0.0975384
53 70 462.61 464.912 2.30195
32 73 929.89 932.192 2.30196
18 82 13.9941 16.2961 2.30195
10 81 15.7412 18.0431 2.30195
43 101 14.7082 17.0101 2.30195
30 79 16.2036 18.5056 2.30196
45 100 15.178 17.48 2.30195
12 75 16.2555 18.5575 2.30195
18 82 1003.99 1004.09 0.0975375
54 69 962.701 962.803 0.102658
41 99 461.314 463.616 2.30195
52 62 474.781 477.082 2.30195
2 81 17.927 20.229 2.30195
48 93 17.2416 19.5435 2.30195
1 81 17.6207 19.9226 2.30195
49 93 16.3685 18.6705 2.30195
58 65 476.501 478.803 2.30196
56 80 17.3451 19.647 2.30196
16 81 1052.66 1052.76 0.0975372
48 93 1007.24 1007.34 0.097538
3 82 464.558 466.86 2.30195
48 93 947.242 947.344 0.102658
46 100 475.728 478.029 2.30195
13 75 465.686 467.988 2.30195
52 62 1008.99 1009.09 0.0975373
32 79 18.3167 20.6187 2.30195
39 72 1154.26 1154.37 0.102658
40 92 459.631 461.933 2.30195
28 0 460.246 0 -460.246
52 62 18.9941 21.296 2.30195
55 69 19.2785 21.5804 2.30195
23 0 19.3494 0 -19.3494
6 76 19.209 21.511 2.30195
55 69 475.065 477.367 2.30195
50 94 461.982 464.284 2.30195
7 81 468.667 470.969 2.30195
55 69 1009.28 1009.38 0.0975368
34 79 19.5725 21.8745 2.30196
46 100 19.941 22.243 2.30195
24 75 1003.24 1003.34 0.097539
57 89 455.907 458.209 2.30195
39 72 460.42 462.722 2.30195
58 65 20.7148 23.0168 2.30196
4 75 20.7277 23.0296 2.30195
22 75 936.613 936.716 0.102658
15 81 21.4576 23.7595 2.30195
27 72 937.429 937.614 0.184834
18 82 469.781 472.083 2.30195
44 100 23.2982 25.6002 2.30196
5 76 24.1697 26.4717 2.30195
22 75 25.0404 27.3424 2.30195
51 69 27.2822 29.5842 2.30195
9 0 26.4516 0 -26.4516
21 81 26.2459 28.5479 2.30195
27 72 25.8564 28.1583 2.30195
52 62 930.567 930.67 0.102657
36 72 458.001 460.303 2.30195
26 73 458.314 460.616 2.30195
29 78 27.8647 30.1666 2.30195
42 100 27.9047 30.2066 2.30195
41 99 995.527 995.63 0.102658
15 81 1011.46 1011.56 0.102657
55 69 247.172 249.474 2.30195
52 62 246.887 249.189 2.30195
6 76 247.102 249.404 2.30195
57 89 228.013 230.315 2.30195
8 0 465.694 0 -465.694
44 100 251.191 253.493 2.30196
27 72 253.75 256.052 2.30195
44 100 479.085 481.387 2.30196
34 78 247.466 249.768 2.30196
23 75 247.243 249.545 2.30195
46 100 247.834 250.136 2.30195
35 79 463.219 465.521 2.30195
1 81 473.407 475.709 2.30195
32 73 246.21 248.512 2.30196
14 75 228.966 231.268 2.30195
20 81 229.072 231.374 2.30195
33 78 229.762 232.064 2.30195
36 72 230.107 232.409 2.30195
26 73 230.421 232.723 2.30195
0 82 230.439 232.741 2.30196
16 81 230.553 232.855 2.30195
54 69 230.594 232.896 2.30195
17 0 231.091 0 -231.091
40 92 231.738 234.04 2.30195
28 73 232.352 234.654 2.30196
39 72 232.527 234.829 2.30195
25 78 232.714 235.016 2.30195
37 72 232.929 235.231 2.30195
41 99 233.421 235.723 2.30195
50 94 234.089 236.391 2.30195
31 0 234.488 0 -234.488
53 70 234.717 237.019 2.30195
59 90 234.773 237.075 2.30195
35 79 235.326 237.628 2.30195
3 82 236.665 238.967 2.30195
13 75 237.792 240.094 2.30195
8 81 237.801 240.103 2.30195
11 82 238.889 241.191 2.30195
19 81 238.915 241.217 2.30195
38 72 239.596 241.898 2.30195
7 0 240.774 0 -240.774
47 93 241.1 243.402 2.30195
24 75 241.136 243.438 2.30196
18 82 241.887 244.189 2.30195
43 101 242.601 244.903 2.30195
45 100 243.071 245.373 2.30195
10 81 243.634 245.936 2.30195
30 79 244.097 246.399 2.30196
12 75 244.149 246.451 2.30195
49 93 244.262 246.564 2.30195
48 93 245.135 247.437 2.30195
56 80 245.238 247.54 2.30196
1 81 245.514 247.816 2.30195
2 81 245.82 248.122 2.30195
14 75 931.073 931.171 0.0975372
59 90 462.666 464.968 2.30195
24 75 469.03 471.331 2.30196
52 62 948.994 949.097 0.102657
47 93 468.993 471.295 2.30195
29 78 939.438 939.766 0.328705
6 76 1009.21 1009.31 0.0975373
4 75 476.514 478.816 2.30195
36 72 1172.21 1172.31 0.0975363
56 80 473.132 475.434 2.30196
34 79 475.359 477.661 2.30196
4 75 248.621 250.923 2.30195
58 65 248.608 250.91 2.30196
14 75 961.073 961.171 0.0975372
15 81 477.244 479.546 2.30195
49 93 1006.37 1006.47 0.102659
5 76 252.063 254.365 2.30195
15 81 249.351 251.653 2.30195
0 82 458.332 460.634 2.30196
19 81 466.808 469.11 2.30195
10 81 471.528 473.83 2.30195
30 79 471.99 474.292 2.30196
12 75 472.042 474.344 2.30195
49 93 472.155 474.457 2.30195
32 79 474.103 476.405 2.30195
48 93 473.028 475.33 2.30195
36 72 962.214 962.312 0.0975363
22 75 955.04 955.143 0.102658
38 72 971.703 971.801 0.0975383
22 75 252.934 255.236 2.30195
14 75 456.859 459.161 2.30195
20 81 456.965 459.267 2.30195
21 81 254.139 256.441 2.30195
9 75 254.345 256.647 2.30196
51 69 255.175 257.477 2.30195
42 100 255.798 258.1 2.30195
29 78 255.758 258.06 2.30195
7 81 1152.35 1152.45 0.102657
16 81 458.447 460.748 2.30195
54 69 458.487 460.789 2.30195
40 92 993.845 993.947 0.102659
2 82 473.714 476.015 2.30196
43 101 470.495 472.797 2.30195
35 79 967.433 967.535 0.102658
51 69 957.282 957.385 0.102657
42 100 957.905 958.007 0.102656
30 79 927.777 930.079 2.30196
56 80 1007.35 1007.45 0.102659
9 75 482.238 484.54 2.30196
51 69 483.069 485.371 2.30195
27 72 481.643 483.945 2.30195
46 100 931.514 931.617 0.102658
45 100 1005.18 1005.28 0.0975364
33 78 991.868 991.966 0.0975376
29 78 971.979 972.308 0.328705
58 65 950.715 950.817 0.102659
42 100 483.691 485.993 2.30195
29 78 483.651 485.953 2.30195
27 72 709.536 711.838 2.30195
46 100 949.941 950.044 0.102658
50 94 996.196 996.293 0.097538
13 75 999.899 999.997 0.0975382
33 78 961.868 961.966 0.0975376
40 92 1143.84 1143.95 0.102659
15 81 933.031 933.133 0.102657
23 81 930.922 933.224 2.30196
48 94 928.815 928.917 0.102661
22 75 708.72 711.022 2.30195
5 82 707.849 710.151 2.30196
12 76 927.829 930.13 2.30196
13 75 1149.9 1150 0.0975382
57 89 683.8 686.102 2.30195
14 75 684.753 687.055 2.30195
20 75 684.859 687.161 2.30196
33 78 685.548 687.85 2.30195
36 72 685.894 688.196 2.30195
26 73 686.207 688.509 2.30195
0 82 686.225 688.527 2.30196
16 81 686.34 688.642 2.30195
54 69 686.381 688.682 2.30195
17 0 686.878 0 -686.878
40 92 687.524 689.826 2.30195
28 74 688.139 690.441 2.30196
39 0 688.313 0 -688.313
25 84 688.501 690.803 2.30196
37 0 688.716 0 -688.716
41 99 689.207 691.509 2.30195
50 94 689.875 692.177 2.30195
31 78 690.274 692.576 2.30195
53 70 690.503 692.805 2.30195
59 96 690.559 692.861 2.30196
35 79 691.112 693.414 2.30195
3 82 692.451 694.753 2.30195
13 75 693.579 695.881 2.30195
8 81 693.587 695.889 2.30195
11 0 694.675 0 -694.675
19 81 694.701 697.003 2.30195
38 72 695.383 697.685 2.30195
7 81 696.561 698.862 2.30195
47 93 696.886 699.188 2.30195
24 75 696.923 699.225 2.30196
18 82 697.674 699.976 2.30195
43 101 698.388 700.69 2.30195
45 100 698.858 701.16 2.30195
10 75 699.421 701.723 2.30196
30 79 699.883 702.185 2.30196
12 75 699.935 702.237 2.30195
49 85 700.048 702.35 2.30196
48 94 700.921 703.223 2.30196
56 80 701.025 703.327 2.30196
1 0 701.3 0 -701.3
2 0 701.607 0 -701.607
32 0 701.996 0 -701.996
52 62 702.674 704.976 2.30195
6 76 702.889 705.191 2.30195
55 69 702.958 705.26 2.30195
23 0 703.029 0 -703.029
34 0 703.252 0 -703.252
46 100 703.621 705.923 2.30195
58 65 704.395 706.697 2.30196
4 0 704.407 0 -704.407
15 81 705.137 707.439 2.30195
44 100 706.978 709.28 2.30196
49 93 946.369 946.466 0.0975386
41 99 1145.53 1145.62 0.0975384
59 90 1164.64 1164.75 0.102658
22 75 985.04 985.143 0.102658
16 81 962.66 962.763 0.102657
38 72 1001.7 1001.8 0.0975383
15 81 951.458 951.555 0.0975373
38 72 1181.7 1181.8 0.0975383
19 81 1001.02 1001.12 0.0975363
49 93 927.942 928.044 0.102659
21 0 709.926 0 -709.926
44 100 1013.3 1013.4 0.0975393
55 69 949.278 949.381 0.102657
44 100 1133.3 1133.4 0.0975393
26 73 962.527 962.63 0.102659
29 78 711.544 713.846 2.30195
51 69 710.962 713.264 2.30195
27 72 1165.86 1165.95 0.097538
42 100 711.584 713.886 2.30195
53 70 996.824 996.926 0.102658
44 100 953.298 953.401 0.102659
34 78 931.146 933.447 2.30196
44 100 934.871 935.056 0.184835
51 69 1137.28 1137.38 0.0975375
22 75 1015.04 1015.14 0.0975381
56 80 947.345 947.448 0.102659
43 101 1064.71 1064.81 0.0975377
57 89 944.235 944.42 0.184833
5 76 935.743 938.045 2.30195
51 69 938.855 939.04 0.184833
4 75 932.301 934.603 2.30195
6 76 930.782 930.885 0.102657
7 75 924.454 926.756 2.30196
56 80 928.918 929.021 0.102659
10 81 927.314 929.616 2.30195
58 65 932.288 932.39 0.102659
38 72 923.276 923.379 0.102658
2 81 929.5 931.802 2.30195
18 82 925.567 925.67 0.102657
57 89 911.693 912.022 0.328705
14 75 912.646 912.749 0.102657
20 81 912.752 915.054 2.30195
33 78 913.441 913.544 0.102658
36 72 913.787 913.89 0.102656
26 73 914.1 914.203 0.102659
0 82 914.119 916.42 2.30196
16 81 914.233 914.336 0.102657
54 69 914.274 914.376 0.102658
17 75 914.771 917.073 2.30196
40 92 915.418 915.52 0.102659
28 0 916.032 0 -916.032
39 71 916.207 918.509 2.30196
25 78 916.394 916.497 0.102658
37 0 916.609 0 -916.609
41 99 917.1 917.203 0.102658
50 94 917.769 917.871 0.102658
31 78 918.168 920.47 2.30195
53 70 918.397 918.581 0.184834
59 90 918.453 920.754 2.30195
35 79 919.006 919.108 0.102658
3 82 920.344 920.529 0.184834
13 75 921.472 921.575 0.102658
8 81 921.481 923.783 2.30195
11 82 922.568 924.87 2.30195
19 81 922.594 922.697 0.102656
43 101 926.281 926.384 0.102658
45 100 926.751 926.854 0.102656
56 80 977.345 977.448 0.102659
47 93 924.779 927.081 2.30195
24 75 924.816 924.919 0.102659
54 69 1142.7 1142.8 0.0975385
33 78 931.868 931.971 0.102658
54 69 932.701 932.803 0.102658
36 72 932.214 932.312 0.0975363
47 93 1152.67 1152.78 0.102657
24 75 1183.24 1183.34 0.097539
56 80 1127.35 1127.45 0.102659
36 72 1142.21 1142.31 0.0975363
16 81 932.66 932.763 0.102657
26 73 932.527 932.63 0.102659
52 62 978.994 979.097 0.102657
20 81 1368.54 1368.64 0.102658
55 69 1129.28 1129.38 0.0975368
40 92 933.845 933.947 0.102659
25 79 934.821 934.924 0.10266
27 72 1015.86 1015.95 0.097538
35 79 937.433 937.535 0.102658
45 100 1095.18 1095.28 0.0975364
41 99 935.527 935.63 0.102658
13 75 939.899 940.002 0.102658
3 81 938.771 938.946 0.174596
50 94 936.196 936.298 0.102658
53 70 936.824 936.926 0.102658
18 82 943.994 944.097 0.102657
43 101 944.708 944.811 0.102658
24 75 943.243 943.346 0.102659
38 72 941.703 941.801 0.0975383
41 99 1175.53 1175.62 0.0975384
19 81 941.021 941.119 0.0975363
49 93 976.369 976.466 0.0975386
53 70 966.824 966.921 0.0975384
3 82 968.771 968.946 0.174594
18 82 973.994 974.097 0.102657
40 92 963.845 963.947 0.102659
13 75 969.899 970.002 0.102658
41 99 965.527 965.63 0.102658
50 94 966.196 966.298 0.102658
43 101 974.708 974.806 0.0975377
25 78 964.821 964.919 0.0975383
19 81 971.021 971.119 0.0975363
45 100 975.178 975.276 0.0975364
48 93 1127.24 1127.34 0.097538
3 82 1088.77 1088.95 0.174594
33 78 1081.87 1081.97 0.0975376
41 99 1085.53 1085.62 0.0975384
27 72 985.856 985.954 0.097538
36 72 992.214 992.312 0.0975363
24 75 973.243 973.346 0.102659
55 69 979.278 979.376 0.0975368
50 94 1146.2 1146.29 0.097538
58 65 980.715 980.812 0.0975391
48 93 977.242 977.344 0.102658
6 76 979.209 979.307 0.0975373
35 79 997.433 997.535 0.102658
46 100 979.941 980.044 0.102658
15 81 981.458 981.56 0.102657
29 78 1004.52 1004.85 0.328705
44 100 983.298 983.396 0.0975393
25 78 994.821 994.919 0.0975383
54 69 992.701 992.803 0.102658
51 69 987.282 987.38 0.0975375
42 100 987.905 988.007 0.102656
57 89 990.12 990.295 0.174593
3 82 998.771 998.946 0.174594
16 81 992.66 992.758 0.0975372
14 75 991.073 991.171 0.0975372
26 73 992.527 992.63 0.102659
40 92 1173.84 1173.94 0.097539
42 100 1017.9 1018.01 0.102656
16 81 1022.66 1022.76 0.0975372
51 69 1017.28 1017.38 0.102657
29 78 1037.06 1037.39 0.328705
13 75 1179.9 1180 0.0975382
54 69 1022.7 1022.8 0.0975385
36 72 1022.21 1022.31 0.0975363
29 78 1167.23 1167.56 0.328705
57 89 1020.12 1020.22 0.102657
26 73 1022.53 1022.62 0.0975389
5 76 1163.64 1165.94 2.30195
14 75 1021.07 1021.17 0.0975372
21 81 1165.71 1168.01 2.30195
27 72 1135.86 1135.95 0.097538
23 81 1158.82 1161.12 2.30196
51 69 1077.28 1077.38 0.102657
11 82 1183 1183.33 0.328706
53 70 1086.82 1086.93 0.102658
40 92 1023.84 1023.95 0.102659
33 78 1021.87 1021.97 0.0975376
14 75 1141.07 1141.17 0.0975372
35 79 1027.43 1027.53 0.0975384
13 75 1029.9 1030 0.0975382
43 101 1034.71 1034.81 0.0975377
53 70 1026.82 1026.93 0.102658
25 78 1024.82 1024.92 0.0975383
33 78 1171.87 1171.97 0.0975376
52 62 1128.99 1129.09 0.0975373
14 75 1051.07 1051.17 0.0975372
50 94 1026.2 1026.29 0.097538
48 93 1037.24 1037.34 0.097538
41 99 1025.53 1025.63 0.102658
38 72 1031.7 1031.8 0.0975383
24 75 1033.24 1033.34 0.097539
16 81 1172.66 1172.76 0.0975372
58 65 1130.71 1130.81 0.0975391
3 82 1118.77 1118.95 0.174594
0 82 1152.17 1152.28 0.102659
12 75 1155.72 1158.02 2.30195
49 93 1036.37 1036.47 0.0975386
56 80 1037.35 1037.44 0.0975392
46 100 1039.94 1040.04 0.0975375
55 69 1039.28 1039.38 0.0975368
3 82 1028.77 1028.95 0.174594
18 82 1033.99 1034.09 0.0975375
45 100 1035.18 1035.28 0.0975364
33 78 1141.87 1141.97 0.0975376
29 78 1069.6 1069.93 0.328705
52 62 1038.99 1039.09 0.0975373
19 81 1031.02 1031.12 0.0975363
58 65 1040.71 1040.82 0.102659
15 81 1041.46 1041.56 0.102657
35 79 1057.43 1057.53 0.0975384
27 72 1045.86 1045.95 0.097538
36 72 1052.21 1052.31 0.0975363
44 100 1043.3 1043.4 0.0975393
6 76 1039.21 1039.31 0.0975373
8 81 1149.37 1149.48 0.102658
25 78 1144.82 1144.92 0.0975383
45 100 1065.18 1065.28 0.0975364
25 78 1054.82 1054.92 0.0975383
40 92 1053.84 1053.94 0.097539
42 100 1047.9 1048.01 0.102656
57 89 1050.12 1050.22 0.0975371
22 75 1045.04 1045.14 0.0975381
38 72 1061.7 1061.8 0.0975383
26 73 1052.53 1052.62 0.0975389
54 69 1052.7 1052.8 0.0975385
51 69 1047.28 1047.38 0.102657
13 75 1059.9 1060 0.0975382
50 94 1056.2 1056.29 0.097538
24 75 1063.24 1063.34 0.097539
55 69 1069.28 1069.38 0.0975368
41 99 1055.53 1055.63 0.102658
53 70 1056.82 1056.93 0.102658
15 81 1071.46 1071.56 0.102657
19 81 1061.02 1061.12 0.0975363
18 82 1063.99 1064.09 0.0975375
48 93 1067.24 1067.34 0.097538
56 80 1067.35 1067.44 0.0975392
3 82 1058.77 1058.95 0.174594
49 93 1066.37 1066.47 0.0975386
33 78 1051.87 1051.97 0.0975376
52 62 1068.99 1069.09 0.0975373
46 100 1069.94 1070.04 0.0975375
58 65 1070.71 1070.81 0.0975391
14 75 1081.07 1081.17 0.0975372
42 100 1077.9 1078 0.0975363
6 76 1069.21 1069.31 0.0975373
27 72 1075.86 1075.95 0.097538
29 78 1102.15 1102.47 0.328705
35 79 1087.43 1087.53 0.0975384
11 82 1150.46 1150.79 0.328706
54 69 1082.7 1082.8 0.0975385
44 100 1073.3 1073.4 0.0975393
26 73 1082.53 1082.62 0.0975389
50 94 1086.2 1086.29 0.097538
36 72 1082.21 1082.31 0.0975363
13 75 1089.9 1090 0.0975382
16 81 1082.66 1082.76 0.0975372
56 80 1097.35 1097.44 0.0975392
57 89 1080.12 1080.22 0.0975371
25 78 1084.82 1084.92 0.0975383
49 93 1096.37 1096.47 0.0975386
40 92 1083.84 1083.94 0.097539
22 75 1075.04 1075.14 0.0975381
46 100 1099.94 1100.04 0.0975375
52 62 1098.99 1099.09 0.0975373
48 93 1097.24 1097.34 0.097538
55 69 1099.28 1099.38 0.0975368
6 76 1099.21 1099.31 0.0975373
18 82 1093.99 1094.09 0.0975375
24 75 1093.24 1093.35 0.102659
38 72 1091.7 1091.8 0.0975383
19 81 1091.02 1091.12 0.0975363
19 81 1121.02 1121.12 0.0975363
43 101 1094.71 1094.81 0.0975377
22 75 1135.04 1135.14 0.0975381
18 82 1123.99 1124.09 0.0975375
15 81 1131.46 1131.56 0.0975373
32 79 1157.78 1157.89 0.102659
57 89 1140.12 1140.22 0.102657
47 93 1183.21 1183.3 0.0975371
17 75 1370.56 1372.86 2.30196
49 93 1126.37 1126.47 0.0975386
8 81 1179.91 1180.01 0.097538
26 73 1142.53 1142.62 0.0975389
16 81 1142.66 1142.76 0.0975372
9 75 1165.92 1168.22 2.30196
28 73 1371.82 1372 0.184835
34 79 1159.04 1159.14 0.102659
37 72 1372.4 1372.5 0.102658
46 100 1129.94 1130.04 0.0975375
10 81 1155.21 1157.51 2.30195
35 79 1147.43 1147.53 0.0975384
35 79 1177.43 1177.53 0.0975384
36 72 1112.21 1112.31 0.0975363
1 81 1157.09 1157.19 0.102658
15 81 1101.46 1101.56 0.0975373
44 100 1103.3 1103.4 0.0975393
58 65 1100.71 1100.81 0.0975391
51 69 1107.28 1107.38 0.0975375
57 89 1110.12 1110.22 0.0975371
42 100 1107.9 1108 0.0975363
39 72 1144.1 1144.2 0.102658
4 75 1160.19 1162.5 2.30195
42 100 1137.9 1138 0.0975363
0 82 1172.55 1172.65 0.102659
14 75 1111.07 1111.17 0.0975372
33 78 1111.87 1111.97 0.0975376
43 101 1124.71 1124.81 0.0975377
45 100 1125.18 1125.28 0.0975364
35 79 1117.43 1117.53 0.0975384
27 72 1105.86 1105.95 0.097538
25 78 1114.82 1114.92 0.0975383
13 75 1119.9 1120 0.0975382
22 75 1105.04 1105.14 0.0975381
17 75 1142.66 1144.97 2.30196
40 92 1113.84 1113.95 0.102659
50 94 1116.2 1116.29 0.097538
38 72 1121.7 1121.8 0.0975383
30 79 1155.67 1157.97 2.30196
2 81 1157.39 1157.58 0.184835
53 70 1116.82 1116.92 0.0975384
59 90 1146.35 1146.53 0.184834
41 99 1115.53 1115.62 0.0975384
37 73 1144.5 1146.8 2.30196
24 75 1123.24 1123.34 0.097539
55 68 1159.28 1159.38 0.0975403
29 78 1134.69 1135.02 0.328705
20 81 1140.65 1142.95 2.30195
54 69 1112.7 1112.8 0.0975385
16 81 1112.66 1112.76 0.0975372
0 82 1142.01 1142.11 0.102659
26 73 1112.53 1112.62 0.0975389
6 76 1129.21 1129.31 0.0975373
31 78 1146.06 1148.36 2.30195
28 73 1143.93 1146.23 2.30196
8 81 1159.54 1159.64 0.102658
58 65 1160.71 1160.81 0.0975391
19 81 1151.02 1151.12 0.0975363
30 79 1383.56 1383.67 0.102659
3 82 1148.77 1148.95 0.174594
39 72 1174.63 1174.73 0.0975377
18 82 1153.99 1154.09 0.0975375
49 93 1156.37 1156.47 0.0975386
38 72 1151.7 1151.8 0.0975383
24 75 1153.24 1153.34 0.097539
47 93 1162.84 1162.94 0.102657
43 101 1154.71 1154.81 0.0975377
31 78 1373.95 1374.06 0.102659
19 81 1181.02 1181.12 0.0975363
53 70 1176.82 1176.92 0.0975384
7 81 1182.88 1182.98 0.102657
45 100 1155.18 1155.28 0.0975364
7 81 1162.51 1162.61 0.102657
3 82 1178.77 1178.95 0.174594
25 78 1174.82 1174.92 0.0975383
42 100 1167.9 1168 0.0975363
54 69 1172.7 1172.8 0.0975385
26 73 1172.53 1172.62 0.0975389
14 75 1171.07 1171.17 0.0975372
59 90 1176.88 1176.98 0.097538
50 94 1176.2 1176.29 0.097538
57 89 1170.12 1170.22 0.102657
48 93 1157.24 1157.34 0.097538
56 80 1157.35 1157.44 0.0975392
1 81 1167.25 1167.35 0.102658
2 81 1175.69 1175.79 0.102659
15 81 1161.46 1161.56 0.0975373
32 79 1167.95 1168.05 0.102659
46 100 1159.94 1160.04 0.0975375
51 69 1167.28 1167.38 0.0975375
6 76 1159.21 1159.31 0.0975373
22 75 1165.04 1165.14 0.0975381
52 62 1158.99 1159.09 0.0975373
44 100 1163.3 1163.4 0.0975393
34 79 1169.2 1169.3 0.102659
18 82 1183.99 1184.09 0.0975375
10 81 1383.1 1383.29 0.184834
48 93 1187.24 1187.34 0.097538
32 79 1188.32 1188.42 0.102659
56 80 1187.35 1187.44 0.0975392
43 101 1184.71 1184.81 0.0975377
2 81 1187.93 1188.02 0.0975387
49 93 1186.37 1186.47 0.0975386
12 75 1383.62 1385.92 2.30195
52 62 1188.99 1189.09 0.0975373
45 100 1185.18 1185.28 0.0975364
23 75 1386.71 1386.81 0.102659
55 69 1189.28 1189.38 0.0975368
6 76 1189.21 1189.31 0.0975373
4 75 1388.09 1388.19 0.102657
1 81 1187.62 1187.72 0.102658
34 79 1189.57 1189.68 0.102659
21 81 1393.61 1393.71 0.102658
46 100 1189.94 1190.04 0.0975375
15 81 1191.46 1191.56 0.0975373
29 78 1199.77 1199.96 0.184833
9 75 1393.81 1396.11 2.30196
51 69 1197.28 1197.38 0.102657
58 65 1190.71 1190.81 0.0975391
42 100 1197.9 1198 0.0975363
5 76 1391.53 1392.15 0.61645
27 72 1195.86 1195.95 0.097538
44 100 1193.3 1193.4 0.0975393
22 75 1195.04 1195.14 0.0975381
