42 77 0.0520796 2.35403 2.30195
35 92 0.578372 2.88032 2.30195
39 103 3.51163 5.81358 2.30195
2 117 6.07654 8.37849 2.30195
56 79 3.87374 6.1757 2.30195
19 109 3.72762 6.02957 2.30195
18 0 4.11525 0 -4.11525
53 112 4.8676 7.16955 2.30195
26 109 931.56 931.662 0.102658
24 108 0.944566 3.24652 2.30195
38 103 933.004 935.306 2.30195
55 90 1.2965 3.59845 2.30195
5 110 474.181 476.483 2.30195
30 101 1.84053 4.14248 2.30195
37 0 473.565 0 -473.565
36 103 474.386 476.688 2.30195
15 116 3.16226 5.46421 2.30195
21 116 2.93022 5.23217 2.30195
43 83 2.54997 4.85193 2.30195
29 101 940.965 941.067 0.102657
13 117 4.06336 6.36531 2.30195
9 0 6.54697 0 -6.54697
17 0 4.80806 0 -4.80806
11 110 4.74271 7.04467 2.30195
43 83 992.55 992.653 0.102658
8 0 8.24657 0 -8.24657
53 112 916.441 916.543 0.102657
30 101 961.841 961.943 0.102658
45 71 4.36893 6.67089 2.30195
2 117 917.65 919.951 2.30195
12 109 940.601 942.903 2.30195
41 70 6.83873 9.14068 2.30195
51 70 10.5876 12.8895 2.30195
3 117 473.223 475.525 2.30195
59 90 931.111 931.213 0.102658
20 108 7.29178 9.59374 2.30195
32 84 7.54691 9.84886 2.30195
32 84 1027.55 1027.64 0.0975376
16 116 1040.91 1041.01 0.0975373
36 103 930.173 932.475 2.30195
4 0 8.36249 0 -8.36249
10 118 9.42071 11.7227 2.30195
34 84 9.70551 12.0075 2.30195
29 101 10.9647 13.2666 2.30195
33 84 12.7428 15.0447 2.30195
34 84 465.492 467.794 2.30195
27 109 479.681 481.983 2.30195
25 108 12.8476 15.1495 2.30195
2 117 1155.71 1155.81 0.102657
25 108 468.634 470.936 2.30195
30 101 1051.84 1051.94 0.0975377
34 84 1029.71 1029.8 0.0975377
45 71 994.369 994.472 0.102658
6 110 14.0029 16.3049 2.30195
14 108 13.1757 15.4776 2.30195
40 77 14.9082 17.2101 2.30195
52 105 14.8109 17.1128 2.30195
58 101 970.202 970.531 0.328707
22 117 476.7 479.002 2.30195
44 71 951.614 951.716 0.102657
56 79 993.874 993.976 0.102658
54 87 16.2635 18.5654 2.30195
3 117 17.4364 19.7383 2.30195
50 96 17.7449 20.0468 2.30195
37 0 17.7784 0 -17.7784
5 110 18.3946 20.6965 2.30195
47 106 18.3826 20.6846 2.30195
59 90 19.5375 21.8395 2.30195
0 117 18.9629 21.2649 2.30195
36 103 18.5999 20.9019 2.30195
49 86 1044.72 1044.89 0.174592
10 118 939.421 939.523 0.102657
31 101 933.407 935.709 2.30196
50 96 929.318 929.421 0.102658
52 105 470.597 472.899 2.30195
23 108 933.034 935.336 2.30195
42 77 962.465 962.64 0.174594
35 92 977.235 977.563 0.328705
22 0 20.9139 0 -20.9139
28 88 20.0161 22.3181 2.30196
26 109 19.9866 22.2886 2.30195
47 106 978.383 978.48 0.0975387
47 106 474.169 476.471 2.30195
23 108 477.248 479.549 2.30195
16 116 20.9145 23.2165 2.30195
38 103 21.431 23.733 2.30195
46 71 20.8049 23.1069 2.30195
8 0 464.033 0 -464.033
44 71 21.6138 23.9157 2.30195
23 108 21.461 23.763 2.30195
29 101 970.965 971.062 0.0975374
41 70 1026.84 1026.94 0.0975383
16 116 980.915 981.017 0.102657
42 77 944.167 944.352 0.184834
14 108 943.176 943.278 0.102659
31 0 21.834 0 -21.834
7 118 21.939 24.241 2.30196
8 0 919.82 0 -919.82
27 109 23.8949 26.1968 2.30195
54 87 927.836 927.939 0.102658
49 86 24.7169 27.0188 2.30195
58 101 26.0875 28.3895 2.30196
57 72 26.2186 28.5206 2.30195
18 0 915.688 0 -915.688
19 0 915.301 0 -915.301
1 110 29.219 31.521 2.30195
48 99 29.5865 31.8884 2.30195
26 109 247.88 250.182 2.30195
12 109 29.0277 31.3297 2.30195
56 79 915.447 915.549 0.102658
7 110 933.512 935.814 2.30195
16 116 476.701 479.003 2.30195
0 117 246.856 249.158 2.30195
59 90 247.431 249.733 2.30195
47 106 948.383 948.48 0.0975387
44 71 981.614 981.716 0.102657
57 72 937.792 937.894 0.102657
28 0 247.909 0 -247.909
36 103 246.493 248.795 2.30195
9 110 462.333 464.635 2.30195
48 99 257.48 259.782 2.30195
5 110 246.288 248.59 2.30195
54 87 472.05 474.352 2.30195
47 106 246.276 248.578 2.30195
58 101 253.981 256.283 2.30196
10 118 920.994 921.096 0.102657
4 0 919.935 0 -919.935
42 77 227.945 230.247 2.30195
35 92 228.472 230.774 2.30195
24 108 228.838 231.14 2.30195
55 90 229.19 231.492 2.30195
30 101 229.734 232.036 2.30195
43 83 230.443 232.745 2.30195
21 116 230.823 233.125 2.30195
15 0 231.056 0 -231.056
39 103 231.405 233.707 2.30195
19 108 231.621 233.923 2.30195
56 79 231.767 234.069 2.30195
13 117 231.957 234.259 2.30195
18 0 232.009 0 -232.009
45 71 232.262 234.564 2.30195
11 110 232.636 234.938 2.30195
17 0 232.701 0 -232.701
53 112 232.761 235.063 2.30195
2 117 233.97 236.272 2.30195
9 109 234.44 236.742 2.30195
41 70 234.732 237.034 2.30195
20 108 235.185 237.487 2.30195
32 84 235.44 237.742 2.30195
8 117 236.14 238.442 2.30195
4 117 236.256 238.558 2.30195
10 118 237.314 239.616 2.30195
34 84 237.599 239.901 2.30195
51 70 238.481 240.783 2.30195
29 101 238.858 241.16 2.30195
33 84 240.636 242.938 2.30195
25 108 240.741 243.043 2.30195
14 116 241.069 243.371 2.30195
6 110 241.896 244.198 2.30195
52 105 242.704 245.006 2.30195
40 77 242.801 245.103 2.30195
54 87 244.157 246.459 2.30195
3 0 245.33 0 -245.33
50 96 245.638 247.94 2.30195
37 0 245.672 0 -245.672
0 117 474.749 477.051 2.30195
40 77 926.481 926.584 0.102657
7 118 477.726 480.027 2.30196
5 110 1098.39 1098.49 0.0975367
5 110 1038.39 1038.49 0.0975367
20 108 937.292 937.394 0.102658
26 109 475.773 478.075 2.30195
27 109 953.895 953.998 0.102657
44 71 1101.61 1101.71 0.0975368
7 0 249.832 0 -249.832
31 73 249.727 252.029 2.30197
38 103 249.324 251.626 2.30195
23 108 249.354 251.656 2.30195
16 116 248.808 251.11 2.30195
22 117 248.807 251.109 2.30195
46 70 248.698 251 2.30195
55 90 1051.3 1051.39 0.0975373
44 71 249.507 251.809 2.30195
3 117 929.009 931.311 2.30195
46 70 932.378 934.68 2.30195
49 86 968.832 969.016 0.184832
39 103 1113.51 1113.61 0.0975379
35 92 1110.58 1110.75 0.174593
1 110 989.219 989.317 0.097537
52 105 944.811 944.914 0.102658
16 115 932.488 932.59 0.10266
40 77 1124.91 1125.01 0.102657
27 109 251.788 254.09 2.30195
49 86 252.61 254.912 2.30195
57 72 254.112 256.414 2.30195
33 84 468.529 470.831 2.30195
45 71 915.942 916.045 0.102658
44 71 933.187 933.289 0.102657
1 110 485.006 487.307 2.30195
44 71 477.4 479.702 2.30195
34 84 921.279 921.463 0.184834
1 110 257.112 259.414 2.30195
12 109 256.921 259.223 2.30195
41 70 462.625 464.927 2.30195
59 90 475.324 477.626 2.30195
17 0 916.381 0 -916.381
20 108 463.078 465.38 2.30195
35 92 1060.62 1060.79 0.174593
59 90 949.538 949.64 0.102658
24 108 990.945 991.047 0.102657
5 110 978.395 978.492 0.0975367
27 109 935.468 935.653 0.184833
14 108 924.749 924.851 0.102659
11 110 916.316 918.618 2.30195
31 0 477.62 0 -477.62
51 70 466.374 468.676 2.30195
14 108 468.962 471.264 2.30195
57 72 482.005 484.307 2.30195
4 0 464.149 0 -464.149
38 103 477.218 479.519 2.30195
46 71 476.591 478.893 2.30195
49 86 480.503 482.805 2.30195
10 118 465.207 467.509 2.30195
28 0 475.803 0 -475.803
50 96 473.531 475.833 2.30195
1 110 1049.22 1049.32 0.097537
32 84 463.333 465.635 2.30195
6 110 469.789 472.091 2.30195
12 109 484.814 487.116 2.30195
2 117 461.863 464.165 2.30195
40 77 470.695 472.997 2.30195
14 108 973.176 973.273 0.0975386
29 101 466.751 469.053 2.30195
58 101 481.874 484.176 2.30196
42 77 455.839 458.141 2.30195
35 92 456.365 458.667 2.30195
24 108 456.731 459.033 2.30195
55 90 457.083 459.385 2.30195
30 101 457.627 459.929 2.30195
43 83 458.336 460.638 2.30195
21 116 458.717 461.019 2.30195
15 116 458.949 461.251 2.30195
39 103 459.298 461.6 2.30195
19 108 459.514 461.816 2.30195
56 79 459.66 461.962 2.30195
13 117 459.85 462.152 2.30195
18 117 459.902 462.204 2.30196
45 71 460.155 462.457 2.30195
11 110 460.529 462.831 2.30195
17 0 460.595 0 -460.595
53 112 460.654 462.956 2.30195
20 108 918.865 918.967 0.102658
30 101 991.841 991.938 0.0975377
42 77 990.052 990.155 0.102658
32 84 919.12 919.305 0.184834
50 96 947.745 947.848 0.102658
48 99 485.373 487.675 2.30195
13 117 687.743 690.045 2.30195
56 79 687.553 689.855 2.30195
41 70 690.518 692.82 2.30195
20 108 690.972 693.273 2.30195
32 84 691.227 693.529 2.30195
11 0 688.422 0 -688.422
17 0 688.488 0 -688.488
53 112 688.547 690.849 2.30195
2 118 689.756 692.058 2.30196
9 0 690.227 0 -690.227
18 0 687.795 0 -687.795
45 63 688.049 690.351 2.30195
49 86 708.397 710.699 2.30195
32 84 997.547 997.644 0.0975376
55 90 961.296 961.399 0.102657
54 87 1036.26 1036.36 0.0975378
5 110 929.968 930.07 0.102657
49 86 936.29 936.619 0.328704
27 108 707.575 709.877 2.30196
48 99 713.266 715.568 2.30195
35 92 944.693 945.022 0.328705
42 77 683.732 686.034 2.30195
35 92 684.258 686.56 2.30195
24 108 684.624 686.926 2.30195
55 90 684.976 687.278 2.30195
30 101 685.52 687.822 2.30195
43 83 686.23 688.532 2.30195
21 116 686.61 688.912 2.30195
15 0 686.842 0 -686.842
39 103 687.191 689.493 2.30195
19 0 687.407 0 -687.407
8 116 691.926 694.228 2.30196
4 116 692.042 694.344 2.30196
10 110 693.1 695.402 2.30196
34 92 693.385 695.687 2.30196
51 62 694.267 696.569 2.30196
29 101 694.644 696.946 2.30195
33 84 696.423 698.724 2.30195
25 108 696.527 698.829 2.30195
14 108 696.855 699.157 2.30195
6 110 697.683 699.985 2.30195
52 105 698.491 700.793 2.30195
40 77 698.588 700.89 2.30195
54 87 699.943 702.245 2.30195
3 117 701.116 703.418 2.30195
50 96 701.425 703.727 2.30195
37 0 701.458 0 -701.458
47 106 702.062 704.364 2.30195
5 103 702.074 704.376 2.30196
36 102 702.28 704.582 2.30195
0 0 702.643 0 -702.643
59 90 703.217 705.519 2.30195
26 109 703.666 705.968 2.30195
28 102 703.696 705.998 2.30195
46 70 704.485 706.787 2.30195
22 0 704.594 0 -704.594
16 116 704.594 706.896 2.30195
38 110 705.111 707.413 2.30195
23 116 705.141 707.443 2.30195
44 71 705.294 707.595 2.30195
31 0 705.514 0 -705.514
7 109 705.619 707.921 2.30196
16 116 950.915 951.017 0.102657
22 0 932.487 0 -932.487
48 99 941.159 941.776 0.61645
39 103 1053.51 1053.61 0.0975379
10 118 999.421 999.518 0.0975372
25 108 1002.85 1002.95 0.0975378
32 84 1057.55 1057.65 0.102658
57 72 709.898 712.2 2.30195
58 101 709.767 712.069 2.30196
34 84 939.706 939.808 0.102658
1 110 940.792 940.895 0.102657
0 117 930.536 932.838 2.30195
12 109 712.707 715.009 2.30195
1 110 712.899 715.201 2.30195
59 90 979.538 979.64 0.102658
58 101 937.66 937.989 0.328707
49 86 987.13 987.305 0.174592
9 103 918.12 920.422 2.30196
6 110 925.576 927.878 2.30195
29 101 1060.96 1061.07 0.102657
5 110 948.395 948.492 0.0975367
27 109 983.895 983.998 0.102657
40 77 944.908 945.006 0.0975369
33 84 924.316 926.618 2.30195
26 109 949.987 950.089 0.102658
13 117 1054.06 1054.16 0.0975377
28 95 931.589 933.891 2.30196
13 117 915.636 915.739 0.102658
25 108 924.421 924.523 0.102658
41 70 918.412 918.514 0.102658
59 90 1039.54 1039.64 0.102658
37 110 929.351 931.653 2.30195
53 112 934.868 934.97 0.102657
25 108 942.848 942.95 0.102658
47 106 1038.38 1038.48 0.0975387
43 83 914.123 914.226 0.102658
21 116 914.503 914.606 0.102657
15 0 914.735 0 -914.735
24 108 930.945 931.047 0.102657
47 106 929.956 930.058 0.102659
47 106 1008.38 1008.48 0.0975387
30 101 913.414 913.516 0.102658
47 106 1098.38 1098.48 0.0975387
20 108 1057.29 1057.39 0.0975381
39 103 915.085 915.187 0.102658
57 72 986.219 986.321 0.102657
50 96 1067.74 1067.84 0.0975377
39 103 993.512 993.609 0.0975379
51 70 940.588 940.69 0.102657
58 101 1166.09 1166.26 0.174595
52 105 926.384 926.569 0.184834
54 87 946.263 946.366 0.102658
51 70 922.161 922.263 0.102657
29 101 922.538 922.723 0.184833
42 77 911.625 911.954 0.328706
35 92 912.151 912.48 0.328705
24 108 912.518 912.702 0.184833
55 90 912.869 912.972 0.102657
55 90 991.296 991.399 0.102657
14 108 1003.18 1003.28 0.102659
41 70 1056.84 1056.94 0.0975383
21 116 992.93 993.028 0.0975371
13 117 994.063 994.161 0.0975377
55 90 931.296 931.399 0.102657
30 101 931.841 931.943 0.102658
50 96 1007.74 1007.84 0.0975377
25 108 972.848 972.95 0.102658
51 70 1060.59 1060.69 0.102657
21 108 932.93 933.028 0.09754
52 105 974.811 974.914 0.102658
43 83 932.55 932.653 0.102658
51 70 1000.59 1000.69 0.102657
10 118 1059.42 1059.52 0.0975372
53 112 994.868 994.97 0.102657
29 101 1000.96 1001.06 0.0975374
21 116 1052.93 1053.03 0.0975371
40 77 1034.91 1035.01 0.0975369
15 116 1142.63 1144.93 2.30195
51 70 1030.59 1030.69 0.102657
3 117 1156.9 1157.01 0.102657
41 70 996.839 996.941 0.102658
39 103 933.512 933.614 0.102658
13 117 934.063 934.161 0.0975377
32 84 937.547 937.65 0.102658
56 72 933.874 933.976 0.10266
45 71 934.369 934.472 0.102658
35 92 1009.78 1010.11 0.328705
58 101 1002.74 1003.07 0.328707
48 99 1002.19 1002.52 0.328706
41 77 936.839 936.941 0.102659
27 109 1103.89 1104 0.102657
20 108 997.292 997.394 0.102658
24 108 960.945 961.047 0.102657
57 72 956.219 956.321 0.102657
45 71 1054.37 1054.47 0.102658
27 109 1163.89 1163.99 0.0975374
1 110 959.219 959.322 0.102657
34 84 999.706 999.803 0.0975377
57 72 1166.22 1166.32 0.097537
29 101 1030.96 1031.06 0.0975374
24 108 1110.94 1111.04 0.0975366
50 96 977.745 977.842 0.0975377
58 101 1053.58 1053.76 0.174595
52 105 1094.81 1094.91 0.097538
34 84 1119.71 1119.8 0.0975377
5 110 1158.39 1158.49 0.0975367
43 83 962.55 962.653 0.102658
21 116 962.93 963.028 0.0975371
39 103 963.512 963.614 0.102658
13 117 964.063 964.161 0.0975377
56 79 963.874 963.976 0.102658
45 71 964.369 964.472 0.102658
51 70 970.588 970.685 0.0975372
41 70 966.839 966.941 0.102658
32 84 967.547 967.644 0.0975376
53 112 964.868 964.97 0.102657
20 108 967.292 967.394 0.102658
10 118 969.421 969.518 0.0975372
40 77 974.908 975.011 0.102657
34 84 1059.71 1059.8 0.0975377
27 109 1043.89 1044 0.102657
13 117 1114.06 1114.16 0.0975377
53 112 1054.87 1054.97 0.0975368
59 90 1159.54 1159.64 0.0975382
20 108 1027.29 1027.39 0.102658
15 116 1370.52 1372.82 2.30195
44 71 1041.61 1041.71 0.0975368
54 87 976.263 976.366 0.102658
34 84 969.706 969.803 0.0975377
26 109 979.987 980.084 0.0975378
26 109 1009.99 1010.08 0.0975378
42 77 1050.05 1050.15 0.0975378
5 110 1008.39 1008.49 0.0975367
52 105 1004.81 1004.91 0.102658
40 77 1004.91 1005.01 0.102657
18 115 1143.58 1145.88 2.30196
54 87 1006.26 1006.36 0.0975378
26 109 1039.99 1040.08 0.0975378
59 90 1009.54 1009.64 0.102658
24 108 1050.94 1051.05 0.102657
16 116 1100.91 1101.01 0.0975373
41 70 1116.84 1116.94 0.0975383
47 106 1128.38 1128.48 0.0975387
39 103 1173.51 1173.61 0.0975379
57 72 1046.22 1046.32 0.102657
57 72 1106.22 1106.32 0.102657
50 96 1037.74 1037.84 0.0975377
42 77 1020.05 1020.15 0.0975378
49 86 1014.72 1014.89 0.174592
16 116 1010.91 1011.01 0.0975373
30 101 1021.84 1021.94 0.0975377
48 99 1067.27 1067.6 0.328706
56 79 1053.87 1053.97 0.097538
43 83 1052.55 1052.65 0.0975382
27 109 1013.89 1014 0.102657
56 79 1023.87 1023.97 0.097538
24 108 1020.94 1021.05 0.102657
53 112 1024.87 1024.97 0.0975368
44 71 1011.61 1011.71 0.0975368
14 108 1033.18 1033.28 0.102659
35 92 1042.32 1042.5 0.184833
48 99 1034.73 1035.06 0.328706
44 71 1161.61 1161.71 0.0975368
5 110 1128.39 1128.49 0.0975367
59 90 1099.54 1099.64 0.0975382
53 112 1114.87 1114.97 0.0975368
54 87 1156.26 1156.36 0.0975378
20 108 1177.29 1177.39 0.0975381
40 77 1094.91 1095.01 0.102657
1 110 1019.22 1019.32 0.097537
52 105 1034.81 1034.91 0.102658
45 71 1024.37 1024.47 0.102658
25 108 1032.85 1032.95 0.0975378
13 117 1024.06 1024.16 0.0975377
21 116 1022.93 1023.03 0.0975371
10 118 1029.42 1029.52 0.0975372
54 87 1096.26 1096.36 0.0975378
55 90 1021.3 1021.39 0.0975373
43 83 1022.55 1022.65 0.0975382
58 101 1035.29 1035.47 0.184835
57 72 1016.22 1016.32 0.102657
0 117 1158.43 1160.73 2.30195
20 108 1117.29 1117.39 0.0975381
21 116 1112.93 1113.03 0.0975371
45 71 1114.37 1114.47 0.0975385
9 110 1146.01 1148.32 2.30195
43 83 1112.55 1112.65 0.0975382
32 84 1117.55 1117.64 0.0975376
39 103 1023.51 1023.61 0.0975379
54 87 1066.26 1066.36 0.0975378
25 108 1062.85 1062.95 0.0975378
44 71 1071.61 1071.71 0.0975368
52 105 1064.81 1064.91 0.102658
5 110 1068.39 1068.49 0.0975367
47 106 1068.38 1068.48 0.0975387
58 101 1196.09 1196.26 0.174595
14 108 1063.18 1063.27 0.0975386
40 77 1064.91 1065.01 0.102657
42 77 1080.05 1080.15 0.0975378
33 84 1152.21 1152.54 0.328705
31 94 1161.3 1163.6 2.30196
28 102 1159.48 1161.78 2.30195
42 77 1110.05 1110.15 0.0975378
55 90 1171.3 1171.39 0.0975373
17 0 1144.27 0 -1144.27
2 117 1145.54 1145.65 0.102657
49 86 1104.72 1104.89 0.174592
50 96 1097.74 1097.84 0.0975377
51 70 1120.59 1120.69 0.102657
16 116 1070.91 1071.01 0.0975373
27 109 1073.89 1074 0.102657
1 110 1079.22 1079.32 0.097537
32 84 1087.55 1087.64 0.0975376
26 109 1069.99 1070.08 0.0975378
35 92 1080.58 1080.75 0.174593
59 90 1069.54 1069.64 0.102658
49 86 1074.72 1074.89 0.174592
24 108 1080.94 1081.04 0.0975366
25 108 1122.85 1122.95 0.0975378
14 108 1123.18 1123.27 0.0975386
50 96 1127.74 1127.84 0.0975377
12 109 1178.66 1178.76 0.102657
11 110 1144.21 1144.31 0.102657
26 109 1159.99 1160.08 0.0975378
53 112 1084.87 1084.97 0.0975368
45 71 1144.37 1144.47 0.0975385
55 90 1081.3 1081.39 0.0975373
57 72 1076.22 1076.32 0.102657
45 71 1084.37 1084.47 0.0975385
43 83 1082.55 1082.65 0.0975382
21 116 1082.93 1083.03 0.0975371
34 84 1089.71 1089.8 0.0975377
58 101 1076.09 1076.26 0.174595
59 90 1129.54 1129.64 0.0975382
48 99 1169.59 1169.76 0.174594
25 108 1092.85 1092.95 0.0975378
1 110 1199.22 1199.32 0.097537
51 70 1090.59 1090.69 0.102657
13 117 1084.06 1084.16 0.0975377
39 103 1083.51 1083.61 0.0975379
48 99 1099.81 1100 0.184834
1 110 1109.22 1109.32 0.097537
19 0 1143.19 0 -1143.19
48 99 1199.59 1199.76 0.174594
26 109 1099.99 1100.08 0.0975378
51 70 1180.59 1180.69 0.0975372
10 118 1119.42 1119.52 0.0975372
46 71 1170.43 1170.54 0.102658
29 101 1120.96 1121.07 0.102657
41 70 1086.84 1086.94 0.0975383
14 108 1093.18 1093.27 0.0975386
20 108 1087.29 1087.39 0.0975381
58 101 1106.09 1106.26 0.174595
8 117 1147.71 1150.01 2.30195
56 79 1083.87 1083.97 0.097538
48 99 1118.11 1118.29 0.174594
7 110 1161.41 1161.51 0.102657
26 109 1129.99 1130.08 0.0975378
36 103 1158.07 1160.37 2.30195
44 71 1131.61 1131.71 0.0975368
52 105 1124.81 1124.91 0.097538
16 116 1130.91 1131.01 0.0975373
30 101 1111.84 1111.94 0.0975377
4 117 1147.83 1150.13 2.30195
54 87 1126.26 1126.36 0.0975378
37 110 1157.24 1159.55 2.30195
49 86 1134.72 1134.89 0.174592
56 79 1113.87 1113.98 0.102658
30 101 1081.84 1081.94 0.0975377
6 110 1153.47 1153.57 0.102658
10 118 1089.42 1089.52 0.0975372
29 101 1090.96 1091.07 0.102657
55 90 1111.3 1111.39 0.0975373
23 108 1160.93 1161.03 0.102658
38 110 1160.9 1163.2 2.30195
46 71 1160.27 1160.37 0.102658
22 117 1160.38 1162.68 2.30195
3 117 1167.07 1167.17 0.102657
50 96 1157.74 1157.84 0.0975377
7 110 1171.57 1171.67 0.102657
27 109 1133.89 1133.99 0.0975374
12 109 1168.49 1168.6 0.102657
1 110 1139.22 1139.32 0.097537
35 92 1140.58 1140.75 0.174593
42 77 1140.05 1140.15 0.0975378
48 99 1139.59 1139.76 0.174594
57 72 1136.22 1136.32 0.097537
58 101 1136.09 1136.26 0.174595
21 116 1142.93 1143.03 0.0975371
39 103 1143.51 1143.61 0.0975379
41 70 1146.84 1146.94 0.0975383
43 83 1142.55 1142.65 0.0975382
53 112 1144.87 1144.97 0.0975368
55 90 1141.3 1141.39 0.0975373
24 108 1140.94 1141.04 0.0975366
56 79 1173.87 1173.97 0.097538
42 77 1170.05 1170.15 0.0975378
30 101 1141.84 1141.94 0.0975377
13 117 1144.06 1144.16 0.0975377
24 108 1170.94 1171.04 0.0975366
56 79 1143.87 1143.98 0.102658
18 116 1371.47 1373.78 2.30195
47 106 1158.38 1158.48 0.0975387
1 110 1169.22 1169.32 0.097537
20 108 1147.29 1147.39 0.0975381
32 84 1147.55 1147.64 0.0975376
10 118 1149.42 1149.52 0.0975372
14 108 1153.18 1153.27 0.0975386
25 108 1152.85 1152.95 0.0975378
16 0 1160.91 0 -1160.91
51 70 1150.59 1150.69 0.0975372
2 117 1176.08 1176.17 0.0975372
9 110 1373.91 1374.09 0.184834
41 70 1176.84 1176.94 0.0975383
35 92 1170.58 1170.75 0.174593
34 84 1149.71 1149.8 0.0975377
11 110 1174.74 1174.84 0.0975371
52 105 1154.81 1154.91 0.097538
53 112 1174.87 1174.97 0.0975368
32 84 1177.55 1177.64 0.0975376
40 77 1154.91 1155.01 0.102657
13 117 1174.06 1174.16 0.0975377
49 86 1164.72 1164.89 0.174592
19 108 1371.09 1373.39 2.30195
43 83 1172.55 1172.65 0.0975382
6 110 1163.63 1163.73 0.102658
29 101 1150.96 1151.07 0.102657
21 116 1172.93 1173.03 0.0975371
17 109 1372.17 1374.47 2.30195
45 71 1174.37 1174.47 0.0975385
14 108 1183.18 1183.27 0.0975386
30 101 1171.84 1171.94 0.0975377
10 118 1179.42 1179.52 0.0975372
27 109 1193.89 1193.99 0.0975374
4 117 1375.72 1378.02 2.30195
8 117 1375.61 1377.91 2.30195
34 84 1179.71 1179.8 0.0975377
52 105 1184.81 1184.91 0.097538
40 77 1184.91 1185.01 0.0975369
49 86 1194.72 1194.89 0.174592
33 84 1184.75 1184.94 0.184833
25 108 1182.85 1182.95 0.0975378
6 110 1184 1184.11 0.102658
29 101 1180.96 1181.07 0.102657
5 110 1188.39 1188.49 0.0975367
26 109 1189.99 1190.08 0.0975378
47 106 1188.38 1188.48 0.0975387
3 117 1187.44 1187.54 0.102657
50 96 1187.74 1187.84 0.0975377
22 117 1388.27 1390.58 2.30195
44 71 1191.61 1191.71 0.0975368
38 103 1388.79 1388.89 0.102659
0 117 1386.32 1386.43 0.102656
46 71 1190.8 1190.91 0.102658
16 116 1190.91 1191.01 0.0975373
54 87 1186.26 1186.36 0.0975378
36 103 1385.96 1386.06 0.102658
31 101 1389.19 1391.5 2.30196
23 108 1191.46 1191.56 0.0975383
37 110 1385.14 1387.44 2.30195
7 110 1191.94 1192.04 0.102657
57 72 1196.22 1196.32 0.097537
28 102 1387.38 1389.68 2.30195
12 109 1199.03 1199.13 0.102657
59 90 1189.54 1189.64 0.0975382
