26 31 0.0461897 2.34815 2.30196
16 33 1.5144 3.81636 2.30196
14 33 0.270302 2.57226 2.30196
1 32 0.455429 2.75739 2.30196
12 0 0.348481 0 -0.348481
5 32 2.71898 5.02094 2.30196
6 0 4.86083 0 -4.86083
17 33 4.94384 7.2458 2.30196
3 32 8.88436 11.1863 2.30196
0 32 6.43177 8.73373 2.30196
10 33 5.92601 8.22798 2.30196
19 0 7.56588 0 -7.56588
20 33 8.82951 11.1315 2.30196
21 30 10.0395 12.3414 2.30196
23 31 10.0635 12.3654 2.30195
11 32 10.0759 12.3778 2.30196
22 31 10.47 12.7719 2.30196
13 33 10.9088 13.2108 2.30196
29 30 14.3593 16.6613 2.30196
7 32 11.2533 13.5553 2.30196
28 33 976.137 976.234 0.0975383
24 32 14.6329 16.9348 2.30196
28 33 16.1367 18.4387 2.30195
21 30 986.696 987.025 0.328714
18 0 16.2619 0 -16.2619
23 31 970.063 970.161 0.0975374
2 32 17.4421 19.744 2.30196
15 32 17.5624 19.8644 2.30196
8 32 18.5981 20.9001 2.30196
27 30 23.7377 26.0397 2.30196
25 32 24.063 26.3649 2.30196
9 33 26.8396 29.1415 2.30196
8 32 246.491 248.793 2.30196
4 32 29.7885 32.0905 2.30196
23 31 1000.06 1000.16 0.0975374
25 32 251.956 254.258 2.30196
3 32 464.671 466.973 2.30196
20 33 464.616 466.918 2.30196
19 33 463.352 465.654 2.30196
9 33 254.733 257.035 2.30196
18 33 472.048 474.35 2.30196
27 30 251.631 253.933 2.30196
0 32 462.218 464.52 2.30196
4 32 257.682 259.984 2.30196
26 31 227.939 230.241 2.30196
14 33 228.164 230.466 2.30196
12 33 228.242 230.544 2.30196
1 32 228.349 230.651 2.30196
16 33 229.408 231.71 2.30196
5 32 230.612 232.914 2.30196
6 0 232.754 0 -232.754
17 32 232.837 235.139 2.30196
10 0 233.819 0 -233.819
0 32 234.325 236.627 2.30196
19 0 235.459 0 -235.459
20 33 236.723 239.025 2.30196
3 32 236.778 239.08 2.30196
21 30 237.933 240.235 2.30196
23 31 237.957 240.259 2.30195
11 0 237.969 0 -237.969
22 0 238.363 0 -238.363
13 0 238.802 0 -238.802
7 0 239.147 0 -239.147
29 30 242.253 244.555 2.30196
24 32 242.526 244.828 2.30196
28 33 244.03 246.332 2.30195
18 33 244.155 246.457 2.30196
2 0 245.335 0 -245.335
15 0 245.456 0 -245.456
7 32 467.04 469.342 2.30196
27 30 983.738 983.912 0.174595
17 32 967.357 967.531 0.174597
27 30 953.738 953.912 0.174595
29 30 925.932 928.234 2.30196
11 0 465.862 0 -465.862
4 32 485.575 487.877 2.30196
4 32 713.468 715.77 2.30196
22 0 466.256 0 -466.256
29 30 470.146 472.448 2.30196
18 33 927.835 930.137 2.30196
9 33 710.519 712.821 2.30196
27 30 479.524 481.826 2.30196
9 33 482.626 484.928 2.30196
23 31 465.85 468.152 2.30195
10 0 461.713 0 -461.713
21 30 465.826 468.128 2.30196
15 32 473.349 475.651 2.30196
2 32 473.229 475.531 2.30196
25 32 479.849 482.151 2.30196
13 33 466.695 468.997 2.30196
24 32 470.419 472.721 2.30196
8 32 474.385 476.687 2.30196
26 31 455.833 458.135 2.30196
14 33 456.057 458.359 2.30196
12 33 456.135 458.437 2.30196
1 32 456.242 458.544 2.30196
16 33 457.301 459.603 2.30196
5 32 458.505 460.807 2.30196
6 0 460.647 0 -460.647
17 32 460.73 463.032 2.30196
1 32 960.455 960.553 0.0975432
28 33 471.923 474.225 2.30195
20 33 1158.46 1158.56 0.10266
0 0 936.432 0 -936.432
25 32 707.743 710.045 2.30196
21 30 1051.78 1052.11 0.328714
24 32 926.206 928.508 2.30196
21 30 1084.32 1084.65 0.328714
23 31 1060.06 1060.16 0.0975374
27 30 707.417 709.719 2.30196
25 30 935.636 937.938 2.30196
26 31 683.726 686.028 2.30196
14 0 683.95 0 -683.95
12 33 684.028 686.33 2.30196
1 32 684.135 686.437 2.30196
16 0 685.194 0 -685.194
5 30 686.399 688.701 2.30197
6 33 688.541 690.843 2.30198
17 32 688.624 690.926 2.30196
10 0 689.606 0 -689.606
0 32 690.112 692.413 2.30196
19 0 691.246 0 -691.246
20 0 692.509 0 -692.509
3 0 692.564 0 -692.564
21 30 693.719 696.021 2.30196
23 31 693.743 696.045 2.30195
11 0 693.756 0 -693.756
22 31 694.15 696.452 2.30196
13 33 694.589 696.891 2.30196
7 0 694.933 0 -694.933
29 32 698.039 700.341 2.30197
24 32 698.313 700.615 2.30196
28 33 699.816 702.118 2.30195
18 33 699.942 702.244 2.30196
2 0 701.122 0 -701.122
15 0 701.242 0 -701.242
8 32 702.278 704.58 2.30196
26 31 930.046 930.149 0.102663
4 32 1169.25 1171.56 2.30196
8 33 930.171 931.486 1.31483
28 33 946.137 946.234 0.0975383
2 0 929.015 0 -929.015
4 32 941.362 943.663 2.30196
27 30 935.311 935.496 0.184835
23 31 940.063 940.161 0.0975374
21 30 954.154 954.483 0.328714
25 32 1224.56 1225.17 0.616456
0 32 1146.43 1146.53 0.0975399
12 33 1367.71 1368.32 0.616458
1 0 930.455 0 -930.455
17 32 994.944 995.118 0.174597
11 0 1377.44 0 -1377.44
28 33 927.71 927.812 0.102658
15 33 929.135 931.437 2.30196
9 33 938.413 939.727 1.31482
17 32 949.059 949.243 0.184837
0 32 966.432 966.529 0.0975399
26 31 911.619 911.804 0.184839
14 33 911.843 914.145 2.30196
12 33 911.921 914.223 2.30196
1 32 912.028 912.131 0.102663
16 31 913.087 915.389 2.30197
5 32 914.292 916.594 2.30196
6 33 916.434 918.736 2.30198
17 32 916.517 916.846 0.328709
10 0 917.499 0 -917.499
0 0 918.005 0 -918.005
19 33 919.139 921.441 2.30196
20 33 920.403 922.704 2.30196
3 32 920.457 922.759 2.30196
21 30 921.612 921.941 0.328714
23 31 921.636 921.739 0.102657
11 33 921.649 923.951 2.30196
22 31 922.043 924.345 2.30196
13 32 922.482 924.784 2.30196
7 32 922.826 925.128 2.30196
26 31 960.046 960.144 0.0975428
0 32 996.432 996.534 0.10266
1 32 990.455 990.553 0.0975432
0 32 1026.43 1026.53 0.10266
28 33 1006.14 1006.23 0.0975383
26 31 990.046 990.149 0.102663
21 30 1019.24 1019.57 0.328714
27 30 1013.74 1013.91 0.174595
14 33 1170.27 1170.44 0.174598
28 33 1066.14 1066.23 0.0975383
26 31 1020.05 1020.14 0.0975428
9 33 1068.58 1069.2 0.616456
1 32 1020.46 1020.55 0.0975432
17 32 1024.94 1025.05 0.102661
28 33 1036.14 1036.23 0.0975383
27 30 1043.74 1043.91 0.174595
21 30 1181.95 1182.27 0.328714
23 31 1030.06 1030.16 0.0975374
8 32 1060.34 1061.65 1.31482
1 32 1050.46 1050.55 0.0975432
28 33 1156.14 1156.23 0.0975383
14 33 1139.74 1139.92 0.184838
0 32 1056.43 1056.53 0.0975399
26 31 1050.05 1050.14 0.0975428
23 31 1150.06 1150.16 0.0975374
17 32 1084.94 1085.04 0.0975413
17 32 1054.94 1055.04 0.0975413
0 32 1086.43 1086.53 0.0975399
27 30 1073.74 1073.84 0.102659
1 32 1080.46 1080.55 0.0975432
26 31 1080.05 1080.14 0.0975428
9 33 1129.61 1130.22 0.616456
21 30 1116.86 1117.19 0.328714
28 33 1096.14 1096.23 0.0975383
23 31 1090.06 1090.16 0.0975374
27 30 1103.74 1103.84 0.102659
10 32 1145.39 1147.69 2.30196
15 33 1157.03 1159.33 2.30196
5 30 1142.19 1143.5 1.31484
12 33 1139.81 1142.12 2.30196
1 32 1110.46 1110.55 0.0975432
16 33 1368.87 1371.18 2.30196
17 32 1114.94 1115.04 0.0975413
2 32 1156.91 1159.21 2.30196
19 33 1147.03 1149.33 2.30196
0 32 1116.43 1116.53 0.0975399
18 33 1155.73 1156.06 0.328712
26 31 1110.05 1110.14 0.0975428
16 33 1140.98 1143.28 2.30196
6 32 1144.33 1146.63 2.30196
13 0 1150.38 0 -1150.38
7 0 1150.72 0 -1150.72
29 30 1153.83 1156.13 2.30196
17 32 1144.94 1145.04 0.0975413
28 33 1126.14 1126.23 0.0975383
24 32 1154.1 1154.28 0.184837
20 33 1148.3 1148.4 0.10266
3 32 1148.35 1150.65 2.30196
21 30 1149.4 1149.73 0.328714
23 31 1120.06 1120.16 0.0975374
11 32 1149.54 1151.84 2.30196
22 31 1149.94 1152.24 2.30196
1 32 1140.46 1140.55 0.0975432
10 31 1373.29 1375.59 2.30198
27 30 1133.74 1133.84 0.102659
25 32 1163.53 1164.15 0.616456
26 31 1140.05 1140.14 0.0975428
27 30 1163.74 1163.84 0.102659
6 0 1372.22 0 -1372.22
19 33 1374.93 1377.23 2.30196
1 32 1170.46 1170.55 0.0975432
0 32 1176.43 1176.53 0.0975399
3 32 1376.24 1376.35 0.10266
9 33 1190.64 1190.96 0.328712
26 31 1170.05 1170.14 0.0975428
17 32 1174.94 1175.04 0.0975413
4 32 1397.15 1399.45 2.30196
5 32 1272.35 1273.67 1.31482
15 33 1384.92 1385.54 0.616456
7 32 1378.61 1380.91 2.30196
13 33 1378.27 1380.57 2.30196
2 32 1384.8 1387.1 2.30196
22 31 1377.83 1378.16 0.328714
18 33 1188.27 1188.6 0.328712
9 33 1223.18 1223.36 0.18484
8 32 1190.5 1191.82 1.31482
23 31 1180.06 1180.16 0.0975374
20 33 1178.83 1178.93 0.0975402
27 30 1193.74 1193.84 0.0975394
24 32 1184.63 1184.81 0.174597
29 31 1381.72 1382.34 0.616458
28 33 1186.14 1186.23 0.0975383
