59 85 0.400877 2.70283 2.30195
1 67 1.00363 3.30558 2.30195
5 67 1.09703 3.39898 2.30195
6 75 1.17708 3.47904 2.30195
19 76 2.68932 4.99127 2.30195
50 0 708.749 0 -708.749
25 77 479.316 481.618 2.30195
18 77 7.54238 9.84433 2.30195
6 75 456.964 459.266 2.30195
19 76 458.476 460.778 2.30195
44 74 979.069 979.171 0.102659
33 92 4.86883 7.17078 2.30195
38 81 4.62795 6.9299 2.30195
45 73 3.94832 6.25027 2.30195
23 69 4.17728 6.47923 2.30195
11 74 7.36095 9.6629 2.30195
52 102 5.67274 7.97469 2.30196
40 80 6.70767 9.00962 2.30195
28 93 12.2358 14.5378 2.30195
2 67 471.423 473.725 2.30195
12 74 1010.6 1010.71 0.102657
15 68 474.186 476.488 2.30195
34 100 466.171 468.473 2.30195
53 104 480.396 482.698 2.30195
17 68 1163.31 1163.41 0.102657
0 66 470.937 473.239 2.30195
22 69 8.95076 11.2527 2.30195
56 64 8.05147 10.3534 2.30195
30 92 948.468 948.57 0.102658
13 76 8.68874 10.9907 2.30195
16 77 8.47507 10.777 2.30195
17 69 479.631 481.933 2.30196
59 85 973.002 973.619 0.61645
24 68 941.278 941.376 0.0975365
10 66 9.42883 11.7308 2.30195
31 93 467.661 469.963 2.30195
15 68 1008.4 1008.5 0.102657
1 67 456.79 459.092 2.30195
5 67 456.884 459.185 2.30195
31 93 11.8749 14.1768 2.30195
43 72 12.6416 14.9436 2.30195
34 100 10.3848 12.6868 2.30195
24 68 11.2784 13.5804 2.30195
10 66 969.429 969.531 0.102658
29 92 468.669 470.971 2.30195
19 76 1142.69 1142.79 0.102657
26 100 475.616 477.918 2.30195
11 74 967.361 967.464 0.102657
4 75 713.4 715.702 2.30195
38 81 460.414 462.716 2.30195
33 92 460.655 462.957 2.30195
29 92 12.8828 15.1847 2.30195
20 68 13.0969 15.3989 2.30196
21 76 13.2027 15.5047 2.30195
3 75 13.3785 15.6804 2.30195
15 68 948.4 948.502 0.102657
37 81 944.859 944.962 0.102658
26 100 1069.83 1069.93 0.0975366
42 73 1013.62 1013.71 0.0975376
13 76 938.689 938.791 0.102657
58 90 475.321 477.623 2.30195
42 73 479.402 481.704 2.30195
16 0 464.262 0 -464.262
46 74 469.645 471.947 2.30195
18 77 1027.54 1027.65 0.102658
9 67 13.655 15.957 2.30195
46 74 13.8583 16.1602 2.30195
36 93 14.8427 17.1447 2.30195
47 0 14.8964 0 -14.8964
55 94 474.507 476.808 2.30195
21 76 468.989 471.291 2.30195
23 69 964.177 964.28 0.102657
0 66 15.151 17.4529 2.30195
37 81 14.8594 17.1614 2.30195
3 75 469.165 471.467 2.30195
36 93 470.629 472.931 2.30195
0 66 975.151 975.249 0.097538
59 85 456.187 458.489 2.30195
25 77 935.102 935.205 0.102658
49 78 15.7516 18.0535 2.30195
54 103 17.3826 19.6846 2.30195
7 75 17.2021 19.5041 2.30195
2 67 15.6365 17.9384 2.30195
28 93 972.236 972.338 0.102657
35 92 17.8721 20.1741 2.30195
55 94 18.72 21.022 2.30195
30 92 18.4678 20.7698 2.30195
27 101 19.1012 21.4032 2.30195
48 69 19.1726 21.4745 2.30196
15 68 18.3997 20.7017 2.30195
44 74 19.0688 21.3708 2.30195
14 68 24.9985 27.3004 2.30195
0 66 945.151 945.254 0.102658
50 79 936.642 938.944 2.30196
56 64 463.838 466.14 2.30195
49 78 471.538 473.84 2.30195
6 75 961.177 961.28 0.102659
9 67 469.442 471.743 2.30195
4 75 959.721 959.895 0.174594
52 102 461.459 463.761 2.30196
30 92 1008.47 1008.57 0.0975376
27 101 474.888 477.19 2.30195
54 103 1157.38 1157.48 0.0975386
28 93 942.236 942.338 0.102657
12 74 20.603 22.9049 2.30195
58 90 19.5346 21.8365 2.30195
50 80 25.0691 27.371 2.30195
32 93 476.481 478.783 2.30195
32 93 20.6947 22.9966 2.30195
26 100 19.83 22.1319 2.30195
12 74 476.389 478.691 2.30195
27 100 979.101 979.199 0.0975382
17 68 23.8449 26.1468 2.30195
41 82 23.6647 25.9666 2.30195
42 73 23.6157 25.9176 2.30195
53 104 24.6097 26.9117 2.30195
25 77 23.5292 25.8312 2.30195
47 74 470.683 472.985 2.30196
50 80 480.856 483.158 2.30195
24 68 467.065 469.367 2.30195
54 103 473.169 475.471 2.30195
52 102 1025.67 1025.78 0.102659
45 73 459.735 462.037 2.30195
23 69 459.964 462.266 2.30195
8 74 27.4791 29.7811 2.30195
51 80 28.5149 30.8168 2.30195
57 112 27.5031 29.805 2.30195
39 82 27.2678 29.5698 2.30196
0 66 1005.15 1005.25 0.097538
5 67 961.097 961.2 0.102656
4 75 29.7206 32.0226 2.30195
18 77 967.542 967.645 0.102658
55 94 978.72 978.823 0.102658
42 73 251.509 253.811 2.30195
27 101 246.994 249.296 2.30195
26 100 247.723 250.025 2.30195
58 90 247.428 249.73 2.30195
44 74 474.855 477.157 2.30195
55 94 246.613 248.915 2.30195
48 69 247.066 249.368 2.30196
54 103 1007.38 1007.49 0.102659
35 92 473.659 475.961 2.30195
30 84 246.361 248.663 2.30196
44 74 246.962 249.264 2.30195
17 69 935.418 937.72 2.30196
15 68 246.293 248.595 2.30195
34 100 970.385 970.488 0.102657
18 77 463.329 465.631 2.30195
34 100 940.385 940.488 0.102657
59 85 228.294 230.596 2.30195
1 0 228.897 0 -228.897
5 67 228.99 231.292 2.30195
6 75 229.07 231.372 2.30195
19 76 230.583 232.885 2.30195
45 73 231.842 234.144 2.30195
23 69 232.071 234.372 2.30195
38 81 232.521 234.823 2.30195
33 92 232.762 235.064 2.30195
52 102 233.566 235.868 2.30196
40 80 234.601 236.903 2.30195
11 74 235.254 237.556 2.30195
18 69 235.436 237.738 2.30195
56 64 235.945 238.247 2.30195
16 76 236.368 238.67 2.30195
13 76 236.582 238.884 2.30195
22 69 236.844 239.146 2.30195
10 66 237.322 239.624 2.30195
34 100 238.278 240.58 2.30195
24 68 239.172 241.474 2.30195
31 93 239.768 242.07 2.30195
28 93 240.129 242.431 2.30195
43 72 240.535 242.837 2.30195
29 92 240.776 243.078 2.30195
20 76 240.99 243.292 2.30195
21 76 241.096 243.398 2.30195
3 75 241.272 243.574 2.30195
9 67 241.548 243.85 2.30195
46 74 241.752 244.053 2.30195
36 93 242.736 245.038 2.30195
37 81 242.753 245.055 2.30195
47 74 242.79 245.092 2.30196
0 66 243.044 245.346 2.30195
2 67 243.53 245.832 2.30195
49 78 243.645 245.947 2.30195
7 75 245.095 247.397 2.30195
54 103 245.276 247.578 2.30195
35 93 245.765 248.067 2.30195
4 75 485.507 487.809 2.30195
37 81 470.646 472.948 2.30195
40 80 966.708 966.81 0.102658
48 69 474.959 477.261 2.30196
43 72 468.428 470.73 2.30195
44 74 1009.07 1009.17 0.102659
42 73 935.189 935.291 0.102658
20 68 468.883 471.185 2.30196
7 75 472.989 475.291 2.30195
29 92 1002.88 1002.98 0.0975369
30 92 978.468 978.565 0.0975376
28 93 468.022 470.324 2.30195
40 80 462.494 464.796 2.30195
32 93 248.588 250.89 2.30195
12 74 248.496 250.798 2.30195
58 90 1009.53 1009.63 0.0975385
17 0 251.738 0 -251.738
41 82 251.558 253.86 2.30195
25 77 251.422 253.724 2.30195
55 94 948.72 948.823 0.102658
20 76 943.097 943.2 0.102658
53 104 252.503 254.805 2.30195
50 80 252.962 255.264 2.30195
38 81 964.628 964.725 0.0975369
14 0 252.892 0 -252.892
22 69 464.737 467.039 2.30195
13 76 464.475 466.777 2.30195
57 112 939.076 939.405 0.328706
30 92 474.254 476.556 2.30195
29 92 972.883 972.98 0.0975369
25 77 1013.53 1013.63 0.097538
14 0 480.785 0 -480.785
57 112 255.396 257.698 2.30195
8 74 255.372 257.674 2.30195
39 82 255.161 257.463 2.30196
18 77 1087.54 1087.64 0.0975383
4 75 257.614 259.916 2.30195
51 80 256.408 258.71 2.30195
11 74 463.147 465.449 2.30195
53 104 984.61 984.707 0.097539
13 76 1028.69 1028.79 0.0975373
10 66 465.215 467.517 2.30195
57 112 1017.5 1017.6 0.0975377
24 68 1031.28 1031.38 0.102657
41 82 935.238 937.54 2.30195
9 67 973.655 973.753 0.0975367
10 66 939.429 939.603 0.174594
26 100 1009.83 1009.93 0.0975366
33 92 964.869 964.971 0.102657
27 100 1009.1 1009.2 0.0975382
33 92 1054.87 1054.97 0.0975372
56 64 968.051 968.154 0.102657
33 92 1084.87 1084.97 0.0975372
41 82 479.451 481.753 2.30195
39 82 1017.27 1017.37 0.102659
51 80 1018.51 1018.69 0.174594
8 74 483.266 485.568 2.30195
39 82 483.054 485.356 2.30196
57 112 483.29 485.592 2.30195
51 80 484.301 486.603 2.30195
54 103 977.383 977.485 0.102659
10 66 1029.43 1029.53 0.102658
6 75 1171.18 1171.27 0.0975385
45 73 980.605 980.933 0.328706
8 74 939.052 941.354 2.30195
29 92 942.883 942.98 0.0975369
54 103 947.383 947.485 0.102659
14 109 708.678 710.98 2.30198
37 81 926.432 926.535 0.102658
28 93 923.809 923.911 0.102657
27 100 930.674 930.777 0.102658
53 104 708.289 710.591 2.30195
9 67 943.655 943.753 0.0975367
14 0 936.571 0 -936.571
57 112 971.618 971.803 0.184834
32 93 950.695 950.797 0.102658
59 85 684.081 686.383 2.30195
1 67 684.683 686.985 2.30195
5 67 684.777 687.079 2.30195
6 75 684.857 687.159 2.30195
19 76 686.369 688.671 2.30195
45 73 687.628 689.93 2.30195
23 69 687.857 690.159 2.30195
38 81 688.308 690.61 2.30195
33 92 688.549 690.851 2.30195
52 102 689.352 691.654 2.30196
40 80 690.387 692.689 2.30195
11 74 691.041 693.343 2.30195
18 77 691.222 693.524 2.30195
56 64 691.731 694.033 2.30195
16 76 692.155 694.457 2.30195
13 76 692.368 694.67 2.30195
22 69 692.631 694.932 2.30195
10 66 693.109 695.411 2.30195
34 100 694.065 696.367 2.30195
24 68 694.958 697.26 2.30195
31 93 695.555 697.857 2.30195
28 93 695.916 698.218 2.30195
43 72 696.321 698.623 2.30195
29 92 696.562 698.864 2.30195
20 76 696.777 699.079 2.30195
21 76 696.882 699.184 2.30195
3 75 697.058 699.36 2.30195
9 67 697.335 699.637 2.30195
46 74 697.538 699.84 2.30195
36 84 698.522 700.824 2.30196
37 81 698.539 700.841 2.30195
47 0 698.576 0 -698.576
0 66 698.831 701.133 2.30195
2 67 699.316 701.618 2.30195
49 70 699.431 701.733 2.30195
7 75 700.882 703.184 2.30195
54 103 701.062 703.364 2.30195
35 93 701.552 703.854 2.30195
15 68 702.079 704.381 2.30195
30 92 702.148 704.449 2.30195
55 94 702.4 704.702 2.30195
44 82 702.749 705.05 2.30196
27 108 702.781 705.083 2.30196
48 67 702.852 705.154 2.30198
58 90 703.214 705.516 2.30195
26 100 703.51 705.812 2.30195
12 74 704.283 706.585 2.30195
32 93 704.374 706.676 2.30195
25 77 707.209 709.511 2.30195
42 73 707.295 709.597 2.30195
41 82 707.344 709.646 2.30195
17 69 707.525 709.827 2.30196
51 80 940.088 940.417 0.328706
56 64 938.051 938.154 0.102657
58 90 979.535 979.637 0.102659
12 74 980.603 980.706 0.102657
55 94 1008.72 1008.82 0.102658
39 82 710.948 713.25 2.30196
49 78 927.325 929.627 2.30195
25 77 983.529 983.632 0.102658
57 112 711.183 713.485 2.30195
8 74 711.159 713.461 2.30195
46 74 925.431 927.733 2.30195
51 80 712.195 714.497 2.30195
26 100 949.83 949.927 0.0975366
23 69 1144.18 1144.27 0.0975371
27 100 949.101 949.204 0.102658
39 82 1197.27 1197.37 0.0975391
56 64 1028.05 1028.15 0.0975373
53 104 936.183 936.368 0.184835
5 67 1081.1 1081.19 0.0975363
9 67 1003.66 1003.75 0.0975367
20 76 973.097 973.194 0.0975384
53 104 1164.61 1164.71 0.097539
19 76 1022.69 1022.79 0.102657
44 74 930.642 930.744 0.102659
37 81 974.859 974.962 0.102658
54 103 928.956 929.058 0.102659
4 75 941.294 941.478 0.184834
55 94 930.293 930.396 0.102658
35 100 929.445 931.747 2.30196
3 75 924.951 927.253 2.30195
36 93 926.416 928.718 2.30195
39 81 938.841 938.943 0.102659
51 80 972.63 972.814 0.184834
59 85 911.974 912.59 0.61645
1 66 912.577 914.879 2.30196
5 67 912.67 912.773 0.102656
6 75 912.75 912.853 0.102659
19 76 914.262 914.447 0.184833
45 73 915.521 915.85 0.328706
23 69 915.75 915.853 0.102657
38 81 916.201 916.304 0.102657
33 92 916.442 916.544 0.102657
52 102 917.246 917.348 0.102659
40 80 918.281 918.383 0.102658
11 74 918.934 919.119 0.184833
18 77 919.115 919.218 0.102658
56 64 919.624 919.727 0.102657
16 76 920.048 922.35 2.30195
13 76 920.262 920.364 0.102657
22 69 920.524 922.826 2.30195
10 66 921.002 921.187 0.184834
34 100 921.958 922.06 0.102657
24 68 922.851 922.954 0.102657
31 94 923.448 925.75 2.30196
0 66 926.724 926.827 0.102658
20 76 924.67 924.773 0.102658
29 92 924.456 924.558 0.102657
21 76 924.776 927.078 2.30195
43 72 924.215 926.517 2.30195
47 82 926.469 928.771 2.30196
30 92 930.041 930.143 0.102658
15 68 929.973 930.075 0.102657
2 67 927.209 929.511 2.30195
48 70 930.746 933.047 2.30195
12 74 932.176 932.279 0.102657
26 100 931.403 931.506 0.102657
7 0 928.775 0 -928.775
32 93 932.268 932.37 0.102658
58 90 931.108 931.292 0.184835
9 67 925.228 925.331 0.102657
5 66 931.097 931.2 0.10266
18 77 1147.54 1147.64 0.0975383
53 104 1014.61 1014.71 0.097539
33 92 1144.87 1144.97 0.0975372
19 76 962.689 962.787 0.097537
5 67 1021.1 1021.2 0.102656
29 92 1092.88 1092.98 0.0975369
28 93 1002.24 1002.33 0.097537
59 85 1034.03 1034.36 0.328706
32 93 980.695 980.797 0.102658
5 67 1171.1 1171.19 0.0975363
13 0 968.689 0 -968.689
26 100 979.83 979.927 0.0975366
39 82 957.268 957.37 0.102659
6 75 1081.18 1081.28 0.102659
15 68 978.4 978.502 0.102657
33 92 1024.87 1024.97 0.0975372
19 76 1082.69 1082.79 0.102657
40 80 1026.71 1026.81 0.0975379
44 74 1129.07 1129.17 0.0975387
4 75 1199.72 1199.82 0.0975384
38 81 1084.63 1084.73 0.102657
6 75 931.177 931.28 0.102659
23 69 934.177 934.28 0.102657
19 76 932.689 932.792 0.102657
24 68 971.278 971.381 0.102657
33 92 934.869 934.971 0.102657
18 77 937.542 937.645 0.102658
52 102 935.673 935.775 0.102659
38 81 934.628 934.725 0.0975369
11 74 937.361 937.464 0.102657
45 73 948.063 948.392 0.328706
40 80 936.708 936.805 0.0975379
52 102 995.673 995.775 0.102659
44 74 949.069 949.171 0.102659
12 74 950.603 950.706 0.102657
52 102 965.673 965.775 0.102659
53 104 1074.61 1074.71 0.102659
10 66 1149.43 1149.53 0.102658
11 74 1027.36 1027.46 0.102657
4 75 1019.72 1019.82 0.102658
58 90 949.535 949.637 0.102659
53 104 954.61 954.712 0.102659
42 73 953.616 953.718 0.102658
24 68 1091.28 1091.38 0.0975365
45 73 1031.44 1031.62 0.174594
42 73 983.616 983.718 0.102658
25 77 953.529 953.632 0.102658
20 76 1003.1 1003.19 0.0975384
12 74 1070.6 1070.7 0.0975375
12 74 1130.6 1130.7 0.0975375
54 103 1067.38 1067.49 0.102659
34 100 1030.38 1030.48 0.0975372
28 93 1032.24 1032.33 0.097537
23 69 1024.18 1024.28 0.102657
6 75 1021.18 1021.27 0.0975385
6 75 991.177 991.275 0.0975385
32 93 1010.69 1010.8 0.102658
4 75 989.721 989.823 0.102658
51 80 990.928 991.103 0.174594
39 82 987.268 987.37 0.102659
57 112 989.916 990.019 0.102658
55 94 1158.72 1158.82 0.0975377
13 76 1148.69 1148.79 0.0975373
41 82 1163.13 1163.23 0.102658
40 80 1146.71 1146.81 0.0975379
5 67 991.097 991.2 0.102656
38 81 994.628 994.725 0.0975369
34 100 1000.38 1000.49 0.102657
33 92 994.869 994.971 0.102657
56 64 998.051 998.149 0.0975373
38 81 1024.63 1024.73 0.102657
45 73 1013.15 1013.33 0.184834
11 74 997.361 997.464 0.102657
23 69 994.177 994.28 0.102657
33 92 1174.87 1174.97 0.0975372
52 102 1055.67 1055.78 0.102659
10 66 999.429 999.531 0.102658
19 76 992.689 992.787 0.097537
13 0 998.689 0 -998.689
18 77 997.542 997.645 0.102658
40 80 996.708 996.81 0.102658
37 81 1004.86 1004.96 0.102658
24 68 1001.28 1001.38 0.102657
32 93 1070.69 1070.79 0.0975382
51 80 1078.51 1078.62 0.102658
25 77 1073.53 1073.63 0.097538
27 100 1069.1 1069.2 0.0975382
44 74 1039.07 1039.17 0.0975387
9 67 1033.66 1033.75 0.0975367
55 94 1038.72 1038.82 0.0975377
27 100 1039.1 1039.2 0.0975382
37 81 1034.86 1034.96 0.0975378
30 92 1038.47 1038.57 0.0975376
54 103 1037.38 1037.49 0.102659
0 66 1155.15 1155.25 0.097538
0 66 1035.15 1035.25 0.097538
15 68 1038.4 1038.5 0.0975373
20 76 1033.1 1033.19 0.0975384
29 92 1032.88 1032.98 0.0975369
52 102 1085.67 1085.78 0.102659
56 64 1058.05 1058.15 0.0975373
22 69 1158.58 1158.68 0.102658
58 90 1069.53 1069.64 0.102659
55 94 1068.72 1068.82 0.0975377
56 64 1148.05 1148.15 0.0975373
4 75 1079.72 1079.82 0.102658
15 68 1068.4 1068.5 0.0975373
55 94 1128.72 1128.82 0.0975377
23 69 1084.18 1084.28 0.102657
8 74 1197.48 1197.58 0.102658
53 104 1134.61 1134.71 0.097539
12 74 1040.6 1040.7 0.0975375
42 73 1043.62 1043.71 0.0975376
58 90 1039.53 1039.64 0.102659
10 66 1089.43 1089.53 0.102658
26 100 1039.83 1039.93 0.0975366
19 76 1052.69 1052.79 0.102657
25 77 1043.53 1043.63 0.097538
53 104 1044.61 1044.71 0.097539
23 69 1054.18 1054.28 0.102657
32 93 1040.69 1040.79 0.0975382
57 112 1047.5 1047.6 0.0975377
40 80 1086.71 1086.81 0.0975379
11 74 1177.36 1177.46 0.0975373
16 76 1158.1 1158.21 0.102659
11 74 1147.36 1147.46 0.0975373
34 100 1060.38 1060.48 0.0975372
11 74 1057.36 1057.46 0.102657
59 85 1099.11 1099.44 0.328706
57 112 1077.5 1077.61 0.102658
38 81 1054.63 1054.73 0.102657
59 85 1066.57 1066.9 0.328706
11 74 1087.36 1087.46 0.102657
51 80 1048.51 1048.69 0.174594
13 76 1058.69 1058.79 0.0975373
10 66 1059.43 1059.53 0.102658
0 66 1065.15 1065.25 0.097538
9 67 1123.66 1123.75 0.0975367
18 77 1057.54 1057.64 0.0975383
9 67 1063.66 1063.75 0.0975367
39 82 1047.27 1047.37 0.0975391
37 81 1064.86 1064.96 0.0975378
45 73 1083.95 1084.05 0.102658
26 100 1129.83 1129.93 0.0975366
27 100 1129.1 1129.2 0.0975382
4 75 1139.72 1139.82 0.102658
18 77 1177.54 1177.64 0.0975383
52 102 1145.67 1145.77 0.0975391
51 80 1198.51 1198.61 0.0975379
44 74 1069.07 1069.17 0.0975387
28 93 1062.24 1062.33 0.097537
5 67 1051.1 1051.19 0.0975363
1 67 1140.47 1140.57 0.102658
24 68 1061.28 1061.38 0.0975365
23 69 1174.18 1174.27 0.0975371
39 82 1077.27 1077.37 0.0975391
40 80 1056.71 1056.81 0.0975379
29 92 1062.88 1062.98 0.0975369
45 73 1053.95 1054.12 0.174594
42 73 1073.62 1073.71 0.0975376
20 76 1063.1 1063.19 0.0975384
33 92 1114.87 1114.97 0.0975372
30 92 1068.47 1068.57 0.0975376
4 75 1049.72 1049.82 0.102658
29 92 1152.88 1152.98 0.0975369
13 76 1088.69 1088.79 0.0975373
34 100 1090.38 1090.48 0.0975372
6 75 1051.18 1051.28 0.102659
45 73 1113.95 1114.05 0.097538
32 93 1130.69 1130.79 0.0975382
57 112 1137.5 1137.61 0.102658
45 73 1143.95 1144.05 0.097538
20 76 1093.1 1093.19 0.0975384
39 82 1167.27 1167.37 0.0975391
40 80 1176.71 1176.81 0.0975379
28 93 1092.24 1092.33 0.097537
56 64 1088.05 1088.15 0.0975373
58 90 1129.53 1129.64 0.102659
8 74 1166.95 1167.13 0.184834
59 85 1182.5 1182.67 0.174594
59 85 1164.2 1164.38 0.184834
54 103 1097.38 1097.49 0.102659
30 92 1098.47 1098.57 0.0975376
15 68 1098.4 1098.5 0.0975373
55 94 1098.72 1098.82 0.0975377
37 81 1094.86 1094.96 0.0975378
44 74 1099.07 1099.17 0.0975387
27 100 1099.1 1099.2 0.0975382
0 66 1095.15 1095.25 0.097538
9 67 1093.66 1093.75 0.0975367
13 76 1178.69 1178.79 0.0975373
51 80 1168.51 1168.61 0.0975379
14 68 1164.46 1166.77 2.30195
39 82 1137.27 1137.37 0.0975391
42 73 1103.62 1103.71 0.0975376
42 73 1133.62 1133.71 0.0975376
6 75 1141.18 1141.28 0.102659
26 100 1099.83 1099.93 0.0975366
53 104 1104.61 1104.71 0.097539
58 90 1099.53 1099.64 0.102659
6 75 1111.18 1111.28 0.102659
34 100 1120.38 1120.48 0.0975372
43 72 1152.11 1152.21 0.102659
31 93 1181.87 1181.98 0.102657
45 73 1173.95 1174.05 0.097538
57 112 1167.5 1167.61 0.102658
24 68 1151.28 1151.38 0.0975365
25 77 1103.53 1103.63 0.097538
30 92 1128.47 1128.57 0.0975376
57 112 1107.5 1107.61 0.102658
32 93 1100.69 1100.79 0.0975382
36 93 1154.31 1154.41 0.102657
59 85 1131.66 1131.98 0.328706
38 81 1114.63 1114.73 0.102657
11 74 1117.36 1117.46 0.102657
34 100 1150.38 1150.48 0.0975372
19 76 1112.69 1112.79 0.102657
20 76 1123.1 1123.19 0.0975384
46 74 1153.32 1153.43 0.102658
54 103 1127.38 1127.48 0.0975386
0 66 1125.15 1125.25 0.097538
29 92 1122.88 1122.98 0.0975369
23 69 1114.18 1114.27 0.0975371
2 67 1155.1 1155.21 0.102657
40 80 1116.71 1116.81 0.0975379
51 80 1108.51 1108.61 0.0975379
12 74 1100.6 1100.7 0.0975375
1 66 1171 1171.1 0.0975403
48 70 1158.64 1158.97 0.328706
19 76 1172.69 1172.79 0.102657
22 69 1178.95 1179.05 0.102658
50 80 1164.54 1164.64 0.102657
5 67 1141.1 1141.19 0.0975363
51 80 1138.51 1138.61 0.0975379
5 67 1111.1 1111.19 0.0975363
49 78 1155.22 1155.32 0.102658
35 92 1157.34 1157.44 0.102658
25 77 1133.53 1133.63 0.097538
39 82 1107.27 1107.37 0.0975391
57 112 1197.5 1197.61 0.102658
3 75 1152.84 1152.95 0.102658
15 68 1128.4 1128.5 0.0975373
18 77 1117.54 1117.64 0.0975383
10 66 1119.43 1119.53 0.102658
52 102 1115.67 1115.77 0.0975391
7 75 1156.67 1158.97 2.30195
47 73 1154.36 1156.66 2.30195
28 93 1122.24 1122.33 0.097537
31 93 1151.34 1151.53 0.184833
37 81 1124.86 1124.96 0.0975378
24 68 1121.28 1121.38 0.0975365
13 76 1118.69 1118.79 0.0975373
21 76 1152.67 1152.77 0.102658
16 76 1147.94 1148.04 0.102659
38 81 1144.63 1144.73 0.102657
17 68 1173.47 1173.58 0.102657
4 75 1109.72 1109.82 0.102658
56 64 1118.05 1118.15 0.0975373
22 69 1148.42 1148.52 0.102658
28 93 1152.24 1152.33 0.097537
31 93 1169.64 1169.74 0.102657
37 81 1154.86 1154.96 0.0975378
3 75 1163.01 1163.11 0.102658
9 67 1153.66 1153.75 0.0975367
46 74 1163.49 1163.59 0.102658
20 76 1153.1 1153.19 0.0975384
21 76 1162.83 1162.93 0.102658
43 72 1162.27 1162.37 0.102659
28 93 1182.24 1182.33 0.097537
52 102 1175.67 1175.77 0.0975391
36 93 1164.47 1164.57 0.102657
4 75 1169.72 1169.82 0.0975384
56 64 1178.05 1178.15 0.0975373
34 100 1180.38 1180.48 0.0975372
16 76 1178.48 1178.58 0.102659
49 78 1165.38 1165.48 0.102658
24 68 1181.28 1181.38 0.0975365
58 90 1159.53 1159.64 0.102659
15 68 1158.4 1158.5 0.0975373
42 73 1193.62 1193.71 0.0975376
42 73 1163.62 1163.71 0.0975376
35 92 1167.5 1167.6 0.102658
30 92 1158.47 1158.57 0.0975376
27 100 1159.1 1159.2 0.0975382
44 74 1159.07 1159.17 0.0975387
8 74 1185.24 1185.35 0.102658
10 66 1179.43 1179.53 0.0975377
12 74 1160.6 1160.7 0.0975375
25 77 1163.53 1163.63 0.097538
38 81 1174.63 1174.73 0.102657
26 100 1159.83 1159.93 0.0975366
32 93 1160.69 1160.79 0.0975382
9 67 1183.66 1183.75 0.0975367
20 76 1183.1 1183.19 0.0975384
29 92 1182.88 1182.98 0.0975369
46 74 1183.86 1183.96 0.097538
21 76 1183.2 1183.3 0.0975375
3 75 1183.38 1183.48 0.102658
36 93 1184.84 1184.95 0.102657
37 81 1184.86 1184.96 0.0975378
49 78 1185.75 1185.85 0.102658
43 72 1182.64 1182.74 0.0975388
47 73 1382.26 1382.44 0.184835
2 67 1185.64 1185.73 0.0975372
0 66 1185.15 1185.25 0.097538
7 75 1384.56 1384.66 0.102657
54 103 1187.38 1187.48 0.0975386
30 92 1188.47 1188.57 0.0975376
55 94 1188.72 1188.82 0.0975377
15 68 1188.4 1188.5 0.0975373
35 92 1187.87 1187.97 0.0975379
26 100 1189.83 1189.93 0.0975366
48 70 1191.18 1191.51 0.328706
58 90 1189.53 1189.63 0.0975385
12 74 1190.6 1190.7 0.0975375
14 68 1392.36 1394.66 2.30195
44 74 1189.07 1189.17 0.0975387
27 100 1189.1 1189.2 0.0975382
53 104 1194.61 1194.71 0.097539
50 80 1195.07 1195.17 0.097537
17 68 1193.84 1193.94 0.0975375
41 82 1193.66 1193.76 0.0975384
25 77 1193.53 1193.63 0.097538
32 93 1190.69 1190.79 0.0975382
