9 47 0.666039 2.96799 2.30196
15 45 0.704328 3.00629 2.30196
39 44 3.7459 6.04786 2.30196
29 41 5.95337 8.25533 2.30196
18 42 3.03314 5.33509 2.30195
2 47 1.33562 3.63758 2.30196
1 47 1154.41 1154.74 0.32871
15 45 684.384 686.686 2.30196
27 42 691.865 694.167 2.30196
19 0 1.57892 0 -1.57892
31 40 1149.25 1149.58 0.328709
9 47 684.346 686.648 2.30196
37 42 1.58224 3.8842 2.30196
7 47 711.797 714.099 2.30196
26 42 1.80186 4.10381 2.30196
30 0 5.58546 0 -5.58546
38 43 5.64777 7.94973 2.30196
3 0 6.99562 0 -6.99562
0 48 6.5709 8.87286 2.30196
33 43 1392.29 1392.62 0.328709
30 0 689.265 0 -689.265
12 0 7.90596 0 -7.90596
1 47 1186.95 1187.28 0.32871
6 48 1090.75 1090.85 0.102659
38 43 689.328 691.629 2.30196
27 45 8.1857 10.4877 2.30196
20 42 1184.38 1184.48 0.0975382
18 42 1113.03 1113.13 0.0975388
10 47 692.934 695.236 2.30196
31 40 13.9374 16.2394 2.30196
10 48 9.25389 11.5558 2.30195
28 42 10.383 12.685 2.30196
17 42 9.5281 11.8301 2.30196
22 45 9.66241 11.9644 2.30196
10 48 1119.25 1119.35 0.0975379
5 48 935 937.302 2.30196
6 47 10.7503 13.0522 2.30196
39 44 687.426 689.728 2.30196
14 47 1066.5 1066.6 0.0975406
20 42 14.3845 16.6864 2.30195
1 47 15.0466 17.3486 2.30196
2 0 1140.8 0 -1140.8
19 42 1141.05 1143.35 2.30196
26 42 1369.16 1369.35 0.184836
16 43 933.614 935.916 2.30198
15 0 1140.17 0 -1140.17
9 0 1140.13 0 -1140.13
18 45 686.713 689.015 2.30196
14 47 16.5022 18.8041 2.30196
1 44 698.726 701.028 2.30196
17 42 1376.89 1376.99 0.10266
26 42 685.482 687.784 2.30196
8 48 17.5536 19.8555 2.30196
21 42 17.4885 19.7905 2.30196
5 48 23.4273 25.7293 2.30196
16 45 22.0413 24.3432 2.30196
35 41 23.7474 26.0494 2.30195
4 45 21.8123 24.1143 2.30196
13 48 21.8328 24.1347 2.30196
20 42 1094.38 1094.49 0.102658
23 45 1164.61 1166.92 2.30196
21 42 1234.2 1234.82 0.616454
25 45 1164.99 1165.17 0.184837
31 40 1116.71 1117.03 0.328709
0 48 1146.04 1146.14 0.10266
20 42 1124.38 1124.48 0.0975382
33 0 24.9287 0 -24.9287
34 43 24.5432 26.8452 2.30195
25 41 25.5206 27.8226 2.30196
23 0 25.1488 0 -25.1488
32 40 25.1716 27.4736 2.30195
24 45 27.1805 29.4824 2.30196
35 41 1163.21 1163.32 0.102658
28 42 1090.38 1090.48 0.09754
11 48 26.6331 28.935 2.30196
37 42 685.262 687.564 2.30196
12 0 691.586 0 -691.586
36 44 29.3642 31.6661 2.30196
7 47 28.1177 30.4196 2.30196
37 42 1081.58 1081.68 0.10266
36 44 257.257 259.559 2.30196
4 45 249.706 252.008 2.30196
33 43 252.822 255.124 2.30196
3 0 690.675 0 -690.675
5 48 1193.43 1193.53 0.10266
25 0 253.414 0 -253.414
34 43 252.436 254.738 2.30195
35 41 251.641 253.943 2.30195
24 45 255.074 257.376 2.30196
7 47 256.011 258.313 2.30196
27 42 1147.65 1149.95 2.30196
5 48 707.107 709.409 2.30196
27 41 463.972 466.274 2.30196
6 48 1120.75 1120.85 0.102659
35 41 707.427 709.729 2.30195
1 47 926.62 926.948 0.32871
5 48 251.321 253.623 2.30196
13 48 249.726 252.028 2.30196
23 0 253.042 0 -253.042
16 45 705.721 708.023 2.30196
16 42 477.828 480.13 2.30196
16 45 249.935 252.236 2.30196
32 40 253.065 255.367 2.30195
11 48 254.526 256.828 2.30196
19 0 685.259 0 -685.259
2 47 685.015 687.317 2.30196
29 41 1373.31 1373.5 0.184839
20 41 698.064 700.366 2.30196
31 40 697.617 699.919 2.30196
9 0 228.559 0 -228.559
15 0 228.598 0 -228.598
2 0 229.229 0 -229.229
19 0 229.472 0 -229.472
37 41 229.475 231.777 2.30196
26 0 229.695 0 -229.695
18 42 230.926 233.228 2.30195
39 44 231.639 233.941 2.30196
30 0 233.479 0 -233.479
38 43 233.541 235.843 2.30196
29 41 233.847 236.149 2.30196
0 48 234.464 236.766 2.30196
3 0 234.889 0 -234.889
12 0 235.799 0 -235.799
27 41 236.079 238.381 2.30196
10 48 237.147 239.449 2.30195
17 42 237.421 239.723 2.30196
22 45 237.556 239.858 2.30196
28 42 238.276 240.578 2.30196
6 47 238.644 240.945 2.30196
31 40 241.831 244.133 2.30196
20 42 242.278 244.58 2.30195
1 47 242.94 245.242 2.30196
14 47 244.395 246.697 2.30196
21 42 245.382 247.684 2.30196
8 48 245.447 247.749 2.30196
19 42 1368.94 1371.24 2.30196
22 45 1179.66 1179.76 0.0975404
37 42 1171.58 1171.68 0.0975403
35 41 1193.75 1193.84 0.0975384
23 45 1392.51 1392.69 0.184837
11 45 938.206 940.508 2.30196
37 42 1051.58 1051.68 0.0975403
36 44 1089.4 1089.58 0.174597
38 43 1115.65 1115.75 0.102662
4 45 1101.81 1101.91 0.0975409
12 48 1147.37 1149.67 2.30196
17 42 1148.99 1151.3 2.30196
8 48 1187.55 1187.65 0.0975405
7 47 1198.12 1198.22 0.0975408
4 45 1131.81 1131.91 0.0975409
13 48 1161.3 1163.6 2.30196
14 47 1096.5 1096.6 0.102661
14 47 1186.5 1186.6 0.0975406
32 40 1075.17 1075.27 0.0975374
39 44 1143.21 1145.51 2.30196
8 48 1157.02 1157.12 0.102661
10 48 1179.25 1179.35 0.0975379
29 0 689.633 0 -689.633
36 44 1109.36 1109.54 0.174597
28 42 1120.38 1120.48 0.09754
30 40 1145.05 1147.35 2.30196
5 48 1162.89 1163 0.10266
0 48 690.251 692.553 2.30196
36 44 713.044 715.346 2.30196
12 48 1375.27 1377.57 2.30196
22 45 1089.66 1089.77 0.10266
3 48 1374.36 1376.66 2.30196
28 42 1150.38 1150.48 0.09754
17 0 465.315 0 -465.315
12 45 463.692 465.994 2.30196
36 44 485.151 487.453 2.30196
1 47 470.833 473.135 2.30196
21 42 473.275 475.577 2.30196
13 48 477.619 479.921 2.30196
32 40 708.851 711.153 2.30195
11 48 482.42 484.722 2.30196
7 47 483.904 486.206 2.30196
8 48 473.34 475.642 2.30196
35 41 479.534 481.836 2.30195
25 45 481.307 483.609 2.30196
23 41 708.829 711.13 2.30197
18 42 1083.03 1083.13 0.0975388
4 45 477.599 479.901 2.30196
31 40 469.724 472.026 2.30196
14 47 472.289 474.591 2.30196
32 40 480.958 483.26 2.30195
23 45 480.935 483.237 2.30196
31 40 925.51 926.825 1.31482
3 45 462.782 465.084 2.30196
22 45 465.449 467.751 2.30196
39 44 1371.11 1373.41 2.30196
13 45 705.513 707.814 2.30196
4 45 705.492 707.794 2.30196
8 48 701.233 703.535 2.30196
21 42 701.168 703.47 2.30196
14 47 700.182 702.484 2.30196
0 48 462.357 464.659 2.30196
1 47 1121.87 1122.2 0.32871
6 46 694.43 696.732 2.30197
28 42 694.063 696.365 2.30196
5 48 479.214 481.516 2.30196
22 45 693.342 695.644 2.30196
17 42 693.208 695.51 2.30196
24 45 482.967 485.269 2.30196
33 43 480.715 483.017 2.30196
34 43 480.33 482.632 2.30195
11 48 710.313 712.615 2.30196
10 48 465.04 467.342 2.30195
28 41 466.17 468.471 2.30196
20 42 470.171 472.473 2.30195
13 48 1389.19 1389.52 0.328708
25 44 709.2 711.502 2.30196
28 42 1180.38 1180.48 0.09754
9 47 456.453 458.754 2.30196
15 45 456.491 458.793 2.30196
2 47 457.122 459.424 2.30196
19 42 457.365 459.667 2.30196
37 41 457.369 459.671 2.30196
26 42 457.588 459.89 2.30196
18 42 458.82 461.122 2.30195
39 44 459.532 461.834 2.30196
30 40 461.372 463.674 2.30196
38 43 461.434 463.736 2.30196
29 41 461.74 464.042 2.30196
16 45 1389.4 1391.7 2.30196
32 40 1195.17 1195.27 0.0975374
16 45 1161.51 1163.81 2.30196
34 43 1164.01 1164.11 0.102657
27 42 1375.55 1375.65 0.102661
34 43 1194.54 1194.64 0.0975372
6 48 466.537 468.839 2.30195
32 40 1135.17 1135.27 0.0975374
18 42 1173.03 1173.13 0.0975388
11 48 1393.99 1394.1 0.102659
26 42 1141.27 1143.57 2.30196
22 45 1119.66 1119.76 0.0975404
21 42 1112.15 1112.76 0.616454
7 47 1108.12 1108.22 0.0975408
0 48 1176.57 1176.67 0.10266
7 48 939.691 939.875 0.184839
33 0 708.608 0 -708.608
24 0 710.86 0 -710.86
14 47 928.075 928.26 0.184837
34 0 708.223 0 -708.223
25 45 937.094 939.396 2.30196
28 42 940.383 940.481 0.09754
20 42 925.957 926.142 0.184834
13 48 933.406 935.708 2.30196
10 48 939.254 939.357 0.102658
21 42 929.061 929.678 0.616454
37 42 931.582 931.685 0.10266
18 42 963.033 963.136 0.102659
9 0 912.239 0 -912.239
15 45 912.277 914.579 2.30196
2 0 912.909 0 -912.909
19 45 913.152 915.454 2.30196
37 42 913.155 913.258 0.10266
26 41 913.375 915.677 2.30196
18 42 914.606 914.709 0.102659
39 44 915.319 917.621 2.30196
30 40 917.158 919.46 2.30196
38 43 917.221 917.323 0.102662
29 42 917.526 919.828 2.30196
0 48 918.144 920.446 2.30196
3 0 918.569 0 -918.569
12 45 919.479 921.781 2.30196
27 41 919.759 922.061 2.30196
10 48 920.827 920.93 0.102658
17 0 921.101 0 -921.101
22 45 921.235 921.338 0.10266
28 41 921.956 922.059 0.102663
6 47 922.323 922.652 0.328712
7 47 1078.12 1078.22 0.0975408
31 40 1214.33 1214.52 0.184837
6 48 1180.75 1180.85 0.0975386
10 48 1089.25 1089.35 0.0975379
33 40 1164.39 1166.7 2.30196
14 47 1126.5 1126.6 0.0975406
4 45 1071.81 1071.91 0.0975409
37 42 1111.58 1111.68 0.10266
3 45 1146.46 1148.76 2.30196
8 48 929.127 931.429 2.30196
4 45 1191.81 1191.91 0.0975409
29 41 1145.42 1147.72 2.30196
32 40 1105.17 1105.27 0.0975374
38 43 1085.65 1085.75 0.102662
25 45 1195.52 1195.62 0.0975413
32 40 936.745 936.847 0.102657
35 41 935.32 937.622 2.30195
33 40 936.502 938.804 2.30196
24 0 938.753 0 -938.753
4 45 933.385 933.57 0.184837
34 46 936.116 938.418 2.30196
23 45 936.722 939.024 2.30196
36 44 940.937 941.266 0.328709
18 42 933.033 933.131 0.0975388
38 43 935.648 935.75 0.102662
22 45 939.662 939.765 0.10266
6 48 954.865 955.05 0.184835
28 42 970.383 970.481 0.09754
14 47 946.502 946.677 0.174597
20 42 944.384 944.559 0.174594
1 44 959.161 959.49 0.32871
32 40 955.172 955.269 0.0975374
22 45 969.662 969.76 0.0975404
4 45 951.812 951.987 0.174597
7 47 958.118 958.292 0.174597
6 48 973.163 973.338 0.174595
10 48 969.254 969.351 0.0975379
14 47 976.502 976.605 0.102661
36 44 973.479 973.808 0.328709
10 48 1149.25 1149.35 0.0975379
37 42 961.582 961.685 0.10266
38 43 965.648 965.75 0.102662
21 42 990.09 990.706 0.616454
20 42 974.384 974.487 0.102658
4 45 981.812 981.915 0.102661
37 42 991.582 991.685 0.10266
36 44 1006.02 1006.35 0.328709
1 47 991.703 992.032 0.32871
7 47 988.118 988.22 0.102661
32 40 985.172 985.269 0.0975374
38 43 995.648 995.745 0.097542
28 42 1000.38 1000.49 0.10266
10 48 999.254 999.351 0.0975379
6 48 1000.75 1000.92 0.174595
32 40 1015.17 1015.27 0.0975374
18 42 993.033 993.136 0.102659
22 45 999.662 999.76 0.0975404
1 47 1024.24 1024.57 0.32871
15 0 1368.06 0 -1368.06
20 42 1004.38 1004.48 0.0975382
18 42 1023.03 1023.14 0.102659
14 47 1006.5 1006.6 0.0975406
7 47 1018.12 1018.22 0.102661
10 48 1029.25 1029.35 0.0975379
4 45 1011.81 1011.91 0.102661
6 48 1030.75 1030.85 0.102659
7 47 1168.12 1168.22 0.0975408
37 42 1021.58 1021.68 0.0975403
36 44 1038.56 1038.89 0.328709
1 47 1056.79 1057.12 0.32871
22 45 1029.66 1029.76 0.0975404
28 42 1030.38 1030.48 0.09754
7 47 1048.12 1048.22 0.0975408
1 47 1089.33 1089.66 0.32871
21 42 1051.12 1051.73 0.616454
2 0 1368.7 0 -1368.7
38 43 1025.65 1025.75 0.097542
20 42 1034.38 1034.49 0.102658
31 40 1055.68 1056.29 0.616453
14 47 1036.5 1036.6 0.0975406
22 45 1149.66 1149.76 0.0975404
18 42 1053.03 1053.13 0.0975388
25 45 1183.29 1183.39 0.102661
38 43 1055.65 1055.75 0.097542
28 42 1060.38 1060.48 0.09754
22 45 1059.66 1059.77 0.10266
20 42 1064.38 1064.49 0.102658
4 45 1041.81 1041.91 0.0975409
32 40 1165.17 1165.27 0.0975374
32 40 1045.17 1045.27 0.0975374
36 44 1071.1 1071.29 0.184837
6 48 1060.75 1060.85 0.102659
10 48 1059.25 1059.35 0.0975379
24 41 1166.65 1168.95 2.30197
7 47 1138.12 1138.22 0.0975408
11 48 1166.1 1168.4 2.30196
6 48 1150.75 1150.85 0.102659
18 42 1143.03 1143.13 0.0975388
0 48 1156.2 1156.3 0.10266
38 43 1145.65 1145.75 0.097542
36 44 1139.36 1139.54 0.174597
8 48 1167.18 1167.29 0.102661
21 42 1173.17 1173.79 0.616454
37 42 1141.58 1141.68 0.0975403
24 45 1394.54 1396.84 2.30196
36 44 1199.36 1199.54 0.174597
31 40 1181.79 1182.12 0.328709
20 42 1154.38 1154.48 0.0975382
36 44 1169.36 1169.54 0.174597
38 43 1175.65 1175.75 0.097542
4 45 1161.81 1161.91 0.0975409
35 41 1173.38 1173.48 0.102658
5 48 1173.06 1173.16 0.10266
14 47 1156.5 1156.6 0.0975406
30 40 1372.94 1375.25 2.30196
9 0 1368.03 0 -1368.03
