0 68 1.29233 3.59429 2.30195
21 58 3.34926 5.65121 2.30195
38 76 6.2637 8.56566 2.30195
44 70 5.98043 8.28239 2.30195
1 61 5.78801 8.08997 2.30196
2 68 713.483 715.785 2.30195
33 72 3.48316 5.78511 2.30195
10 61 927.561 927.663 0.102657
45 74 1060.37 1060.46 0.0975375
40 0 5.11895 0 -5.11895
14 51 5.57658 7.87853 2.30195
37 0 5.09159 0 -5.09159
30 73 706.246 708.548 2.30196
30 79 984.98 985.154 0.174594
39 0 693.305 0 -693.305
11 61 708.913 711.215 2.30195
3 68 6.42044 8.72239 2.30195
46 89 932.351 932.454 0.102657
22 50 711.413 713.715 2.30195
31 79 6.51421 8.81617 2.30195
41 70 949.582 949.685 0.102658
44 70 1115.98 1116.08 0.0975383
11 61 1058.86 1059.19 0.328706
33 72 687.163 689.465 2.30195
4 68 8.08123 10.3832 2.30195
39 76 9.6256 11.9276 2.30195
36 84 7.3088 9.61076 2.30196
19 50 8.96146 11.2634 2.30195
42 70 10.9509 13.2528 2.30195
39 70 921.199 923.501 2.30196
19 50 692.641 694.943 2.30195
18 51 10.7306 13.0326 2.30195
47 60 925.228 925.557 0.328707
27 79 10.2238 12.5258 2.30195
45 74 10.365 12.667 2.30195
28 79 10.4734 12.7754 2.30195
4 67 691.761 694.063 2.30196
19 50 1058.96 1059.06 0.097537
42 70 694.631 696.933 2.30195
16 52 702.133 704.434 2.30196
25 79 986.467 986.641 0.174594
43 77 702.284 704.586 2.30196
15 50 701.065 703.367 2.30196
34 73 700.094 702.396 2.30195
49 59 11.2868 13.5888 2.30195
13 50 1046.1 1046.19 0.0975371
41 76 703.262 705.564 2.30196
1 61 689.468 691.77 2.30196
9 0 698.026 0 -698.026
28 79 922.046 922.231 0.184834
8 61 13.3174 15.6194 2.30195
23 59 12.999 15.301 2.30196
12 68 15.5308 17.8327 2.30195
47 60 13.6548 15.9568 2.30196
5 68 932.16 932.345 0.184835
9 0 14.346 0 -14.346
32 78 947.392 947.495 0.102659
34 73 16.4146 18.7166 2.30195
11 61 997.834 998.451 0.61645
26 72 702.103 704.405 2.30196
21 58 687.029 689.331 2.30195
12 68 927.104 927.206 0.102659
35 76 16.9021 19.2041 2.30195
24 73 17.6444 19.9464 2.30195
10 61 15.9878 18.2898 2.30195
32 78 17.3923 19.6943 2.30195
43 0 18.604 0 -18.604
16 51 18.4528 20.7547 2.30195
26 73 18.4235 20.7254 2.30195
48 77 19.0026 21.3045 2.30195
15 50 17.3849 19.6868 2.30196
29 79 18.1332 20.4351 2.30195
41 70 19.5823 21.8843 2.30195
5 68 20.5873 22.8893 2.30195
20 58 20.3509 22.6529 2.30195
29 79 701.813 704.115 2.30195
34 73 946.415 946.512 0.0975385
27 73 693.904 696.206 2.30196
27 79 940.224 940.326 0.102658
41 70 931.155 931.258 0.102658
36 84 690.989 693.291 2.30196
17 58 710.357 712.659 2.30195
45 74 921.938 922.041 0.102658
29 87 929.706 932.008 2.30196
17 58 986.678 986.78 0.102659
34 73 927.988 928.09 0.102659
44 70 995.98 996.078 0.0975383
47 60 1063.65 1063.75 0.0975391
5 68 980.587 980.685 0.0975386
5 68 1040.59 1040.68 0.0975386
18 51 694.41 696.712 2.30195
14 51 689.256 691.558 2.30195
46 89 980.778 980.881 0.102657
42 70 940.951 941.054 0.102658
27 79 1000.22 1000.32 0.0975383
48 85 702.682 704.984 2.30196
48 77 1069 1069.1 0.097538
13 50 709.775 712.077 2.30195
46 89 20.7783 23.0803 2.30195
48 77 979.003 979.105 0.102658
30 79 22.5665 24.8684 2.30195
6 62 22.8802 25.1822 2.30195
6 62 706.56 708.862 2.30195
18 51 1060.73 1060.83 0.0975369
37 76 688.771 691.073 2.30195
31 79 690.194 692.496 2.30195
21 58 993.349 993.452 0.102659
13 50 26.0955 28.3975 2.30195
25 79 24.0537 26.3556 2.30195
10 61 975.988 976.09 0.102657
11 61 25.233 27.535 2.30195
17 58 26.6776 28.9795 2.30195
20 58 931.924 932.027 0.102658
22 50 27.7329 30.0349 2.30195
7 61 28.6715 30.9735 2.30195
2 68 29.8033 32.1052 2.30195
46 89 1160.78 1160.88 0.0975373
2 68 1063.43 1064.05 0.61645
46 89 248.672 250.974 2.30195
0 68 684.972 687.274 2.30195
26 73 474.21 476.512 2.30195
5 68 248.481 250.783 2.30195
11 61 253.126 255.428 2.30195
17 58 254.571 256.873 2.30195
12 62 975.531 975.633 0.102659
15 50 928.958 929.061 0.102659
20 58 248.244 250.546 2.30195
22 50 255.626 257.928 2.30195
32 78 977.392 977.49 0.0975386
7 61 256.565 258.867 2.30195
14 51 1055.58 1055.67 0.0975385
41 70 247.476 249.778 2.30195
19 50 920.534 920.637 0.102657
2 68 257.697 259.998 2.30195
32 78 928.965 929.068 0.102659
0 68 229.186 231.488 2.30195
21 58 231.243 233.544 2.30195
33 72 231.376 233.678 2.30195
37 0 232.985 0 -232.985
40 0 233.012 0 -233.012
14 51 233.47 235.772 2.30195
1 61 233.681 235.983 2.30196
44 70 233.874 236.176 2.30195
38 76 234.157 236.459 2.30195
3 68 234.314 236.616 2.30195
31 79 234.407 236.709 2.30195
36 84 235.202 237.504 2.30196
4 67 235.974 238.276 2.30196
19 50 236.855 239.157 2.30195
39 76 237.519 239.821 2.30195
27 79 238.117 240.419 2.30195
45 74 238.258 240.56 2.30195
28 79 238.367 240.669 2.30195
18 51 238.624 240.926 2.30195
42 70 238.844 241.146 2.30195
49 59 239.18 241.482 2.30195
23 51 240.892 243.194 2.30196
8 61 241.211 243.513 2.30195
47 60 241.548 243.85 2.30196
9 61 242.239 244.541 2.30195
12 68 243.424 245.726 2.30195
10 61 243.881 246.183 2.30195
34 73 244.308 246.61 2.30195
35 76 244.795 247.097 2.30195
15 50 245.278 247.58 2.30196
32 78 245.286 247.588 2.30195
24 73 245.538 247.84 2.30195
29 79 246.026 248.328 2.30195
26 73 246.317 248.619 2.30195
16 51 246.346 248.648 2.30195
43 0 246.497 0 -246.497
48 77 246.896 249.198 2.30195
30 79 934.139 934.468 0.328706
4 68 919.654 919.757 0.102659
25 79 1134.05 1134.16 0.102658
23 51 696.679 698.981 2.30196
29 79 1157.6 1157.7 0.102657
6 62 1132.88 1132.98 0.102658
45 74 694.045 696.347 2.30195
6 62 250.773 253.075 2.30195
30 73 250.46 252.762 2.30196
7 61 1066.36 1066.54 0.184835
28 79 1060.47 1060.58 0.102658
16 51 930.026 930.128 0.102657
28 78 694.153 696.455 2.30196
25 78 251.947 254.249 2.30196
27 79 921.797 921.982 0.184834
15 50 977.385 977.488 0.102659
47 60 697.335 699.637 2.30196
48 77 930.576 930.678 0.102658
33 72 993.483 993.581 0.0975371
46 89 704.458 706.76 2.30195
43 77 930.177 932.479 2.30196
4 68 998.081 998.184 0.102659
13 50 253.989 256.291 2.30195
5 68 704.267 706.569 2.30195
3 68 917.993 920.295 2.30195
27 79 1180.22 1180.32 0.0975383
20 58 704.031 706.333 2.30195
40 76 688.799 691.101 2.30195
20 58 1040.35 1040.45 0.102658
8 61 696.997 699.299 2.30195
31 79 936.514 936.617 0.102659
8 61 924.89 924.993 0.102657
7 61 1138.67 1138.85 0.174595
10 61 945.988 946.09 0.102657
42 70 466.737 469.039 2.30195
19 50 998.961 999.059 0.097537
16 51 948.453 948.555 0.102657
45 74 1000.37 1000.47 0.102658
3 68 1145.89 1145.99 0.102657
44 70 689.66 691.962 2.30195
36 77 918.882 921.184 2.30195
10 67 699.668 701.97 2.30196
12 68 945.531 945.633 0.102659
31 79 996.514 996.612 0.0975385
31 79 918.087 918.272 0.184835
38 76 689.943 692.245 2.30195
9 67 925.919 928.221 2.30196
6 62 985.293 985.396 0.102658
24 75 701.324 703.626 2.30196
49 59 694.967 697.269 2.30195
1 61 1115.79 1115.89 0.0975398
25 78 707.733 710.035 2.30196
23 51 972.999 973.102 0.102659
26 73 929.996 930.099 0.102658
34 73 976.415 976.517 0.102659
3 68 690.1 692.402 2.30195
32 78 473.179 475.481 2.30195
6 62 934.453 934.782 0.328706
32 78 701.072 703.374 2.30195
35 76 700.582 702.884 2.30195
7 61 712.351 714.653 2.30195
8 61 1063.32 1063.41 0.0975366
12 68 699.211 701.512 2.30195
46 89 476.565 478.867 2.30195
13 50 481.882 484.184 2.30195
23 59 942.999 943.102 0.10266
2 68 485.59 487.892 2.30195
24 73 929.217 931.519 2.30195
41 70 979.582 979.68 0.097538
19 50 938.961 939.064 0.102657
41 70 1039.58 1039.68 0.097538
21 58 1053.35 1053.45 0.102659
23 51 468.786 471.087 2.30196
7 61 484.458 486.76 2.30195
12 68 471.317 473.619 2.30195
34 73 472.201 474.503 2.30195
30 79 478.353 480.655 2.30195
19 50 464.748 467.05 2.30195
47 60 469.441 471.743 2.30196
8 61 469.104 471.406 2.30195
35 76 472.689 474.991 2.30195
4 67 463.868 466.17 2.30196
38 76 917.837 920.139 2.30195
44 70 917.553 917.656 0.102658
1 61 917.361 917.464 0.10266
14 51 917.15 917.252 0.102658
40 0 916.692 0 -916.692
37 0 916.665 0 -916.665
15 50 473.171 475.473 2.30196
33 72 915.056 915.385 0.328705
21 58 914.922 915.107 0.184835
0 68 912.865 913.482 0.616449
16 51 978.453 978.555 0.102657
1 61 995.788 995.886 0.0975398
23 51 924.572 924.675 0.102659
36 84 463.095 465.397 2.30196
16 51 474.239 476.541 2.30195
16 51 1038.45 1038.56 0.102657
6 62 478.667 480.969 2.30195
45 74 940.365 940.468 0.102658
5 68 950.587 950.69 0.102659
25 79 479.84 482.142 2.30195
11 61 481.02 483.321 2.30195
0 68 457.079 459.381 2.30195
21 58 459.136 461.438 2.30195
33 72 459.27 461.572 2.30195
37 76 460.878 463.18 2.30195
40 76 460.905 463.207 2.30195
14 51 461.363 463.665 2.30195
1 61 461.575 463.876 2.30196
44 70 461.767 464.069 2.30195
38 76 462.05 464.352 2.30195
3 68 462.207 464.509 2.30195
31 79 462.301 464.603 2.30195
14 51 995.577 995.674 0.0975385
18 51 466.517 468.819 2.30195
20 58 476.137 478.439 2.30195
41 70 475.369 477.671 2.30195
10 61 471.774 474.076 2.30195
45 74 466.152 468.453 2.30195
27 79 466.01 468.312 2.30195
39 76 465.412 467.714 2.30195
22 50 483.519 485.821 2.30195
49 59 467.073 469.375 2.30195
28 79 466.26 468.562 2.30195
9 0 470.132 0 -470.132
24 73 473.431 475.733 2.30195
43 84 474.391 476.692 2.30196
48 77 474.789 477.091 2.30195
29 79 473.92 476.222 2.30195
5 68 476.374 478.676 2.30195
17 58 482.464 484.766 2.30195
4 68 938.081 938.184 0.102659
35 76 928.475 930.777 2.30195
49 59 922.86 925.162 2.30195
1 61 1055.79 1055.89 0.0975398
42 70 922.524 922.627 0.102658
48 77 949.003 949.105 0.102658
8 61 943.317 943.42 0.102657
45 74 1180.37 1180.46 0.0975375
20 58 980.351 980.454 0.102658
18 51 922.304 922.406 0.102657
14 51 1115.58 1115.67 0.0975385
42 70 1120.95 1121.05 0.0975376
15 50 1067.38 1067.48 0.0975395
39 76 1149.09 1149.19 0.102657
26 73 1068.42 1068.52 0.0975382
28 79 940.473 940.576 0.102658
47 60 957.77 957.954 0.184835
18 51 1000.73 1000.83 0.0975369
0 68 1067.46 1067.79 0.328705
26 73 978.423 978.521 0.0975382
10 61 1065.99 1066.09 0.0975374
7 61 1001.27 1001.6 0.328707
18 51 940.731 940.833 0.102657
32 78 1067.39 1067.49 0.0975386
40 76 1144.59 1146.89 2.30195
25 78 935.627 935.955 0.328707
11 61 936.806 937.422 0.61645
47 60 976.068 976.171 0.102659
42 70 1000.95 1001.05 0.0975376
12 68 1065.53 1065.63 0.0975389
21 58 933.349 933.452 0.102659
28 79 970.473 970.576 0.102658
17 58 1136.68 1136.78 0.0975387
42 70 970.951 971.054 0.102658
45 74 1120.37 1120.46 0.0975375
20 58 1070.35 1070.45 0.0975376
38 70 1145.73 1145.91 0.184836
22 58 939.306 941.608 2.30196
2 68 941.376 941.993 0.61645
13 50 937.669 937.771 0.102657
44 70 965.98 966.078 0.0975383
33 72 947.598 947.783 0.184833
41 70 1009.58 1009.68 0.097538
10 61 1005.99 1006.09 0.0975374
16 51 1068.45 1068.55 0.0975372
2 68 1002.4 1003.02 0.61645
33 72 1053.48 1053.58 0.0975371
45 74 970.365 970.468 0.102658
34 73 1066.41 1066.51 0.0975385
30 79 1042.57 1042.74 0.174594
7 61 940.245 940.861 0.616451
19 50 968.961 969.064 0.102657
44 70 935.98 936.083 0.102658
44 70 1055.98 1056.08 0.0975383
17 58 938.251 938.353 0.102659
15 50 947.385 947.488 0.102659
14 51 935.577 935.679 0.102658
1 61 935.788 935.891 0.10266
26 73 948.423 948.526 0.102658
46 89 950.778 950.881 0.102657
31 79 966.514 966.612 0.0975385
20 58 950.351 950.454 0.102658
23 51 1063 1063.1 0.0975394
43 71 1158.07 1160.37 2.30196
41 70 1069.58 1069.68 0.097538
9 61 1153.81 1156.11 2.30195
27 79 970.224 970.321 0.0975383
5 68 1070.59 1070.68 0.0975386
8 61 973.317 973.415 0.0975366
31 79 1176.51 1176.61 0.0975385
33 72 965.896 965.999 0.102657
17 58 956.678 956.78 0.102659
16 51 1008.45 1008.56 0.102657
6 62 966.995 967.18 0.184834
25 79 968.168 968.353 0.184834
30 79 966.681 966.866 0.184834
13 50 956.096 956.198 0.102657
1 61 965.788 965.886 0.0975398
4 68 968.081 968.184 0.102659
5 68 1130.59 1130.68 0.0975386
14 51 965.577 965.679 0.102658
21 58 963.349 963.447 0.0975389
0 68 973.894 974.51 0.616449
13 50 986.096 986.193 0.0975371
46 89 1040.78 1040.88 0.0975373
18 51 970.731 970.828 0.0975369
28 79 1000.47 1000.58 0.102658
48 77 1009 1009.1 0.097538
8 61 1003.32 1003.41 0.0975366
26 73 1008.42 1008.52 0.0975382
47 60 1003.65 1003.76 0.102659
32 78 1007.39 1007.49 0.0975386
23 51 1003 1003.1 0.0975394
15 50 1007.38 1007.48 0.0975395
15 50 1127.38 1127.48 0.0975395
17 58 1046.68 1046.78 0.102659
4 68 1058.08 1058.18 0.097539
13 50 1136.1 1136.19 0.0975371
12 68 1005.53 1005.63 0.0975389
34 73 1006.41 1006.52 0.102659
31 79 1056.51 1056.61 0.0975385
47 60 1123.65 1123.75 0.0975391
25 79 1044.05 1044.15 0.0975381
46 89 1070.78 1070.88 0.0975373
5 68 1010.59 1010.68 0.0975386
46 89 1010.78 1010.88 0.102657
20 58 1010.35 1010.45 0.102658
34 73 1126.41 1126.51 0.0975385
18 51 1180.73 1180.83 0.0975369
42 70 1060.95 1061.05 0.0975376
21 58 1143.35 1143.45 0.102659
11 61 1142.24 1142.42 0.174594
6 62 1012.88 1012.98 0.0975381
33 72 1143.48 1143.58 0.0975371
24 73 1157.11 1157.21 0.102658
7 61 1033.81 1034.14 0.328707
30 79 1012.57 1012.74 0.174594
0 68 1034.92 1035.25 0.328705
21 58 1023.35 1023.45 0.102659
17 58 1016.68 1016.78 0.102659
8 61 1183.32 1183.41 0.0975366
46 89 1130.78 1130.88 0.0975373
12 68 1125.53 1125.63 0.0975389
27 79 1060.22 1060.32 0.0975383
25 79 1014.05 1014.16 0.102658
37 76 1144.56 1146.86 2.30195
35 76 1156.37 1156.47 0.102657
3 68 1176.42 1176.52 0.102657
31 79 1116.51 1116.61 0.0975385
13 50 1016.1 1016.19 0.0975371
23 51 1123 1123.1 0.0975394
33 72 1023.48 1023.58 0.0975371
1 61 1025.79 1025.89 0.0975398
44 70 1025.98 1026.08 0.0975383
48 77 1039 1039.1 0.097538
31 79 1026.51 1026.61 0.0975385
1 61 1145.79 1145.89 0.0975398
19 50 1028.96 1029.06 0.097537
2 68 1157 1157.33 0.328706
6 62 1042.88 1042.98 0.0975381
16 51 1128.45 1128.55 0.0975372
18 51 1030.73 1030.83 0.0975369
4 68 1028.08 1028.18 0.097539
26 73 1038.42 1038.52 0.0975382
27 79 1030.22 1030.32 0.0975383
47 60 1033.65 1033.75 0.0975391
28 79 1030.47 1030.57 0.0975377
8 61 1033.32 1033.41 0.0975366
23 51 1033 1033.1 0.0975394
42 70 1030.95 1031.05 0.0975376
12 68 1035.53 1035.63 0.0975389
14 51 1025.58 1025.67 0.0975385
45 74 1030.37 1030.47 0.102658
36 77 1177.31 1177.41 0.102657
2 68 1124.46 1124.79 0.328706
30 79 1072.57 1072.74 0.174594
6 62 1072.88 1072.98 0.102658
10 61 1035.99 1036.09 0.0975374
20 58 1130.35 1130.45 0.0975376
32 78 1037.39 1037.49 0.0975386
34 73 1036.41 1036.51 0.0975385
15 50 1037.38 1037.48 0.0975395
18 51 1090.73 1090.83 0.0975369
31 79 1086.51 1086.61 0.0975385
28 79 1090.47 1090.57 0.0975377
18 51 1120.73 1120.83 0.0975369
31 79 1146.51 1146.61 0.0975385
25 79 1074.05 1074.15 0.0975381
33 72 1083.48 1083.58 0.0975371
0 68 1100.01 1100.33 0.328705
21 58 1083.35 1083.45 0.102659
14 51 1085.58 1085.67 0.0975385
7 61 1084.65 1084.83 0.174595
11 61 1091.4 1091.73 0.328706
19 50 1118.96 1119.06 0.097537
17 58 1076.68 1076.78 0.0975387
14 51 1145.58 1145.67 0.0975385
8 61 1123.32 1123.41 0.0975366
28 79 1120.47 1120.57 0.0975377
22 50 1167.2 1167.3 0.102658
13 50 1076.1 1076.19 0.0975371
44 70 1085.98 1086.08 0.0975383
26 73 1128.42 1128.52 0.0975382
4 68 1118.08 1118.18 0.097539
49 59 1150.75 1150.86 0.102659
32 78 1127.39 1127.49 0.0975386
41 70 1129.58 1129.68 0.097538
42 70 1090.95 1091.05 0.0975376
19 50 1088.96 1089.06 0.097537
27 79 1090.22 1090.32 0.0975383
16 51 1098.45 1098.55 0.0975372
1 61 1085.79 1085.89 0.0975398
45 74 1090.37 1090.46 0.0975375
35 76 1186.9 1187 0.0975368
41 70 1099.58 1099.68 0.097538
5 68 1100.59 1100.68 0.0975386
4 68 1088.08 1088.18 0.097539
10 61 1095.99 1096.09 0.0975374
30 79 1102.57 1102.74 0.174594
34 73 1186.41 1186.51 0.0975385
30 79 1132.57 1132.74 0.174594
37 76 1372.45 1374.75 2.30195
19 50 1178.96 1179.06 0.097537
20 58 1100.35 1100.45 0.0975376
48 77 1099 1099.1 0.097538
15 50 1097.38 1097.48 0.0975395
32 78 1097.39 1097.49 0.0975386
46 89 1100.78 1100.88 0.0975373
48 77 1129 1129.1 0.097538
21 58 1113.35 1113.45 0.102659
6 62 1102.88 1102.98 0.102658
47 60 1093.65 1093.75 0.0975391
8 61 1093.32 1093.41 0.0975366
36 77 1146.78 1146.96 0.184833
17 58 1106.68 1106.78 0.0975387
26 73 1098.42 1098.52 0.0975382
23 51 1093 1093.1 0.0975394
34 73 1096.41 1096.51 0.0975385
0 68 1132.55 1132.73 0.184833
12 68 1095.53 1095.63 0.0975389
39 76 1179.63 1179.73 0.102657
33 72 1113.48 1113.58 0.0975371
10 61 1125.99 1126.09 0.0975374
7 61 1108.67 1108.85 0.174595
47 60 1183.65 1183.75 0.0975391
3 68 1156.05 1156.15 0.102657
27 79 1120.22 1120.32 0.0975383
0 68 1150.85 1151.02 0.174593
25 79 1104.05 1104.16 0.102658
13 50 1106.1 1106.19 0.0975371
11 61 1123.95 1124.13 0.184834
44 70 1145.98 1146.08 0.0975383
4 68 1148.08 1148.18 0.097539
32 78 1187.39 1187.49 0.0975386
15 50 1187.38 1187.48 0.0975395
39 76 1159.25 1159.36 0.102657
36 77 1165.07 1165.18 0.102657
45 74 1150.37 1150.47 0.102658
18 51 1150.73 1150.83 0.0975369
27 79 1150.22 1150.32 0.0975383
28 79 1150.47 1150.57 0.0975377
21 58 1173.35 1173.45 0.0975389
19 50 1148.96 1149.06 0.097537
30 79 1192.57 1192.66 0.0975383
13 50 1196.1 1196.19 0.0975371
48 77 1189 1189.1 0.097538
5 68 1190.59 1190.68 0.0975386
49 59 1181.29 1181.38 0.0975387
4 68 1178.08 1178.18 0.097539
9 61 1381.71 1384.01 2.30195
23 51 1183 1183.1 0.0975394
28 79 1180.47 1180.57 0.0975377
40 76 1372.48 1374.78 2.30195
42 70 1150.95 1151.05 0.0975376
10 61 1155.99 1156.09 0.0975374
49 59 1160.92 1161.02 0.102659
47 60 1153.65 1153.75 0.0975391
12 68 1185.53 1185.63 0.0975389
23 51 1153 1153.1 0.0975394
12 68 1155.53 1155.63 0.0975389
20 58 1190.35 1190.45 0.0975376
8 61 1153.32 1153.41 0.0975366
0 68 1171.29 1171.39 0.102657
34 73 1156.41 1156.51 0.0975385
10 61 1185.99 1186.09 0.0975374
15 50 1157.38 1157.48 0.0975395
29 79 1167.76 1167.87 0.102657
32 78 1157.39 1157.49 0.0975386
35 76 1166.53 1166.63 0.102657
20 58 1160.35 1160.45 0.0975376
5 68 1160.59 1160.68 0.0975386
48 77 1159 1159.1 0.097538
41 70 1159.58 1159.68 0.097538
25 79 1164.05 1164.16 0.102658
30 79 1162.57 1162.67 0.102658
7 61 1168.67 1168.85 0.174595
33 72 1173.48 1173.58 0.0975371
6 62 1162.88 1162.98 0.0975381
24 73 1167.27 1167.38 0.102658
17 58 1166.68 1166.78 0.0975387
44 70 1175.98 1176.08 0.0975383
13 50 1166.1 1166.19 0.0975371
11 61 1165.23 1165.41 0.174594
22 50 1177.36 1177.46 0.102658
2 68 1189.54 1189.87 0.328706
1 61 1175.79 1175.89 0.0975398
16 51 1158.45 1158.55 0.0975372
14 51 1175.58 1175.67 0.0975385
26 73 1158.42 1158.52 0.0975382
38 76 1176.26 1176.44 0.174594
42 70 1180.95 1181.05 0.0975376
41 70 1189.58 1189.68 0.097538
43 77 1385.96 1386.29 0.328707
46 89 1190.78 1190.88 0.0975373
16 51 1188.45 1188.55 0.0975372
26 73 1188.42 1188.52 0.0975382
29 79 1188.13 1188.24 0.102657
24 73 1187.64 1187.74 0.0975381
2 68 1222.09 1222.27 0.184834
7 61 1198.67 1198.85 0.174595
25 79 1194.05 1194.16 0.102658
6 62 1192.88 1192.98 0.0975381
22 50 1197.73 1197.84 0.102658
11 61 1195.23 1195.41 0.174594
17 58 1196.68 1196.78 0.0975387
