37 56 1.27167 3.57363 2.30196
27 64 1.42578 3.72773 2.30195
4 55 2.42479 4.72674 2.30196
20 54 3.61271 5.91467 2.30195
47 53 1092.7 1092.8 0.0975384
18 54 965.22 965.318 0.0975361
12 55 692.745 695.047 2.30195
5 55 4.17936 6.48132 2.30195
42 60 2.27296 4.57491 2.30196
5 55 1045.92 1046.25 0.328706
40 65 5.67263 7.97459 2.30196
18 54 5.2201 7.52205 2.30195
7 55 14.1803 16.4823 2.30196
1 55 12.2771 14.5791 2.30196
48 0 5.82813 0 -5.82813
12 55 9.06502 11.367 2.30195
21 50 6.81455 9.1165 2.30196
28 63 6.37666 8.67861 2.30196
4 55 913.998 916.3 2.30196
33 63 700.845 703.147 2.30196
17 50 7.48848 9.79043 2.30196
3 55 940.606 942.908 2.30195
17 50 919.061 919.164 0.102659
38 59 9.33628 11.6382 2.30195
46 57 9.64459 11.9465 2.30196
23 54 9.31911 11.6211 2.30195
25 0 712.286 0 -712.286
36 59 699.185 701.487 2.30196
31 67 1102.74 1102.84 0.102658
41 0 10.8726 0 -10.8726
34 63 9.80346 12.1054 2.30195
2 55 935.81 935.912 0.102661
30 64 11.1454 13.4473 2.30196
29 67 10.9318 13.2338 2.30195
1 55 923.85 924.035 0.184836
35 60 11.8277 14.1297 2.30195
1 54 695.957 698.259 2.30196
36 60 15.5054 17.8073 2.30196
47 53 12.7048 15.0067 2.30195
26 67 18.8428 21.1448 2.30195
8 55 14.3504 16.6524 2.30195
42 60 1022.27 1022.45 0.174595
27 64 912.999 913.101 0.102659
40 65 917.246 917.43 0.184838
20 54 915.186 915.288 0.102658
1 55 1092.28 1092.37 0.0975404
14 55 19.0213 21.3233 2.30195
33 67 17.1648 19.4668 2.30195
18 54 916.793 916.896 0.102656
24 54 19.6827 21.9847 2.30196
15 50 17.9241 20.2261 2.30195
13 59 19.0434 21.3453 2.30195
19 50 19.4697 21.7716 2.30196
14 55 930.594 932.896 2.30195
2 55 1164.24 1164.33 0.0975408
21 54 918.388 920.689 2.30196
5 55 1096.76 1096.93 0.174594
28 63 1056.38 1056.47 0.0975396
8 55 698.03 700.332 2.30195
42 60 913.846 914.175 0.328707
43 62 1016.92 1017.02 0.102659
17 55 691.168 693.47 2.30196
31 67 1072.74 1072.84 0.102658
21 0 690.494 0 -690.494
39 67 959.272 959.37 0.09754
40 65 965.673 965.77 0.0975423
5 55 980.836 981.164 0.328706
16 50 1163.54 1163.64 0.10266
17 50 1087.49 1087.59 0.0975393
23 54 999.319 999.417 0.0975363
7 0 697.86 0 -697.86
22 50 21.5334 23.8354 2.30195
0 59 21.6027 23.9047 2.30196
31 67 22.7351 25.037 2.30195
45 60 21.9787 24.2807 2.30196
26 67 948.843 948.945 0.102657
16 50 1013.54 1013.64 0.10266
39 67 712.952 715.254 2.30196
9 55 24.2865 26.5885 2.30196
44 61 23.8606 26.1625 2.30195
16 50 23.5373 25.8392 2.30196
25 54 28.6061 30.9081 2.30195
2 59 24.2368 26.5388 2.30196
28 63 690.056 692.358 2.30196
39 67 1169.27 1169.38 0.10266
48 50 917.401 919.703 2.30196
39 67 1079.27 1079.38 0.10266
42 60 1082.27 1082.45 0.174595
47 53 696.385 698.686 2.30195
43 62 26.9173 29.2192 2.30196
10 59 27.9469 30.2489 2.30195
11 55 27.0676 29.3696 2.30196
32 67 27.8357 30.1377 2.30195
24 54 1099.68 1099.78 0.0975405
29 67 1060.93 1061.03 0.0975379
0 59 1161.6 1161.78 0.174596
38 59 1059.34 1059.43 0.0975369
3 55 29.0335 31.3355 2.30195
38 59 1029.34 1029.43 0.0975369
39 67 29.2724 31.5744 2.30196
19 50 247.363 249.665 2.30196
29 67 1090.93 1091.03 0.0975379
35 60 695.507 697.809 2.30195
35 60 1091.83 1091.93 0.0975385
29 67 694.612 696.914 2.30195
6 59 29.8605 32.1624 2.30196
49 58 29.7517 32.0536 2.30195
30 64 1151.15 1151.24 0.0975396
15 50 1157.92 1158.02 0.0975385
9 55 252.18 254.482 2.30196
32 67 255.729 258.031 2.30195
8 55 470.137 472.439 2.30195
22 50 249.427 251.729 2.30195
12 55 464.852 467.153 2.30195
49 58 257.645 259.947 2.30195
24 54 1009.68 1009.79 0.102661
6 59 257.754 260.056 2.30196
2 55 252.13 254.432 2.30196
25 54 256.499 258.801 2.30195
38 59 1089.34 1089.43 0.0975369
37 56 684.951 687.253 2.30196
24 54 247.576 249.878 2.30196
26 67 930.416 930.518 0.102657
44 61 707.54 709.842 2.30195
16 54 707.217 709.519 2.30196
3 55 256.927 259.229 2.30195
31 64 706.415 708.717 2.30196
10 59 255.84 258.142 2.30195
45 60 705.658 707.96 2.30196
0 59 705.282 707.584 2.30196
39 59 257.166 259.468 2.30196
18 54 1055.22 1055.32 0.0975361
24 54 703.362 705.664 2.30196
19 54 703.149 705.451 2.30196
13 59 702.723 705.025 2.30195
14 55 702.701 705.003 2.30195
26 67 702.523 704.825 2.30195
15 50 701.604 703.906 2.30195
0 59 249.496 251.798 2.30196
9 55 707.966 710.268 2.30196
37 56 1104.04 1104.37 0.328708
2 55 707.917 710.218 2.30196
40 65 689.352 691.654 2.30196
35 60 923.401 923.503 0.102659
18 58 688.9 691.202 2.30196
22 50 705.213 707.515 2.30195
5 59 687.859 690.161 2.30196
18 54 1085.22 1085.32 0.0975361
20 54 687.292 689.594 2.30195
27 64 685.106 687.407 2.30195
28 63 917.95 918.052 0.10266
43 62 1076.92 1077.01 0.0975393
37 55 229.165 231.467 2.30196
27 64 229.319 231.621 2.30195
42 60 230.166 232.468 2.30196
4 55 230.318 232.62 2.30196
20 50 231.506 233.808 2.30196
5 55 232.073 234.375 2.30195
18 54 233.113 235.415 2.30195
40 65 233.566 235.868 2.30196
48 0 233.721 0 -233.721
28 63 234.27 236.572 2.30196
21 50 234.708 237.01 2.30196
17 50 235.382 237.684 2.30196
12 55 236.958 239.26 2.30195
23 54 237.212 239.514 2.30195
38 59 237.23 239.531 2.30195
46 57 237.538 239.84 2.30196
34 63 237.697 239.999 2.30195
41 61 238.766 241.068 2.30196
29 67 238.825 241.127 2.30195
30 64 239.039 241.341 2.30196
35 60 239.721 242.023 2.30195
1 54 240.17 242.472 2.30196
47 53 240.598 242.9 2.30195
7 55 242.074 244.376 2.30196
8 55 242.244 244.546 2.30195
36 59 243.399 245.701 2.30196
33 67 245.058 247.36 2.30195
15 50 245.817 248.119 2.30195
26 67 246.736 249.038 2.30195
14 55 246.915 249.217 2.30195
13 59 246.937 249.239 2.30195
43 62 254.811 257.112 2.30196
48 56 689.508 691.81 2.30197
47 53 924.278 924.38 0.102658
27 64 1021.43 1021.53 0.102659
45 60 249.872 252.174 2.30196
35 60 1061.83 1061.93 0.102659
44 61 251.754 254.056 2.30195
31 67 250.628 252.93 2.30195
16 54 251.431 253.732 2.30196
27 64 961.426 961.528 0.102659
20 54 963.613 963.71 0.0975379
0 59 1071.6 1071.78 0.174596
29 67 1150.93 1151.03 0.0975379
2 55 1074.24 1074.33 0.0975408
25 54 1198.61 1198.7 0.0975387
11 59 254.961 257.263 2.30196
30 64 694.825 697.127 2.30196
0 59 965.717 966.046 0.328708
37 56 1038.96 1039.29 0.328708
19 54 1169.1 1169.2 0.102661
41 0 694.552 0 -694.552
16 50 953.537 953.635 0.0975401
26 67 1068.84 1068.94 0.0975368
2 55 1014.24 1014.33 0.0975408
45 60 1011.98 1012.08 0.0975402
23 54 920.892 920.995 0.102656
29 67 466.718 469.02 2.30195
31 67 478.522 480.824 2.30195
17 50 463.275 465.577 2.30196
43 62 938.49 938.593 0.102659
13 59 1386.4 1387.02 0.616451
30 64 466.932 469.234 2.30196
42 60 1172.27 1172.45 0.174595
34 0 693.483 0 -693.483
4 55 686.105 688.406 2.30196
42 60 685.953 688.255 2.30196
16 50 1073.54 1073.64 0.10266
43 62 1196.92 1197.01 0.0975393
15 50 1067.92 1068.03 0.102659
24 54 1069.68 1069.79 0.102661
0 59 1101.6 1101.78 0.174596
23 54 1089.32 1089.42 0.0975363
46 57 693.324 695.626 2.30196
12 55 920.638 922.94 2.30195
26 67 1098.84 1098.94 0.0975368
47 53 1152.7 1152.8 0.0975384
5 55 915.752 916.081 0.328706
1 55 942.277 942.38 0.10266
13 55 930.616 932.918 2.30196
32 67 1017.84 1017.94 0.102659
38 59 693.016 695.318 2.30195
32 67 957.836 957.938 0.102659
23 54 692.999 695.301 2.30195
19 50 1189.47 1189.57 0.102659
37 56 912.845 913.461 0.616452
40 65 1025.67 1025.77 0.0975423
45 60 1071.98 1072.08 0.0975402
9 54 935.859 938.161 2.30196
17 50 1027.49 1027.59 0.102659
23 54 1059.32 1059.42 0.0975363
30 64 1091.15 1091.24 0.0975396
44 61 1073.86 1073.96 0.0975374
49 58 1199.75 1199.85 0.0975374
42 60 964.686 964.861 0.174595
43 62 956.917 957.02 0.102659
1 55 1062.28 1062.37 0.0975404
6 59 1201.87 1202.2 0.328708
3 55 1199.03 1199.13 0.097538
45 60 951.979 952.153 0.174596
34 63 465.59 467.892 2.30195
14 55 474.808 477.11 2.30195
2 55 480.023 482.325 2.30196
44 61 479.647 481.949 2.30195
13 59 474.83 477.132 2.30195
9 55 480.073 482.375 2.30196
25 54 484.393 486.695 2.30195
43 62 482.704 485.006 2.30196
41 0 466.659 0 -466.659
26 67 474.629 476.931 2.30195
22 50 477.32 479.622 2.30195
3 55 484.82 487.122 2.30195
38 59 465.123 467.425 2.30195
46 57 465.431 467.733 2.30196
24 54 949.683 949.785 0.102661
11 59 710.747 713.049 2.30196
23 54 465.106 467.408 2.30195
30 64 1061.15 1061.24 0.0975396
33 67 928.738 931.04 2.30195
7 0 469.967 0 -469.967
33 63 472.951 475.253 2.30196
24 54 475.469 477.771 2.30196
39 67 485.059 487.361 2.30196
17 50 937.488 937.591 0.102659
10 59 483.733 486.035 2.30195
15 50 1007.92 1008.03 0.102659
10 59 711.627 713.929 2.30195
3 0 712.713 0 -712.713
36 59 471.292 473.594 2.30196
30 64 922.718 922.821 0.10266
44 61 953.861 953.963 0.102657
0 59 477.389 479.691 2.30196
19 50 475.256 477.558 2.30196
29 67 922.505 922.607 0.102658
11 59 482.854 485.156 2.30196
49 58 485.538 487.84 2.30195
32 67 1077.84 1077.94 0.102659
49 58 1079.75 1079.85 0.0975374
41 65 922.446 924.748 2.30196
34 63 921.376 923.678 2.30195
46 57 921.218 921.402 0.184837
38 59 920.909 921.012 0.102657
37 56 457.058 459.36 2.30196
27 64 457.212 459.514 2.30195
42 60 458.059 460.361 2.30196
4 55 458.211 460.513 2.30196
20 54 459.399 461.701 2.30195
5 55 459.966 462.268 2.30195
18 54 461.007 463.309 2.30195
40 65 461.459 463.761 2.30196
48 0 461.615 0 -461.615
28 63 462.163 464.465 2.30196
21 50 462.601 464.903 2.30196
15 50 947.924 948.022 0.0975385
15 50 473.711 476.013 2.30195
47 53 468.491 470.793 2.30195
35 60 467.614 469.916 2.30195
1 54 468.064 470.366 2.30196
6 59 485.647 487.949 2.30196
16 50 479.324 481.626 2.30196
45 60 477.765 480.067 2.30196
32 67 483.622 485.924 2.30195
43 62 710.597 712.899 2.30196
18 54 935.22 935.318 0.0975361
32 67 711.515 713.817 2.30195
20 0 933.613 0 -933.613
49 58 941.325 941.427 0.102657
6 55 713.54 715.842 2.30196
49 58 713.431 715.733 2.30195
15 50 929.497 929.6 0.102659
11 0 938.641 0 -938.641
40 65 1055.67 1055.77 0.0975423
10 59 939.52 941.822 2.30195
36 59 927.078 929.38 2.30196
23 54 1029.32 1029.42 0.0975363
46 57 1149.64 1149.74 0.0975409
37 56 973.873 974.202 0.328708
24 54 1159.68 1159.79 0.102661
46 57 1089.64 1089.74 0.0975409
40 65 995.673 995.77 0.0975423
20 54 1083.61 1083.71 0.0975379
32 64 1167.84 1167.93 0.0975408
49 58 959.752 959.849 0.0975374
31 67 934.308 934.493 0.184834
31 67 952.735 952.838 0.102658
40 65 935.673 935.775 0.102662
7 55 925.753 928.055 2.30196
19 50 931.043 933.345 2.30196
32 67 939.409 939.511 0.102659
8 55 925.923 928.225 2.30195
45 60 933.552 933.737 0.184836
28 63 936.377 936.479 0.10266
47 53 942.705 942.807 0.102658
0 59 933.176 933.504 0.328708
25 54 940.179 942.481 2.30195
20 54 993.613 993.715 0.102658
23 54 1149.32 1149.42 0.0975363
35 60 941.828 941.93 0.102659
22 55 933.106 935.408 2.30196
16 50 935.11 935.213 0.10266
6 59 941.433 943.735 2.30196
27 64 931.426 931.528 0.102659
23 54 939.319 939.417 0.0975363
24 54 931.256 931.358 0.102661
44 61 935.434 935.536 0.102657
39 67 940.845 940.948 0.10266
17 50 1057.49 1057.59 0.102659
2 55 954.237 954.334 0.0975408
42 60 946.388 946.572 0.184835
30 64 941.145 941.248 0.10266
39 67 1019.27 1019.37 0.09754
44 61 1103.86 1103.96 0.0975374
47 53 1062.7 1062.8 0.0975384
49 58 1019.75 1019.85 0.0975374
20 54 1023.61 1023.71 0.0975379
15 50 1097.92 1098.02 0.0975385
35 60 1151.83 1151.93 0.0975385
18 54 1025.22 1025.32 0.0975361
40 65 1085.67 1085.77 0.0975423
44 61 1013.86 1013.96 0.0975374
28 63 1026.38 1026.48 0.10266
31 67 1012.74 1012.84 0.102658
28 63 996.377 996.479 0.10266
5 55 948.294 948.623 0.328706
38 59 1149.34 1149.43 0.0975369
46 57 939.645 939.747 0.102661
29 67 940.932 941.034 0.102658
38 59 939.336 939.439 0.102657
23 54 969.319 969.417 0.0975363
38 59 969.336 969.434 0.0975369
31 67 982.735 982.838 0.102658
47 53 972.705 972.807 0.102658
11 55 1166.53 1168.84 2.30196
28 63 966.377 966.479 0.10266
35 60 971.828 971.93 0.102659
30 64 971.145 971.248 0.10266
45 60 981.979 982.081 0.10266
46 57 969.645 969.742 0.0975409
17 50 967.488 967.586 0.0975393
1 55 972.277 972.375 0.0975404
45 60 1101.98 1102.08 0.0975402
46 57 1059.64 1059.74 0.0975409
33 67 1187.16 1187.27 0.102658
33 67 1166.79 1166.9 0.102658
22 50 1191.53 1191.71 0.174594
29 67 970.932 971.029 0.0975379
0 59 998.259 998.444 0.184836
26 67 978.843 978.945 0.102657
43 62 1046.92 1047.02 0.102659
37 56 1006.41 1006.74 0.328708
24 54 979.683 979.78 0.0975405
32 67 987.836 987.938 0.102659
49 58 989.752 989.849 0.0975374
44 61 983.861 983.958 0.0975374
38 59 999.336 999.434 0.0975369
43 62 986.917 987.02 0.102659
42 60 992.273 992.448 0.174595
15 50 977.924 978.027 0.102659
39 67 989.272 989.37 0.09754
2 55 984.237 984.334 0.0975408
27 64 991.426 991.528 0.102659
16 50 983.537 983.635 0.0975401
0 60 1016.56 1016.73 0.174601
5 55 1013.38 1013.71 0.328706
17 50 997.488 997.591 0.102659
18 54 995.22 995.318 0.0975361
35 60 1001.83 1001.93 0.102659
26 67 1008.84 1008.94 0.0975368
30 64 1001.15 1001.25 0.10266
1 55 1002.28 1002.37 0.0975404
46 57 999.645 999.742 0.0975409
46 57 1029.64 1029.74 0.0975409
47 53 1002.7 1002.81 0.102658
29 67 1000.93 1001.03 0.0975379
45 60 1041.98 1042.08 0.0975402
30 64 1031.15 1031.24 0.0975396
26 67 1038.84 1038.94 0.0975368
35 60 1031.83 1031.93 0.102659
47 53 1032.7 1032.8 0.0975384
1 55 1032.28 1032.37 0.0975404
29 67 1030.93 1031.03 0.0975379
1 55 1152.28 1152.37 0.0975404
37 56 1071.5 1071.83 0.328708
43 62 1166.92 1167.01 0.0975393
28 63 1086.38 1086.47 0.0975396
15 50 1037.92 1038.03 0.102659
24 54 1039.68 1039.79 0.102661
2 55 1044.24 1044.33 0.0975408
31 67 1162.74 1162.83 0.0975382
27 64 1081.43 1081.52 0.0975386
36 59 1173.27 1173.37 0.10266
31 67 1042.74 1042.84 0.102658
5 55 1078.46 1078.65 0.184834
39 67 1049.27 1049.37 0.09754
27 64 1051.43 1051.52 0.0975386
20 54 1053.61 1053.71 0.0975379
49 58 1049.75 1049.85 0.0975374
44 61 1043.86 1043.96 0.0975374
16 50 1043.54 1043.64 0.10266
0 59 1041.6 1041.78 0.174596
42 60 1052.27 1052.45 0.174595
2 55 1104.24 1104.33 0.0975408
16 50 1103.54 1103.64 0.10266
32 67 1047.84 1047.94 0.102659
4 55 1174.43 1174.76 0.32871
44 61 1193.86 1193.96 0.0975374
27 64 1111.43 1111.52 0.0975386
48 50 1145.29 1147.6 2.30196
37 56 1136.58 1136.91 0.328708
49 58 1109.75 1109.85 0.0975374
39 67 1109.27 1109.38 0.10266
30 64 1121.15 1121.24 0.0975396
42 60 1112.27 1112.45 0.174595
4 55 1141.89 1142.22 0.32871
34 63 1149.27 1149.37 0.102658
18 54 1115.22 1115.32 0.0975361
43 62 1106.92 1107.01 0.0975393
32 67 1107.84 1107.93 0.0975386
49 58 1169.75 1169.85 0.0975374
44 61 1163.86 1163.96 0.0975374
26 67 1158.84 1158.94 0.0975368
12 55 1148.53 1148.63 0.102658
20 54 1113.61 1113.71 0.0975379
5 55 1114.18 1114.35 0.174594
21 50 1146.28 1146.9 0.616451
45 60 1161.98 1162.08 0.0975402
34 63 1159.43 1159.54 0.102658
15 50 1127.92 1128.02 0.0975385
40 65 1115.67 1115.77 0.0975423
46 57 1119.64 1119.74 0.0975409
28 63 1116.38 1116.47 0.0975396
0 59 1131.6 1131.78 0.174596
45 60 1131.98 1132.08 0.0975402
17 50 1117.49 1117.59 0.0975393
23 54 1119.32 1119.42 0.0975363
9 55 1391.65 1393.95 2.30196
10 59 1177.58 1177.68 0.102658
39 67 1199.27 1199.37 0.09754
38 59 1119.34 1119.43 0.0975369
31 67 1132.74 1132.84 0.102658
47 53 1122.7 1122.8 0.0975384
13 59 1158.51 1160.81 2.30195
14 55 1158.49 1158.67 0.184834
22 50 1161 1161.18 0.184834
1 55 1122.28 1122.37 0.0975404
25 50 1168.07 1168.18 0.102662
7 0 1153.65 0 -1153.65
36 59 1154.97 1155.16 0.184837
33 67 1156.63 1156.73 0.102658
26 67 1128.84 1128.94 0.0975368
24 54 1129.68 1129.79 0.102661
3 55 1168.5 1168.6 0.102658
8 55 1153.82 1156.12 2.30195
41 65 1150.34 1152.64 2.30196
29 67 1120.93 1121.03 0.0975379
35 60 1121.83 1121.93 0.0975385
16 50 1193.54 1193.63 0.0975401
15 50 1187.92 1188.02 0.0975385
24 54 1189.68 1189.79 0.102661
2 55 1194.24 1194.33 0.0975408
45 60 1191.98 1192.08 0.0975402
19 50 1158.94 1159.04 0.102659
9 55 1163.75 1166.05 2.30196
32 67 1137.84 1137.93 0.0975386
43 62 1136.92 1137.01 0.0975393
39 67 1139.27 1139.38 0.10266
2 55 1134.24 1134.33 0.0975408
6 59 1169.33 1169.66 0.328708
42 60 1142.27 1142.45 0.174595
27 64 1141.43 1141.52 0.0975386
44 61 1133.86 1133.96 0.0975374
28 63 1146.38 1146.47 0.0975396
17 50 1147.49 1147.59 0.0975393
16 50 1133.54 1133.64 0.10266
31 67 1192.74 1192.83 0.0975382
18 54 1145.22 1145.32 0.0975361
37 56 1169.12 1169.45 0.328708
32 67 1197.84 1197.93 0.0975386
49 58 1139.75 1139.85 0.0975374
10 59 1167.41 1167.52 0.102658
20 54 1143.61 1143.71 0.0975379
5 55 1144.18 1144.35 0.174594
40 65 1145.67 1145.77 0.0975423
18 54 1175.22 1175.32 0.0975361
27 64 1171.43 1171.52 0.0975386
14 55 1189.02 1189.2 0.174594
20 54 1173.61 1173.71 0.0975379
28 63 1176.38 1176.47 0.0975396
17 50 1177.49 1177.59 0.0975393
23 54 1179.32 1179.42 0.0975363
1 55 1182.28 1182.37 0.0975404
47 53 1182.7 1182.8 0.0975384
38 59 1179.34 1179.43 0.0975369
34 63 1179.8 1179.91 0.102658
12 55 1179.07 1179.16 0.0975381
46 57 1179.64 1179.74 0.0975409
29 67 1180.93 1181.03 0.0975379
48 50 1373.19 1375.49 2.30196
30 64 1181.15 1181.24 0.0975396
5 55 1174.18 1174.35 0.174594
35 60 1181.83 1181.93 0.0975385
36 59 1185.51 1185.6 0.0975405
7 59 1381.54 1383.84 2.30196
8 55 1381.71 1381.81 0.102659
0 59 1191.6 1191.78 0.174596
11 59 1394.43 1395.04 0.616453
41 65 1378.23 1380.53 2.30196
26 67 1188.84 1188.94 0.0975368
10 59 1197.95 1198.04 0.0975385
40 65 1175.67 1175.77 0.0975423
21 50 1207.31 1207.93 0.616451
