6 50 0.832393 3.13435 2.30196
37 70 1.99469 4.29664 2.30195
8 43 1011.32 1011.5 0.184834
8 43 2.12087 4.42283 2.30195
9 50 1194.46 1194.56 0.0975373
35 42 4.36039 6.66235 2.30196
38 69 1154.72 1154.81 0.0975386
29 63 6.28712 8.58908 2.30195
5 43 6.13336 8.43532 2.30195
24 43 5.93434 8.2363 2.30195
11 44 7.13351 9.43546 2.30195
36 59 12.4079 14.7099 2.30195
0 0 11.9862 0 -11.9862
7 43 11.0683 13.3702 2.30195
30 63 12.4535 14.7555 2.30195
20 49 12.2219 14.5238 2.30195
12 44 11.379 13.681 2.30195
32 56 14.0888 16.3908 2.30195
22 44 11.894 14.196 2.30195
10 43 14.003 16.3049 2.30195
39 51 14.0908 16.3928 2.30196
25 44 707.897 710.199 2.30195
15 43 711.994 714.296 2.30195
20 49 1032.22 1032.32 0.0975385
37 70 946.109 946.438 0.328707
13 49 712.776 715.078 2.30195
33 56 1193.16 1193.49 0.328707
21 0 936.195 0 -936.195
13 49 959.096 959.199 0.102659
4 44 954.45 954.547 0.097537
31 50 1039.13 1039.23 0.0975376
38 69 14.7151 17.0171 2.30195
14 43 16.4311 18.733 2.30196
3 50 16.5337 18.8356 2.30195
2 44 17.3128 19.6147 2.30195
32 56 944.089 944.191 0.102656
15 43 988.315 988.412 0.0975377
1 43 17.3506 19.6525 2.30195
19 0 712.652 0 -712.652
29 63 950.402 950.731 0.328707
29 63 1001.24 1001.34 0.102659
17 49 19.0413 21.3432 2.30196
31 50 19.1343 21.4362 2.30195
12 44 1150.85 1150.95 0.102658
4 44 708.129 710.431 2.30195
33 56 21.1545 23.4565 2.30196
4 44 24.4496 26.7515 2.30195
11 44 1027.13 1027.24 0.102657
28 68 24.3147 26.6166 2.30195
34 0 24.2875 0 -24.2875
26 68 21.69 23.9919 2.30195
1 0 701.03 0 -701.03
25 44 24.2168 26.5188 2.30195
9 50 984.46 984.558 0.0975373
30 63 942.454 942.556 0.102657
34 49 1163.75 1166.06 2.30195
22 44 1001.89 1001.99 0.0975385
23 0 24.944 0 -24.944
21 0 24.6223 0 -24.6223
9 50 24.4604 26.7624 2.30195
10 43 1034 1034.1 0.0975373
17 43 981.454 981.629 0.174595
35 42 1114.36 1114.46 0.0975393
17 43 963.156 963.341 0.184835
8 49 946.236 946.564 0.328708
27 63 25.0793 27.3812 2.30195
18 0 26.0383 0 -26.0383
16 43 28.4471 30.7491 2.30196
13 49 29.0959 31.3978 2.30195
19 0 28.9721 0 -28.9721
36 59 468.194 470.496 2.30195
15 43 28.3147 30.6166 2.30195
36 59 942.408 942.583 0.174594
0 50 1151.45 1151.56 0.102659
9 50 954.46 954.558 0.0975373
17 43 474.828 477.13 2.30196
31 50 247.028 249.329 2.30195
17 43 246.935 249.236 2.30196
0 50 467.773 470.075 2.30195
2 44 473.099 475.401 2.30195
31 50 1009.13 1009.23 0.0975376
6 50 228.726 231.028 2.30196
37 70 229.888 232.19 2.30195
8 43 230.014 232.316 2.30195
35 42 232.254 234.556 2.30196
24 43 233.828 236.13 2.30195
5 0 234.027 0 -234.027
29 63 234.18 236.482 2.30195
11 44 235.027 237.329 2.30195
7 43 238.962 241.263 2.30195
12 44 239.272 241.574 2.30195
22 43 239.787 242.089 2.30196
0 50 239.879 242.181 2.30195
20 49 240.115 242.417 2.30195
36 59 240.301 242.603 2.30195
30 63 240.347 242.649 2.30195
10 43 241.896 244.198 2.30195
32 56 241.982 244.284 2.30195
39 51 241.984 244.286 2.30196
38 69 242.608 244.91 2.30195
14 43 244.324 246.626 2.30196
3 50 244.427 246.729 2.30195
2 44 245.206 247.508 2.30195
1 43 245.244 247.546 2.30195
26 68 249.583 251.885 2.30195
33 56 249.048 251.35 2.30196
34 49 252.181 254.483 2.30195
30 63 1182.45 1182.55 0.0975374
25 44 252.11 254.412 2.30195
27 63 252.973 255.274 2.30195
9 50 252.354 254.656 2.30195
23 49 252.837 255.139 2.30195
21 49 252.516 254.818 2.30195
28 68 252.208 254.51 2.30195
4 44 252.343 254.645 2.30195
38 69 1034.72 1034.82 0.102659
4 44 1014.45 1014.55 0.097537
28 0 707.994 0 -707.994
24 43 1025.93 1026.03 0.0975376
3 50 1188.54 1188.87 0.328705
18 0 253.932 0 -253.932
16 0 256.34 0 -256.34
15 43 256.208 258.51 2.30195
19 50 256.865 259.167 2.30196
13 49 256.989 259.291 2.30195
20 49 468.008 470.31 2.30195
24 43 1115.93 1116.03 0.0975376
26 68 705.37 707.672 2.30195
38 69 944.715 944.818 0.102659
15 43 1108.31 1108.41 0.0975377
33 56 704.834 707.136 2.30196
19 50 1168.44 1170.74 2.30196
37 70 1021.99 1022.09 0.0975386
2 44 1156.78 1156.88 0.102658
14 43 1155.9 1158.2 2.30196
9 50 708.14 710.442 2.30195
22 44 941.894 941.997 0.102658
27 63 1164.55 1164.65 0.102659
16 0 712.127 0 -712.127
31 50 474.921 477.223 2.30195
22 44 1181.89 1181.99 0.0975385
4 44 1194.45 1194.55 0.097537
6 50 1140.83 1140.94 0.102659
4 44 984.45 984.547 0.097537
24 43 995.934 996.032 0.0975376
38 69 1004.72 1004.82 0.102659
9 50 480.247 482.549 2.30195
17 49 702.721 705.023 2.30196
30 63 468.24 470.542 2.30195
32 56 469.875 472.177 2.30195
9 50 936.033 936.136 0.102657
34 49 480.074 482.376 2.30195
11 44 462.92 465.222 2.30195
10 43 944.003 944.106 0.102657
31 50 930.707 930.81 0.102658
18 50 1165.5 1167.81 2.30195
6 50 456.619 458.921 2.30196
37 70 457.781 460.083 2.30195
8 43 457.907 460.209 2.30195
35 42 460.147 462.449 2.30196
24 43 461.721 464.023 2.30195
5 0 461.92 0 -461.92
29 63 462.074 464.376 2.30195
17 43 1189.04 1189.14 0.102659
8 43 1082.12 1082.22 0.102658
10 43 469.789 472.091 2.30195
38 69 470.502 472.804 2.30195
31 50 702.814 705.116 2.30195
22 44 467.681 469.982 2.30195
7 43 466.855 469.157 2.30195
12 44 467.166 469.467 2.30195
39 51 469.877 472.179 2.30196
32 56 1034.09 1034.19 0.102656
34 49 707.967 710.269 2.30195
10 43 1004 1004.1 0.0975373
39 51 944.091 944.194 0.10266
14 0 472.218 0 -472.218
3 50 472.32 474.622 2.30195
1 43 473.137 475.439 2.30195
31 50 1099.13 1099.23 0.0975376
35 42 1024.36 1024.53 0.174595
13 49 940.669 940.772 0.102659
7 43 1150.53 1150.64 0.102658
21 0 1164.09 0 -1164.09
22 44 1031.89 1031.99 0.0975385
39 51 1004.09 1004.19 0.0975397
15 43 958.315 958.417 0.102658
4 44 1164.45 1164.55 0.097537
37 70 996.949 997.052 0.102659
8 43 1029.62 1029.79 0.174594
33 56 476.941 479.243 2.30196
16 43 1167.91 1170.22 2.30196
36 59 1032.41 1032.51 0.0975383
25 0 480.003 0 -480.003
26 68 477.476 479.778 2.30195
28 68 480.101 482.403 2.30195
4 44 480.236 482.538 2.30195
21 0 480.409 0 -480.409
27 63 480.866 483.168 2.30195
23 49 480.731 483.032 2.30195
18 0 481.825 0 -481.825
13 49 484.882 487.184 2.30195
19 44 484.759 487.061 2.30196
16 43 484.234 486.536 2.30196
15 43 484.101 486.403 2.30195
27 0 708.759 0 -708.759
6 50 1034.46 1034.79 0.328707
23 49 708.624 710.926 2.30195
18 50 709.718 712.02 2.30195
21 0 708.302 0 -708.302
20 49 1002.22 1002.32 0.0975385
6 50 684.512 686.814 2.30196
37 70 685.674 687.976 2.30195
8 43 685.801 688.103 2.30195
35 42 688.04 690.342 2.30196
24 49 689.614 691.916 2.30196
5 49 689.813 692.115 2.30196
29 63 689.967 692.269 2.30195
11 44 690.813 693.115 2.30195
7 43 694.748 697.05 2.30195
12 45 695.059 697.361 2.30196
22 44 695.574 697.876 2.30195
0 50 695.666 697.968 2.30195
20 49 695.902 698.204 2.30195
36 59 696.088 698.39 2.30195
30 63 696.133 698.435 2.30195
10 43 697.683 699.985 2.30195
32 56 697.769 700.071 2.30195
39 51 697.771 700.073 2.30196
38 75 698.395 700.697 2.30196
14 0 700.111 0 -700.111
3 50 700.213 702.515 2.30195
2 0 700.992 0 -700.992
31 50 979.134 979.237 0.102658
17 43 1039.04 1039.14 0.102659
31 50 1189.13 1189.23 0.0975376
27 63 936.652 938.954 2.30195
29 63 1026.29 1026.38 0.0975387
34 0 935.861 0 -935.861
28 62 1163.78 1166.08 2.30196
35 42 999.315 999.49 0.174595
19 50 940.545 942.847 2.30196
15 43 1018.31 1018.41 0.0975377
27 63 1195.08 1195.18 0.0975387
4 44 1104.45 1104.55 0.097537
30 63 924.027 924.129 0.102657
20 49 1182.22 1182.32 0.0975385
11 0 937.134 0 -937.134
36 59 923.981 924.166 0.184834
20 49 942.222 942.325 0.102658
31 50 949.134 949.237 0.102658
6 50 912.405 913.022 0.616451
37 70 913.568 913.896 0.328707
8 43 913.694 914.023 0.328706
35 42 915.933 916.262 0.328707
24 43 917.507 917.61 0.102658
5 49 917.706 920.008 2.30196
29 63 917.86 918.189 0.328707
11 44 918.707 918.809 0.102657
7 43 922.641 924.943 2.30195
12 50 922.952 925.254 2.30196
22 44 923.467 923.57 0.102658
0 50 923.559 925.861 2.30195
20 49 923.795 923.898 0.102658
33 56 1160.62 1160.95 0.328707
10 43 925.576 925.679 0.102657
28 0 935.888 0 -935.888
33 56 932.728 935.029 2.30196
38 69 926.288 926.391 0.102659
39 51 925.664 925.766 0.10266
32 56 925.662 925.764 0.102656
26 68 933.263 935.565 2.30195
17 43 930.614 930.943 0.328707
3 50 928.107 930.409 2.30195
2 44 928.886 931.188 2.30195
23 0 936.517 0 -936.517
18 50 937.611 939.913 2.30195
15 43 939.888 939.99 0.102658
14 43 928.004 930.306 2.30196
4 44 936.023 936.125 0.102657
1 43 928.924 931.225 2.30195
25 44 935.79 938.092 2.30195
16 43 940.02 942.322 2.30196
14 43 1383.79 1384.12 0.328707
11 44 997.134 997.236 0.102657
9 50 1014.46 1014.56 0.0975373
30 63 1032.45 1032.56 0.102657
31 50 1129.13 1129.23 0.0975376
35 42 948.475 948.804 0.328707
24 43 935.934 936.037 0.102658
29 63 982.944 983.128 0.184835
36 59 972.408 972.511 0.102658
37 70 978.651 978.836 0.184835
30 63 972.454 972.556 0.102657
6 50 973.434 974.05 0.616451
8 43 978.777 979.106 0.328706
39 51 1034.09 1034.19 0.0975397
13 49 989.096 989.199 0.102659
20 49 972.222 972.325 0.102658
32 56 974.089 974.186 0.0975364
30 63 1002.45 1002.56 0.102657
39 0 974.091 0 -974.091
11 44 967.134 967.231 0.0975374
22 44 971.894 971.997 0.102658
24 43 965.934 966.032 0.0975376
35 42 981.017 981.202 0.184835
36 59 1002.41 1002.51 0.0975383
22 44 1121.89 1121.99 0.0975385
29 63 1116.29 1116.39 0.102659
32 56 1004.09 1004.19 0.102656
13 49 1019.1 1019.19 0.0975387
35 42 1144.36 1144.46 0.102659
13 49 1139.1 1139.19 0.0975387
28 68 1391.67 1391.86 0.184834
24 43 1085.93 1086.03 0.0975376
36 59 1122.41 1122.51 0.0975383
2 44 1187.31 1187.41 0.0975378
11 44 1117.13 1117.23 0.0975374
22 44 1091.89 1091.99 0.0975385
26 68 1161.16 1163.46 2.30195
38 69 974.715 974.818 0.102659
17 43 1009.04 1009.22 0.174595
10 43 974.003 974.106 0.102657
37 70 1141.99 1142.1 0.102659
36 59 1092.41 1092.51 0.0975383
35 42 1084.36 1084.46 0.0975393
37 70 1111.99 1112.1 0.102659
9 50 1134.46 1134.56 0.0975373
3 50 1156 1156.33 0.328705
7 43 1160.7 1160.8 0.102658
30 63 1062.45 1062.56 0.102657
29 63 1056.29 1056.38 0.0975387
4 44 1044.45 1044.55 0.097537
36 59 1062.41 1062.51 0.0975383
20 49 1062.22 1062.32 0.0975385
11 44 1057.13 1057.24 0.102657
12 44 1161.01 1161.11 0.102658
8 43 1052.12 1052.3 0.174594
15 43 1048.31 1048.41 0.0975377
37 70 1051.99 1052.09 0.0975386
6 50 1067 1067.33 0.328707
13 49 1049.1 1049.19 0.0975387
9 50 1044.46 1044.56 0.0975373
30 63 1122.45 1122.55 0.0975374
25 44 1163.68 1165.98 2.30195
36 59 1152.41 1152.51 0.0975383
20 49 1092.22 1092.32 0.0975385
17 43 1099.04 1099.14 0.0975391
15 43 1138.31 1138.41 0.0975377
22 44 1061.89 1061.99 0.0975385
35 42 1054.36 1054.46 0.102659
24 43 1055.93 1056.03 0.0975376
25 44 1391.58 1393.88 2.30195
24 43 1145.93 1146.03 0.0975376
29 63 1146.29 1146.39 0.102659
23 49 1392.3 1392.41 0.102658
10 43 1124 1124.1 0.0975373
6 50 1099.55 1099.73 0.184835
17 43 1129.04 1129.14 0.0975391
32 56 1094.09 1094.19 0.0975364
12 44 1181.38 1181.48 0.0975377
37 70 1081.99 1082.1 0.102659
8 43 1142.12 1142.22 0.0975383
38 69 1124.72 1124.81 0.0975386
8 43 1112.12 1112.22 0.0975383
39 51 1124.09 1124.19 0.0975397
13 49 1109.1 1109.2 0.102659
34 49 1391.65 1391.75 0.102657
9 50 1104.46 1104.56 0.0975373
38 69 1064.72 1064.82 0.102659
39 51 1064.09 1064.19 0.0975397
32 56 1064.09 1064.19 0.102656
27 63 1174.71 1174.81 0.102659
15 43 1078.31 1078.41 0.0975377
23 49 1164.41 1166.71 2.30195
13 49 1079.1 1079.19 0.0975387
10 43 1064 1064.1 0.0975373
6 50 1117.84 1118.02 0.174595
1 43 1156.82 1156.92 0.102658
29 63 1086.29 1086.39 0.102659
11 44 1087.13 1087.23 0.0975374
11 44 1147.13 1147.23 0.0975374
4 44 1134.45 1134.55 0.097537
16 43 1395.81 1396.42 0.616452
5 43 1145.6 1147.9 2.30195
30 63 1092.45 1092.55 0.0975374
10 43 1094 1094.1 0.0975373
31 50 1069.13 1069.23 0.0975376
4 44 1074.45 1074.55 0.097537
17 43 1069.04 1069.14 0.0975391
20 49 1122.22 1122.32 0.0975385
38 69 1184.72 1184.81 0.0975386
39 51 1094.09 1094.19 0.0975397
32 56 1124.09 1124.19 0.0975364
9 50 1074.46 1074.56 0.0975373
38 69 1094.72 1094.82 0.102659
39 51 1184.09 1184.19 0.0975397
32 56 1184.09 1184.19 0.0975364
22 43 1151.89 1151.99 0.0975396
0 50 1161.62 1161.72 0.102659
30 63 1152.45 1152.55 0.0975374
10 43 1154 1154.1 0.0975373
20 49 1152.22 1152.32 0.0975385
19 50 1396.33 1396.66 0.328707
13 49 1199.1 1199.19 0.0975387
39 51 1154.09 1154.19 0.0975397
32 56 1154.09 1154.19 0.0975364
17 43 1159.04 1159.14 0.102659
31 50 1159.13 1159.23 0.0975376
1 43 1166.98 1167.08 0.102658
21 55 1391.98 1394.28 2.30196
10 43 1184 1184.1 0.0975373
26 68 1389.05 1389.38 0.328706
36 59 1182.41 1182.51 0.0975383
0 50 1181.99 1182.09 0.102659
18 44 1393.4 1395.7 2.30196
1 43 1187.35 1187.45 0.0975383
13 50 1169.1 1169.19 0.0975403
15 43 1168.31 1168.41 0.0975377
8 43 1172.12 1172.22 0.102658
5 43 1373.49 1373.82 0.328707
11 44 1177.13 1177.23 0.0975374
6 50 1170.83 1170.93 0.0975391
9 50 1164.46 1164.56 0.0975373
15 43 1198.31 1198.41 0.0975377
29 63 1176.29 1176.39 0.102659
24 43 1175.93 1176.03 0.0975376
7 43 1181.07 1181.17 0.0975376
37 70 1171.99 1172.1 0.102659
35 42 1174.36 1174.46 0.102659
