39 94 0.0970861 2.39904 2.30195
2 84 0.350147 2.6521 2.30196
31 105 5.03498 7.33694 2.30195
0 83 461.263 463.565 2.30195
4 84 0.844655 3.14661 2.30195
23 80 1138.53 1138.63 0.0975369
13 80 1.03756 3.33951 2.30195
18 87 2.98597 5.28793 2.30195
7 83 2.74233 5.04428 2.30195
1 77 2.67638 4.97833 2.30195
36 94 460.958 463.26 2.30195
53 82 1099.33 1099.43 0.0975386
18 87 992.986 993.089 0.102658
31 105 460.821 463.123 2.30195
18 87 1052.99 1053.08 0.0975382
48 78 4.41408 6.71604 2.30196
38 86 3.74355 6.0455 2.30195
50 71 4.9282 7.23015 2.30195
29 104 3.50995 5.81191 2.30195
13 80 456.824 459.126 2.30195
9 83 4.55531 6.85727 2.30195
46 91 5.59785 7.8998 2.30196
54 79 7.96781 10.2698 2.30195
42 92 4.3295 6.63146 2.30196
0 0 5.47679 0 -5.47679
36 94 5.1714 7.47335 2.30195
20 87 7.08675 9.38871 2.30195
58 73 8.13706 10.439 2.30195
41 85 7.18185 9.4838 2.30195
26 104 474.029 476.331 2.30196
30 96 478.287 480.589 2.30195
50 71 460.715 463.017 2.30195
8 76 477.962 480.264 2.30195
7 83 1172.74 1172.84 0.0975382
47 83 982.608 982.705 0.0975368
48 85 460.201 462.503 2.30195
9 83 460.342 462.644 2.30195
7 83 458.529 460.831 2.30195
9 83 1174.56 1174.65 0.0975371
15 81 481.304 483.606 2.30195
59 78 1098.34 1098.52 0.174593
33 96 476.03 478.332 2.30195
14 80 1062.99 1063.16 0.174594
59 78 474.128 476.43 2.30195
1 77 458.463 460.765 2.30195
11 83 10.6566 12.9586 2.30195
44 84 11.0402 13.3421 2.30195
52 75 11.5076 13.8095 2.30195
21 80 15.3224 17.6243 2.30195
58 73 1058.14 1058.23 0.0975366
22 80 481.476 483.778 2.30196
0 83 1372.84 1375.14 2.30195
49 84 478.961 481.263 2.30195
33 103 931.817 934.119 2.30196
42 92 460.116 462.418 2.30196
14 80 12.9891 15.2911 2.30195
16 88 932.025 932.128 0.102659
40 92 477.852 480.154 2.30195
4 84 456.631 458.933 2.30195
51 71 13.6689 15.9708 2.30195
32 96 13.4919 15.7938 2.30195
38 86 459.53 461.832 2.30195
27 96 477.793 480.095 2.30195
45 90 932.868 935.17 2.30196
14 80 942.989 943.164 0.174594
41 85 1057.18 1057.28 0.0975372
45 91 477.081 479.383 2.30195
2 84 456.137 458.439 2.30196
34 96 16.7365 19.0385 2.30195
25 104 14.6177 16.9197 2.30195
55 95 14.9003 17.2022 2.30195
57 72 19.6759 21.9779 2.30196
52 75 467.294 469.596 2.30195
21 80 977.735 977.91 0.174593
53 82 19.3331 21.635 2.30195
16 88 20.452 22.7539 2.30195
59 78 18.3412 20.6432 2.30195
26 104 18.2427 20.5446 2.30196
33 96 20.244 22.5459 2.30195
26 104 978.243 978.345 0.102659
44 84 466.827 469.129 2.30195
23 80 988.531 988.633 0.102657
4 84 1140.84 1140.94 0.0975378
45 91 21.2946 23.5966 2.30195
8 76 22.1756 24.4776 2.30195
5 76 20.7129 23.0149 2.30195
28 105 24.4579 26.7599 2.30195
20 87 1117.09 1117.18 0.0975389
49 84 983.174 983.277 0.102658
28 104 708.138 710.44 2.30195
40 92 22.0656 24.3676 2.30195
30 96 22.5007 24.8027 2.30195
27 96 22.0068 24.3087 2.30195
6 77 940.496 942.798 2.30196
58 73 998.137 998.235 0.0975366
56 74 1135.64 1135.74 0.0975379
12 87 480.683 482.985 2.30195
14 80 468.776 471.078 2.30195
40 92 982.066 982.168 0.102658
5 76 932.286 932.389 0.102659
56 74 481.426 483.728 2.30195
24 105 481.819 484.121 2.30195
17 88 482.212 484.514 2.30195
47 83 22.6076 24.9095 2.30195
52 75 941.508 941.61 0.102658
49 84 23.1745 25.4764 2.30195
10 0 23.6398 0 -23.6398
38 86 993.744 993.841 0.097537
22 80 25.6895 27.9915 2.30196
12 87 24.8965 27.1984 2.30195
15 81 25.5174 27.8194 2.30195
43 92 27.3832 29.6852 2.30195
56 74 25.6398 27.9418 2.30195
35 93 26.6771 28.9791 2.30196
28 104 936.031 938.333 2.30195
43 92 938.956 941.258 2.30195
57 72 475.462 477.764 2.30196
34 96 472.523 474.825 2.30195
23 80 940.104 940.206 0.102657
55 95 470.687 472.989 2.30195
59 78 978.341 978.516 0.174593
24 105 26.0328 28.3348 2.30195
17 88 26.4258 28.7278 2.30195
37 93 27.3374 29.6394 2.30195
40 92 933.639 933.741 0.102658
43 92 483.17 485.472 2.30195
19 87 483.684 485.986 2.30195
1 77 932.676 932.779 0.102658
12 87 936.469 936.572 0.102658
19 87 27.8978 30.1998 2.30195
23 80 28.5307 30.8327 2.30195
3 0 28.9544 0 -28.9544
6 0 28.923 0 -28.923
20 87 1057.09 1057.18 0.0975389
25 104 974.618 974.715 0.0975385
37 93 483.124 485.426 2.30195
16 88 980.452 980.555 0.102659
25 104 1094.62 1094.72 0.0975385
17 88 1165.89 1165.99 0.102658
55 95 944.9 945.075 0.174595
42 92 1174.33 1174.43 0.0975395
33 96 248.137 250.439 2.30195
19 87 255.791 258.093 2.30195
53 82 247.226 249.528 2.30195
3 84 256.848 259.15 2.30195
57 72 247.569 249.871 2.30196
59 78 246.234 248.536 2.30195
26 104 246.136 248.438 2.30196
46 91 461.384 463.686 2.30196
17 88 254.319 256.621 2.30195
19 0 939.471 0 -939.471
49 84 251.068 253.37 2.30195
39 94 227.99 230.292 2.30195
2 84 228.243 230.545 2.30196
4 84 228.738 231.04 2.30195
13 80 228.931 231.233 2.30195
1 77 230.57 232.872 2.30195
7 76 230.636 232.938 2.30196
18 87 230.879 233.181 2.30195
29 104 231.403 233.705 2.30195
38 86 231.637 233.939 2.30195
42 92 232.223 234.525 2.30196
48 85 232.307 234.609 2.30195
9 83 232.449 234.751 2.30195
50 71 232.821 235.123 2.30195
31 105 232.928 235.23 2.30195
36 94 233.065 235.367 2.30195
0 0 233.37 0 -233.37
46 84 233.491 235.793 2.30195
20 87 234.98 237.282 2.30195
41 85 235.075 237.377 2.30195
54 79 235.861 238.163 2.30195
58 73 236.03 238.332 2.30195
11 83 238.55 240.852 2.30195
44 84 238.933 241.235 2.30195
52 75 239.401 241.703 2.30195
14 80 240.882 243.184 2.30195
32 96 241.385 243.687 2.30195
51 71 241.562 243.864 2.30195
25 104 242.511 244.813 2.30195
55 95 242.794 245.095 2.30195
21 80 243.216 245.518 2.30195
34 96 244.63 246.932 2.30195
5 77 476.499 478.801 2.30196
16 88 476.238 478.54 2.30195
28 104 480.244 482.546 2.30195
16 88 248.345 250.647 2.30195
29 104 459.296 461.598 2.30195
5 77 248.606 250.908 2.30196
3 77 940.527 942.829 2.30196
35 93 482.464 484.766 2.30196
47 83 478.394 480.696 2.30195
47 83 250.501 252.803 2.30195
45 91 249.188 251.49 2.30195
8 76 250.069 252.371 2.30195
30 0 250.394 0 -250.394
27 96 249.9 252.202 2.30195
40 92 249.959 252.261 2.30195
10 0 251.533 0 -251.533
39 94 455.884 458.186 2.30195
51 71 943.669 943.843 0.174594
18 87 458.772 461.074 2.30195
10 83 479.426 481.728 2.30195
3 84 484.741 487.043 2.30195
57 72 979.676 979.779 0.102659
51 71 469.455 471.757 2.30195
21 80 471.109 473.411 2.30195
26 104 1098.24 1098.34 0.0975393
32 96 469.278 471.58 2.30195
53 82 949.333 949.436 0.102659
25 104 944.618 944.72 0.102658
13 80 991.038 991.135 0.0975365
21 80 959.437 959.622 0.184833
28 105 252.351 254.653 2.30195
12 87 252.79 255.092 2.30195
22 80 253.583 255.885 2.30196
15 81 253.411 255.713 2.30195
35 86 254.57 256.872 2.30196
43 92 255.276 257.578 2.30195
56 74 253.533 255.835 2.30195
24 105 253.926 256.228 2.30195
37 93 255.231 257.533 2.30195
6 84 256.816 259.118 2.30195
23 80 256.424 258.726 2.30195
54 79 463.754 466.056 2.30195
24 105 937.606 937.708 0.102658
11 83 1060.66 1060.75 0.0975378
54 79 1057.97 1058.07 0.102657
8 76 933.749 933.851 0.102658
31 105 995.035 995.133 0.0975375
11 83 466.443 468.745 2.30195
50 71 994.928 995.031 0.102657
9 83 1144.02 1144.12 0.102657
1 77 1112.68 1112.77 0.0975385
56 74 937.213 937.315 0.102658
4 84 990.845 990.942 0.0975378
30 96 934.074 936.376 2.30195
49 84 934.747 934.932 0.184834
10 83 935.213 937.515 2.30195
22 87 937.263 939.564 2.30196
37 93 938.91 939.013 0.102658
52 75 1061.51 1061.61 0.0975383
27 96 933.58 935.882 2.30195
15 0 937.09 0 -937.09
55 95 974.9 975.003 0.102659
53 82 1069.33 1069.43 0.0975386
57 72 949.676 949.779 0.102659
29 104 993.51 993.607 0.0975382
41 85 462.968 465.27 2.30195
25 104 470.404 472.706 2.30195
53 82 475.12 477.422 2.30195
6 84 484.71 487.011 2.30195
58 73 463.924 466.226 2.30195
20 87 462.873 465.175 2.30195
12 87 708.576 710.878 2.30195
23 80 484.317 486.619 2.30195
19 87 1167.36 1169.67 2.30195
37 93 1137.34 1137.43 0.0975378
43 92 1166.85 1166.95 0.102657
14 80 1002.99 1003.16 0.174594
44 84 941.04 941.143 0.102657
46 84 995.598 995.695 0.0975387
47 83 934.181 934.283 0.102657
36 94 995.171 995.274 0.102657
26 104 948.243 948.345 0.102659
35 86 710.357 712.659 2.30196
44 84 1001.04 1001.14 0.102657
8 76 982.176 982.273 0.0975379
5 76 980.713 980.816 0.102659
5 76 950.713 950.816 0.102659
3 0 712.634 0 -712.634
54 79 997.968 998.065 0.0975373
0 83 1144.94 1147.24 2.30195
24 105 709.713 712.014 2.30195
22 0 709.369 0 -709.369
56 74 709.32 711.622 2.30195
15 81 709.197 711.499 2.30195
39 94 683.777 686.079 2.30195
2 0 684.03 0 -684.03
4 84 684.524 686.826 2.30195
13 80 684.717 687.019 2.30195
1 77 686.356 688.658 2.30195
7 83 686.422 688.724 2.30195
18 87 686.666 688.968 2.30195
29 104 687.19 689.492 2.30195
38 86 687.423 689.725 2.30195
42 92 688.009 690.311 2.30196
48 0 688.094 0 -688.094
9 0 688.235 0 -688.235
50 71 688.608 690.91 2.30195
31 105 688.715 691.017 2.30195
36 94 688.851 691.153 2.30195
0 0 689.157 0 -689.157
46 91 689.278 691.58 2.30196
20 80 690.766 693.068 2.30196
41 85 690.862 693.164 2.30195
54 79 691.648 693.95 2.30195
58 73 691.817 694.119 2.30195
11 83 694.336 696.638 2.30195
44 84 694.72 697.022 2.30195
52 75 695.187 697.489 2.30195
14 80 696.669 698.971 2.30195
32 96 697.172 699.474 2.30195
51 71 697.349 699.651 2.30195
25 104 698.297 700.599 2.30195
55 95 698.58 700.882 2.30195
21 80 699.002 701.304 2.30195
34 0 700.416 0 -700.416
26 96 701.922 704.224 2.30196
59 78 702.021 704.323 2.30195
53 82 703.013 705.315 2.30195
57 72 703.356 705.658 2.30196
33 104 703.924 706.226 2.30196
16 88 704.132 706.434 2.30195
5 77 704.393 706.695 2.30196
45 91 704.974 707.276 2.30195
27 96 705.687 707.988 2.30195
40 92 705.745 708.047 2.30195
8 76 705.855 708.157 2.30195
30 0 706.18 0 -706.18
47 83 706.287 708.589 2.30195
49 84 706.854 709.156 2.30195
10 83 707.32 709.621 2.30195
13 80 931.038 931.14 0.102656
4 84 1050.84 1050.94 0.0975378
41 85 997.182 997.279 0.0975372
51 71 1123.67 1123.84 0.174594
16 88 950.452 950.555 0.102659
54 79 1177.97 1178.07 0.0975373
17 88 710.106 712.408 2.30195
48 85 1143.88 1143.98 0.102659
43 0 711.063 0 -711.063
37 93 711.017 713.319 2.30195
31 105 1115.03 1115.13 0.0975375
57 72 1099.68 1099.77 0.0975391
6 0 712.603 0 -712.603
23 80 712.21 714.512 2.30195
55 95 926.473 926.658 0.184835
19 88 711.578 713.88 2.30196
56 74 985.64 985.743 0.102658
20 87 937.087 937.189 0.102659
46 84 1175.6 1175.7 0.0975387
20 87 997.087 997.189 0.102659
21 80 1125.32 1125.5 0.174593
41 85 937.182 937.285 0.102657
4 84 930.845 930.947 0.102658
34 104 928.309 930.611 2.30196
54 79 937.968 938.07 0.102657
35 94 938.25 940.552 2.30196
59 78 929.914 930.099 0.184833
7 83 932.742 932.845 0.102658
11 83 940.657 940.759 0.102658
57 72 931.249 931.352 0.102659
39 94 930.097 930.195 0.0975379
36 94 935.171 935.274 0.102657
53 82 930.906 931.009 0.102659
17 88 937.999 940.301 2.30195
58 73 968.137 968.24 0.102657
46 84 935.598 935.701 0.102659
58 73 938.137 938.24 0.102657
24 105 986.033 986.13 0.0975376
39 94 911.67 911.773 0.102658
2 77 911.923 914.225 2.30196
4 84 912.418 912.52 0.102658
13 80 912.611 912.795 0.184832
1 77 914.249 914.352 0.102658
7 83 914.315 914.418 0.102658
18 87 914.559 914.662 0.102658
29 104 915.083 915.186 0.102658
38 86 915.317 915.419 0.102657
42 92 915.902 918.204 2.30196
48 78 915.987 918.289 2.30196
9 83 916.128 918.43 2.30195
50 71 916.501 916.604 0.102657
31 105 916.608 916.711 0.102657
36 94 916.744 916.847 0.102657
0 83 917.05 919.352 2.30195
46 84 917.171 917.273 0.102659
20 87 918.66 918.845 0.184835
41 85 918.755 918.857 0.102657
54 79 919.541 919.643 0.102657
58 73 919.71 919.813 0.102657
11 83 922.23 922.332 0.102658
44 84 922.613 922.716 0.102657
52 75 923.081 923.183 0.102658
14 80 924.562 924.747 0.184834
32 96 925.065 927.367 2.30195
26 104 929.816 929.918 0.102659
25 104 926.191 926.293 0.102658
51 71 925.242 925.427 0.184834
11 83 1000.66 1000.75 0.0975378
21 80 926.895 927.224 0.328705
18 87 932.986 933.089 0.102658
53 82 979.333 979.436 0.102659
59 78 1068.34 1068.52 0.174593
25 104 1034.62 1034.72 0.0975385
56 74 1045.64 1045.74 0.0975379
12 87 984.896 984.994 0.0975381
50 71 934.928 935.031 0.102657
1 77 992.676 992.774 0.0975385
29 105 933.51 933.613 0.102659
31 105 935.035 935.138 0.102657
38 86 933.744 933.841 0.097537
49 84 1133.17 1133.27 0.097538
15 81 1164.98 1167.29 2.30195
57 72 1069.68 1069.77 0.0975391
57 72 1129.68 1129.77 0.0975391
52 75 1121.51 1121.61 0.0975383
10 83 1163.11 1165.41 2.30195
39 94 990.097 990.195 0.0975379
7 83 1052.74 1052.84 0.0975382
59 78 948.341 948.516 0.174593
41 85 1117.18 1117.28 0.0975372
40 92 952.066 952.168 0.102658
47 83 952.608 952.705 0.0975368
8 76 952.176 952.278 0.102658
49 84 953.174 953.349 0.174594
2 84 1139.82 1140.43 0.616451
44 84 1061.04 1061.14 0.102657
7 83 992.742 992.84 0.0975382
35 93 1166.14 1166.25 0.102659
30 96 1161.97 1164.27 2.30195
59 78 1128.34 1128.52 0.174593
1 77 1052.68 1052.77 0.0975385
53 82 1129.33 1129.43 0.0975386
24 105 956.033 956.135 0.102658
25 104 1124.62 1124.72 0.0975385
12 87 954.896 954.999 0.102658
56 74 955.64 955.743 0.102658
6 84 1168.39 1170.69 2.30195
28 105 1163.92 1164.03 0.102658
46 84 1115.6 1115.7 0.0975387
52 75 1001.51 1001.61 0.102658
46 84 1055.6 1055.7 0.0975387
43 92 1177.01 1177.12 0.102657
51 71 973.669 973.843 0.174594
37 93 957.337 957.44 0.102658
23 80 958.531 958.633 0.102657
13 80 961.038 961.135 0.0975365
5 76 1130.71 1130.81 0.0975388
37 93 987.337 987.435 0.0975378
18 87 1172.99 1173.08 0.0975382
11 83 970.657 970.759 0.102658
18 87 962.986 963.089 0.102658
39 94 960.097 960.195 0.0975379
20 87 967.087 967.189 0.102659
59 78 1038.34 1038.52 0.174593
36 94 965.171 965.274 0.102657
29 104 963.51 963.613 0.102658
31 105 965.035 965.138 0.102657
44 84 1031.04 1031.14 0.102657
14 80 972.989 973.164 0.174594
54 79 967.968 968.065 0.0975373
38 86 963.744 963.841 0.097537
41 85 967.182 967.279 0.0975372
4 84 960.845 960.942 0.0975378
44 84 971.04 971.143 0.102657
7 83 962.742 962.845 0.102658
50 71 964.928 965.031 0.102657
1 77 962.676 962.774 0.0975385
46 84 965.598 965.701 0.102659
52 75 971.508 971.61 0.102658
12 87 1044.9 1044.99 0.0975381
51 71 1003.67 1003.84 0.174594
55 95 1004.9 1005 0.0975387
21 80 1005.32 1005.5 0.174593
13 80 1051.04 1051.14 0.102656
53 82 1009.33 1009.43 0.0975386
57 72 1009.68 1009.78 0.102659
5 76 1010.71 1010.81 0.0975388
16 88 1010.45 1010.55 0.102659
25 104 1004.62 1004.72 0.0975385
20 87 1027.09 1027.18 0.0975389
23 80 1018.53 1018.63 0.102657
50 71 1054.93 1055.03 0.102657
16 88 1130.45 1130.55 0.0975387
7 83 1112.74 1112.84 0.0975382
11 83 1120.66 1120.75 0.0975378
44 84 1121.04 1121.14 0.0975371
51 71 1063.67 1063.84 0.174594
27 96 1161.47 1163.77 2.30195
24 105 1136.03 1136.13 0.0975375
26 104 1008.24 1008.35 0.102659
22 80 1165.16 1165.26 0.102659
59 78 1008.34 1008.52 0.174593
12 87 1134.9 1134.99 0.0975381
54 79 1117.97 1118.07 0.0975373
25 104 1064.62 1064.72 0.0975385
31 105 1055.03 1055.13 0.0975375
55 95 1064.9 1065 0.0975387
14 80 1122.99 1123.16 0.174594
49 84 1013.17 1013.27 0.097538
40 92 1162.07 1162.16 0.0975379
8 76 1012.18 1012.27 0.0975379
56 74 1015.64 1015.74 0.0975379
47 83 1012.61 1012.71 0.0975368
40 92 1012.07 1012.16 0.0975379
5 76 1070.71 1070.81 0.0975388
34 104 1156.2 1158.5 2.30196
26 104 1068.24 1068.34 0.0975393
40 92 1132.07 1132.16 0.0975379
47 83 1132.61 1132.71 0.0975368
24 105 1016.03 1016.13 0.0975376
18 87 1022.99 1023.08 0.0975382
38 86 1023.74 1023.84 0.097537
46 84 1025.6 1025.7 0.0975387
37 93 1017.34 1017.43 0.0975378
4 84 1020.84 1020.94 0.0975378
58 73 1028.14 1028.23 0.0975366
12 87 1014.9 1014.99 0.0975381
18 87 1112.99 1113.08 0.0975382
58 73 1118.14 1118.23 0.0975366
8 76 1132.18 1132.27 0.0975379
45 91 1160.76 1160.86 0.102658
36 94 1175.17 1175.27 0.097537
31 105 1025.03 1025.13 0.0975375
16 88 1070.45 1070.55 0.0975387
32 96 1152.96 1155.26 2.30195
29 104 1023.51 1023.61 0.0975382
50 71 1024.93 1025.03 0.102657
14 80 1032.99 1033.16 0.174594
36 94 1025.17 1025.27 0.097537
39 94 1020.1 1020.2 0.102658
5 76 1040.71 1040.81 0.0975388
13 80 1021.04 1021.14 0.0975365
55 95 1034.9 1035 0.0975387
41 85 1027.18 1027.28 0.0975372
11 83 1030.66 1030.75 0.0975378
1 77 1022.68 1022.77 0.0975385
7 83 1022.74 1022.84 0.0975382
51 71 1033.67 1033.84 0.174594
54 79 1027.97 1028.07 0.102657
8 76 1102.18 1102.27 0.0975379
52 75 1031.51 1031.61 0.102658
57 72 1039.68 1039.77 0.0975391
39 94 1050.1 1050.19 0.0975379
53 82 1039.33 1039.43 0.0975386
38 86 1053.74 1053.84 0.097537
50 71 1114.93 1115.03 0.0975369
40 92 1042.07 1042.16 0.0975379
36 94 1055.17 1055.27 0.097537
39 94 1140.1 1140.19 0.0975379
23 80 1048.53 1048.63 0.0975369
49 84 1043.17 1043.27 0.097538
47 83 1042.61 1042.71 0.0975368
16 88 1040.45 1040.55 0.102659
37 93 1047.34 1047.43 0.0975378
21 80 1065.32 1065.5 0.174593
26 104 1038.24 1038.35 0.102659
29 104 1053.51 1053.61 0.0975382
21 80 1035.32 1035.5 0.174593
8 76 1042.18 1042.27 0.0975379
24 105 1046.03 1046.13 0.0975375
40 92 1072.07 1072.16 0.0975379
56 74 1075.64 1075.74 0.0975379
8 76 1072.18 1072.27 0.0975379
47 83 1072.61 1072.71 0.0975368
24 105 1166.03 1166.13 0.0975375
26 104 1128.24 1128.34 0.0975393
49 84 1073.17 1073.27 0.097538
24 105 1076.03 1076.13 0.0975375
23 80 1078.53 1078.63 0.0975369
58 73 1178.14 1178.23 0.0975366
55 95 1124.9 1125 0.0975387
40 92 1102.07 1102.16 0.0975379
4 84 1170.84 1170.94 0.0975378
37 93 1077.34 1077.43 0.0975378
4 84 1080.84 1080.94 0.0975378
13 80 1081.04 1081.14 0.102656
12 87 1074.9 1074.99 0.0975381
20 87 1177.09 1177.18 0.0975389
33 103 1159.71 1162.01 2.30196
26 104 1188.24 1188.34 0.0975393
18 87 1082.99 1083.08 0.0975382
29 104 1083.51 1083.61 0.0975382
38 86 1083.74 1083.84 0.097537
39 94 1080.1 1080.19 0.0975379
20 87 1087.09 1087.18 0.0975389
31 105 1085.03 1085.13 0.0975375
50 71 1084.93 1085.03 0.0975369
36 94 1085.17 1085.27 0.097537
46 84 1085.6 1085.7 0.0975387
21 80 1095.32 1095.5 0.174593
58 73 1088.14 1088.23 0.0975366
54 79 1087.97 1088.07 0.102657
44 84 1091.04 1091.14 0.0975371
1 77 1082.68 1082.77 0.0975385
7 83 1082.74 1082.84 0.0975382
5 76 1100.71 1100.81 0.0975388
42 92 1143.8 1143.9 0.102659
3 84 1168.42 1170.72 2.30195
48 85 1174.41 1174.52 0.102659
41 85 1087.18 1087.28 0.0975372
51 71 1093.67 1093.84 0.174594
11 83 1090.66 1090.75 0.0975378
52 75 1091.51 1091.61 0.0975383
4 84 1110.84 1110.94 0.0975378
14 80 1092.99 1093.16 0.174594
12 87 1104.9 1104.99 0.0975381
47 83 1102.61 1102.71 0.0975368
16 88 1100.45 1100.55 0.0975387
49 84 1103.17 1103.27 0.097538
13 80 1111.04 1111.14 0.102656
38 86 1113.74 1113.84 0.097537
37 93 1107.34 1107.43 0.0975378
36 94 1115.17 1115.27 0.097537
24 105 1106.03 1106.13 0.0975375
56 74 1105.64 1105.74 0.0975379
29 104 1113.51 1113.61 0.0975382
55 95 1094.9 1095 0.0975387
39 94 1110.1 1110.19 0.0975379
23 80 1108.53 1108.63 0.0975369
13 80 1141.04 1141.14 0.102656
1 77 1142.68 1142.77 0.0975385
18 87 1142.99 1143.08 0.0975382
50 71 1144.93 1145.03 0.0975369
48 85 1154.04 1154.15 0.102659
42 92 1153.96 1154.06 0.102659
7 83 1142.74 1142.84 0.0975382
38 86 1143.74 1143.84 0.097537
29 104 1143.51 1143.61 0.0975382
38 86 1173.74 1173.84 0.097537
23 80 1168.53 1168.63 0.0975369
46 84 1145.6 1145.7 0.0975387
31 105 1145.03 1145.13 0.0975375
36 94 1145.17 1145.27 0.097537
41 85 1177.18 1177.28 0.0975372
1 77 1172.68 1172.77 0.0975385
59 78 1188.34 1188.52 0.174593
58 73 1148.14 1148.23 0.0975366
20 87 1147.09 1147.18 0.0975389
44 84 1151.04 1151.14 0.0975371
41 85 1147.18 1147.28 0.0975372
54 79 1147.97 1148.07 0.0975373
51 71 1153.67 1153.84 0.174594
11 83 1150.66 1150.75 0.0975378
52 75 1151.51 1151.61 0.0975383
56 74 1165.64 1165.74 0.0975379
14 80 1152.99 1153.16 0.174594
53 82 1159.33 1159.43 0.0975386
21 80 1155.32 1155.5 0.174593
31 105 1175.03 1175.13 0.0975375
50 71 1174.93 1175.03 0.0975369
16 88 1160.45 1160.55 0.0975387
47 83 1162.61 1162.71 0.0975368
8 76 1162.18 1162.27 0.0975379
43 92 1197.38 1197.49 0.102657
22 80 1175.32 1175.42 0.102659
45 91 1170.92 1171.03 0.102658
5 76 1160.71 1160.81 0.0975388
49 84 1163.17 1163.27 0.097538
55 95 1154.9 1155 0.0975387
29 104 1173.51 1173.61 0.0975382
25 104 1154.62 1154.72 0.0975385
12 87 1164.9 1164.99 0.0975381
37 93 1167.34 1167.43 0.0975378
17 88 1176.06 1176.16 0.102658
26 104 1158.24 1158.34 0.0975393
2 84 1200.84 1201.46 0.616451
39 94 1170.1 1170.19 0.0975379
35 93 1176.31 1176.41 0.102659
59 78 1158.34 1158.52 0.174593
13 80 1171.04 1171.14 0.102656
57 72 1159.68 1159.77 0.0975391
28 105 1174.09 1174.19 0.102658
32 96 1380.85 1380.95 0.102658
11 83 1180.66 1180.75 0.0975378
51 71 1183.67 1183.84 0.174594
52 75 1181.51 1181.61 0.0975383
14 80 1182.99 1183.16 0.174594
21 80 1185.32 1185.5 0.174593
44 84 1181.04 1181.14 0.0975371
45 91 1191.29 1191.4 0.102658
53 82 1189.33 1189.43 0.0975386
5 76 1190.71 1190.81 0.0975388
49 84 1193.17 1193.27 0.097538
34 96 1384.1 1384.2 0.102658
55 95 1184.9 1185 0.0975387
25 104 1184.62 1184.72 0.0975385
16 88 1190.45 1190.55 0.0975387
33 96 1387.6 1389.91 2.30195
35 93 1196.68 1196.78 0.102659
12 87 1194.9 1194.99 0.0975381
24 105 1196.03 1196.13 0.0975375
10 83 1391 1391.1 0.102658
27 96 1389.37 1389.47 0.102657
40 92 1192.07 1192.16 0.0975379
17 88 1196.43 1196.52 0.0975381
19 87 1395.26 1395.36 0.102657
47 83 1192.61 1192.71 0.0975368
30 96 1389.86 1390.05 0.184834
15 81 1392.88 1392.98 0.102657
56 74 1195.64 1195.74 0.0975379
37 93 1197.34 1197.43 0.0975378
22 80 1195.69 1195.79 0.102659
8 76 1192.18 1192.27 0.0975379
3 84 1396.31 1396.5 0.184832
23 80 1198.53 1198.63 0.0975369
28 105 1194.46 1194.56 0.102658
6 84 1396.28 1396.47 0.184833
57 72 1189.68 1189.77 0.0975391
