59 60 0.10187 2.40382 2.30195
45 67 0.679574 2.98153 2.30196
41 61 1.25038 3.55233 2.30196
42 60 977.185 977.288 0.102658
8 67 0.961408 3.26336 2.30196
37 65 17.2492 19.5512 2.30196
38 61 0.206121 2.50807 2.30195
58 68 999.203 999.388 0.18484
54 65 0.30864 2.61059 2.30195
0 63 1196.78 1196.88 0.0975383
54 65 1110.31 1110.41 0.0975385
52 68 994.847 994.95 0.102658
13 0 0.432334 0 -0.432334
3 67 1.25802 3.55997 2.30196
28 64 924.919 927.221 2.30196
35 0 1.89683 0 -1.89683
46 62 2.55646 4.85842 2.30196
50 67 1094.36 1094.46 0.0975372
22 70 2.64463 4.94658 2.30195
27 64 3.62911 5.93107 2.30196
17 63 6.74936 9.05132 2.30195
52 68 4.84691 7.14887 2.30195
7 0 4.90293 0 -4.90293
56 68 5.99304 8.295 2.30196
50 67 1154.36 1154.46 0.0975372
42 60 1007.18 1007.29 0.102658
48 67 5.37958 7.68153 2.30196
4 67 5.34112 7.64308 2.30196
22 70 1112.64 1112.74 0.0975373
31 60 997.675 997.778 0.102661
23 70 5.94463 8.24658 2.30196
54 65 930.309 930.411 0.102659
42 60 1097.18 1097.28 0.0975382
12 63 1002.07 1002.17 0.10266
31 60 7.67522 9.97717 2.30196
44 62 8.92548 11.2274 2.30196
25 69 8.97186 11.2738 2.30195
30 60 8.63281 10.9348 2.30195
19 70 8.73199 11.0339 2.30195
16 63 8.35947 10.6614 2.30195
54 65 1080.31 1080.41 0.0975385
4 63 1144.81 1144.99 0.184839
19 70 998.732 998.83 0.0975389
17 63 996.749 996.847 0.0975384
36 60 1393.85 1394.03 0.184837
55 61 1128.33 1128.66 0.32871
51 69 974.285 974.388 0.10266
5 0 9.17658 0 -9.17658
12 63 12.0702 14.3721 2.30196
1 0 9.36784 0 -9.36784
0 63 710.459 712.761 2.30195
26 70 11.894 14.1959 2.30196
39 60 11.4142 13.7161 2.30196
20 0 13.0457 0 -13.0457
28 64 13.3463 15.6483 2.30196
33 60 1101.74 1101.84 0.0975405
48 67 1115.38 1115.48 0.097539
34 60 12.1427 14.4446 2.30196
10 67 1100.48 1100.66 0.174598
53 69 988.226 988.329 0.102657
50 67 1004.36 1004.47 0.102657
33 60 1011.74 1011.84 0.0975405
51 68 14.2852 16.5871 2.30196
50 67 14.3649 16.6668 2.30195
11 0 707.519 0 -707.519
32 60 14.681 16.9829 2.30196
21 69 1391.16 1393.46 2.30196
42 60 17.1849 19.4869 2.30195
18 70 14.76 17.062 2.30196
43 60 26.3499 28.6519 2.30195
29 60 1393.38 1395.68 2.30196
23 70 1145.41 1145.51 0.10266
57 0 18.3675 0 -18.3675
43 60 1016.35 1016.45 0.102658
44 62 1088.93 1089.02 0.0975412
6 63 19.9071 22.2091 2.30196
10 67 20.4835 22.7855 2.30196
9 67 939.73 942.032 2.30196
33 60 21.7442 24.0461 2.30196
58 68 22.5469 24.8489 2.30196
17 63 1086.75 1086.85 0.0975384
11 0 23.8394 0 -23.8394
49 67 22.866 25.168 2.30196
37 61 928.822 931.124 2.30196
15 0 23.9885 0 -23.9885
40 64 23.497 25.799 2.30196
47 66 23.4526 25.7545 2.30196
21 0 23.8008 0 -23.8008
31 60 1087.68 1087.77 0.0975411
52 68 1084.85 1084.94 0.0975384
46 62 992.556 992.659 0.10266
10 67 980.484 980.658 0.174598
31 60 1117.68 1117.77 0.0975411
38 61 990.206 990.304 0.0975382
24 70 25.0504 27.3524 2.30196
14 67 24.9517 27.2537 2.30196
59 60 1080.1 1080.2 0.0975382
36 61 26.4856 28.7876 2.30196
0 63 26.7794 29.0814 2.30195
29 0 26.0191 0 -26.0191
40 64 983.497 983.6 0.102661
46 62 1082.56 1082.65 0.0975403
12 63 1092.07 1092.17 0.10266
48 67 995.38 995.482 0.102659
55 61 29.621 31.923 2.30196
9 0 28.157 0 -28.157
53 69 28.2262 30.5281 2.30195
22 70 992.645 992.742 0.0975373
2 67 29.205 31.5069 2.30196
55 61 1225.96 1226.29 0.32871
57 65 246.261 248.563 2.30196
6 63 247.8 250.102 2.30196
43 60 254.243 256.545 2.30195
58 68 250.44 252.742 2.30196
31 60 463.462 465.764 2.30196
47 66 1193.45 1193.55 0.0975403
40 64 251.39 253.692 2.30196
24 70 252.944 255.246 2.30196
17 63 462.536 464.838 2.30195
47 66 251.346 253.648 2.30196
36 61 254.379 256.681 2.30196
14 0 252.845 0 -252.845
0 63 254.673 256.975 2.30195
9 63 256.05 258.352 2.30196
53 69 484.013 486.315 2.30195
38 61 1080.21 1080.3 0.0975382
59 60 1020.1 1020.2 0.0975382
2 0 257.098 0 -257.098
53 69 256.119 258.421 2.30195
44 62 464.712 467.014 2.30196
18 70 470.547 472.848 2.30196
33 60 477.531 479.833 2.30196
10 67 248.377 250.679 2.30196
50 67 974.365 974.468 0.102657
11 63 251.733 254.035 2.30196
53 69 1018.23 1018.32 0.097537
15 0 251.882 0 -251.882
49 0 250.759 0 -250.759
29 0 253.912 0 -253.912
59 60 227.995 230.297 2.30195
38 61 228.099 230.401 2.30195
54 65 228.202 230.504 2.30195
13 0 228.326 0 -228.326
45 62 228.573 230.875 2.30196
8 67 228.855 231.157 2.30196
41 61 229.144 231.446 2.30196
3 67 229.151 231.453 2.30196
35 0 229.79 0 -229.79
46 62 230.45 232.752 2.30196
22 70 230.538 232.84 2.30195
27 64 231.522 233.824 2.30196
52 68 232.74 235.042 2.30195
7 63 232.796 235.098 2.30196
4 0 233.234 0 -233.234
48 67 233.273 235.575 2.30195
23 70 233.838 236.14 2.30196
56 68 233.886 236.188 2.30196
17 63 234.643 236.945 2.30195
31 60 235.568 237.87 2.30196
16 0 236.253 0 -236.253
30 60 236.526 238.828 2.30195
19 70 236.625 238.927 2.30195
44 62 236.819 239.121 2.30196
25 69 236.865 239.167 2.30195
5 67 237.07 239.372 2.30196
1 67 237.261 239.563 2.30196
39 60 239.307 241.609 2.30196
26 70 239.787 242.089 2.30196
12 63 239.963 242.265 2.30196
34 60 240.036 242.338 2.30196
20 0 240.939 0 -240.939
28 64 241.24 243.542 2.30196
51 69 242.178 244.48 2.30196
50 67 242.258 244.56 2.30195
32 60 242.574 244.876 2.30196
18 70 242.653 244.955 2.30196
42 60 245.078 247.38 2.30195
37 65 245.142 247.444 2.30196
55 61 713.301 715.603 2.30196
15 0 707.668 0 -707.668
13 0 1139.9 0 -1139.9
17 63 966.749 966.847 0.0975384
38 61 1020.21 1020.3 0.0975382
52 68 1114.85 1114.94 0.0975384
27 64 993.629 993.732 0.102661
11 63 1391.2 1393.5 2.30196
48 67 1145.38 1145.48 0.097539
21 0 251.694 0 -251.694
33 60 249.637 251.939 2.30196
0 63 1016.78 1016.88 0.0975383
45 62 1140.15 1140.25 0.102661
53 69 1108.23 1108.32 0.097537
43 60 1106.35 1106.45 0.0975378
40 64 1013.5 1013.6 0.102661
18 70 926.333 926.436 0.10266
43 60 937.923 938.026 0.102658
38 61 1110.21 1110.3 0.0975382
3 67 1368.62 1368.72 0.10266
46 62 1112.56 1112.65 0.0975403
44 62 998.925 999.028 0.102661
56 0 461.78 0 -461.78
55 61 257.514 259.816 2.30196
54 65 990.309 990.411 0.102659
21 69 707.481 709.782 2.30196
19 70 1088.73 1088.83 0.0975389
16 67 1375.72 1378.02 2.30196
2 67 1396.56 1397.18 0.616456
12 63 972.07 972.168 0.0975402
40 64 1103.5 1103.59 0.0975406
18 70 974.76 974.858 0.0975397
24 70 1195.05 1195.15 0.10266
15 0 479.775 0 -479.775
50 67 470.151 472.453 2.30195
16 0 464.146 0 -464.146
42 60 472.971 475.273 2.30195
57 0 474.154 0 -474.154
49 67 478.652 480.954 2.30196
9 0 483.944 0 -483.944
5 67 464.963 467.265 2.30196
19 70 464.518 466.82 2.30195
12 63 467.857 470.159 2.30196
29 0 709.699 0 -709.699
30 60 464.419 466.721 2.30195
32 60 470.467 472.769 2.30196
6 0 475.694 0 -475.694
29 0 481.806 0 -481.806
10 67 476.27 478.572 2.30196
47 66 479.239 481.541 2.30196
40 64 479.284 481.585 2.30196
51 69 470.072 472.374 2.30196
34 0 467.929 0 -467.929
11 0 479.626 0 -479.626
36 60 482.272 484.574 2.30196
43 60 482.136 484.438 2.30195
2 67 484.991 487.293 2.30196
23 70 461.731 464.033 2.30196
1 67 465.154 467.456 2.30196
28 0 469.133 0 -469.133
14 0 480.738 0 -480.738
58 68 478.333 480.635 2.30196
24 0 708.73 0 -708.73
0 63 482.566 484.868 2.30195
38 61 930.206 930.309 0.102658
55 61 485.408 487.709 2.30196
14 0 708.631 0 -708.631
24 70 480.837 483.139 2.30196
25 69 464.758 467.06 2.30195
39 61 467.201 469.503 2.30196
26 70 467.68 469.982 2.30196
20 70 468.832 471.134 2.30196
37 0 473.036 0 -473.036
21 69 479.587 481.889 2.30196
36 61 710.165 712.467 2.30196
59 60 455.888 458.19 2.30195
38 61 455.993 458.295 2.30195
54 65 456.095 458.397 2.30195
13 0 456.219 0 -456.219
45 0 456.466 0 -456.466
8 0 456.748 0 -456.748
41 61 457.037 459.339 2.30196
3 0 457.045 0 -457.045
35 0 457.683 0 -457.683
46 62 458.343 460.645 2.30196
22 70 458.431 460.733 2.30195
27 64 459.416 461.718 2.30196
52 68 460.633 462.935 2.30195
7 0 460.689 0 -460.689
4 67 461.128 463.43 2.30196
48 67 461.166 463.468 2.30196
43 61 710.03 712.332 2.30196
53 69 711.906 714.208 2.30195
24 70 936.623 938.925 2.30196
0 63 938.352 938.455 0.102658
32 60 926.254 928.556 2.30196
27 64 1143.63 1143.73 0.0975411
59 60 683.782 686.084 2.30195
38 61 683.886 686.188 2.30195
54 65 683.988 686.29 2.30195
13 63 684.112 686.414 2.30196
45 66 684.359 686.661 2.30196
8 0 684.641 0 -684.641
41 0 684.93 0 -684.93
3 0 684.938 0 -684.938
35 0 685.577 0 -685.577
46 62 686.236 688.538 2.30196
22 70 686.324 688.626 2.30195
27 64 687.309 689.611 2.30196
52 68 688.527 690.829 2.30195
7 0 688.583 0 -688.583
4 67 689.021 691.323 2.30196
48 67 689.059 691.361 2.30196
23 0 689.624 0 -689.624
56 0 689.673 0 -689.673
17 63 690.429 692.731 2.30195
31 60 691.355 693.657 2.30196
16 62 692.039 694.341 2.30196
30 60 692.313 694.615 2.30195
19 70 692.412 694.714 2.30195
44 62 692.605 694.907 2.30196
25 0 692.652 0 -692.652
5 0 692.856 0 -692.856
1 0 693.048 0 -693.048
39 61 695.094 697.396 2.30196
26 0 695.574 0 -695.574
12 63 695.75 698.052 2.30196
34 0 695.822 0 -695.822
20 0 696.725 0 -696.725
28 0 697.026 0 -697.026
51 69 697.965 700.267 2.30196
50 67 698.045 700.347 2.30195
32 60 698.361 700.663 2.30196
18 70 698.44 700.742 2.30196
42 60 700.865 703.167 2.30195
37 0 700.929 0 -700.929
57 62 702.047 704.349 2.30196
6 0 703.587 0 -703.587
10 67 704.163 706.465 2.30196
33 60 705.424 707.726 2.30196
58 68 706.227 708.529 2.30196
49 0 706.546 0 -706.546
47 66 707.132 709.434 2.30196
40 64 707.177 709.479 2.30196
43 60 986.35 986.453 0.102658
58 68 1102.55 1102.72 0.1746
7 63 1144.37 1146.67 2.30196
18 70 1004.76 1004.86 0.0975397
35 60 1141.36 1143.67 2.30196
51 69 1004.29 1004.39 0.10266
9 63 1395.52 1396.13 0.616454
0 63 1106.78 1106.88 0.0975383
10 67 1010.48 1010.66 0.174598
18 70 1094.76 1094.86 0.10266
0 63 986.779 986.877 0.0975383
58 68 1017.5 1017.68 0.1746
55 61 1002.22 1002.84 0.616454
40 64 935.07 935.173 0.102661
2 67 712.885 715.187 2.30196
9 60 711.837 714.139 2.30198
3 67 1140.72 1143.03 2.30196
43 60 1196.35 1196.45 0.0975378
22 70 1082.64 1082.74 0.0975373
15 63 935.561 937.863 2.30196
44 63 938.925 939.023 0.0975419
53 69 939.799 939.902 0.102657
58 68 934.12 934.449 0.328712
29 0 937.592 0 -937.592
51 69 925.858 925.961 0.10266
10 67 932.057 932.241 0.184838
47 66 935.026 937.328 2.30196
59 60 930.102 930.199 0.0975382
11 63 935.412 937.714 2.30196
2 67 940.778 943.08 2.30196
52 68 934.847 934.95 0.102658
26 70 923.467 925.769 2.30196
14 0 936.525 0 -936.525
21 0 935.374 0 -935.374
6 63 931.48 933.782 2.30196
36 64 938.059 940.361 2.30196
34 60 923.716 926.018 2.30196
20 0 924.619 0 -924.619
33 60 933.317 933.42 0.10266
42 60 928.758 928.943 0.184834
49 0 934.439 0 -934.439
55 61 941.194 941.81 0.616454
27 64 933.629 933.732 0.102661
48 67 935.38 935.482 0.102659
12 63 942.07 942.168 0.0975402
59 60 911.675 911.778 0.102658
38 61 911.779 911.882 0.102658
54 65 911.882 911.984 0.102659
13 0 912.005 0 -912.005
45 62 912.253 914.555 2.30196
8 67 912.534 914.836 2.30196
41 60 912.823 915.125 2.30196
3 67 912.831 915.133 2.30196
35 60 913.47 915.772 2.30196
46 62 914.129 914.232 0.10266
22 70 914.218 914.32 0.102657
27 64 915.202 915.305 0.102661
52 68 916.42 916.523 0.102658
7 63 916.476 918.778 2.30196
4 63 916.914 919.216 2.30196
48 67 916.953 917.055 0.102659
23 70 917.518 919.82 2.30196
56 69 917.566 919.868 2.30196
17 63 918.322 918.425 0.102658
31 60 919.248 919.351 0.102661
16 0 919.932 0 -919.932
30 60 920.206 922.508 2.30195
19 70 920.305 920.408 0.102659
44 62 920.498 920.601 0.102661
25 68 920.545 922.847 2.30196
5 67 920.75 923.052 2.30196
1 67 920.941 923.243 2.30196
39 60 922.987 925.289 2.30196
12 63 923.643 923.746 0.10266
50 67 925.938 926.041 0.102657
57 61 929.941 932.242 2.30196
55 61 1095.79 1096.12 0.32871
19 70 968.732 968.83 0.0975389
59 60 1110.1 1110.2 0.0975382
51 69 1094.29 1094.38 0.0975399
44 62 968.925 969.023 0.0975412
27 64 1083.63 1083.73 0.0975411
49 67 1390.23 1392.53 2.30196
33 60 981.744 981.842 0.0975405
59 60 990.102 990.199 0.0975382
46 62 932.556 932.659 0.10266
22 70 932.645 932.747 0.102657
19 70 938.732 938.835 0.102659
31 60 937.675 937.773 0.0975411
17 63 936.749 936.847 0.0975384
51 69 944.285 944.388 0.10266
51 69 1034.29 1034.38 0.0975399
39 60 1169.18 1169.28 0.102661
19 70 1148.73 1148.83 0.0975389
18 70 944.76 944.863 0.10266
52 68 964.847 964.95 0.102658
33 60 951.744 951.847 0.10266
50 67 944.365 944.468 0.102657
40 64 953.497 953.6 0.102661
38 60 1170.21 1170.3 0.0975417
58 68 966.662 966.99 0.328712
42 60 947.185 947.36 0.174594
0 63 956.779 956.882 0.102658
38 61 960.206 960.304 0.0975382
53 69 958.226 958.329 0.102657
40 64 1163.5 1163.59 0.0975406
10 67 950.484 950.658 0.174598
43 60 956.35 956.447 0.0975378
54 65 960.309 960.411 0.102659
52 68 1144.85 1144.94 0.0975384
41 61 1150.88 1150.98 0.102659
59 60 960.102 960.199 0.0975382
27 64 963.629 963.727 0.0975411
48 67 965.38 965.482 0.102659
46 62 962.556 962.659 0.10266
22 70 962.645 962.742 0.0975373
31 60 967.675 967.773 0.0975411
33 60 1071.74 1071.84 0.0975405
54 65 1020.31 1020.41 0.0975385
48 67 1085.38 1085.48 0.097539
14 0 1392.31 0 -1392.31
44 62 1028.93 1029.02 0.0975412
22 70 1022.64 1022.74 0.0975373
46 62 1022.56 1022.65 0.0975403
27 64 1023.63 1023.73 0.0975411
52 68 1024.85 1024.94 0.0975384
19 70 1028.73 1028.83 0.0975389
48 67 1025.38 1025.48 0.097539
41 61 1140.72 1140.82 0.102659
17 63 1116.75 1116.85 0.0975384
8 67 1140.43 1142.73 2.30196
40 64 1193.5 1193.59 0.0975406
54 65 1050.31 1050.41 0.0975385
31 60 1027.68 1027.77 0.0975411
40 64 1043.5 1043.59 0.0975406
56 68 1145.46 1147.76 2.30196
27 64 1113.63 1113.73 0.102661
17 63 1026.75 1026.85 0.0975384
50 67 1034.36 1034.47 0.102657
42 60 1037.18 1037.29 0.102658
27 64 1053.63 1053.73 0.0975411
18 70 1034.76 1034.86 0.10266
53 69 1048.23 1048.32 0.097537
48 67 1055.38 1055.48 0.097539
58 68 1042.55 1042.72 0.1746
33 60 1041.74 1041.84 0.0975405
12 63 1032.07 1032.17 0.10266
52 68 1054.85 1054.94 0.0975384
0 63 1046.78 1046.88 0.0975383
10 67 1040.48 1040.66 0.174598
59 60 1050.1 1050.2 0.0975382
43 60 1046.35 1046.45 0.102658
55 61 1063.25 1063.58 0.32871
38 61 1050.21 1050.3 0.0975382
23 69 1155.57 1155.68 0.102663
46 62 1052.56 1052.65 0.0975403
22 70 1052.64 1052.74 0.0975373
19 70 1058.73 1058.83 0.0975389
31 60 1057.68 1057.77 0.0975411
43 60 1076.35 1076.45 0.102658
17 63 1056.75 1056.85 0.0975384
53 69 1078.23 1078.32 0.097537
50 67 1064.36 1064.46 0.0975372
51 69 1064.29 1064.38 0.0975399
44 62 1058.93 1059.02 0.0975412
58 68 1072.55 1072.72 0.1746
10 67 1070.48 1070.66 0.174598
0 63 1076.78 1076.88 0.0975383
12 63 1062.07 1062.17 0.10266
18 70 1064.76 1064.86 0.10266
40 64 1073.5 1073.59 0.0975406
42 60 1067.18 1067.29 0.102658
16 63 1147.83 1150.13 2.30195
30 60 1148.1 1150.4 2.30195
19 70 1118.73 1118.83 0.0975389
58 68 1132.55 1132.72 0.1746
57 60 1157.83 1160.14 2.30196
20 71 1152.51 1154.81 2.30196
51 69 1124.29 1124.38 0.0975399
25 69 1148.44 1150.74 2.30195
37 65 1156.72 1159.02 2.30196
32 60 1154.15 1154.25 0.102662
5 67 1148.64 1150.94 2.30196
1 63 1148.83 1151.14 2.30196
44 62 1118.93 1119.02 0.0975412
0 63 1136.78 1136.88 0.0975383
18 70 1124.76 1124.86 0.10266
28 64 1152.81 1155.11 2.30196
46 62 1142.56 1142.65 0.0975403
55 61 1160.88 1161.2 0.32871
2 67 1168.67 1170.97 2.30196
33 60 1131.74 1131.84 0.0975405
50 67 1124.36 1124.46 0.0975372
40 64 1133.5 1133.6 0.102661
11 0 1163.31 0 -1163.31
12 63 1122.07 1122.17 0.10266
39 60 1150.88 1151.07 0.184837
34 0 1151.61 0 -1151.61
26 70 1151.36 1153.66 2.30196
36 60 1165.95 1168.25 2.30196
21 69 1163.27 1165.57 2.30196
53 69 1138.23 1138.32 0.097537
42 60 1127.18 1127.28 0.0975382
47 66 1162.92 1163.02 0.10266
49 67 1162.33 1164.63 2.30196
15 0 1163.45 0 -1163.45
10 67 1130.48 1130.66 0.174598
6 63 1159.37 1161.68 2.30196
59 60 1140.1 1140.2 0.0975382
22 70 1142.64 1142.74 0.0975373
14 67 1164.42 1166.72 2.30196
24 70 1164.52 1164.62 0.10266
29 60 1165.49 1167.79 2.30196
43 60 1136.35 1136.45 0.0975378
15 63 1391.35 1393.65 2.30196
54 65 1140.31 1140.41 0.0975385
45 62 1150.31 1150.41 0.102661
9 63 1167.62 1169.93 2.30196
38 61 1140.21 1140.3 0.0975382
51 69 1154.29 1154.38 0.0975399
31 60 1147.68 1147.77 0.0975411
17 63 1146.75 1146.85 0.0975384
44 62 1148.93 1149.02 0.0975412
12 0 1152.07 0 -1152.07
8 67 1368.32 1368.65 0.328709
18 69 1154.76 1154.86 0.0975398
32 60 1164.31 1164.41 0.102662
53 69 1168.23 1168.32 0.097537
41 61 1171.25 1171.35 0.102659
33 60 1161.74 1161.84 0.0975405
24 70 1174.68 1174.78 0.10266
10 67 1160.48 1160.66 0.174598
42 61 1157.18 1157.28 0.0975405
27 64 1173.63 1173.73 0.0975411
55 61 1193.42 1193.75 0.32871
46 62 1172.56 1172.65 0.0975403
43 60 1166.35 1166.45 0.0975378
0 63 1166.78 1166.88 0.0975383
52 68 1174.85 1174.94 0.0975384
58 68 1162.55 1162.72 0.1746
59 60 1170.1 1170.2 0.0975382
54 65 1170.31 1170.41 0.0975385
7 63 1372.26 1374.56 2.30196
23 70 1175.94 1176.05 0.10266
35 60 1369.26 1371.56 2.30196
22 70 1172.64 1172.74 0.0975373
26 70 1379.25 1379.44 0.184836
13 62 1367.79 1370.09 2.30196
45 62 1170.68 1170.78 0.102661
4 67 1175.34 1175.52 0.174598
57 65 1385.73 1386.34 0.616453
25 69 1376.33 1376.43 0.102658
48 67 1175.38 1175.48 0.097539
19 69 1178.73 1178.83 0.0975414
6 63 1387.27 1388.58 1.31482
56 68 1373.35 1373.97 0.616453
1 63 1376.73 1376.83 0.102661
17 63 1176.75 1176.85 0.0975384
30 60 1375.99 1378.29 2.30195
58 68 1192.55 1192.72 0.1746
33 60 1191.74 1191.84 0.0975405
12 63 1182.07 1182.17 0.0975402
44 62 1178.93 1179.02 0.0975412
51 69 1184.29 1184.38 0.0975399
34 64 1379.5 1381.8 2.30196
39 60 1181.41 1181.51 0.0975414
31 60 1177.68 1177.77 0.0975411
5 67 1376.54 1376.86 0.32871
28 64 1380.71 1380.81 0.102663
18 70 1184.76 1184.86 0.0975397
50 67 1184.36 1184.46 0.0975372
32 60 1184.68 1184.78 0.0975419
42 60 1187.18 1187.28 0.0975382
53 69 1198.23 1198.32 0.097537
37 65 1384.61 1386.91 2.30196
20 69 1380.41 1382.71 2.30196
10 67 1190.48 1190.66 0.174598
