28 72 1.32355 3.62551 2.30196
25 74 1.86772 4.16967 2.30196
37 70 3.26103 5.56299 2.30195
13 58 10.6347 12.9367 2.30196
40 71 3.87534 6.17729 2.30195
43 68 711.873 714.175 2.30196
15 65 3.77469 6.07664 2.30195
20 59 2.83258 5.13453 2.30195
38 71 1160.97 1161.16 0.184837
49 57 939.254 939.356 0.102659
26 78 2.93581 5.23776 2.30195
40 71 1023.88 1023.97 0.0975375
14 0 4.11278 0 -4.11278
46 72 942.064 942.239 0.174599
23 65 4.24159 6.54355 2.30196
5 0 5.14462 0 -5.14462
33 62 1025.77 1025.87 0.0975389
44 61 5.16175 7.46371 2.30195
44 61 1115.16 1115.26 0.0975384
28 78 685.003 687.305 2.30195
23 65 687.921 690.223 2.30196
9 59 9.58418 11.8861 2.30195
33 62 5.77181 8.07376 2.30195
16 58 5.5911 7.89305 2.30195
30 69 1090.05 1090.16 0.102657
33 62 1085.77 1085.87 0.0975389
38 65 21.5085 23.8105 2.30195
49 57 9.25369 11.5556 2.30195
30 69 10.0525 12.3544 2.30195
29 78 9.59066 11.8926 2.30196
3 65 8.29161 10.5936 2.30195
8 58 7.23083 9.53278 2.30195
25 73 685.547 687.849 2.30196
10 59 1043.71 1043.81 0.097539
9 59 939.584 939.682 0.0975369
11 59 942.842 942.94 0.0975367
6 59 702.541 704.843 2.30195
17 0 699.356 0 -699.356
12 0 698.419 0 -698.419
1 58 699.105 701.407 2.30195
3 65 691.971 694.273 2.30195
31 68 707.225 709.527 2.30195
10 59 707.394 709.696 2.30196
5 0 916.718 0 -916.718
46 78 12.0642 14.3661 2.30196
19 65 697.237 699.539 2.30196
34 63 697.402 699.704 2.30196
11 59 12.842 15.144 2.30195
12 0 14.7394 0 -14.7394
24 78 1034.27 1034.37 0.0975379
27 78 484.2 486.502 2.30195
26 78 914.509 914.611 0.102657
49 57 692.933 695.235 2.30195
34 69 13.7218 16.0238 2.30195
19 59 13.5574 15.8593 2.30195
32 69 13.1037 15.4056 2.30195
42 74 485.04 487.342 2.30196
48 50 1047.78 1047.88 0.102658
35 64 954.479 954.582 0.102659
31 68 935.119 935.304 0.184834
48 50 1137.78 1137.88 0.102658
39 70 17.5285 19.8304 2.30196
6 0 18.8616 0 -18.8616
24 78 14.2687 16.5707 2.30195
7 0 18.5623 0 -18.5623
31 68 23.5457 25.8476 2.30195
45 61 704.975 707.277 2.30195
47 72 953.349 953.452 0.10266
16 53 689.271 691.573 2.30196
0 58 933.746 933.848 0.102658
30 69 940.052 940.15 0.0975373
34 69 1033.72 1033.82 0.0975385
48 50 1017.78 1017.88 0.102658
7 68 702.242 704.544 2.30197
17 64 15.6761 17.978 2.30196
1 58 15.4249 17.7268 2.30195
49 57 1029.25 1029.35 0.0975388
6 0 1386.22 0 -1386.22
45 61 1041.3 1041.4 0.102658
0 58 952.173 952.275 0.102658
18 64 1041.43 1041.52 0.097539
47 72 23.3489 25.6508 2.30196
10 59 23.7141 26.016 2.30196
22 0 16.6041 0 -16.6041
45 61 21.2955 23.5975 2.30195
44 61 688.841 691.143 2.30195
29 78 986.247 986.576 0.328708
9 59 693.264 695.566 2.30195
30 69 693.732 696.034 2.30195
30 69 970.052 970.15 0.0975373
18 64 1131.43 1131.52 0.097539
10 59 953.714 953.817 0.102659
14 65 687.793 690.094 2.30195
0 58 22.1728 24.4748 2.30195
35 70 24.4792 26.7811 2.30196
4 0 20.4045 0 -20.4045
48 50 27.7795 30.0814 2.30195
18 64 21.4265 23.7285 2.30196
2 0 21.0349 0 -21.0349
21 0 24.2578 0 -24.2578
48 50 711.459 713.761 2.30195
22 0 700.284 0 -700.284
39 70 701.208 703.51 2.30196
12 0 1154.21 0 -1154.21
29 78 953.705 954.034 0.328708
26 78 1112.94 1113.03 0.0975365
27 78 712.094 714.396 2.30195
27 78 939.987 940.09 0.102657
47 72 1193.35 1193.45 0.0975397
2 59 932.608 934.91 2.30195
20 59 914.406 914.508 0.102657
13 58 1150.1 1150.43 0.328708
48 50 957.779 957.882 0.102658
24 78 925.842 925.944 0.102658
47 72 707.029 709.331 2.30196
15 65 915.348 917.65 2.30195
9 59 1029.58 1029.68 0.0975369
43 68 28.193 30.495 2.30196
41 79 29.032 31.334 2.30196
27 78 28.4139 30.7158 2.30195
42 74 29.254 31.5559 2.30196
36 64 27.3761 29.678 2.30195
16 58 1145.06 1147.36 2.30195
40 71 915.448 915.551 0.102658
45 61 1131.3 1131.39 0.0975379
18 64 951.427 951.529 0.102659
10 59 251.607 253.909 2.30196
45 61 249.189 251.491 2.30195
4 59 248.298 250.6 2.30195
43 68 256.086 258.388 2.30196
47 72 251.242 253.544 2.30196
2 59 248.928 251.23 2.30195
47 72 479.135 481.437 2.30196
31 68 251.439 253.741 2.30195
38 65 249.402 251.704 2.30195
3 65 464.078 466.38 2.30195
36 64 1107.38 1107.47 0.0975372
18 64 249.32 251.622 2.30196
18 64 933 933.102 0.102659
21 0 252.151 0 -252.151
27 78 256.307 258.609 2.30195
49 57 465.04 467.342 2.30195
28 73 229.217 231.519 2.30196
25 73 229.761 232.063 2.30196
20 59 230.726 233.028 2.30195
26 78 230.829 233.131 2.30195
37 70 231.154 233.456 2.30195
15 65 231.668 233.97 2.30195
40 71 231.769 234.071 2.30195
14 65 232.006 234.308 2.30195
23 59 232.135 234.437 2.30195
5 65 233.038 235.34 2.30195
44 61 233.055 235.357 2.30195
16 58 233.484 235.786 2.30195
33 62 233.665 235.967 2.30195
8 58 235.124 237.426 2.30195
3 65 236.185 238.487 2.30195
49 57 237.147 239.449 2.30195
9 59 237.477 239.779 2.30195
29 78 237.484 239.786 2.30196
30 69 237.946 240.248 2.30195
13 59 238.528 240.83 2.30196
46 78 239.957 242.259 2.30196
11 59 240.735 243.037 2.30195
32 69 240.997 243.299 2.30195
19 0 241.451 0 -241.451
34 63 241.615 243.917 2.30196
24 78 242.162 244.464 2.30195
12 0 242.633 0 -242.633
1 58 243.318 245.62 2.30195
17 64 243.569 245.871 2.30196
22 59 244.497 246.799 2.30195
39 70 245.422 247.724 2.30196
7 59 246.456 248.757 2.30195
6 65 246.755 249.057 2.30196
35 64 1134.48 1134.58 0.0975387
3 65 1147.76 1147.94 0.184834
5 0 688.824 0 -688.824
18 64 1101.43 1101.52 0.097539
40 71 1083.88 1083.97 0.0975375
20 59 1022.83 1022.93 0.097537
29 78 693.27 695.572 2.30196
5 64 1144.61 1146.91 2.30196
24 78 697.948 700.25 2.30195
15 65 687.454 689.756 2.30195
26 78 1022.94 1023.03 0.0975365
14 65 915.686 917.988 2.30195
0 58 250.066 252.368 2.30195
47 72 934.922 935.025 0.10266
31 68 953.546 953.648 0.102658
8 0 690.911 0 -690.911
47 72 1043.35 1043.45 0.10266
4 59 704.084 706.386 2.30195
2 59 704.715 707.017 2.30195
18 64 705.106 707.408 2.30196
38 65 705.188 707.49 2.30195
0 58 705.853 708.155 2.30195
35 70 252.372 254.674 2.30196
36 64 255.269 257.571 2.30195
48 50 255.673 257.975 2.30195
43 68 483.98 486.281 2.30196
31 68 1013.55 1013.64 0.0975382
46 78 695.744 698.046 2.30196
9 59 465.371 467.673 2.30195
42 74 257.147 259.449 2.30196
41 79 256.925 259.227 2.30196
37 70 914.834 914.937 0.102656
30 69 1030.05 1030.16 0.102657
31 68 1043.55 1043.64 0.0975382
0 58 1132.17 1132.27 0.0975377
26 78 686.616 688.918 2.30195
35 70 708.159 710.461 2.30196
37 70 686.941 689.243 2.30195
32 68 696.783 699.085 2.30196
42 74 1019.25 1019.36 0.102659
23 59 915.815 918.117 2.30195
32 69 943.104 943.206 0.102658
13 58 694.314 696.616 2.30196
20 59 962.833 962.93 0.097537
17 58 927.249 929.551 2.30196
39 70 929.101 931.403 2.30196
13 0 466.421 0 -466.421
1 58 1154.89 1157.19 2.30195
49 57 969.254 969.351 0.0975388
40 71 687.555 689.857 2.30195
36 64 711.056 713.358 2.30195
47 72 1013.35 1013.45 0.10266
6 59 930.435 932.737 2.30195
26 78 962.936 963.033 0.0975365
33 62 689.452 691.754 2.30195
32 69 1093.1 1093.2 0.0975376
37 70 1143.26 1143.36 0.0975363
11 65 696.522 698.824 2.30196
21 70 707.938 710.24 2.30196
45 61 1101.3 1101.39 0.0975379
36 64 957.376 957.551 0.174593
37 70 1023.26 1023.36 0.0975363
24 78 1094.27 1094.37 0.0975379
29 78 1179.59 1179.69 0.0975398
29 78 1119.59 1119.69 0.10266
27 78 958.414 958.517 0.102657
48 50 483.566 485.868 2.30195
42 74 712.934 715.236 2.30196
28 78 912.897 915.199 2.30195
9 59 969.584 969.682 0.0975369
46 78 1122.06 1122.24 0.174597
31 68 1133.55 1133.64 0.0975382
35 64 1014.48 1014.58 0.0975387
44 61 916.735 916.837 0.102658
24 78 944.269 944.371 0.102658
20 59 686.512 688.814 2.30195
36 64 483.163 485.465 2.30195
22 59 472.391 474.693 2.30195
30 69 465.839 468.141 2.30195
38 65 477.295 479.597 2.30195
41 79 484.819 487.12 2.30196
19 65 469.344 471.646 2.30196
10 59 479.501 481.803 2.30196
46 72 467.851 470.153 2.30196
34 69 469.508 471.81 2.30195
11 59 468.629 470.93 2.30195
0 58 477.959 480.261 2.30195
35 64 480.266 482.568 2.30195
41 0 712.712 0 -712.712
29 78 465.377 467.679 2.30196
35 70 936.052 936.155 0.10266
25 73 1171.87 1171.97 0.0975393
24 78 470.055 472.357 2.30195
46 78 923.637 923.822 0.184837
39 70 473.315 475.617 2.30196
6 59 474.648 476.95 2.30195
13 59 922.208 924.51 2.30196
21 64 480.044 482.346 2.30195
49 57 920.827 920.929 0.102659
7 0 930.135 0 -930.135
8 0 918.804 0 -918.804
48 50 939.352 939.455 0.102658
0 58 1102.17 1102.27 0.0975377
8 58 463.017 465.319 2.30195
45 61 951.295 951.393 0.0975379
12 59 470.526 472.828 2.30195
2 0 476.821 0 -476.821
31 68 479.332 481.634 2.30195
11 59 924.415 924.518 0.102657
30 69 921.625 921.728 0.102657
29 78 921.164 921.492 0.328708
9 0 921.157 0 -921.157
3 65 919.865 922.167 2.30195
33 62 917.345 917.447 0.102659
16 58 917.164 919.466 2.30195
28 0 457.11 0 -457.11
25 0 457.654 0 -457.654
20 59 458.619 460.921 2.30195
26 78 458.722 461.024 2.30195
37 70 459.048 461.349 2.30195
15 65 459.561 461.863 2.30195
40 71 459.662 461.964 2.30195
14 0 459.899 0 -459.899
23 59 460.028 462.33 2.30195
5 0 460.931 0 -460.931
44 61 460.948 463.25 2.30195
16 58 461.378 463.68 2.30195
33 62 461.558 463.86 2.30195
40 71 1143.88 1143.97 0.0975375
43 68 972.308 972.493 0.184835
32 69 468.89 471.192 2.30195
1 58 471.211 473.513 2.30195
17 58 471.463 473.765 2.30196
7 0 474.349 0 -474.349
45 61 477.082 479.384 2.30195
4 59 476.191 478.493 2.30195
18 64 477.213 479.515 2.30196
25 73 913.441 915.743 2.30196
45 61 932.868 932.971 0.102658
42 74 959.254 959.357 0.102659
43 68 1018.19 1018.3 0.102659
41 79 1199.03 1199.13 0.0975393
44 61 1025.16 1025.26 0.0975384
11 59 1092.84 1092.94 0.0975367
33 62 965.772 965.874 0.102659
37 70 963.261 963.359 0.0975363
0 58 1042.17 1042.27 0.0975377
34 69 943.722 943.824 0.102658
46 78 1032.06 1032.24 0.174597
22 59 928.177 930.479 2.30195
31 68 1193.55 1193.64 0.0975382
44 61 965.162 965.259 0.0975384
32 69 1033.1 1033.21 0.102658
11 59 1122.84 1122.94 0.0975367
35 64 1044.48 1044.58 0.0975387
41 79 940.605 942.907 2.30196
12 0 926.312 0 -926.312
34 69 925.295 925.397 0.102658
27 78 1048.41 1048.51 0.097537
30 69 1120.05 1120.16 0.102657
40 71 963.875 963.973 0.0975375
17 58 1155.14 1157.44 2.30196
27 78 1138.41 1138.51 0.097537
43 68 1108.19 1108.29 0.0975394
4 59 1159.87 1162.17 2.30195
0 58 1192.17 1192.27 0.0975377
29 78 1037.09 1037.26 0.174596
39 70 1156.99 1157.18 0.184836
9 59 1119.58 1119.68 0.0975369
36 64 938.949 939.134 0.184833
43 68 939.766 940.095 0.328707
1 58 926.998 929.3 2.30195
19 65 925.13 927.432 2.30196
44 61 935.162 935.264 0.102658
32 69 924.677 924.779 0.102658
42 74 940.827 941.012 0.184835
10 59 935.287 935.39 0.102659
4 59 931.978 934.279 2.30195
38 65 933.082 935.383 2.30195
21 65 935.831 938.133 2.30196
20 59 932.833 932.935 0.102657
37 64 933.261 933.364 0.102662
7 0 1385.92 0 -1385.92
32 69 1123.1 1123.2 0.0975376
10 59 1103.71 1103.81 0.097539
27 78 1018.41 1018.51 0.097537
40 65 933.875 933.978 0.102661
26 78 932.936 933.033 0.0975365
23 59 1143.71 1143.81 0.102657
27 78 1198.41 1198.51 0.097537
6 0 1158.33 0 -1158.33
35 64 1194.48 1194.58 0.0975387
36 64 1017.38 1017.55 0.174593
33 62 935.772 935.874 0.102659
37 70 1083.26 1083.36 0.0975363
36 64 1047.38 1047.48 0.102657
21 64 1391.62 1391.8 0.184835
9 59 1089.58 1089.68 0.0975369
15 65 1143.24 1145.54 2.30195
18 64 981.427 981.524 0.097539
32 69 973.104 973.201 0.0975376
46 78 972.064 972.239 0.174597
11 59 972.842 972.94 0.0975367
0 58 982.173 982.27 0.0975377
45 61 981.295 981.398 0.102658
20 59 1112.83 1112.93 0.097537
10 59 1013.71 1013.81 0.097539
8 59 1146.7 1149 2.30196
49 57 1119.25 1119.35 0.0975388
24 78 974.269 974.371 0.102658
47 72 983.349 983.452 0.10266
34 69 973.722 973.819 0.0975385
31 68 983.546 983.643 0.0975382
1 58 1382.78 1385.09 2.30195
43 68 1048.19 1048.29 0.0975394
25 73 1141.33 1141.44 0.102659
42 74 1109.25 1109.35 0.0975393
34 69 1123.72 1123.82 0.0975385
10 59 1133.71 1133.81 0.097539
41 79 1168.5 1168.6 0.102659
42 74 1139.25 1139.35 0.0975393
42 74 989.254 989.357 0.102659
10 59 983.714 983.812 0.097539
11 59 1032.84 1032.94 0.0975367
27 78 988.414 988.511 0.097537
37 70 993.261 993.359 0.0975363
36 64 987.376 987.551 0.174593
35 64 984.479 984.577 0.0975387
40 71 993.875 993.973 0.0975375
0 58 1012.17 1012.27 0.0975377
44 61 995.162 995.264 0.102658
29 78 1018.79 1018.97 0.184836
43 68 990.606 990.781 0.174595
33 62 995.772 995.874 0.102659
34 69 1003.72 1003.82 0.0975385
49 57 999.254 999.356 0.102659
48 50 987.779 987.882 0.102658
46 78 1092.06 1092.24 0.174597
47 72 1103.35 1103.45 0.10266
30 69 1000.05 1000.15 0.0975373
46 78 1002.06 1002.24 0.174597
24 78 1004.27 1004.37 0.102658
45 61 1011.3 1011.39 0.0975379
26 78 992.936 993.033 0.0975365
11 59 1002.84 1002.94 0.0975367
20 59 992.833 992.93 0.097537
9 59 999.584 999.682 0.0975369
18 64 1011.43 1011.52 0.097539
32 69 1003.1 1003.21 0.102658
29 78 1089.59 1089.77 0.174596
30 69 1060.05 1060.16 0.102657
9 59 1059.58 1059.68 0.0975369
26 78 1052.94 1053.03 0.0975365
42 74 1049.25 1049.36 0.102659
37 70 1053.26 1053.36 0.0975363
40 71 1053.88 1053.97 0.0975375
32 69 1063.1 1063.2 0.0975376
44 61 1055.16 1055.26 0.102658
33 62 1055.77 1055.87 0.0975389
29 78 1059.59 1059.77 0.174596
40 71 1113.88 1113.97 0.0975375
46 78 1062.06 1062.24 0.174597
20 59 1052.83 1052.93 0.097537
46 78 1182.06 1182.24 0.174597
11 59 1062.84 1062.94 0.0975367
36 64 1137.38 1137.48 0.102657
35 64 1104.48 1104.58 0.0975387
49 57 1059.25 1059.35 0.0975388
27 78 1108.41 1108.51 0.097537
7 0 1158.03 0 -1158.03
24 78 1124.27 1124.37 0.0975379
28 78 1140.79 1141.12 0.328707
19 59 1153.02 1153.13 0.102658
33 62 1115.77 1115.87 0.0975389
31 68 1103.55 1103.64 0.0975382
44 61 1085.16 1085.26 0.0975384
43 68 1138.19 1138.29 0.0975394
45 61 1161.3 1161.39 0.0975379
47 72 1073.35 1073.45 0.10266
18 64 1071.43 1071.53 0.102659
34 69 1093.72 1093.82 0.0975385
0 58 1072.17 1072.27 0.0975377
45 61 1071.3 1071.4 0.102658
48 50 1077.78 1077.88 0.0975384
20 59 1082.83 1082.93 0.097537
26 78 1082.94 1083.03 0.0975365
31 68 1073.55 1073.64 0.0975382
32 69 1153.1 1153.2 0.0975376
34 69 1063.72 1063.82 0.0975385
10 59 1073.71 1073.82 0.102659
2 64 1160.5 1162.8 2.30196
27 78 1078.41 1078.51 0.097537
42 74 1169.25 1169.35 0.0975393
24 78 1064.27 1064.37 0.0975379
19 59 1183.56 1183.65 0.0975383
48 50 1107.78 1107.88 0.0975384
37 70 1113.26 1113.36 0.0975363
21 65 1163.72 1166.03 2.30196
43 68 1078.19 1078.29 0.0975394
14 65 1143.58 1145.88 2.30195
49 57 1089.25 1089.35 0.0975388
42 74 1079.25 1079.36 0.102659
35 64 1074.48 1074.58 0.0975387
24 78 1154.27 1154.37 0.0975379
47 72 1133.35 1133.45 0.0975397
22 65 1156.07 1158.37 2.30196
36 64 1077.38 1077.47 0.0975372
20 59 1142.83 1142.93 0.097537
26 78 1142.94 1143.03 0.0975365
23 59 1153.87 1153.97 0.102657
44 61 1145.16 1145.26 0.0975384
33 62 1145.77 1145.87 0.0975389
37 70 1173.26 1173.36 0.0975363
36 64 1197.38 1197.48 0.102657
42 74 1199.25 1199.35 0.0975393
18 64 1161.43 1161.52 0.097539
3 65 1166.06 1166.16 0.102658
30 69 1150.05 1150.15 0.0975373
49 57 1149.25 1149.35 0.0975388
29 78 1149.59 1149.69 0.0975398
9 59 1149.58 1149.68 0.0975369
11 59 1152.84 1152.94 0.0975367
46 78 1152.06 1152.24 0.174597
43 68 1198.19 1198.29 0.0975394
22 59 1383.96 1384.07 0.102658
24 78 1184.27 1184.37 0.0975379
2 59 1388.39 1390.7 2.30195
39 70 1175.29 1175.4 0.10266
31 68 1163.55 1163.64 0.0975382
28 78 1173.33 1173.66 0.328707
35 64 1164.48 1164.58 0.0975387
19 59 1163.19 1163.29 0.102658
34 69 1153.72 1153.82 0.0975385
48 50 1197.78 1197.88 0.0975384
47 72 1163.35 1163.45 0.0975397
0 58 1162.17 1162.27 0.0975377
10 59 1163.71 1163.81 0.097539
13 59 1182.64 1182.83 0.184835
43 68 1168.19 1168.29 0.0975394
27 78 1168.41 1168.51 0.097537
49 57 1179.25 1179.35 0.0975388
20 59 1172.83 1172.93 0.097537
26 78 1172.94 1173.03 0.0975365
41 79 1178.66 1178.76 0.102659
23 59 1174.24 1174.34 0.0975374
36 64 1167.38 1167.48 0.102657
44 61 1175.16 1175.26 0.0975384
33 62 1175.77 1175.87 0.0975389
14 59 1371.47 1373.77 2.30196
16 58 1372.95 1373.05 0.102658
48 50 1167.78 1167.88 0.0975384
18 64 1191.43 1191.52 0.097539
15 65 1371.13 1371.24 0.102657
10 59 1193.71 1193.81 0.097539
5 65 1372.5 1374.81 2.30195
11 59 1182.84 1182.94 0.0975367
8 58 1374.59 1374.69 0.102658
4 59 1387.76 1390.07 2.30195
30 69 1180.05 1180.15 0.0975373
34 69 1183.72 1183.82 0.0975385
17 58 1383.04 1383.22 0.184836
32 69 1183.1 1183.2 0.0975376
12 59 1382.1 1384.4 2.30195
45 61 1191.3 1191.39 0.0975379
3 65 1178.29 1178.39 0.0975381
40 71 1173.88 1173.97 0.0975375
9 59 1179.58 1179.68 0.0975369
39 70 1187.53 1187.63 0.0975398
38 65 1191.51 1191.68 0.174594
