15 58 1.228 3.52995 2.30196
23 49 1.54124 3.84319 2.30196
2 58 2.18993 4.49188 2.30195
33 60 7.78924 10.0912 2.30196
36 44 983.195 983.298 0.10266
19 49 2.00278 4.30474 2.30195
29 51 2.05266 4.35461 2.30195
35 47 8.35336 10.6553 2.30196
37 50 6.63666 8.93862 2.30196
10 53 9.00342 11.3054 2.30195
20 58 6.90431 9.20627 2.30196
18 49 7.11653 9.41849 2.30195
0 53 6.62657 8.92852 2.30195
39 48 1156.61 1156.71 0.102657
15 49 945.343 945.671 0.328707
25 59 1000.33 1000.43 0.10266
29 51 1142.05 1142.16 0.102658
38 46 1152.42 1152.75 0.328707
27 50 10.272 12.574 2.30195
17 49 10.6558 12.9578 2.30196
14 49 10.7938 13.0957 2.30196
25 50 10.327 12.629 2.30196
33 60 997.789 997.887 0.0975395
33 60 937.789 937.892 0.10266
4 58 11.6726 13.9746 2.30195
39 48 16.607 18.9089 2.30195
38 46 13.0572 15.3591 2.30196
21 58 15.0905 17.3925 2.30195
30 63 13.6059 15.9079 2.30195
34 42 14.696 16.998 2.30195
31 63 983.622 983.72 0.0975392
31 63 1013.62 1013.72 0.0975392
3 53 19.4861 21.7881 2.30195
24 49 19.8511 22.153 2.30196
7 53 19.4733 21.7752 2.30195
32 54 20.8904 23.1923 2.30196
8 58 18.571 20.873 2.30195
9 0 21.3284 0 -21.3284
5 58 21.1571 23.4591 2.30196
17 49 238.549 240.851 2.30196
38 46 240.95 243.252 2.30196
20 58 996.904 997.007 0.102659
35 47 998.353 998.456 0.10266
29 51 992.053 992.15 0.0975384
17 49 940.656 940.758 0.10266
27 63 1000.27 1000.37 0.10266
22 49 1193.66 1193.76 0.0975379
27 63 1150.27 1150.37 0.0975404
16 49 21.7412 24.0431 2.30195
30 63 1153.61 1153.7 0.0975374
39 48 1006.61 1006.78 0.174593
8 53 930.144 930.247 0.102661
20 58 1146.9 1147 0.0975394
37 50 936.637 936.739 0.102659
6 53 22.4096 24.7115 2.30195
1 53 22.5917 24.8937 2.30195
17 49 1000.66 1000.76 0.10266
22 49 23.6607 25.9626 2.30195
36 44 23.1951 25.4971 2.30196
31 63 23.6224 25.9243 2.30196
28 50 26.5139 28.8158 2.30196
13 49 26.7915 29.0935 2.30196
14 49 238.687 240.989 2.30196
21 58 242.984 245.286 2.30195
30 63 241.499 243.801 2.30195
34 42 242.589 244.891 2.30195
26 59 28.7774 31.0793 2.30196
12 53 27.3395 29.6415 2.30196
15 49 996.183 996.357 0.174595
4 58 941.673 941.775 0.102659
20 58 1086.9 1087 0.0975394
11 53 29.836 32.138 2.30196
4 58 239.566 241.868 2.30195
38 46 957.172 957.501 0.328707
9 53 249.222 251.524 2.30196
39 48 244.5 246.802 2.30195
8 58 246.464 248.766 2.30195
36 44 478.982 481.284 2.30196
32 54 248.784 251.086 2.30196
5 58 249.05 251.352 2.30196
28 50 254.407 256.709 2.30196
11 53 941.409 942.724 1.31482
24 49 247.744 250.046 2.30196
7 53 247.367 249.668 2.30195
26 59 256.671 258.973 2.30196
12 53 255.233 257.535 2.30196
3 53 247.379 249.681 2.30195
18 49 937.117 937.219 0.102658
15 49 229.121 231.423 2.30196
23 49 229.434 231.736 2.30196
19 49 229.896 232.198 2.30195
29 51 229.946 232.248 2.30195
2 58 230.083 232.385 2.30195
0 53 234.52 236.822 2.30195
37 50 234.53 236.832 2.30196
20 58 234.798 237.1 2.30196
18 49 235.01 237.312 2.30195
33 60 235.682 237.984 2.30196
35 47 236.247 238.549 2.30196
10 53 236.897 239.199 2.30195
27 63 238.165 240.467 2.30196
25 59 238.22 240.522 2.30196
32 54 980.89 980.993 0.10266
16 49 249.634 251.936 2.30195
36 44 251.088 253.39 2.30196
6 53 250.303 252.605 2.30195
13 49 254.685 256.987 2.30196
22 49 251.554 253.856 2.30195
1 58 250.485 252.787 2.30196
11 53 257.729 260.031 2.30196
31 63 251.516 253.818 2.30196
28 50 938.087 938.703 0.616451
37 50 996.637 996.734 0.0975394
12 53 987.34 987.514 0.174595
4 58 1001.67 1001.78 0.102659
25 50 940.327 940.43 0.102659
10 53 999.003 999.106 0.102659
18 49 997.117 997.219 0.102658
34 42 944.696 944.794 0.0975387
19 49 946.117 946.446 0.328706
10 58 939.003 939.106 0.102663
27 50 940.272 940.375 0.102659
3 0 1158.95 0 -1158.95
8 58 1008.57 1008.67 0.102658
16 0 477.528 0 -477.528
28 50 482.3 484.602 2.30196
12 53 483.126 485.428 2.30196
35 47 464.14 466.442 2.30196
38 46 468.844 471.146 2.30196
20 58 936.904 937.007 0.102659
26 59 484.564 486.866 2.30196
33 60 463.576 465.878 2.30196
30 63 469.392 471.694 2.30195
34 42 470.482 472.784 2.30195
10 53 464.79 467.092 2.30195
6 53 478.196 480.498 2.30195
24 58 475.638 477.94 2.30196
11 53 485.623 487.924 2.30196
39 48 472.393 474.695 2.30195
9 52 477.115 479.417 2.30196
30 63 1003.61 1003.71 0.102657
18 49 462.903 465.205 2.30195
38 46 1022.26 1022.58 0.328707
8 58 474.358 476.659 2.30195
3 0 475.273 0 -475.273
13 49 482.578 484.88 2.30196
15 49 457.014 459.316 2.30196
23 49 457.328 459.63 2.30196
19 49 457.789 460.091 2.30195
29 51 457.839 460.141 2.30195
2 58 457.976 460.278 2.30195
0 53 462.413 464.715 2.30195
37 50 462.423 464.725 2.30196
20 58 462.691 464.993 2.30196
28 50 999.115 999.444 0.328707
5 58 1160.62 1162.93 2.30196
6 53 982.41 982.507 0.0975375
1 53 1162.06 1162.16 0.102659
35 47 938.353 938.456 0.10266
27 50 466.058 468.36 2.30195
25 50 466.114 468.415 2.30196
17 62 466.442 468.744 2.30196
21 58 470.877 473.179 2.30195
14 0 466.58 0 -466.58
4 58 467.459 469.761 2.30195
35 47 1088.35 1088.45 0.0975401
32 54 1010.89 1010.99 0.10266
6 53 1012.41 1012.51 0.0975375
29 51 932.053 932.155 0.102658
6 53 1132.41 1132.51 0.0975375
22 49 1133.66 1133.76 0.102658
7 0 475.26 0 -475.26
32 54 476.677 478.979 2.30196
5 58 476.944 479.246 2.30196
31 63 479.409 481.711 2.30196
1 53 478.378 480.68 2.30195
22 49 479.447 481.749 2.30195
32 54 932.463 932.566 0.10266
13 62 938.365 938.693 0.328708
28 59 710.194 712.496 2.30196
12 52 711.019 713.321 2.30196
13 49 710.471 712.773 2.30196
15 62 684.908 687.21 2.30196
23 0 685.221 0 -685.221
19 49 685.683 687.984 2.30195
29 51 685.732 688.034 2.30195
2 53 685.87 688.172 2.30196
0 61 690.306 692.608 2.30196
37 50 690.316 692.618 2.30196
20 58 690.584 692.886 2.30196
18 49 690.796 693.098 2.30195
33 60 691.469 693.771 2.30196
35 47 692.033 694.335 2.30196
10 53 692.683 694.985 2.30195
27 63 693.952 696.254 2.30196
25 59 694.007 696.309 2.30196
17 62 694.336 696.637 2.30196
14 0 694.474 0 -694.474
4 58 695.352 697.654 2.30195
38 46 696.737 699.039 2.30196
30 47 697.286 699.588 2.30196
34 42 698.376 700.678 2.30195
21 58 698.77 701.072 2.30195
39 48 700.287 702.589 2.30195
8 58 702.251 704.553 2.30195
7 53 703.153 705.455 2.30195
3 53 703.166 705.468 2.30195
24 49 703.531 705.833 2.30196
32 54 704.57 706.872 2.30196
5 0 704.837 0 -704.837
9 0 705.008 0 -705.008
16 49 705.421 707.723 2.30195
6 53 706.089 708.391 2.30195
1 0 706.271 0 -706.271
36 44 706.875 709.177 2.30196
31 63 707.302 709.604 2.30196
22 50 707.34 709.642 2.30196
1 53 934.165 936.467 2.30195
11 53 713.516 715.818 2.30196
26 51 712.457 714.759 2.30196
2 58 932.19 932.293 0.102659
22 49 935.234 935.336 0.102658
22 49 983.661 983.758 0.0975379
12 58 938.913 939.097 0.184838
5 0 932.73 0 -932.73
6 53 933.983 934.085 0.102657
30 63 943.606 943.703 0.0975374
38 46 924.63 924.959 0.328707
26 59 940.35 942.652 2.30196
15 49 912.801 913.13 0.328707
23 49 913.114 915.416 2.30196
19 49 913.576 913.904 0.328706
29 51 913.626 913.81 0.184834
2 58 913.763 913.866 0.102659
0 53 918.2 920.502 2.30195
37 50 918.21 918.394 0.184835
20 58 918.477 918.58 0.102659
18 49 918.69 918.792 0.102658
33 60 919.362 919.547 0.184836
35 47 919.926 920.029 0.10266
10 53 920.576 920.679 0.102659
27 50 921.845 921.948 0.102659
25 50 921.9 922.003 0.102659
17 49 922.229 922.331 0.10266
14 49 922.367 924.669 2.30196
4 58 923.246 923.348 0.102659
28 50 1136.51 1136.61 0.0975393
34 42 1004.7 1004.8 0.102659
30 63 925.179 925.282 0.102657
18 49 1147.12 1147.21 0.0975378
34 42 1154.7 1154.79 0.0975387
24 58 931.424 933.726 2.30196
31 63 935.195 935.38 0.184835
25 50 970.327 970.43 0.102659
7 61 931.046 933.348 2.30196
4 58 971.673 971.77 0.097539
3 0 931.059 0 -931.059
9 0 932.901 0 -932.901
39 48 928.18 928.509 0.328705
21 58 926.664 928.965 2.30195
34 42 926.269 926.372 0.102659
36 44 934.768 934.871 0.10266
16 49 933.314 935.616 2.30195
32 54 950.89 950.993 0.10266
39 48 960.722 960.906 0.184833
31 63 953.622 953.725 0.102659
2 58 962.19 962.293 0.102659
22 49 953.661 953.758 0.0975379
36 44 1133.2 1133.29 0.0975396
15 49 977.884 978.069 0.184835
12 53 957.34 957.514 0.174595
6 53 952.41 952.507 0.0975375
36 44 953.195 953.298 0.10266
25 50 1030.33 1030.42 0.0975391
29 51 962.053 962.15 0.0975384
13 49 970.906 971.091 0.184836
8 58 948.571 948.674 0.102658
17 49 970.656 970.758 0.10266
13 49 989.205 989.379 0.174596
15 49 1081.23 1081.33 0.0975392
33 60 1147.79 1147.89 0.0975395
19 49 1011.2 1011.53 0.328706
2 58 992.19 992.287 0.0975389
35 47 968.353 968.456 0.10266
18 49 967.117 967.214 0.0975378
27 50 970.272 970.375 0.102659
37 50 966.637 966.734 0.0975394
19 49 978.659 978.988 0.328706
20 58 966.904 967.002 0.0975394
39 0 979.02 0 -979.02
8 58 978.571 978.669 0.0975384
33 60 967.789 967.887 0.0975395
10 53 969.003 969.101 0.097539
34 42 974.696 974.799 0.102659
36 44 1163.2 1163.29 0.0975396
22 49 1043.66 1043.76 0.102658
38 46 989.714 990.042 0.328707
30 63 973.606 973.709 0.102657
4 58 1121.67 1121.77 0.097539
22 49 1013.66 1013.76 0.0975379
15 49 1021.23 1021.4 0.174595
29 51 1022.05 1022.16 0.102658
12 53 1017.34 1017.51 0.174595
19 49 1043.74 1044.07 0.328706
13 62 1016.79 1016.89 0.10266
2 58 1022.19 1022.29 0.0975389
28 50 1031.66 1031.84 0.184835
34 42 1124.7 1124.8 0.102659
37 50 1026.64 1026.74 0.102659
36 44 1013.2 1013.3 0.10266
1 53 1172.22 1172.32 0.102659
8 58 1158.57 1158.67 0.0975384
2 58 1142.19 1142.29 0.0975389
19 49 1108.83 1109.15 0.328706
26 59 1168.24 1168.86 0.616453
35 47 1148.35 1148.46 0.10266
9 53 1160.79 1163.1 2.30196
4 58 1151.67 1151.77 0.097539
18 49 1027.12 1027.22 0.102658
30 63 1123.61 1123.71 0.102657
25 50 1150.33 1150.42 0.0975391
20 58 1026.9 1027 0.0975394
10 53 1149 1149.1 0.097539
38 46 1119.88 1120.21 0.328707
31 63 1043.62 1043.73 0.102659
17 49 1030.66 1030.75 0.0975405
35 47 1028.35 1028.46 0.10266
22 49 1073.66 1073.76 0.102658
6 53 1042.41 1042.51 0.0975375
22 49 1103.66 1103.76 0.102658
28 50 1106.51 1106.62 0.102659
33 60 1027.79 1027.89 0.0975395
27 50 1030.27 1030.37 0.102659
2 58 1052.19 1052.29 0.0975389
10 53 1029 1029.1 0.097539
39 48 1036.61 1036.71 0.102657
4 58 1031.67 1031.77 0.097539
34 42 1034.7 1034.8 0.102659
36 44 1043.2 1043.3 0.10266
32 54 1040.89 1040.99 0.0975404
30 63 1033.61 1033.71 0.102657
38 46 1054.8 1055.13 0.328707
25 50 1060.33 1060.42 0.0975391
8 58 1038.57 1038.67 0.102658
25 50 1120.33 1120.42 0.0975391
18 49 1057.12 1057.21 0.0975378
19 49 1076.28 1076.61 0.328706
17 49 1120.66 1120.76 0.10266
17 49 1060.66 1060.76 0.10266
12 53 1047.34 1047.51 0.174595
24 58 1159.32 1161.62 2.30196
20 58 1056.9 1057 0.0975394
29 51 1052.05 1052.16 0.102658
11 53 1071.58 1072.19 0.616451
33 60 1057.79 1057.89 0.0975395
34 42 1064.7 1064.8 0.102659
13 49 1046.79 1046.89 0.0975399
30 63 1063.61 1063.71 0.102657
28 50 1049.96 1050.13 0.174595
35 47 1058.35 1058.46 0.10266
15 49 1051.23 1051.33 0.102659
27 50 1060.27 1060.37 0.102659
37 50 1056.64 1056.74 0.102659
37 50 1146.64 1146.73 0.0975394
6 53 1072.41 1072.51 0.0975375
10 53 1059 1059.1 0.097539
38 46 1087.34 1087.67 0.328707
4 58 1061.67 1061.77 0.097539
12 53 1077.34 1077.44 0.102659
31 63 1073.62 1073.73 0.102659
32 54 1070.89 1070.99 0.10266
39 48 1066.61 1066.71 0.102657
31 63 1133.62 1133.73 0.102659
8 58 1068.57 1068.67 0.102658
37 50 1086.64 1086.74 0.102659
36 44 1103.2 1103.29 0.0975396
28 50 1076.51 1076.69 0.174595
18 49 1087.12 1087.21 0.0975378
13 49 1076.79 1076.89 0.0975399
33 60 1087.79 1087.89 0.0975395
2 58 1082.19 1082.29 0.0975389
29 51 1082.05 1082.16 0.102658
10 53 1089 1089.1 0.097539
15 49 1141.23 1141.33 0.0975392
39 48 1096.61 1096.71 0.102657
36 44 1073.2 1073.3 0.10266
30 63 1093.61 1093.71 0.102657
8 58 1098.57 1098.67 0.102658
25 50 1090.33 1090.42 0.0975391
34 42 1094.7 1094.8 0.102659
19 49 1141.37 1141.7 0.328706
4 58 1091.67 1091.77 0.097539
6 53 1102.41 1102.51 0.0975375
17 49 1090.66 1090.76 0.10266
31 63 1103.62 1103.73 0.102659
27 50 1090.27 1090.37 0.0975388
32 54 1100.89 1100.99 0.10266
23 49 1141.01 1141.11 0.10266
7 61 1158.94 1161.24 2.30196
16 49 1161.21 1161.31 0.102658
35 47 1118.35 1118.45 0.0975401
13 49 1106.79 1106.89 0.0975399
11 53 1132.6 1133.22 0.616451
27 50 1120.27 1120.37 0.0975388
10 53 1119 1119.1 0.097539
37 50 1176.64 1176.73 0.0975394
17 49 1150.66 1150.75 0.0975405
12 53 1107.34 1107.44 0.0975394
12 53 1137.34 1137.44 0.0975394
20 58 1116.9 1117 0.0975394
29 51 1112.05 1112.16 0.102658
0 53 1146.09 1146.2 0.102657
8 58 1128.57 1128.67 0.0975384
14 58 1150.26 1152.56 2.30196
32 54 1130.89 1130.99 0.10266
21 49 1154.56 1154.89 0.32871
18 49 1117.12 1117.21 0.0975378
37 50 1116.64 1116.74 0.102659
2 58 1112.19 1112.29 0.0975389
39 48 1126.61 1126.71 0.102657
33 60 1117.79 1117.89 0.0975395
13 49 1136.79 1136.89 0.0975399
23 49 1151.17 1151.27 0.10266
15 49 1111.23 1111.33 0.0975392
32 54 1160.89 1160.99 0.0975404
16 49 1171.37 1171.47 0.102658
13 49 1166.79 1166.89 0.0975399
11 53 1226.17 1226.5 0.328707
6 53 1162.41 1162.51 0.0975375
31 63 1163.62 1163.72 0.0975392
22 49 1163.66 1163.76 0.102658
28 50 1166.51 1166.61 0.0975393
12 53 1167.34 1167.44 0.0975394
1 53 1192.59 1192.69 0.102659
11 53 1193.63 1193.96 0.328707
29 51 1172.05 1172.16 0.102658
2 0 1172.19 0 -1172.19
23 49 1171.54 1171.64 0.10266
20 58 1176.9 1177 0.0975394
9 52 1388.69 1390.99 2.30196
18 49 1177.12 1177.21 0.0975378
19 49 1173.91 1174.24 0.328706
27 63 1180.27 1180.37 0.0975404
17 49 1180.66 1180.75 0.0975405
31 63 1193.62 1193.72 0.0975392
15 49 1171.23 1171.33 0.102659
34 42 1184.7 1184.79 0.0975387
24 58 1387.21 1389.51 2.30196
38 46 1184.96 1185.29 0.328707
30 63 1183.61 1183.7 0.0975374
14 49 1378.15 1378.48 0.328707
35 47 1178.35 1178.46 0.10266
16 49 1191.74 1191.84 0.0975384
25 50 1180.33 1180.42 0.0975391
33 60 1177.79 1177.89 0.0975395
4 58 1181.67 1181.77 0.097539
21 58 1187.1 1187.28 0.184834
10 53 1179 1179.1 0.097539
6 53 1192.41 1192.51 0.0975375
0 53 1176.63 1176.72 0.0975371
36 44 1193.2 1193.29 0.0975396
12 53 1197.34 1197.44 0.102659
32 54 1190.89 1190.99 0.0975404
8 58 1188.57 1188.67 0.0975384
7 53 1386.83 1386.94 0.102659
3 61 1386.85 1389.15 2.30196
5 58 1388.52 1388.62 0.102659
13 49 1196.79 1196.89 0.0975399
39 48 1186.61 1186.71 0.102657
28 50 1196.51 1196.62 0.102659
26 59 1229.27 1229.89 0.616452
