44 53 0.0303349 2.33229 2.30195
31 72 1.66105 3.96301 2.30195
25 92 3.8041 6.10606 2.30195
46 58 690.414 692.716 2.30195
37 66 693.227 695.529 2.30195
26 92 1002.43 1002.52 0.0975378
18 92 3.85111 6.15306 2.30195
21 0 3.291 0 -3.291
39 74 4.61475 6.9167 2.30195
0 75 6.78338 9.08533 2.30195
17 84 4.61086 6.91281 2.30195
26 92 696.105 698.407 2.30195
1 68 704.117 706.419 2.30196
33 72 697.064 699.366 2.30195
17 84 688.291 690.593 2.30195
34 79 1107.93 1108.03 0.102657
32 79 950.867 950.969 0.102656
8 68 703.139 705.441 2.30195
5 74 692.765 695.067 2.30195
48 83 5.0908 7.39276 2.30195
47 52 5.95732 8.25928 2.30195
36 73 6.86483 9.16679 2.30195
46 58 6.73415 9.0361 2.30195
18 0 687.531 0 -687.531
20 92 707.575 709.877 2.30195
10 75 701.682 703.984 2.30195
30 78 693.24 695.542 2.30195
25 0 687.484 0 -687.484
45 89 693.42 695.722 2.30195
8 68 931.033 933.335 2.30195
21 0 686.971 0 -686.971
49 93 952.698 952.8 0.102657
20 92 953.896 953.998 0.102658
46 58 1086.73 1086.83 0.0975366
11 68 6.93223 9.23418 2.30196
49 93 706.378 708.679 2.30195
5 74 9.08504 11.387 2.30195
45 89 9.74063 12.0426 2.30195
16 75 10.137 12.4389 2.30195
37 66 9.54719 11.8491 2.30195
30 78 9.56021 11.8622 2.30195
23 0 705.018 0 -705.018
4 75 698.63 700.932 2.30195
41 62 702.408 704.71 2.30195
20 92 983.896 983.998 0.102658
38 73 952.859 952.957 0.0975392
31 72 685.341 687.643 2.30195
44 53 683.71 686.012 2.30195
35 66 12.8905 15.1925 2.30195
12 74 11.5291 13.831 2.30195
24 92 10.4472 12.7492 2.30195
26 92 12.4255 14.7275 2.30195
48 83 995.091 995.193 0.102657
35 0 696.57 0 -696.57
33 72 13.3838 15.6858 2.30195
32 79 932.44 932.542 0.102656
43 53 935.322 935.425 0.102657
4 75 14.9502 17.2522 2.30195
6 69 15.8303 18.1322 2.30196
14 68 16.6425 18.9444 2.30195
10 75 18.0021 20.304 2.30195
2 0 17.4882 0 -17.4882
29 72 15.8004 18.1023 2.30195
20 92 23.8956 26.1975 2.30195
11 68 690.612 692.914 2.30196
43 53 23.7494 26.0514 2.30195
22 91 1079.7 1079.8 0.102658
9 74 16.5486 18.8505 2.30196
28 92 17.7583 20.0603 2.30195
41 62 18.7282 21.0302 2.30195
27 91 19.7347 22.0367 2.30195
28 92 947.758 947.861 0.102658
30 78 939.56 939.663 0.102658
34 79 1004.58 1004.91 0.328705
8 0 19.4597 0 -19.4597
28 92 929.331 929.434 0.102658
29 72 945.8 945.903 0.102658
40 0 706.081 0 -706.081
0 75 1086.78 1086.88 0.0975368
38 73 934.432 934.535 0.102659
32 79 20.8668 23.1687 2.30195
7 74 20.2528 22.5547 2.30195
0 75 996.783 996.881 0.0975368
42 54 20.7654 23.0674 2.30195
1 68 20.4372 22.7392 2.30196
22 91 713.379 715.681 2.30195
6 69 699.51 701.812 2.30196
34 79 1037.13 1037.31 0.184833
16 75 1000.14 1000.23 0.0975385
0 75 936.783 936.881 0.0975368
49 93 22.6978 24.9997 2.30195
23 91 21.3382 23.6402 2.30195
40 54 22.4017 24.7036 2.30195
12 74 695.209 697.511 2.30195
38 73 22.8593 25.1612 2.30196
29 72 927.373 927.476 0.102658
19 92 706.868 709.17 2.30195
19 92 23.188 25.49 2.30195
40 54 1389.76 1389.95 0.184834
47 52 689.637 691.939 2.30195
24 92 940.447 940.55 0.102658
34 79 27.9275 30.2294 2.30195
15 67 25.8076 28.1095 2.30195
13 67 27.6694 29.9714 2.30195
7 74 931.826 934.128 2.30195
3 74 28.324 30.626 2.30195
22 91 29.699 32.0009 2.30195
8 68 247.353 249.655 2.30195
49 93 250.591 252.893 2.30195
20 92 251.789 254.091 2.30195
7 74 1169.88 1169.98 0.102659
41 62 246.621 248.923 2.30195
10 75 245.895 248.197 2.30195
27 91 247.628 249.93 2.30195
38 73 250.753 253.054 2.30196
22 91 257.592 259.894 2.30195
40 0 250.295 0 -250.295
19 92 1013.19 1013.29 0.102657
44 53 227.924 230.226 2.30195
31 72 229.554 231.856 2.30195
21 84 231.184 233.486 2.30196
25 0 231.697 0 -231.697
18 92 231.744 234.046 2.30195
17 84 232.504 234.806 2.30195
39 74 232.508 234.81 2.30195
48 83 232.984 235.286 2.30195
47 52 233.851 236.153 2.30195
46 58 234.627 236.929 2.30195
0 75 234.677 236.979 2.30195
36 73 234.758 237.06 2.30195
11 68 234.825 237.127 2.30196
5 74 236.978 239.28 2.30195
37 66 237.44 239.742 2.30195
30 78 237.453 239.755 2.30195
45 89 237.634 239.936 2.30195
16 75 238.03 240.332 2.30195
24 92 238.34 240.642 2.30195
12 74 239.422 241.724 2.30195
26 92 240.319 242.621 2.30195
35 66 240.784 243.086 2.30195
33 72 241.277 243.579 2.30195
4 75 242.843 245.145 2.30195
29 72 243.694 245.996 2.30195
6 68 243.724 246.025 2.30195
9 0 244.442 0 -244.442
14 0 244.536 0 -244.536
2 68 245.381 247.683 2.30195
28 92 245.652 247.954 2.30195
47 52 995.957 996.06 0.102658
28 92 701.438 703.74 2.30195
24 84 694.127 696.429 2.30196
48 83 688.771 691.073 2.30195
27 91 931.308 933.61 2.30195
3 74 1033.47 1033.8 0.328705
32 79 248.76 251.062 2.30195
42 62 248.659 250.961 2.30196
1 68 248.33 250.632 2.30196
7 74 248.146 250.448 2.30195
39 74 688.294 690.596 2.30195
23 92 249.231 251.533 2.30195
43 53 251.643 253.945 2.30195
19 92 251.081 253.383 2.30195
29 72 1095.8 1095.9 0.0975381
28 92 1097.76 1097.86 0.102658
14 0 700.322 0 -700.322
28 92 1007.76 1007.86 0.102658
22 91 992.112 992.287 0.174594
2 75 701.168 703.47 2.30196
10 75 1008 1008.1 0.0975383
20 92 1013.9 1014 0.102658
36 73 690.545 692.847 2.30195
43 53 707.429 709.731 2.30195
9 0 700.228 0 -700.228
38 73 1012.86 1012.96 0.0975392
39 74 1024.61 1024.72 0.102658
13 67 255.563 257.865 2.30195
15 67 253.701 256.003 2.30195
34 79 255.821 258.123 2.30195
22 91 485.485 487.787 2.30195
45 89 939.741 939.843 0.102658
10 75 929.575 929.678 0.102658
38 73 706.539 708.841 2.30196
3 74 256.217 258.519 2.30195
45 89 465.527 467.829 2.30195
13 67 711.349 713.651 2.30195
32 79 704.547 706.848 2.30195
45 89 999.741 999.838 0.0975378
24 92 1000.45 1000.55 0.102658
43 53 953.749 953.852 0.102657
0 75 690.463 692.765 2.30195
7 74 703.932 706.234 2.30195
32 79 1010.87 1010.96 0.0975362
49 93 1012.7 1012.8 0.0975374
10 75 948.002 948.105 0.102658
31 72 1096.32 1096.94 0.61645
1 68 932.01 934.312 2.30196
39 74 1084.61 1084.71 0.0975377
38 73 1102.86 1102.96 0.102659
19 92 934.761 934.864 0.102657
7 74 1190.25 1190.35 0.0975386
41 62 930.301 930.404 0.102658
29 72 699.48 701.782 2.30195
15 67 709.487 711.789 2.30195
49 93 934.271 934.373 0.102657
29 72 1005.8 1005.9 0.102658
48 83 1025.09 1025.19 0.102657
22 91 1199.7 1199.8 0.102658
42 0 704.445 0 -704.445
27 90 703.414 705.716 2.30196
34 79 711.607 713.909 2.30195
16 76 693.817 696.119 2.30196
23 92 932.911 935.213 2.30195
8 68 1169.09 1169.19 0.102659
36 73 1086.86 1086.96 0.097539
47 52 935.957 936.06 0.102658
26 92 468.212 470.514 2.30195
6 68 471.617 473.919 2.30195
20 92 479.682 481.984 2.30195
36 73 462.651 464.953 2.30195
11 68 462.719 465.021 2.30196
34 79 483.714 486.016 2.30195
1 68 476.224 478.526 2.30196
0 75 462.57 464.872 2.30195
46 58 462.521 464.823 2.30195
33 72 469.17 471.472 2.30195
9 0 472.335 0 -472.335
16 75 954.252 954.437 0.184835
3 74 712.004 714.306 2.30195
47 52 461.744 464.046 2.30195
35 66 468.677 470.979 2.30195
14 0 472.429 0 -472.429
39 74 994.615 994.712 0.0975377
13 74 483.456 485.758 2.30196
15 67 481.594 483.896 2.30195
44 53 455.817 458.119 2.30195
31 72 457.448 459.75 2.30195
21 92 459.077 461.379 2.30195
25 92 459.591 461.893 2.30195
18 92 459.638 461.94 2.30195
17 84 460.397 462.699 2.30195
39 74 460.401 462.703 2.30195
48 83 460.877 463.179 2.30195
16 75 465.923 468.225 2.30195
10 75 473.789 476.091 2.30195
30 78 465.347 467.649 2.30195
37 66 465.334 467.636 2.30195
5 74 464.872 467.173 2.30195
2 68 473.275 475.577 2.30195
24 92 466.234 468.536 2.30195
12 74 467.316 469.618 2.30195
28 92 473.545 475.847 2.30195
4 75 470.737 473.039 2.30195
29 72 471.587 473.889 2.30195
42 54 476.552 478.854 2.30195
41 62 474.515 476.817 2.30195
8 68 475.246 477.548 2.30195
27 91 475.521 477.823 2.30195
7 74 476.039 478.341 2.30195
32 79 476.653 478.955 2.30195
23 92 477.125 479.427 2.30195
3 74 484.111 486.412 2.30195
40 54 478.188 480.49 2.30195
38 73 478.646 480.948 2.30196
19 92 478.974 481.276 2.30195
49 93 478.484 480.786 2.30195
43 53 479.536 481.838 2.30195
26 92 942.426 942.528 0.102658
43 53 1193.75 1193.85 0.0975373
15 67 1197.82 1198 0.184833
12 74 1001.53 1001.63 0.102658
22 91 1019.7 1019.8 0.102658
46 58 996.734 996.832 0.0975366
49 93 1192.7 1192.8 0.0975374
20 92 1103.9 1103.99 0.0975378
43 53 1103.75 1103.85 0.0975373
13 67 939.242 939.571 0.328707
40 53 933.975 936.277 2.30195
34 79 1197.93 1198.03 0.102657
46 58 936.734 936.837 0.102657
17 84 1024.61 1024.71 0.097538
44 53 1033.66 1034.28 0.616451
17 84 994.611 994.714 0.102658
41 62 1158.73 1158.83 0.0975379
30 78 999.56 999.663 0.102658
38 73 1162.86 1162.96 0.0975392
32 79 1190.87 1190.96 0.0975362
41 62 948.728 948.831 0.102658
13 67 990.082 990.185 0.102659
22 91 1169.7 1169.8 0.102658
31 72 1035.29 1035.91 0.61645
39 74 934.615 934.717 0.102658
9 75 928.122 930.424 2.30196
42 54 932.338 934.64 2.30195
20 92 935.469 935.571 0.102658
14 68 928.215 930.517 2.30195
34 79 939.5 939.829 0.328705
2 68 929.061 931.363 2.30195
22 91 941.272 941.601 0.328706
41 62 978.728 978.831 0.102658
48 83 935.091 935.188 0.097537
15 67 937.381 939.683 2.30195
44 53 911.603 912.22 0.616451
31 72 913.234 913.85 0.61645
21 84 914.864 917.166 2.30196
25 92 915.377 917.679 2.30195
18 92 915.424 917.726 2.30195
17 84 916.184 916.287 0.102658
39 74 916.188 916.29 0.102658
48 83 916.664 916.766 0.102657
47 52 917.53 917.633 0.102658
46 58 918.307 918.41 0.102657
0 75 918.356 918.459 0.102657
36 73 918.438 918.54 0.102659
11 68 918.505 920.807 2.30196
5 74 920.658 922.96 2.30195
37 66 921.12 923.422 2.30195
30 78 921.133 921.236 0.102658
45 89 921.314 921.416 0.102658
16 75 921.71 922.039 0.328707
24 92 922.02 922.123 0.102658
12 74 923.102 923.205 0.102658
35 0 924.464 0 -924.464
26 92 923.999 924.101 0.102658
36 73 936.865 936.967 0.102659
6 68 927.403 929.705 2.30195
33 72 924.957 927.259 2.30195
4 75 926.523 928.825 2.30195
3 74 1000.93 1001.25 0.328705
48 83 1085.09 1085.19 0.102657
43 53 1163.75 1163.85 0.0975373
19 92 983.188 983.291 0.102657
43 53 983.749 983.852 0.102657
3 74 939.897 940.513 0.616449
27 91 1169.36 1169.47 0.102656
19 92 1103.19 1103.29 0.0975367
49 93 1102.7 1102.8 0.102657
12 74 941.529 941.632 0.102658
44 53 1178.07 1178.24 0.174595
17 84 934.611 934.714 0.102658
19 92 953.188 953.291 0.102657
38 73 1192.86 1192.96 0.0975392
36 73 1146.86 1146.96 0.097539
36 73 996.865 996.962 0.097539
48 83 965.091 965.188 0.097537
31 72 974.262 974.879 0.61645
26 92 1092.43 1092.52 0.0975378
41 62 1008.73 1008.83 0.102658
16 75 1090.14 1090.23 0.0975385
16 68 972.55 972.653 0.10266
17 84 964.611 964.714 0.102658
24 92 970.447 970.55 0.102658
39 74 964.615 964.717 0.102658
44 53 1094.69 1095.02 0.328707
49 93 1162.7 1162.8 0.0975374
34 79 972.042 972.371 0.328705
47 52 965.957 966.06 0.102658
45 89 969.741 969.843 0.102658
13 67 971.784 971.969 0.184835
22 91 973.814 973.998 0.184834
44 53 972.632 973.248 0.616451
13 67 1107.67 1107.77 0.0975387
8 68 1189.46 1189.56 0.0975389
34 79 1167.93 1168.03 0.102657
43 53 1013.75 1013.85 0.102657
30 78 969.56 969.663 0.102658
26 92 972.426 972.528 0.102658
36 73 966.865 966.967 0.102659
46 58 966.734 966.832 0.0975366
0 75 966.783 966.881 0.0975368
12 74 971.529 971.632 0.102658
41 62 1098.73 1098.83 0.0975379
10 75 1098 1098.1 0.0975383
13 67 1017.67 1017.77 0.0975387
19 92 1043.19 1043.29 0.0975367
28 92 977.758 977.861 0.102658
49 93 982.698 982.8 0.102657
32 79 980.867 980.964 0.0975362
10 75 978.002 978.1 0.0975383
29 72 975.8 975.903 0.102658
38 73 982.859 982.957 0.0975392
19 92 1163.19 1163.29 0.0975367
24 92 1030.45 1030.55 0.102658
36 73 1026.86 1026.96 0.097539
45 89 1029.74 1029.84 0.0975378
16 75 1030.14 1030.23 0.0975385
47 52 1025.96 1026.06 0.102658
30 78 1029.56 1029.66 0.102658
12 74 1091.53 1091.63 0.0975378
42 54 1170.39 1170.5 0.102658
46 58 1026.73 1026.83 0.0975366
0 75 1026.78 1026.88 0.0975368
10 75 1188 1188.1 0.102658
26 92 1032.43 1032.52 0.0975378
29 72 1035.8 1035.9 0.102658
28 92 1037.76 1037.86 0.102658
20 92 1163.9 1163.99 0.0975378
12 74 1031.53 1031.63 0.102658
1 68 1190.44 1190.53 0.097539
23 92 1191.34 1191.44 0.102658
41 62 1188.73 1188.83 0.0975379
20 92 1193.9 1193.99 0.0975378
3 74 1168.32 1168.43 0.102657
17 84 1084.61 1084.71 0.097538
3 74 1198.32 1198.42 0.0975374
10 75 1038 1038.1 0.0975383
48 83 1055.09 1055.19 0.102657
1 68 1170.07 1170.17 0.102659
32 79 1040.87 1040.96 0.0975362
39 74 1054.61 1054.72 0.102658
20 92 1043.9 1044 0.102658
38 73 1042.86 1042.96 0.0975392
34 79 1055.42 1055.6 0.174593
43 53 1043.75 1043.85 0.102657
26 92 1062.43 1062.52 0.0975378
49 93 1042.7 1042.8 0.102657
13 67 1047.67 1047.77 0.0975387
3 74 1066.01 1066.19 0.184833
13 67 1077.67 1077.77 0.0975387
41 62 1038.73 1038.83 0.102658
45 89 1059.74 1059.84 0.0975378
3 74 1138.32 1138.5 0.174593
20 92 1073.9 1073.99 0.0975378
32 79 1100.87 1100.96 0.0975362
24 92 1060.45 1060.54 0.0975378
19 92 1073.19 1073.29 0.0975367
30 78 1089.56 1089.66 0.0975383
30 78 1059.56 1059.66 0.0975383
41 62 1068.73 1068.83 0.0975379
47 52 1055.96 1056.05 0.0975381
10 75 1068 1068.1 0.0975383
17 84 1054.61 1054.71 0.097538
36 73 1056.86 1056.96 0.097539
22 91 1049.7 1049.8 0.0975375
18 92 1153.48 1153.58 0.102657
28 92 1067.76 1067.86 0.102658
43 53 1073.75 1073.85 0.102657
29 72 1065.8 1065.9 0.0975381
16 75 1060.14 1060.23 0.0975385
46 58 1056.73 1056.83 0.0975366
0 75 1056.78 1056.88 0.0975368
45 89 1089.74 1089.84 0.0975378
38 73 1072.86 1072.96 0.102659
3 74 1084.31 1084.48 0.174593
32 79 1070.87 1070.96 0.0975362
49 93 1072.7 1072.8 0.102657
34 79 1077.93 1078.1 0.174593
12 74 1061.53 1061.63 0.0975378
24 92 1090.45 1090.54 0.0975378
47 52 1085.96 1086.05 0.0975381
3 74 1108.32 1108.5 0.174593
17 84 1114.61 1114.71 0.097538
21 84 1142.76 1145.06 2.30196
18 92 1143.32 1143.42 0.102657
47 52 1115.96 1116.05 0.0975381
44 53 1127.23 1127.56 0.328707
0 75 1116.78 1116.88 0.0975368
25 0 1143.27 0 -1143.27
39 74 1114.61 1114.71 0.0975377
48 83 1115.09 1115.19 0.097537
46 58 1116.73 1116.83 0.0975366
10 75 1128 1128.1 0.0975383
36 73 1116.86 1116.96 0.097539
13 67 1197.67 1197.77 0.0975387
22 91 1109.7 1109.8 0.102658
42 54 1190.77 1190.87 0.102658
2 68 1187.49 1187.59 0.0975375
11 68 1146.4 1148.7 2.30196
45 89 1119.74 1119.84 0.0975378
16 75 1120.14 1120.23 0.0975385
24 92 1120.45 1120.54 0.0975378
29 72 1125.8 1125.9 0.0975381
28 92 1127.76 1127.86 0.0975382
15 67 1165.27 1165.6 0.328705
5 74 1148.55 1148.65 0.102657
37 66 1149.01 1151.32 2.30195
30 78 1119.56 1119.66 0.0975383
14 68 1156.11 1158.41 2.30195
9 68 1156.01 1158.32 2.30196
2 68 1156.95 1157.06 0.102657
34 79 1137.93 1138.03 0.097537
26 92 1122.43 1122.52 0.0975378
27 91 1159.2 1159.3 0.102656
12 74 1151.53 1151.63 0.0975378
33 72 1152.85 1153.18 0.328706
6 68 1185.83 1185.93 0.102657
4 75 1154.42 1156.72 2.30195
35 73 1152.36 1154.66 2.30196
12 74 1121.53 1121.63 0.0975378
6 68 1155.3 1155.4 0.102657
27 91 1189.73 1189.84 0.102656
38 73 1132.86 1132.96 0.0975392
5 74 1158.71 1158.82 0.102657
43 53 1133.75 1133.85 0.0975373
30 78 1149.56 1149.66 0.0975383
23 92 1160.8 1160.91 0.102658
13 67 1137.67 1137.77 0.0975387
19 92 1133.19 1133.29 0.0975367
49 93 1132.7 1132.8 0.0975374
20 92 1133.9 1133.99 0.0975378
44 53 1159.77 1159.96 0.184835
40 54 1161.87 1164.17 2.30195
32 79 1130.87 1130.96 0.0975362
42 54 1160.23 1160.33 0.102658
1 68 1159.9 1160.01 0.102659
7 74 1159.72 1159.82 0.102659
0 75 1146.78 1146.88 0.0975368
8 68 1158.93 1159.03 0.102659
48 83 1145.09 1145.19 0.097537
16 75 1150.14 1150.23 0.0975385
17 84 1144.61 1144.71 0.097538
39 74 1144.61 1144.71 0.0975377
24 92 1150.45 1150.54 0.0975378
45 89 1149.74 1149.84 0.0975378
47 52 1145.96 1146.05 0.0975381
41 62 1128.73 1128.83 0.0975379
46 58 1146.73 1146.83 0.0975366
31 72 1157.35 1157.68 0.328706
28 92 1157.76 1157.86 0.0975382
26 92 1152.43 1152.52 0.0975378
22 91 1139.7 1139.8 0.102658
23 92 1170.97 1171.07 0.102658
10 68 1158 1158.1 0.0975398
29 72 1155.8 1155.9 0.0975381
6 68 1165.46 1165.56 0.102657
32 79 1160.87 1160.96 0.0975362
13 67 1167.67 1167.77 0.0975387
24 92 1180.45 1180.54 0.0975378
47 52 1175.96 1176.05 0.0975381
17 84 1174.61 1174.71 0.097538
48 83 1175.09 1175.19 0.097537
31 72 1189.89 1190.22 0.328706
39 74 1174.61 1174.71 0.0975377
35 66 1380.25 1380.87 0.61645
29 72 1185.8 1185.9 0.0975381
28 92 1187.76 1187.86 0.0975382
25 91 1371.16 1373.47 2.30196
21 92 1370.65 1370.75 0.102658
18 92 1173.85 1173.95 0.0975374
16 75 1180.14 1180.23 0.0975385
5 74 1179.09 1179.18 0.0975371
45 89 1179.74 1179.84 0.0975378
36 73 1176.86 1176.96 0.097539
14 0 1384 0 -1384
12 74 1181.53 1181.63 0.0975378
11 68 1374.29 1374.39 0.102659
19 92 1193.19 1193.29 0.0975367
9 0 1383.91 0 -1383.91
0 75 1176.78 1176.88 0.0975368
46 58 1176.73 1176.83 0.0975366
26 92 1182.43 1182.52 0.0975378
33 72 1185.39 1185.58 0.184834
4 75 1382.31 1384.61 2.30195
37 66 1376.91 1377.01 0.102658
30 78 1179.56 1179.66 0.0975383
