33 0 0.846599 0 -0.846599
41 53 2.16277 4.46473 2.30196
12 54 2.59909 4.90105 2.30196
28 54 2.28007 4.58203 2.30196
14 53 2.46596 4.76792 2.30196
25 50 3.15859 5.46055 2.30196
34 0 3.19227 0 -3.19227
45 50 3.59225 5.89421 2.30196
29 0 3.73046 0 -3.73046
9 0 4.22701 0 -4.22701
8 54 1089.66 1089.99 0.328712
6 0 6.84071 0 -6.84071
43 52 5.23053 7.53249 2.30196
23 50 5.63936 7.94132 2.30196
35 52 6.75335 9.05531 2.30196
40 53 6.22616 8.52812 2.30196
21 50 1060.28 1060.38 0.0975396
32 55 8.27901 10.581 2.30196
31 55 8.95593 11.2579 2.30196
10 54 9.90618 12.2081 2.30196
21 50 10.28 12.582 2.30196
21 50 1030.28 1030.38 0.10266
47 55 11.7546 14.0565 2.30196
0 0 11.9131 0 -11.9131
44 52 11.7409 14.0429 2.30196
45 50 1173.59 1173.69 0.0975395
13 0 11.9912 0 -11.9912
41 0 1369.52 0 -1369.52
28 55 1172.28 1172.38 0.0975424
25 50 1370.52 1370.62 0.102662
38 0 12.409 0 -12.409
20 51 16.8745 19.1765 2.30196
49 51 18.2165 20.5184 2.30196
22 50 15.3341 17.636 2.30196
8 54 15.3833 17.6853 2.30196
17 0 18.2992 0 -18.2992
5 54 17.7716 20.0735 2.30196
15 54 18.4634 20.7654 2.30196
2 0 18.6705 0 -18.6705
39 52 18.9194 21.2214 2.30196
1 0 18.7664 0 -18.7664
33 55 1201.34 1201.96 0.616454
3 54 1161.65 1161.82 0.1746
26 50 19.2623 21.5643 2.30196
24 50 21.7211 24.023 2.30196
3 54 21.6466 23.9485 2.30196
27 50 22.6277 24.9297 2.30196
48 52 22.6537 24.9557 2.30196
42 53 23.5949 25.8968 2.30196
10 54 1059.91 1060 0.0975416
36 52 23.7018 26.0038 2.30196
49 51 1038.22 1038.31 0.097541
16 54 28.6216 30.9236 2.30195
4 54 26.7683 29.0703 2.30196
11 0 28.9022 0 -28.9022
37 52 27.4519 29.7539 2.30196
46 53 28.5109 30.8128 2.30196
4 54 1166.77 1166.87 0.0975391
30 0 29.7244 0 -29.7244
18 0 29.7096 0 -29.7096
7 0 29.6893 0 -29.6893
19 50 1169.98 1170.08 0.0975406
19 50 29.9777 32.2797 2.30196
36 52 251.595 253.897 2.30196
11 55 256.795 259.097 2.30196
30 0 257.618 0 -257.618
36 52 479.488 481.79 2.30196
26 50 1069.26 1069.36 0.0975396
37 52 255.345 257.647 2.30196
16 54 256.515 258.817 2.30195
18 0 257.603 0 -257.603
8 54 1057.12 1057.45 0.328712
28 55 1082.28 1082.38 0.0975424
30 55 485.511 487.813 2.30196
26 50 247.156 249.458 2.30196
48 52 250.547 252.849 2.30196
10 54 465.693 467.995 2.30196
7 54 257.583 259.884 2.30196
19 50 257.871 260.173 2.30196
37 52 483.238 485.54 2.30196
39 52 246.813 249.115 2.30196
42 53 251.488 253.79 2.30196
4 54 254.662 256.964 2.30196
1 54 246.66 248.962 2.30196
3 54 249.54 251.842 2.30196
27 50 250.521 252.823 2.30196
15 54 1068.46 1068.56 0.0975394
24 50 249.614 251.916 2.30196
46 53 256.404 258.706 2.30196
20 0 472.661 0 -472.661
39 52 474.706 477.008 2.30196
33 55 228.74 231.042 2.30196
41 0 230.056 0 -230.056
28 55 230.173 232.475 2.30196
14 0 230.359 0 -230.359
12 0 230.492 0 -230.492
25 50 231.052 233.354 2.30196
34 0 231.086 0 -231.086
45 50 231.485 233.787 2.30196
29 55 231.624 233.926 2.30196
45 50 1023.59 1023.69 0.0975395
9 52 232.12 234.422 2.30197
43 52 233.124 235.426 2.30196
23 50 233.533 235.835 2.30196
40 53 234.119 236.421 2.30196
35 52 234.647 236.949 2.30196
6 54 234.734 237.036 2.30196
32 0 236.172 0 -236.172
31 0 236.849 0 -236.849
10 54 237.799 240.101 2.30196
21 50 238.173 240.475 2.30196
44 0 239.634 0 -239.634
47 55 239.648 241.95 2.30196
0 54 239.806 242.108 2.30196
13 53 239.884 242.186 2.30196
38 0 240.302 0 -240.302
22 50 243.227 245.529 2.30196
8 54 243.277 245.579 2.30196
20 51 244.768 247.07 2.30196
5 0 245.665 0 -245.665
49 51 246.11 248.412 2.30196
17 0 246.192 0 -246.192
15 54 246.357 248.659 2.30196
2 0 246.564 0 -246.564
22 50 1065.33 1065.51 0.174599
31 55 1376.32 1376.5 0.184837
22 50 1035.33 1035.51 0.174599
42 0 707.275 0 -707.275
29 0 1371.09 0 -1371.09
26 50 1039.26 1039.37 0.10266
48 52 706.333 708.635 2.30196
14 54 1369.83 1372.13 2.30196
39 0 702.599 0 -702.599
15 54 1038.46 1038.56 0.0975394
49 51 1068.22 1068.32 0.102661
40 53 1026.23 1026.33 0.102661
27 0 706.307 0 -706.307
23 50 1373 1373.18 0.18484
19 50 1049.98 1050.08 0.0975406
28 55 1022.28 1022.38 0.0975424
45 50 1053.59 1053.69 0.0975395
36 52 1163.7 1163.8 0.102661
24 0 705.401 0 -705.401
3 54 705.326 707.628 2.30196
3 54 1071.65 1071.82 0.1746
26 50 702.942 705.244 2.30196
28 55 1052.28 1052.38 0.0975424
4 54 1046.77 1046.87 0.102659
36 52 1073.7 1073.8 0.0975406
36 52 707.382 709.684 2.30196
36 52 1043.7 1043.8 0.0975406
4 54 1076.77 1076.87 0.102659
39 52 930.492 932.794 2.30196
32 55 464.066 466.367 2.30196
11 0 712.582 0 -712.582
0 0 467.7 0 -467.7
38 0 468.196 0 -468.196
22 50 471.121 473.423 2.30196
48 0 478.44 0 -478.44
17 0 474.086 0 -474.086
16 54 712.301 714.603 2.30195
4 54 482.555 484.857 2.30196
4 54 710.448 712.75 2.30196
18 54 485.496 487.798 2.30196
3 54 984.06 984.234 0.1746
8 54 471.17 473.472 2.30196
5 0 473.558 0 -473.558
27 50 478.414 480.716 2.30196
3 54 477.433 479.735 2.30196
2 0 474.457 0 -474.457
7 0 485.476 0 -485.476
47 0 467.541 0 -467.541
26 50 475.049 477.351 2.30196
15 54 474.25 476.552 2.30196
19 50 1079.98 1080.08 0.102661
40 53 1176.23 1176.33 0.102661
10 54 1149.91 1150 0.0975416
16 54 484.408 486.71 2.30195
6 54 462.627 464.929 2.30196
3 54 933.22 933.548 0.328712
24 50 477.508 479.81 2.30196
19 50 485.764 488.066 2.30196
35 52 462.54 464.842 2.30196
21 50 466.066 468.368 2.30196
16 54 940.195 942.497 2.30195
44 52 467.527 469.829 2.30196
42 0 479.381 0 -479.381
1 54 474.553 476.855 2.30196
15 54 930.036 930.139 0.102659
31 55 464.742 467.044 2.30196
13 0 467.778 0 -467.778
10 54 1029.91 1030 0.0975416
49 51 474.003 476.305 2.30196
19 50 713.657 715.959 2.30196
11 55 484.689 486.991 2.30196
46 53 484.297 486.599 2.30196
33 55 456.633 458.935 2.30196
41 53 457.949 460.251 2.30196
28 55 458.067 460.369 2.30196
14 0 458.252 0 -458.252
12 0 458.386 0 -458.386
25 50 458.945 461.247 2.30196
34 0 458.979 0 -458.979
45 50 459.379 461.681 2.30196
29 0 459.517 0 -459.517
9 0 460.014 0 -460.014
43 52 461.017 463.319 2.30196
23 50 461.426 463.728 2.30196
40 53 462.013 464.315 2.30196
40 0 936.226 0 -936.226
11 55 940.475 942.777 2.30196
30 0 941.297 0 -941.297
45 50 963.592 963.695 0.102659
7 53 713.369 715.671 2.30196
18 0 713.389 0 -713.389
30 0 713.404 0 -713.404
48 51 934.227 936.529 2.30197
37 0 711.132 0 -711.132
46 53 712.191 714.493 2.30196
3 54 1041.65 1041.82 0.1746
33 55 684.526 686.828 2.30196
41 53 685.843 688.144 2.30196
28 55 685.96 688.262 2.30196
14 53 686.146 688.448 2.30196
12 0 686.279 0 -686.279
25 0 686.838 0 -686.838
34 54 686.872 689.174 2.30196
45 50 687.272 689.574 2.30196
29 0 687.41 0 -687.41
9 0 687.907 0 -687.907
43 0 688.91 0 -688.91
23 0 689.319 0 -689.319
40 53 689.906 692.208 2.30196
35 0 690.433 0 -690.433
6 54 690.52 692.822 2.30196
32 55 691.959 694.261 2.30196
31 55 692.636 694.938 2.30196
10 54 693.586 695.888 2.30196
21 50 693.96 696.262 2.30196
44 52 695.421 697.723 2.30196
47 55 695.434 697.736 2.30196
0 53 695.593 697.895 2.30196
13 53 695.671 697.973 2.30196
38 0 696.089 0 -696.089
22 50 699.014 701.316 2.30196
8 54 699.063 701.365 2.30196
20 51 700.554 702.856 2.30196
5 0 701.451 0 -701.451
49 51 701.896 704.198 2.30196
17 0 701.979 0 -701.979
15 53 702.143 704.445 2.30196
2 0 702.35 0 -702.35
1 55 702.446 704.748 2.30196
40 53 1056.23 1056.33 0.102661
18 54 941.283 943.585 2.30196
12 0 1369.96 0 -1369.96
10 54 939.906 940.009 0.102662
4 54 970.883 970.986 0.102659
8 54 926.956 927.285 0.328712
1 0 930.339 0 -930.339
17 0 929.872 0 -929.872
27 51 934.201 936.503 2.30196
37 52 939.025 941.327 2.30196
7 0 941.262 0 -941.262
32 53 1375.64 1377.94 2.30197
3 54 1131.65 1131.82 0.1746
19 50 959.978 960.08 0.102661
24 50 933.294 935.596 2.30196
2 54 930.243 932.545 2.30196
49 51 929.789 929.892 0.102661
42 0 935.168 0 -935.168
21 50 940.28 940.383 0.10266
26 51 949.262 949.36 0.0975452
5 0 929.345 0 -929.345
46 53 940.084 942.386 2.30196
8 54 959.498 959.827 0.328712
36 51 935.275 935.46 0.184843
3 54 965.761 965.946 0.18484
49 51 948.216 948.319 0.102661
22 50 959.449 959.777 0.328711
45 50 1143.59 1143.69 0.0975395
10 54 999.906 1000 0.0975416
36 52 953.702 953.876 0.174597
26 51 930.835 930.938 0.102665
19 50 941.551 941.653 0.102661
49 51 1158.22 1158.32 0.102661
4 54 938.341 938.67 0.328707
28 55 932.28 932.378 0.0975424
36 52 983.702 983.804 0.102661
20 51 928.448 930.749 2.30196
22 50 926.907 927.236 0.328711
45 50 933.592 933.695 0.102659
15 54 948.463 948.566 0.102659
33 55 912.42 914.722 2.30196
41 0 913.736 0 -913.736
28 55 913.853 913.956 0.102662
14 0 914.039 0 -914.039
12 0 914.172 0 -914.172
25 51 914.732 917.034 2.30196
34 0 914.765 0 -914.765
45 50 915.165 915.268 0.102659
29 0 915.303 0 -915.303
9 55 915.8 918.102 2.30196
43 52 916.804 919.105 2.30196
23 0 917.212 0 -917.212
40 53 917.799 917.902 0.102661
35 0 918.326 0 -918.326
6 54 918.414 920.716 2.30196
32 0 919.852 0 -919.852
31 0 920.529 0 -920.529
10 54 921.479 921.664 0.184838
21 50 921.853 921.956 0.10266
44 0 923.314 0 -923.314
47 55 923.328 925.63 2.30196
0 53 923.486 925.788 2.30196
13 53 923.564 925.866 2.30196
38 52 923.982 926.284 2.30196
40 53 966.226 966.324 0.097541
28 55 962.28 962.383 0.102662
43 52 1154.86 1154.96 0.102661
17 0 1157.77 0 -1157.77
15 54 978.463 978.561 0.0975394
10 54 969.906 970.004 0.0975416
21 50 970.28 970.383 0.10266
49 51 978.216 978.319 0.102661
22 50 991.99 992.175 0.184839
8 54 992.04 992.368 0.328712
28 55 992.28 992.383 0.102662
26 51 979.262 979.36 0.0975452
24 51 1161.19 1163.49 2.30196
19 50 989.978 990.08 0.102661
4 54 986.768 986.871 0.102659
21 50 1000.28 1000.38 0.0975396
45 50 993.592 993.695 0.102659
22 50 1155.33 1155.51 0.174599
40 53 996.226 996.329 0.102661
15 54 1008.46 1008.56 0.0975394
15 54 1158.46 1158.56 0.0975394
6 54 1178.85 1179.03 0.18484
26 50 1009.26 1009.36 0.0975396
8 54 1024.58 1024.91 0.328712
26 50 1159.26 1159.37 0.10266
22 51 1010.29 1010.46 0.174599
49 51 1008.22 1008.32 0.102661
35 52 1374.11 1374.3 0.184838
3 54 1011.65 1011.82 0.1746
36 52 1013.7 1013.8 0.0975406
34 0 1370.55 0 -1370.55
4 54 1016.77 1016.87 0.102659
19 50 1019.98 1020.08 0.102661
45 50 1083.59 1083.69 0.0975395
40 53 1086.23 1086.33 0.102661
10 54 1089.91 1090 0.0975416
15 54 1098.46 1098.56 0.0975394
31 55 1148.42 1150.72 2.30196
21 50 1090.28 1090.38 0.0975396
26 50 1099.26 1099.37 0.10266
4 54 1106.77 1106.87 0.102659
40 53 1146.23 1146.33 0.102661
38 52 1151.88 1154.18 2.30196
3 54 1101.65 1101.82 0.1746
22 50 1095.33 1095.51 0.174599
8 54 1122.21 1122.54 0.328712
21 50 1150.28 1150.38 0.0975396
40 53 1116.23 1116.32 0.097541
9 55 1371.59 1373.89 2.30196
45 50 1113.59 1113.69 0.0975395
49 51 1098.22 1098.31 0.097541
43 52 1175.23 1175.33 0.102661
41 0 1141.63 0 -1141.63
33 55 1140.31 1140.93 0.616454
14 54 1141.93 1144.23 2.30196
28 55 1112.28 1112.38 0.0975424
23 51 1145.11 1147.41 2.30196
12 0 1142.07 0 -1142.07
35 52 1146.22 1148.52 2.30196
36 52 1103.7 1103.8 0.102661
43 52 1144.7 1144.8 0.102661
39 52 1188.92 1189.09 0.174598
25 50 1142.62 1144.93 2.30196
9 54 1143.69 1146 2.30196
34 54 1142.66 1144.96 2.30196
29 55 1143.2 1145.5 2.30196
6 54 1146.31 1146.64 0.328712
19 50 1109.98 1110.08 0.102661
21 50 1120.28 1120.38 0.0975396
4 54 1136.77 1136.87 0.0975391
48 52 1162.12 1164.42 2.30196
46 53 1167.98 1170.28 2.30196
32 55 1147.75 1150.05 2.30196
37 51 1394.81 1397.11 2.30197
10 54 1119.91 1120 0.0975416
37 51 1166.92 1169.22 2.30197
2 0 1158.14 0 -1158.14
22 50 1125.33 1125.51 0.174599
7 0 1169.16 0 -1169.16
1 0 1158.23 0 -1158.23
19 50 1139.98 1140.08 0.102661
28 55 1142.28 1142.38 0.0975424
11 55 1168.37 1170.67 2.30196
30 0 1169.19 0 -1169.19
26 50 1129.26 1129.37 0.10266
20 51 1156.34 1156.67 0.328711
44 51 1151.21 1153.51 2.30197
47 54 1151.22 1151.41 0.184844
13 0 1151.46 0 -1151.46
0 0 1151.38 0 -1151.38
8 54 1154.75 1155.08 0.328712
39 52 1158.39 1158.57 0.184838
27 50 1162.09 1164.4 2.30196
16 0 1168.09 0 -1168.09
36 52 1133.7 1133.8 0.102661
18 0 1169.18 0 -1169.18
49 51 1128.22 1128.31 0.097541
5 55 1157.24 1159.54 2.30196
15 54 1128.46 1128.56 0.0975394
42 53 1163.06 1165.36 2.30196
10 54 1179.91 1180 0.0975416
7 0 1397.05 0 -1397.05
21 50 1180.28 1180.38 0.0975396
44 0 1379.1 0 -1379.1
38 55 1379.77 1382.07 2.30197
17 54 1385.66 1387.96 2.30196
13 54 1379.35 1381.65 2.30196
0 0 1379.27 0 -1379.27
47 55 1181.75 1181.93 0.1746
5 0 1385.13 0 -1385.13
16 54 1395.98 1398.28 2.30195
36 52 1193.7 1193.8 0.102661
8 54 1187.29 1187.62 0.328712
15 54 1188.46 1188.56 0.0975394
18 0 1397.07 0 -1397.07
1 0 1386.13 0 -1386.13
49 51 1188.22 1188.32 0.102661
26 50 1189.26 1189.36 0.0975396
30 53 1397.08 1399.39 2.30197
2 0 1386.03 0 -1386.03
48 52 1390.01 1392.32 2.30196
27 50 1389.99 1390.32 0.328709
22 50 1185.33 1185.51 0.174599
20 51 1188.88 1189.07 0.184839
24 51 1389.08 1391.38 2.30196
19 50 1199.98 1200.08 0.0975406
42 53 1390.95 1393.26 2.30196
3 54 1191.65 1191.82 0.1746
11 54 1396.26 1396.45 0.184837
46 54 1395.87 1395.97 0.102664
4 54 1196.77 1196.87 0.0975391
