6 51 2.99011 5.29207 2.30196
8 0 3.76586 0 -3.76586
32 59 5.76902 8.07098 2.30195
1 0 5.87472 0 -5.87472
11 47 708.084 710.386 2.30196
34 53 695.008 697.31 2.30196
3 55 700.509 702.811 2.30196
11 51 935.977 936.079 0.102658
16 46 3.77644 6.07839 2.30196
23 60 697.284 699.586 2.30196
22 50 702.75 705.052 2.30196
26 60 4.39864 6.70059 2.30195
14 50 702.547 704.849 2.30196
3 55 928.402 928.505 0.102659
25 60 934.828 934.931 0.102659
24 45 1000.33 1000.5 0.174595
5 55 4.63575 6.93771 2.30195
30 44 702.249 704.55 2.30195
25 60 4.82789 7.12985 2.30196
38 0 8.5494 0 -8.5494
28 45 6.53473 8.83668 2.30195
9 47 6.14721 8.44917 2.30196
18 52 6.14621 8.44816 2.30196
35 51 700.44 702.741 2.30195
5 55 994.636 994.733 0.0975383
0 59 8.45017 10.7521 2.30195
37 48 8.4589 10.7609 2.30195
15 46 1000.61 1000.7 0.0975379
5 55 934.636 934.738 0.102658
24 45 10.3261 12.628 2.30196
10 51 10.503 12.8049 2.30196
15 46 10.6059 12.9078 2.30195
13 46 10.8654 13.1674 2.30196
12 46 1164.34 1164.67 0.328709
36 56 937.06 937.162 0.10266
17 52 984.203 984.3 0.0975377
19 52 11.2752 13.5771 2.30196
33 56 10.818 13.12 2.30196
37 48 1118.46 1118.56 0.0975378
17 52 707.883 710.184 2.30195
24 45 970.326 970.501 0.174595
34 53 11.3283 13.6303 2.30196
37 48 1148.46 1148.56 0.0975378
23 46 13.6038 15.9058 2.30195
39 43 14.3425 16.6445 2.30195
3 55 16.8289 19.1308 2.30196
35 51 16.7598 19.0617 2.30195
14 50 18.8674 21.1694 2.30196
30 44 18.5688 20.8707 2.30195
22 50 19.0706 21.3725 2.30196
0 59 938.45 938.553 0.102658
33 44 694.498 696.8 2.30196
19 52 971.275 971.378 0.10266
9 47 996.147 996.25 0.102661
19 52 694.955 697.257 2.30196
13 47 694.545 696.847 2.30196
7 47 20.9087 23.2107 2.30195
29 56 20.8636 23.1655 2.30195
27 60 1076.6 1076.7 0.0975381
5 55 688.315 690.617 2.30195
20 58 707.37 709.672 2.30195
28 45 966.535 966.632 0.0975376
11 51 24.4038 26.7058 2.30195
20 58 23.6902 25.9921 2.30195
36 56 25.4867 27.7887 2.30196
17 52 24.2028 26.5047 2.30195
12 46 24.975 27.277 2.30196
36 56 1135.49 1135.59 0.10266
22 50 930.644 931.26 0.616452
21 52 26.6691 28.971 2.30195
27 60 26.5986 28.9005 2.30195
36 56 1045.49 1045.59 0.10266
19 52 1001.28 1001.38 0.10266
2 55 27.8004 30.1024 2.30195
31 44 28.5831 30.885 2.30195
14 50 1158.33 1159.65 1.31482
18 52 689.826 692.128 2.30196
4 55 29.1719 31.4738 2.30196
12 46 252.868 255.17 2.30196
17 52 252.096 254.398 2.30195
18 52 966.146 966.249 0.102659
20 58 251.583 253.885 2.30195
22 50 991.672 992.288 0.616452
34 53 1001.33 1001.43 0.0975405
7 47 248.802 251.104 2.30195
36 56 253.38 255.682 2.30196
36 56 1075.49 1075.59 0.10266
6 51 686.67 688.972 2.30196
11 51 480.19 482.492 2.30195
11 51 252.297 254.599 2.30195
39 43 698.022 700.324 2.30195
4 59 257.065 259.367 2.30196
26 60 688.078 690.38 2.30195
16 46 687.456 689.758 2.30196
8 47 687.446 689.748 2.30196
6 51 230.883 233.185 2.30196
8 0 231.659 0 -231.659
16 46 231.67 233.972 2.30196
26 60 232.292 234.594 2.30195
5 55 232.529 234.831 2.30195
25 60 232.721 235.023 2.30196
32 59 233.662 235.964 2.30195
1 59 233.768 236.07 2.30196
18 52 234.039 236.341 2.30196
10 51 694.183 696.485 2.30196
9 47 234.04 236.342 2.30196
28 45 234.428 236.73 2.30195
0 59 236.343 238.645 2.30195
37 48 236.352 238.654 2.30195
24 45 694.006 696.308 2.30196
38 0 236.443 0 -236.443
24 45 238.219 240.521 2.30196
25 60 688.508 690.81 2.30196
10 51 238.396 240.698 2.30196
15 46 238.499 240.801 2.30195
33 56 238.711 241.013 2.30196
13 57 238.759 241.061 2.30196
19 52 239.168 241.47 2.30196
34 53 239.222 241.524 2.30196
23 46 241.497 243.799 2.30195
39 43 242.236 244.538 2.30195
35 51 244.653 246.955 2.30195
3 55 244.722 247.024 2.30196
30 44 246.462 248.764 2.30195
14 50 246.761 249.063 2.30196
22 50 246.964 249.266 2.30196
29 56 248.757 251.059 2.30195
26 60 934.399 934.501 0.102657
15 46 694.286 696.588 2.30195
23 46 1079.78 1080.1 0.328707
15 46 1030.61 1030.7 0.0975379
37 48 998.459 998.562 0.102658
34 53 1121.33 1121.43 0.0975405
26 60 994.399 994.501 0.102657
21 52 254.562 256.864 2.30195
2 55 255.694 257.996 2.30195
27 60 254.492 256.794 2.30195
7 47 704.588 706.89 2.30195
35 51 1384.12 1384.74 0.61645
13 46 466.652 468.954 2.30196
31 44 256.476 258.778 2.30195
27 60 710.278 712.58 2.30195
29 56 704.543 706.845 2.30195
4 55 1001.77 1002.39 0.616451
16 46 993.776 993.874 0.0975404
10 51 466.289 468.591 2.30196
36 56 709.166 711.468 2.30196
28 45 936.535 936.637 0.102658
16 46 1083.78 1083.87 0.0975404
12 46 708.655 710.957 2.30196
2 55 1077.8 1077.9 0.0975368
32 59 995.769 995.867 0.0975387
20 58 983.69 983.793 0.102659
25 60 994.828 994.931 0.102659
12 46 1001.63 1001.96 0.328709
15 46 970.606 970.709 0.102658
33 56 466.605 468.906 2.30196
19 52 467.062 469.364 2.30196
30 44 474.355 476.657 2.30195
34 53 467.115 469.417 2.30196
35 51 472.546 474.848 2.30195
3 55 472.615 474.917 2.30196
21 52 482.456 484.758 2.30195
32 59 1115.77 1115.87 0.0975387
15 46 466.392 468.694 2.30195
32 59 965.769 965.872 0.102659
2 55 483.587 485.889 2.30195
24 45 466.113 468.415 2.30196
14 50 474.654 476.956 2.30196
6 51 458.777 461.079 2.30196
8 46 459.552 461.854 2.30196
16 46 459.563 461.865 2.30196
26 60 460.185 462.487 2.30195
5 55 460.422 462.724 2.30195
25 45 460.614 462.916 2.30196
32 59 461.556 463.857 2.30195
1 59 461.661 463.963 2.30196
18 52 461.933 464.235 2.30196
9 47 461.934 464.236 2.30196
28 45 462.321 464.623 2.30195
0 59 464.237 466.539 2.30195
37 48 464.245 466.547 2.30195
38 0 464.336 0 -464.336
2 55 939.373 939.476 0.102657
32 59 935.769 935.872 0.102659
5 55 1144.64 1144.73 0.0975383
35 51 928.333 930.635 2.30195
35 51 1156.23 1158.53 2.30195
18 52 996.146 996.249 0.102659
11 51 984.404 984.501 0.0975383
39 43 974.343 974.445 0.102658
1 0 689.554 0 -689.554
9 47 1116.15 1116.24 0.0975406
31 44 1216.81 1217.14 0.328707
21 48 710.349 712.651 2.30196
28 45 996.535 996.632 0.0975376
39 43 470.129 472.431 2.30195
23 46 469.39 471.692 2.30195
16 46 933.776 933.879 0.10266
30 44 1158.04 1158.65 0.61645
12 47 936.548 936.877 0.32871
38 54 692.229 694.531 2.30196
37 48 692.139 694.441 2.30195
9 47 689.827 692.129 2.30196
0 54 692.13 694.432 2.30196
32 59 689.449 691.751 2.30195
28 56 690.214 692.516 2.30196
6 51 1142.99 1143.09 0.09754
18 52 1146.15 1146.24 0.0975393
23 46 1144.86 1145.19 0.328707
0 59 968.45 968.548 0.0975378
22 50 474.857 477.159 2.30196
29 56 476.65 478.952 2.30195
27 60 482.385 484.687 2.30195
7 47 476.695 478.997 2.30195
12 46 480.762 483.063 2.30196
20 58 479.477 481.779 2.30195
17 52 479.989 482.291 2.30195
36 56 481.273 483.575 2.30196
4 55 484.958 487.26 2.30196
31 44 712.263 714.565 2.30195
31 44 484.37 486.672 2.30195
14 50 930.44 932.742 2.30196
16 46 963.776 963.874 0.0975404
2 55 711.48 713.782 2.30195
4 55 712.852 715.154 2.30196
9 47 936.147 936.25 0.102661
9 47 966.147 966.25 0.102661
20 58 935.263 935.366 0.102659
21 52 986.669 986.772 0.102658
6 51 932.99 933.093 0.10266
34 53 971.328 971.426 0.0975405
3 55 1066.83 1066.93 0.102659
12 46 969.09 969.418 0.328709
20 58 1133.69 1133.79 0.0975388
33 56 970.818 970.921 0.10266
3 55 976.829 976.926 0.0975392
24 45 1120.33 1120.5 0.174595
25 60 1084.83 1084.93 0.0975391
33 56 1000.82 1000.92 0.0975395
11 51 1074.4 1074.51 0.102658
39 43 1124.34 1124.44 0.0975384
21 52 938.242 938.427 0.184834
31 44 940.156 940.773 0.616451
2 55 957.8 957.903 0.102657
18 52 936.146 936.249 0.102659
29 56 932.437 933.751 1.31482
27 60 1003.25 1003.44 0.184834
5 55 964.636 964.733 0.0975383
19 52 941.275 941.373 0.09754
21 52 956.669 956.844 0.174594
30 44 930.142 932.444 2.30195
17 52 935.776 935.878 0.102658
7 57 932.482 934.784 2.30196
27 60 938.172 938.5 0.328706
4 55 940.745 941.361 0.616451
6 51 914.563 914.666 0.10266
8 47 915.339 917.641 2.30196
16 46 915.349 915.452 0.10266
26 60 915.972 916.074 0.102657
5 55 916.209 916.311 0.102658
25 60 916.401 916.504 0.102659
32 59 917.342 917.445 0.102659
1 55 917.448 919.75 2.30196
18 52 917.719 917.822 0.102659
9 47 917.72 917.823 0.102661
28 45 918.108 918.21 0.102658
0 59 920.023 920.126 0.102658
37 48 920.032 920.135 0.102658
38 55 920.122 922.424 2.30196
24 45 921.899 922.084 0.184835
10 51 922.076 924.378 2.30196
15 46 922.179 922.282 0.102658
33 56 922.391 922.494 0.10266
13 57 922.438 924.74 2.30196
19 52 922.848 922.951 0.10266
34 53 922.901 923.004 0.10266
23 46 925.177 925.793 0.616451
39 43 925.916 926.018 0.102658
33 56 940.818 940.921 0.10266
37 48 938.459 938.562 0.102658
34 53 941.328 941.426 0.0975405
11 51 954.404 954.506 0.102658
24 45 940.326 940.501 0.174595
2 55 1017.8 1017.9 0.0975368
37 48 968.459 968.562 0.102658
2 55 987.8 987.898 0.0975368
21 52 1076.67 1076.77 0.102658
0 59 998.45 998.548 0.0975378
12 46 1099.26 1099.59 0.328709
36 56 985.487 985.584 0.0975395
15 46 940.606 940.709 0.102658
9 47 1026.15 1026.24 0.0975406
3 55 1126.83 1126.93 0.0975392
6 51 992.99 993.088 0.09754
32 59 1085.77 1085.87 0.0975387
23 46 986.205 986.822 0.616451
31 44 1001.18 1001.8 0.616451
39 43 944.343 944.44 0.0975384
27 60 970.713 971.042 0.328706
17 52 954.203 954.305 0.102658
20 58 953.69 953.793 0.102659
3 55 946.829 946.932 0.102659
26 60 964.399 964.501 0.102657
25 60 964.828 964.931 0.102659
6 51 962.99 963.093 0.10266
36 56 955.487 955.584 0.0975395
3 55 1006.83 1006.93 0.102659
25 60 1024.83 1024.93 0.0975391
17 52 1014.2 1014.3 0.0975377
21 52 1016.67 1016.77 0.0975378
0 59 1028.45 1028.55 0.0975378
18 52 1026.15 1026.24 0.0975393
28 45 1146.53 1146.64 0.102658
26 60 1084.4 1084.5 0.0975368
5 55 1084.64 1084.73 0.0975383
25 60 1144.83 1144.93 0.0975391
11 51 1014.4 1014.5 0.0975383
20 58 1013.69 1013.79 0.0975388
27 60 1021.55 1021.73 0.174594
5 55 1024.64 1024.73 0.0975383
26 60 1024.4 1024.5 0.0975368
39 43 1004.34 1004.45 0.102658
36 56 1015.49 1015.59 0.10266
37 48 1028.46 1028.56 0.102658
12 46 1034.17 1034.5 0.328709
6 51 1082.99 1083.09 0.09754
16 46 1113.78 1113.87 0.0975404
16 46 1023.78 1023.87 0.0975404
32 59 1025.77 1025.87 0.0975387
7 47 1160.37 1160.7 0.328707
2 55 1137.8 1137.9 0.0975368
20 58 1073.69 1073.79 0.0975388
4 55 1199.17 1199.27 0.102659
39 43 1094.34 1094.45 0.102658
11 51 1044.4 1044.51 0.102658
19 52 1031.28 1031.38 0.10266
16 46 1053.78 1053.87 0.0975404
6 51 1022.99 1023.09 0.10266
28 45 1026.53 1026.64 0.102658
32 59 1145.77 1145.87 0.0975387
4 55 1095.34 1095.53 0.184835
16 46 1143.78 1143.87 0.0975404
34 53 1031.33 1031.43 0.0975405
33 56 1030.82 1030.92 0.10266
24 45 1030.33 1030.5 0.174595
8 47 1143.23 1145.53 2.30196
17 52 1044.2 1044.3 0.0975377
25 60 1114.83 1114.93 0.0975391
22 50 1052.7 1053.32 0.616452
6 51 1052.99 1053.09 0.10266
12 46 1066.71 1067.04 0.328709
23 46 1047.23 1047.56 0.328707
29 56 1062.6 1063.22 0.61645
39 43 1034.34 1034.45 0.102658
20 58 1043.69 1043.79 0.0975388
20 58 1163.69 1163.79 0.0975388
4 55 1062.8 1063.13 0.328707
9 47 1056.15 1056.24 0.0975406
3 55 1036.83 1036.93 0.102659
2 55 1047.8 1047.9 0.0975368
27 60 1046.6 1046.7 0.102658
26 60 1144.4 1144.5 0.0975368
21 52 1046.67 1046.77 0.102658
28 45 1056.53 1056.64 0.102658
25 60 1054.83 1054.93 0.0975391
34 53 1061.33 1061.43 0.0975405
37 48 1058.46 1058.56 0.102658
19 52 1061.28 1061.38 0.10266
32 59 1055.77 1055.87 0.0975387
0 59 1058.45 1058.55 0.0975378
18 52 1056.15 1056.24 0.0975393
33 56 1060.82 1060.92 0.10266
15 46 1060.61 1060.7 0.0975379
31 44 1062.21 1062.83 0.616451
39 43 1064.34 1064.45 0.102658
24 45 1060.33 1060.5 0.174595
17 52 1074.2 1074.3 0.0975377
5 55 1054.64 1054.73 0.0975383
26 60 1054.4 1054.5 0.0975368
18 52 1086.15 1086.24 0.0975393
9 47 1086.15 1086.24 0.0975406
10 51 1149.97 1150.07 0.10266
21 52 1136.67 1136.77 0.102658
28 45 1086.53 1086.64 0.102658
9 47 1146.15 1146.24 0.0975406
33 56 1090.82 1090.92 0.10266
19 52 1091.28 1091.38 0.10266
36 56 1105.49 1105.59 0.10266
34 53 1091.33 1091.43 0.0975405
15 46 1090.61 1090.7 0.0975379
24 45 1090.33 1090.5 0.174595
0 59 1088.45 1088.55 0.0975378
37 48 1088.46 1088.56 0.0975378
11 51 1134.4 1134.51 0.102658
0 59 1118.45 1118.55 0.0975378
0 59 1148.45 1148.55 0.0975378
27 60 1136.6 1136.7 0.102658
17 52 1134.2 1134.3 0.0975377
3 55 1096.83 1096.93 0.0975392
11 51 1164.4 1164.5 0.0975383
4 55 1113.64 1113.82 0.174595
12 46 1131.8 1132.13 0.328709
13 46 1150.33 1150.43 0.102661
27 60 1106.6 1106.7 0.102658
22 50 1113.73 1114.35 0.616452
6 51 1112.99 1113.09 0.09754
23 46 1112.32 1112.65 0.328707
11 51 1104.4 1104.51 0.102658
17 52 1104.2 1104.3 0.0975377
31 44 1123.24 1123.86 0.616451
5 55 1114.64 1114.73 0.0975383
2 55 1107.8 1107.9 0.0975368
1 59 1145.34 1147.64 2.30196
21 52 1106.67 1106.77 0.102658
26 60 1114.4 1114.5 0.0975368
38 54 1148.02 1150.32 2.30196
20 58 1103.69 1103.79 0.0975388
18 52 1116.15 1116.24 0.0975393
4 55 1139.17 1139.27 0.102659
29 56 1184.66 1184.99 0.328706
29 56 1123.63 1124.25 0.61645
24 45 1150.33 1150.5 0.174595
28 45 1116.53 1116.64 0.102658
33 56 1120.82 1120.92 0.0975395
19 52 1121.28 1121.38 0.10266
15 46 1120.61 1120.7 0.0975379
3 55 1156.83 1156.93 0.0975392
15 46 1150.61 1150.7 0.0975379
10 47 1160.13 1160.23 0.102662
33 56 1150.82 1150.92 0.0975395
8 47 1371.13 1371.45 0.328708
36 56 1165.49 1165.59 0.10266
34 53 1181.33 1181.43 0.10266
34 53 1151.33 1151.43 0.10266
22 50 1174.76 1175.37 0.616452
19 52 1151.28 1151.37 0.09754
39 43 1154.34 1154.44 0.0975384
23 46 1177.4 1177.59 0.184835
25 60 1174.83 1174.93 0.0975391
31 44 1184.27 1184.6 0.328707
18 52 1176.15 1176.24 0.0975393
16 46 1173.78 1173.87 0.0975404
26 60 1174.4 1174.5 0.0975368
27 60 1166.6 1166.7 0.102658
1 59 1373.23 1375.54 2.30196
15 46 1180.61 1180.7 0.0975379
21 52 1166.67 1166.77 0.0975378
17 52 1164.2 1164.3 0.0975377
4 55 1169.17 1169.27 0.102659
22 50 1235.79 1236.4 0.616452
38 54 1375.91 1378.21 2.30196
9 47 1176.15 1176.24 0.0975406
32 59 1175.77 1175.87 0.0975387
10 51 1180.5 1180.61 0.10266
6 51 1172.99 1173.09 0.10266
2 55 1167.8 1167.9 0.0975368
37 48 1178.46 1178.56 0.0975378
5 55 1174.64 1174.73 0.0975383
33 56 1180.82 1180.92 0.0975395
24 45 1180.33 1180.5 0.174595
23 46 1195.7 1195.87 0.174595
13 46 1180.87 1180.96 0.097541
19 52 1181.28 1181.37 0.09754
21 52 1196.67 1196.77 0.0975378
39 43 1184.34 1184.44 0.0975384
0 59 1178.45 1178.55 0.0975378
20 58 1193.69 1193.79 0.0975388
36 56 1195.49 1195.58 0.0975395
17 52 1194.2 1194.3 0.0975377
30 44 1219.06 1219.68 0.61645
28 45 1176.53 1176.63 0.0975376
29 56 1217.2 1217.39 0.184834
7 47 1192.92 1193.1 0.184835
14 50 1288.5 1289.12 0.616451
12 46 1196.88 1197.21 0.328709
2 55 1197.8 1197.9 0.0975368
11 51 1194.4 1194.5 0.0975383
27 60 1196.6 1196.7 0.102658
3 55 1186.83 1186.93 0.0975392
