31 66 0.0299497 2.33191 2.30196
12 64 0.135032 2.43699 2.30195
41 57 1134.31 1134.4 0.0975378
14 65 4.84468 7.14663 2.30195
47 73 702.182 704.484 2.30195
15 64 694.26 696.561 2.30196
1 58 1150.07 1150.18 0.102658
13 65 1173.37 1173.47 0.102658
46 63 961.421 961.524 0.102659
49 80 1045.27 1045.37 0.102658
24 59 0.95657 3.25852 2.30195
47 73 1038.5 1038.6 0.0975372
45 78 927.403 927.588 0.184834
18 65 1.07857 3.38053 2.30195
4 59 697.923 700.225 2.30195
24 59 1140.96 1141.05 0.0975383
7 59 1163.08 1165.39 2.30195
30 72 1.30955 3.61151 2.30195
21 64 697.483 699.785 2.30196
5 65 696.546 698.848 2.30195
4 59 1124.24 1124.34 0.097538
46 63 1.42131 3.72326 2.30195
31 65 1139.39 1139.72 0.328707
39 62 697.257 699.559 2.30195
0 59 1166.2 1168.5 2.30196
29 65 940.435 942.737 2.30196
33 76 4.62756 6.92952 2.30195
36 83 2.34236 4.64431 2.30195
3 64 706.036 708.338 2.30195
7 59 707.297 709.599 2.30195
13 65 3.36512 5.66708 2.30195
45 78 699.51 701.812 2.30195
42 64 5.10242 7.40437 2.30195
27 72 4.31892 6.62088 2.30195
44 61 5.57101 7.87297 2.30195
16 0 695.702 0 -695.702
31 65 1171.94 1172.27 0.328707
32 75 698.928 701.23 2.30195
37 84 702.856 705.158 2.30195
22 59 7.16851 9.47047 2.30195
35 75 5.69072 7.99268 2.30195
9 64 695.645 697.947 2.30195
43 54 8.39854 10.7005 2.30195
8 58 10.2742 12.5762 2.30195
1 58 10.6064 12.9083 2.30195
42 64 1144.57 1144.75 0.184834
15 0 10.5798 0 -10.5798
9 0 11.9651 0 -11.9651
2 59 936.992 937.095 0.102658
38 84 940.459 940.788 0.328707
3 64 933.929 934.032 0.102657
1 64 694.286 696.588 2.30196
31 65 976.686 977.015 0.328707
16 0 12.0219 0 -12.0219
8 58 693.954 696.256 2.30195
21 58 13.8035 16.1055 2.30195
43 54 692.078 694.38 2.30195
5 65 12.866 15.168 2.30195
36 83 1112.34 1112.44 0.0975378
45 78 15.8303 18.1323 2.30195
32 0 15.248 0 -15.248
39 62 13.577 15.8789 2.30195
47 73 1128.5 1128.6 0.0975372
4 59 14.2429 16.5448 2.30195
34 0 15.0682 0 -15.0682
28 71 20.8984 23.2004 2.30195
40 62 19.4971 21.7991 2.30195
17 59 21.1768 23.4788 2.30195
10 65 19.851 22.153 2.30195
11 59 19.0376 21.3396 2.30195
6 65 20.8709 23.1729 2.30195
37 84 19.1764 21.4783 2.30195
47 73 18.5018 20.8038 2.30195
22 59 690.848 693.15 2.30195
33 76 1174.63 1174.73 0.0975379
35 75 689.37 691.672 2.30195
48 54 934.964 935.067 0.10266
46 63 1141.42 1141.52 0.0975389
44 61 689.251 691.553 2.30195
17 59 1160.64 1160.75 0.102656
39 62 1003.58 1003.68 0.102659
42 64 688.782 691.084 2.30195
44 61 1115.57 1115.67 0.097538
23 58 1163.09 1165.39 2.30195
14 65 688.524 690.826 2.30195
3 64 1042.36 1042.45 0.0975373
17 59 704.857 707.159 2.30195
34 75 698.748 701.05 2.30195
3 64 22.356 24.658 2.30195
26 72 25.6796 27.9816 2.30195
48 53 23.391 25.693 2.30195
23 58 23.6202 25.9222 2.30195
7 59 23.6168 25.9188 2.30195
38 84 973.001 973.186 0.184835
26 72 1165.15 1167.45 2.30195
35 75 1115.69 1115.79 0.0975384
41 57 24.3071 26.609 2.30195
33 76 688.307 690.609 2.30195
2 59 25.4191 27.721 2.30195
49 80 25.2703 27.5723 2.30195
11 65 702.717 705.019 2.30196
36 83 1172.34 1172.44 0.0975378
37 84 1129.18 1129.27 0.097539
27 66 687.999 690.301 2.30196
41 57 1164.31 1164.4 0.0975378
21 58 943.804 943.906 0.102657
13 0 687.045 0 -687.045
38 84 1108.89 1108.99 0.102659
20 58 26.5918 28.8938 2.30195
19 59 26.2594 28.5614 2.30195
36 83 686.022 688.324 2.30195
25 65 27.9606 30.2626 2.30196
0 58 26.7325 29.0345 2.30195
48 53 707.071 709.373 2.30195
1 0 466.393 0 -466.393
3 64 250.249 252.551 2.30195
29 71 28.8619 31.1639 2.30196
2 59 1135.42 1135.52 0.0975376
47 73 246.395 248.697 2.30195
38 84 28.8862 31.1882 2.30196
11 59 246.931 249.233 2.30195
14 65 1114.84 1114.94 0.0975386
46 63 685.101 687.403 2.30195
10 65 247.744 250.046 2.30195
41 57 252.2 254.502 2.30195
40 62 247.39 249.692 2.30195
17 59 932.75 935.052 2.30195
5 65 468.653 470.954 2.30195
48 53 251.284 253.586 2.30195
9 0 1151.43 0 -1151.43
23 58 251.513 253.815 2.30195
7 59 251.51 253.812 2.30195
38 84 1048.89 1048.98 0.097539
37 84 247.07 249.372 2.30195
4 59 944.243 944.346 0.102658
28 71 248.792 251.094 2.30195
31 65 227.923 230.225 2.30196
12 64 228.028 230.33 2.30195
24 59 228.85 231.152 2.30195
18 65 228.972 231.274 2.30195
30 72 229.203 231.505 2.30195
46 63 229.315 231.617 2.30195
36 83 230.236 232.538 2.30195
13 65 231.258 233.56 2.30195
27 72 232.212 234.514 2.30195
33 76 232.521 234.823 2.30195
14 65 232.738 235.04 2.30195
42 64 232.996 235.298 2.30195
44 61 233.464 235.766 2.30195
35 75 233.584 235.886 2.30195
22 59 235.062 237.364 2.30195
43 54 236.292 238.594 2.30195
8 58 238.167 240.469 2.30195
15 0 238.473 0 -238.473
1 58 238.5 240.802 2.30195
9 64 239.858 242.16 2.30195
16 65 239.915 242.217 2.30196
5 65 240.759 243.061 2.30195
39 62 241.47 243.772 2.30195
21 58 241.697 243.999 2.30195
4 59 242.136 244.438 2.30195
34 75 242.961 245.263 2.30195
32 75 243.141 245.443 2.30195
45 78 243.724 246.026 2.30195
2 59 955.419 955.522 0.102658
16 59 1151.49 1153.79 2.30196
45 78 1125.83 1125.93 0.0975384
38 84 1168.89 1168.98 0.097539
30 72 684.989 687.291 2.30195
18 64 684.758 687.06 2.30196
24 59 1050.96 1051.13 0.174594
24 59 684.636 686.938 2.30195
13 65 1142.83 1142.93 0.102658
3 64 952.356 952.459 0.102657
19 58 937.832 940.134 2.30196
12 64 683.815 686.117 2.30195
12 64 1170.14 1170.23 0.0975385
38 84 712.566 714.868 2.30196
31 65 683.71 686.012 2.30196
25 0 711.64 0 -711.64
10 65 931.424 933.726 2.30195
6 65 248.764 251.066 2.30195
40 62 949.497 949.6 0.102658
17 59 249.07 251.372 2.30195
27 72 1174.32 1174.42 0.0975375
37 84 1189.18 1189.27 0.097539
24 59 960.957 961.131 0.174594
34 75 1154.53 1156.84 2.30195
40 62 1069.5 1069.6 0.102658
21 58 1123.8 1123.9 0.0975372
29 0 712.542 0 -712.542
47 73 1188.5 1188.6 0.0975372
20 58 254.485 256.787 2.30195
38 84 256.779 259.081 2.30196
0 58 254.626 256.928 2.30195
2 59 253.312 255.614 2.30195
26 72 253.573 255.875 2.30195
49 80 253.164 255.466 2.30195
29 71 256.755 259.057 2.30196
25 65 255.854 258.156 2.30196
19 59 254.153 256.455 2.30195
33 76 994.628 994.725 0.0975379
28 71 1130.9 1131 0.0975369
2 59 1045.42 1045.52 0.0975376
47 73 948.502 948.604 0.102657
48 53 1133.39 1133.49 0.0975386
23 0 707.3 0 -707.3
39 62 943.577 943.68 0.102659
43 54 1118.4 1118.5 0.102658
10 0 703.531 0 -703.531
28 71 704.578 706.88 2.30195
45 78 945.83 946.005 0.174594
6 65 704.551 706.853 2.30195
40 62 703.177 705.479 2.30195
41 57 935.88 935.983 0.102658
35 75 935.691 935.793 0.102658
17 59 1191.18 1191.27 0.0975363
20 0 938.165 0 -938.165
18 65 1140.54 1142.85 2.30195
25 65 939.534 941.836 2.30196
40 62 931.07 931.255 0.184834
49 80 936.843 936.946 0.102658
31 65 944.145 944.473 0.328707
6 65 932.444 934.746 2.30195
40 62 1129.5 1129.6 0.102658
4 59 1184.24 1184.34 0.097538
22 59 1374.53 1376.83 2.30195
38 84 1138.89 1138.99 0.102659
12 64 960.135 960.238 0.102658
28 71 932.471 932.574 0.102657
15 64 1377.94 1380.24 2.30196
30 72 1140.78 1140.88 0.102659
17 59 476.963 479.265 2.30195
2 59 481.206 483.508 2.30195
23 0 479.407 0 -479.407
30 72 1150.94 1151.04 0.102659
26 72 937.253 939.555 2.30195
37 84 474.963 477.265 2.30195
39 62 469.363 471.665 2.30195
26 72 481.466 483.768 2.30195
20 58 710.272 712.574 2.30195
4 59 470.029 472.331 2.30195
2 59 709.099 711.401 2.30195
7 0 479.403 0 -479.403
20 0 482.378 0 -482.378
29 0 484.648 0 -484.648
0 0 482.519 0 -482.519
26 72 709.359 711.661 2.30195
19 59 482.046 484.348 2.30195
40 62 475.284 477.586 2.30195
10 65 475.638 477.939 2.30195
29 0 1168.33 0 -1168.33
37 84 949.176 949.279 0.102659
22 59 462.955 465.257 2.30195
48 53 953.391 953.494 0.102659
6 65 476.657 478.959 2.30195
48 53 479.178 481.479 2.30195
34 75 1382.43 1382.76 0.328706
27 72 964.319 964.422 0.102657
45 78 471.617 473.919 2.30195
16 0 467.808 0 -467.808
11 60 474.824 477.126 2.30196
28 71 476.685 478.987 2.30195
31 65 455.816 458.118 2.30196
12 64 455.922 458.223 2.30195
24 59 456.743 459.045 2.30195
18 65 456.865 459.167 2.30195
30 72 457.096 459.398 2.30195
46 63 457.208 459.51 2.30195
36 83 458.129 460.431 2.30195
13 65 459.152 461.454 2.30195
27 72 460.105 462.407 2.30195
33 76 460.414 462.716 2.30195
14 65 460.631 462.933 2.30195
42 64 460.889 463.191 2.30195
44 61 461.358 463.659 2.30195
35 75 461.477 463.779 2.30195
49 80 955.27 955.373 0.102658
2 59 1165.42 1165.52 0.0975376
15 0 466.366 0 -466.366
43 54 464.185 466.487 2.30195
47 73 474.288 476.59 2.30195
21 58 469.59 471.892 2.30195
8 58 466.061 468.363 2.30195
9 64 467.752 470.054 2.30195
34 0 470.855 0 -470.855
32 0 471.034 0 -471.034
41 57 480.094 482.396 2.30195
49 80 481.057 483.359 2.30195
3 64 478.143 480.444 2.30195
25 0 483.747 0 -483.747
49 80 708.95 711.252 2.30195
38 84 484.673 486.975 2.30196
46 63 931.421 931.524 0.102659
0 58 710.412 712.714 2.30195
41 57 707.987 710.289 2.30195
19 59 709.939 712.241 2.30195
5 65 1162.5 1162.6 0.102658
10 65 1159.32 1159.65 0.328706
28 71 950.898 951.001 0.102657
5 65 1182.87 1182.96 0.097538
23 0 935.193 0 -935.193
12 64 1110.14 1110.23 0.0975385
39 62 1183.58 1183.67 0.0975387
44 61 965.571 965.674 0.102658
33 76 964.628 964.725 0.0975379
28 71 1190.9 1191 0.0975369
24 58 1170.96 1171.05 0.0975397
37 84 1099.18 1099.27 0.097539
11 59 1158.5 1160.81 2.30195
15 0 1150.05 0 -1150.05
48 53 1043.39 1043.49 0.0975386
3 64 1132.36 1132.45 0.0975373
35 75 965.691 965.788 0.0975384
21 58 973.804 973.901 0.0975372
0 54 938.305 940.607 2.30196
44 61 935.571 935.674 0.102658
7 59 935.19 937.492 2.30195
43 54 952.513 952.842 0.328706
12 64 930.135 930.238 0.102658
27 72 934.319 934.422 0.102657
35 75 995.691 995.788 0.0975384
47 73 930.075 930.177 0.102657
11 65 930.611 932.913 2.30196
24 59 990.957 991.131 0.174594
31 65 911.603 911.932 0.328707
12 64 911.708 911.811 0.102658
24 59 912.53 912.714 0.184834
18 65 912.652 914.954 2.30195
30 72 912.883 915.184 2.30195
46 63 912.994 913.097 0.102659
36 83 913.915 914.018 0.102658
13 59 914.938 917.24 2.30196
27 72 915.892 915.995 0.102657
33 76 916.201 916.303 0.102658
14 59 916.418 916.52 0.102659
42 64 916.675 918.977 2.30195
44 61 917.144 917.247 0.102658
35 75 917.264 917.366 0.102658
22 58 918.742 921.043 2.30196
43 54 919.972 920.3 0.328706
8 59 921.847 924.149 2.30196
15 0 922.153 0 -922.153
1 64 922.179 924.481 2.30196
16 0 923.595 0 -923.595
9 0 923.538 0 -923.538
34 75 926.641 928.943 2.30195
37 84 930.749 930.852 0.102659
32 75 926.821 929.123 2.30195
4 65 925.816 925.919 0.10266
5 65 924.439 926.741 2.30195
21 58 925.377 925.479 0.102657
39 62 925.15 925.253 0.102659
41 57 954.307 954.41 0.102658
18 65 1368.44 1368.54 0.102658
42 64 1175.1 1175.2 0.0975382
13 65 1152.99 1153.1 0.102658
5 65 1152.33 1152.43 0.102658
8 58 1377.63 1377.74 0.102656
39 62 1123.58 1123.67 0.0975387
22 59 1146.63 1148.94 2.30195
24 59 930.957 931.131 0.174594
46 63 1051.42 1051.52 0.0975389
12 64 1050.14 1050.23 0.0975385
24 59 1110.96 1111.05 0.0975383
14 65 934.845 934.947 0.102659
30 72 1171.31 1171.41 0.097539
45 78 1005.83 1005.93 0.102658
36 83 932.342 932.445 0.102658
33 76 934.628 934.73 0.102658
2 59 1105.42 1105.52 0.0975376
20 0 1166.06 0 -1166.06
44 61 995.571 995.674 0.102658
27 72 994.319 994.422 0.102657
14 65 964.845 964.947 0.102659
36 83 962.342 962.445 0.102658
41 57 1044.31 1044.41 0.102658
8 64 1149.74 1152.04 2.30196
45 78 975.83 975.933 0.102658
14 65 994.845 994.942 0.0975386
39 62 973.577 973.68 0.102659
43 54 985.055 985.384 0.328706
38 84 991.299 991.402 0.102659
4 59 974.243 974.346 0.102658
37 84 1159.18 1159.27 0.097539
43 54 1178.4 1178.5 0.102658
25 0 1167.43 0 -1167.43
27 72 1114.32 1114.42 0.0975375
12 64 1140.14 1140.23 0.0975385
31 65 1074.31 1074.64 0.328707
9 64 1379.32 1381.63 2.30195
32 75 1154.71 1157.02 2.30195
40 62 979.497 979.595 0.0975379
37 84 979.176 979.279 0.102659
28 71 1100.9 1101 0.0975369
48 53 983.391 983.494 0.102659
41 57 984.307 984.41 0.102658
3 64 982.356 982.454 0.0975373
3 64 1012.36 1012.45 0.0975373
49 80 985.27 985.373 0.102658
28 71 980.898 980.996 0.0975369
31 65 1009.23 1009.56 0.328707
46 63 991.421 991.519 0.0975389
12 64 990.135 990.233 0.0975385
41 57 1014.31 1014.41 0.102658
2 59 985.419 985.517 0.0975376
47 73 978.502 978.604 0.102657
27 72 1024.32 1024.42 0.0975375
37 84 1009.18 1009.28 0.102659
4 59 1004.24 1004.35 0.102658
43 54 1017.6 1017.78 0.184834
36 83 992.342 992.445 0.102658
21 58 1003.8 1003.9 0.0975372
40 62 1009.5 1009.6 0.102658
40 62 1039.5 1039.6 0.102658
44 61 1175.57 1175.67 0.097538
28 71 1040.9 1041 0.0975369
36 83 1022.34 1022.45 0.102658
48 53 1013.39 1013.49 0.0975386
47 73 1008.5 1008.6 0.102657
38 84 1018.89 1018.98 0.097539
49 80 1015.27 1015.37 0.102658
46 63 1021.42 1021.52 0.0975389
45 78 1035.83 1035.93 0.102658
14 65 1024.84 1024.94 0.0975386
37 84 1039.18 1039.27 0.097539
4 59 1034.24 1034.34 0.097538
10 65 1191.86 1192.04 0.184834
2 59 1015.42 1015.52 0.0975376
35 75 1025.69 1025.79 0.0975384
44 61 1025.57 1025.67 0.097538
21 58 1033.8 1033.9 0.0975372
31 65 1041.77 1042.1 0.328707
12 64 1020.14 1020.23 0.0975385
24 59 1020.96 1021.13 0.174594
39 62 1033.58 1033.68 0.102659
28 71 1010.9 1011 0.0975369
43 54 1035.89 1036 0.102658
33 76 1024.63 1024.73 0.0975379
28 71 1070.9 1071 0.0975369
41 57 1074.31 1074.4 0.0975378
44 61 1055.57 1055.67 0.097538
27 72 1054.32 1054.42 0.0975375
39 62 1063.58 1063.67 0.0975387
21 58 1063.8 1063.9 0.0975372
45 78 1065.83 1065.93 0.102658
4 59 1064.24 1064.34 0.097538
43 54 1058.4 1058.5 0.0975382
35 75 1055.69 1055.79 0.0975384
14 65 1054.84 1054.94 0.0975386
33 76 1054.63 1054.73 0.0975379
36 83 1052.34 1052.44 0.0975378
28 71 1160.9 1161 0.0975369
3 64 1072.36 1072.45 0.0975373
40 62 1189.5 1189.59 0.0975379
27 72 1144.32 1144.42 0.0975375
49 80 1135.27 1135.37 0.0975376
11 59 1386.4 1386.73 0.328705
16 65 1379.38 1381.68 2.30196
6 65 1160.34 1162.64 2.30195
33 76 1114.63 1114.73 0.0975379
3 64 1102.36 1102.45 0.0975373
40 62 1159.5 1159.6 0.102658
21 58 1183.8 1183.9 0.0975372
6 65 1388.23 1388.33 0.102657
46 63 1111.42 1111.52 0.0975389
36 83 1142.34 1142.44 0.0975378
48 53 1073.39 1073.49 0.0975386
49 80 1075.27 1075.37 0.0975376
35 75 1085.69 1085.79 0.0975384
37 84 1069.18 1069.27 0.097539
46 63 1081.42 1081.52 0.0975389
47 73 1068.5 1068.6 0.0975372
19 59 1165.73 1168.03 2.30195
44 61 1085.57 1085.67 0.097538
14 65 1084.84 1084.94 0.0975386
24 59 1080.96 1081.06 0.102658
49 80 1105.27 1105.37 0.0975376
2 59 1075.42 1075.52 0.0975376
33 76 1084.63 1084.73 0.0975379
41 57 1104.31 1104.4 0.0975378
27 72 1084.32 1084.42 0.0975375
39 62 1093.58 1093.67 0.0975387
21 58 1093.8 1093.9 0.0975372
43 54 1088.4 1088.5 0.102658
31 65 1106.85 1107.18 0.328707
45 78 1095.83 1095.93 0.102658
12 64 1080.14 1080.23 0.0975385
4 59 1094.24 1094.34 0.097538
33 76 1144.63 1144.73 0.0975379
38 84 1078.89 1078.98 0.097539
46 63 1171.42 1171.52 0.0975389
36 83 1082.34 1082.44 0.0975378
48 53 1103.39 1103.49 0.0975386
47 73 1098.5 1098.6 0.0975372
45 78 1185.83 1185.93 0.0975384
40 62 1099.5 1099.6 0.102658
44 61 1145.57 1145.67 0.097538
42 64 1162.87 1162.97 0.102658
14 59 1144.84 1144.94 0.0975394
35 75 1145.69 1145.79 0.0975384
35 75 1175.69 1175.79 0.0975384
1 58 1180.61 1180.7 0.0975381
43 54 1148.4 1148.5 0.102658
32 75 1382.61 1382.79 0.184834
14 65 1174.84 1174.94 0.0975386
1 58 1160.24 1160.34 0.102658
3 64 1192.36 1192.45 0.0975373
49 80 1165.27 1165.37 0.0975376
39 62 1153.58 1153.67 0.0975387
21 58 1153.8 1153.9 0.0975372
45 78 1155.83 1155.93 0.0975384
4 59 1154.24 1154.34 0.097538
48 53 1163.39 1163.49 0.0975386
17 58 1170.81 1170.91 0.102662
47 73 1158.5 1158.6 0.0975372
3 64 1162.36 1162.45 0.0975373
38 84 1198.89 1198.98 0.097539
49 80 1195.27 1195.37 0.0975376
25 71 1395.32 1397.62 2.30196
7 59 1390.98 1393.28 2.30195
23 0 1390.98 0 -1390.98
48 53 1193.39 1193.49 0.0975386
29 71 1396.22 1398.52 2.30196
2 59 1195.42 1195.52 0.0975376
26 72 1393.04 1395.34 2.30195
41 57 1194.31 1194.4 0.0975378
0 58 1394.09 1394.19 0.102658
20 64 1393.95 1396.25 2.30196
19 59 1393.62 1393.72 0.102658
