8 35 0.114121 2.41608 2.30195
19 51 11.4657 13.7676 2.30196
9 56 8.93023 11.2322 2.30195
23 32 10.9815 13.2835 2.30196
15 53 1176.75 1176.85 0.0975384
27 52 5.26652 7.56848 2.30195
14 0 6.44017 0 -6.44017
15 53 6.74854 9.0505 2.30195
7 50 6.19031 8.49226 2.30195
6 39 5.34806 7.65001 2.30195
7 50 1086.19 1086.29 0.0975387
26 55 13.7528 16.0548 2.30195
25 51 12.3956 14.6975 2.30195
11 43 977.691 977.865 0.174594
21 0 935.392 0 -935.392
7 50 917.763 917.866 0.102659
18 36 21.9475 24.2495 2.30196
28 46 21.4143 23.7162 2.30195
11 43 15.2778 17.5798 2.30195
3 35 19.8534 22.1553 2.30195
16 36 20.337 22.639 2.30195
10 44 19.7382 22.0402 2.30195
1 39 18.1664 20.4683 2.30195
5 50 19.2008 21.5028 2.30195
22 48 19.8928 22.1947 2.30196
26 55 943.753 943.855 0.102658
21 48 23.8187 26.1206 2.30195
14 53 1178.45 1178.63 0.184836
6 39 916.921 917.024 0.102656
6 39 1085.35 1085.45 0.0975363
27 52 916.84 916.942 0.102657
5 50 949.201 949.303 0.102657
8 35 911.687 912.304 0.61645
17 47 940.562 940.89 0.328707
0 50 938.805 938.99 0.184835
9 56 1088.93 1089.03 0.102659
4 50 22.109 24.411 2.30195
25 51 923.969 924.071 0.102658
26 55 925.326 925.511 0.184834
24 48 23.1574 25.4594 2.30196
29 0 24.0002 0 -24.0002
18 36 933.521 933.705 0.184835
25 51 942.396 942.498 0.102658
13 53 26.2595 28.5615 2.30196
0 50 27.2323 29.5343 2.30195
20 41 28.1647 30.4666 2.30195
2 39 28.0766 30.3786 2.30196
12 43 29.0055 31.3075 2.30196
20 41 939.738 939.84 0.102658
4 50 933.682 933.785 0.102659
26 55 973.753 973.85 0.0975382
4 50 982.109 982.212 0.102659
17 47 28.9887 31.2907 2.30196
22 48 247.786 250.088 2.30196
17 47 256.882 259.184 2.30196
5 50 1039.2 1039.3 0.0975367
3 35 247.747 250.049 2.30195
29 48 251.893 254.195 2.30195
10 44 247.631 249.933 2.30195
21 48 251.712 254.014 2.30195
5 50 247.094 249.396 2.30195
20 41 256.058 258.36 2.30195
1 39 246.06 248.362 2.30195
28 46 951.414 951.517 0.102658
13 53 254.153 256.455 2.30196
12 43 256.899 259.201 2.30196
25 51 468.182 470.484 2.30195
8 35 228.007 230.309 2.30195
27 52 233.16 235.462 2.30195
6 39 233.241 235.543 2.30195
7 50 234.084 236.386 2.30195
14 53 234.333 236.635 2.30196
15 53 234.642 236.944 2.30195
9 56 236.823 239.125 2.30195
23 32 238.875 241.177 2.30196
19 41 239.359 241.661 2.30196
25 51 240.289 242.591 2.30195
26 55 241.646 243.948 2.30195
11 43 243.171 245.473 2.30195
1 39 978.166 978.264 0.0975376
2 39 255.97 258.272 2.30196
24 42 251.051 253.353 2.30196
18 51 249.841 252.143 2.30196
16 36 248.23 250.532 2.30195
4 50 250.002 252.304 2.30195
28 46 249.308 251.609 2.30195
0 50 255.126 257.428 2.30195
8 35 455.901 458.203 2.30195
19 51 1091.47 1091.56 0.0975402
5 50 979.201 979.303 0.102657
9 56 985.587 985.771 0.184835
24 42 934.73 934.833 0.10266
3 35 931.426 933.728 2.30195
13 53 998.861 999.477 0.616451
24 48 983.157 983.255 0.0975399
7 50 996.19 996.288 0.0975387
29 0 935.573 0 -935.573
15 53 1086.75 1086.85 0.0975384
9 56 1178.93 1179.03 0.0975386
28 46 1071.41 1071.51 0.0975376
24 48 1163.16 1163.25 0.0975399
12 43 989.006 989.108 0.102659
6 39 995.348 995.451 0.102656
10 44 949.738 949.841 0.102658
11 43 1065.28 1065.38 0.102658
2 35 939.65 941.952 2.30196
28 46 981.414 981.517 0.102658
17 47 1005.65 1005.83 0.184835
6 39 461.135 463.437 2.30195
27 52 461.053 463.355 2.30195
0 50 987.232 987.33 0.0975385
18 36 951.948 952.122 0.174595
1 39 948.166 948.264 0.0975376
11 43 926.851 927.18 0.328706
18 36 981.948 982.122 0.174595
9 56 920.503 920.832 0.328707
0 50 483.019 485.321 2.30195
21 48 479.605 481.907 2.30195
29 48 479.787 482.089 2.30195
15 53 462.535 464.837 2.30195
14 53 462.227 464.529 2.30196
23 32 1090.98 1091.08 0.0975409
7 50 461.977 464.279 2.30195
26 55 469.539 471.841 2.30195
10 44 475.525 477.827 2.30195
10 44 931.311 931.414 0.102658
15 53 918.322 918.424 0.102658
14 36 918.013 920.315 2.30196
2 39 483.863 486.165 2.30196
19 51 467.252 469.554 2.30196
3 35 475.64 477.942 2.30195
16 36 476.123 478.425 2.30195
9 56 464.717 467.019 2.30195
5 50 474.987 477.289 2.30195
23 32 466.768 469.07 2.30196
1 39 473.953 476.255 2.30195
11 43 471.064 473.366 2.30195
22 48 475.679 477.981 2.30196
11 43 1185.28 1185.38 0.102658
13 53 937.832 938.449 0.616451
8 35 972.715 973.332 0.61645
15 53 966.749 966.846 0.0975384
7 50 966.19 966.293 0.102659
28 46 477.201 479.503 2.30195
4 50 477.896 480.197 2.30195
24 42 478.944 481.246 2.30196
18 36 477.734 480.036 2.30196
22 48 931.466 933.768 2.30196
20 41 1168.16 1168.26 0.097538
27 52 1085.27 1085.36 0.0975371
1 39 929.739 929.842 0.102658
13 53 482.046 484.348 2.30196
5 50 930.774 930.876 0.102657
12 43 940.579 940.681 0.102659
20 41 483.951 486.253 2.30195
17 47 484.775 487.077 2.30196
12 43 484.792 487.094 2.30196
19 51 923.039 923.367 0.328708
16 36 931.91 932.095 0.184834
23 32 922.555 922.739 0.184837
24 48 1073.16 1073.25 0.0975399
12 43 712.685 714.987 2.30196
17 47 712.668 714.97 2.30196
29 0 707.68 0 -707.68
21 0 707.498 0 -707.498
8 35 683.794 686.096 2.30195
27 52 688.946 691.248 2.30195
6 39 689.028 691.33 2.30195
7 50 689.87 692.172 2.30195
14 53 690.12 692.422 2.30196
15 53 690.428 692.73 2.30195
9 56 692.61 694.912 2.30195
23 32 694.661 696.963 2.30196
19 51 695.145 697.447 2.30196
25 51 696.075 698.377 2.30195
26 55 697.433 699.735 2.30195
11 43 698.958 701.26 2.30195
1 39 701.846 704.148 2.30195
5 50 702.881 705.183 2.30195
10 44 703.418 705.72 2.30195
3 35 703.533 705.835 2.30195
22 48 703.573 705.874 2.30196
16 36 704.017 706.319 2.30195
28 46 705.094 707.396 2.30195
18 36 705.627 707.929 2.30196
4 50 705.789 708.091 2.30195
24 42 706.837 709.139 2.30196
27 52 995.267 995.364 0.0975371
20 41 958.165 958.262 0.097538
1 39 1038.17 1038.27 0.102658
20 41 988.165 988.267 0.102658
11 43 1155.28 1155.38 0.102658
13 53 709.939 712.241 2.30196
28 46 932.987 933.09 0.102658
4 50 952.109 952.212 0.102659
2 39 711.756 714.058 2.30196
20 41 711.844 714.146 2.30195
0 39 710.912 713.214 2.30196
27 52 1175.27 1175.36 0.0975371
12 43 959.006 959.108 0.102659
10 44 979.738 979.841 0.102658
16 36 980.337 980.435 0.0975381
27 52 935.267 935.369 0.102657
5 50 1069.2 1069.3 0.0975367
11 43 959.393 959.577 0.184834
19 51 955.58 955.765 0.184836
6 39 935.348 935.451 0.102656
7 50 936.19 936.293 0.102659
16 36 950.337 950.44 0.102658
15 53 936.749 936.851 0.102658
9 56 953.045 953.374 0.328707
6 39 1025.35 1025.45 0.0975363
24 48 953.157 953.26 0.10266
13 53 1092.43 1092.76 0.328707
18 36 1071.95 1072.12 0.174595
23 32 940.982 941.156 0.174597
0 50 957.232 957.335 0.102659
23 32 970.982 971.156 0.174597
27 52 965.267 965.364 0.0975371
25 51 972.396 972.493 0.0975378
17 47 973.103 973.432 0.328707
19 51 973.879 974.053 0.174596
6 39 965.348 965.451 0.102656
19 51 1001.47 1001.64 0.174596
25 51 1002.4 1002.49 0.0975378
15 53 996.749 996.851 0.102658
9 56 1003.88 1003.99 0.102659
1 39 1068.17 1068.27 0.102658
16 36 1010.34 1010.43 0.0975381
10 44 1009.74 1009.84 0.102658
26 55 1003.75 1003.85 0.0975382
5 50 1009.2 1009.3 0.0975367
23 32 1000.98 1001.08 0.102661
26 55 1063.75 1063.85 0.0975382
25 51 1092.4 1092.49 0.0975378
11 43 1005.28 1005.38 0.102658
4 50 1072.11 1072.21 0.0975389
1 39 1008.17 1008.26 0.0975376
28 46 1011.41 1011.52 0.102658
0 50 1017.23 1017.33 0.0975385
20 41 1018.16 1018.27 0.102658
4 50 1012.11 1012.21 0.0975389
19 51 1031.47 1031.64 0.174596
9 56 1028.93 1029.03 0.0975386
18 36 1011.95 1012.12 0.174595
7 50 1026.19 1026.29 0.102659
12 43 1109.01 1109.1 0.097539
8 35 1033.74 1034.36 0.61645
12 43 1079.01 1079.11 0.102659
0 50 1077.23 1077.33 0.102659
29 0 1163.47 0 -1163.47
15 53 1026.75 1026.85 0.0975384
17 47 1023.94 1024.12 0.174595
25 51 1032.4 1032.49 0.0975378
24 48 1013.16 1013.25 0.0975399
25 51 1122.4 1122.49 0.0975378
12 43 1019.01 1019.11 0.102659
27 52 1025.27 1025.36 0.0975371
22 48 1159.36 1159.46 0.10266
23 32 1030.98 1031.08 0.0975409
12 43 1049.01 1049.11 0.102659
26 55 1033.75 1033.85 0.0975382
8 35 1094.77 1095.1 0.328706
10 44 1039.74 1039.84 0.102658
7 50 1056.19 1056.29 0.0975387
28 46 1041.41 1041.51 0.0975376
20 41 1048.16 1048.27 0.102658
0 50 1047.23 1047.33 0.102659
11 43 1035.28 1035.38 0.097538
13 53 1059.89 1060.22 0.328707
4 50 1042.11 1042.21 0.0975389
18 36 1041.95 1042.12 0.174595
4 50 1132.11 1132.21 0.0975389
20 41 1078.16 1078.27 0.102658
15 53 1056.75 1056.85 0.0975384
24 48 1043.16 1043.25 0.0975399
17 47 1048.99 1049.16 0.174595
16 36 1040.34 1040.44 0.102658
23 32 1060.98 1061.08 0.0975409
16 36 1070.34 1070.44 0.102658
25 51 1062.4 1062.49 0.0975378
17 47 1078.99 1079.16 0.174595
9 56 1058.93 1059.03 0.102659
19 51 1061.47 1061.57 0.10266
6 39 1055.35 1055.45 0.0975363
27 52 1055.27 1055.36 0.0975371
10 44 1069.74 1069.84 0.0975382
21 48 1163.28 1165.59 2.30195
10 44 1099.74 1099.84 0.0975382
11 43 1095.28 1095.38 0.102658
20 41 1108.16 1108.27 0.102658
16 36 1100.34 1100.43 0.0975381
26 55 1093.75 1093.85 0.0975382
28 46 1101.41 1101.51 0.0975376
5 50 1099.2 1099.3 0.0975367
2 39 1167.54 1167.73 0.184835
1 39 1098.17 1098.27 0.102658
0 50 1107.23 1107.33 0.102659
13 53 1124.97 1125.3 0.328707
4 50 1102.11 1102.21 0.0975389
18 36 1101.95 1102.12 0.174595
24 48 1103.16 1103.25 0.0975399
28 46 1191.41 1191.51 0.0975376
28 46 1161.41 1161.51 0.0975376
17 47 1168.99 1169.16 0.174595
19 51 1121.47 1121.56 0.0975402
7 50 1116.19 1116.29 0.0975387
10 44 1129.74 1129.84 0.0975382
14 53 1145.91 1146.24 0.328708
26 55 1123.75 1123.85 0.0975382
9 56 1118.93 1119.03 0.102659
8 35 1127.31 1127.64 0.328706
1 39 1128.17 1128.27 0.102658
17 47 1108.99 1109.16 0.174595
15 53 1116.75 1116.85 0.0975384
3 35 1159.32 1159.42 0.102658
6 39 1115.35 1115.45 0.0975363
27 52 1115.27 1115.36 0.0975371
23 32 1120.98 1121.08 0.102661
13 53 1157.51 1157.7 0.184835
0 50 1167.23 1167.33 0.0975385
5 50 1159.2 1159.3 0.0975367
20 41 1138.16 1138.27 0.102658
16 36 1130.34 1130.43 0.0975381
8 35 1159.86 1160.04 0.184834
23 32 1150.98 1151.08 0.102661
28 46 1131.41 1131.51 0.0975376
11 43 1125.28 1125.38 0.102658
3 35 1169.48 1169.59 0.102658
18 36 1131.95 1132.12 0.174595
19 51 1151.47 1151.56 0.0975402
7 50 1146.19 1146.29 0.0975387
7 50 1176.19 1176.29 0.0975387
17 47 1138.99 1139.16 0.174595
15 53 1146.75 1146.85 0.0975384
12 43 1139.01 1139.1 0.097539
1 39 1158.17 1158.27 0.102658
0 50 1137.23 1137.33 0.0975385
5 50 1129.2 1129.3 0.0975367
9 56 1148.93 1149.03 0.102659
24 48 1133.16 1133.25 0.0975399
18 36 1161.95 1162.12 0.174595
22 48 1169.52 1169.62 0.10266
25 51 1152.4 1152.49 0.0975378
6 39 1145.35 1145.45 0.0975363
27 52 1145.27 1145.36 0.0975371
16 36 1160.34 1160.43 0.0975381
13 53 1175.81 1175.99 0.174595
8 35 1178.15 1178.33 0.174594
6 39 1175.35 1175.45 0.0975363
26 55 1153.75 1153.85 0.0975382
12 43 1169.01 1169.1 0.097539
10 44 1159.74 1159.84 0.0975382
4 50 1162.11 1162.21 0.0975389
16 36 1190.34 1190.43 0.0975381
1 39 1188.17 1188.26 0.0975376
24 48 1193.16 1193.25 0.0975399
26 55 1183.75 1183.85 0.0975382
0 50 1197.23 1197.33 0.0975385
23 32 1180.98 1181.08 0.102661
25 51 1182.4 1182.49 0.0975378
21 48 1391.18 1391.28 0.102657
29 48 1391.36 1393.66 2.30195
5 50 1189.2 1189.3 0.0975367
3 35 1189.85 1189.96 0.102658
22 48 1189.89 1189.99 0.0975399
10 44 1189.74 1189.84 0.0975382
19 51 1181.47 1181.56 0.0975402
4 50 1192.11 1192.21 0.0975389
18 36 1191.95 1192.12 0.174595
13 53 1196.26 1196.43 0.174595
12 43 1199.01 1199.1 0.097539
20 41 1198.16 1198.26 0.097538
2 39 1198.08 1198.25 0.174595
17 47 1198.99 1199.16 0.174595
