28 78 0.0172023 2.31916 2.30195
14 67 1.25969 3.56165 2.30196
53 89 952.358 952.461 0.102659
58 65 998.665 998.768 0.102657
29 0 5.3194 0 -5.3194
41 62 5.18434 7.48629 2.30195
46 86 5.14825 7.4502 2.30195
18 61 470.91 473.212 2.30195
11 61 5.0815 7.38346 2.30195
51 78 1014.2 1014.3 0.0975376
20 84 1.38395 3.6859 2.30195
46 86 916.721 916.824 0.102658
33 81 935.94 938.242 2.30195
31 85 479.18 481.482 2.30196
49 68 473.697 475.999 2.30195
53 89 478.145 480.447 2.30196
56 75 1105.58 1105.68 0.0975376
10 67 1.52228 3.82424 2.30196
21 78 1153.85 1153.95 0.0975374
7 61 2.07748 4.37944 2.30196
2 61 1163.65 1163.75 0.0975367
24 85 473.941 476.243 2.30195
51 78 479.987 482.289 2.30195
36 74 1005.64 1005.74 0.0975387
16 66 3.12278 5.42473 2.30195
26 78 4.27136 6.57331 2.30196
25 78 3.05081 5.35277 2.30195
10 62 913.095 915.397 2.30195
19 67 1006.85 1006.95 0.0975384
44 63 3.87178 6.17374 2.30195
6 62 4.28876 6.59071 2.30195
34 81 468.328 470.63 2.30195
35 74 922.907 923.01 0.102659
50 73 474.799 477.101 2.30196
54 85 922.57 922.672 0.102658
55 88 5.67487 7.97683 2.30195
57 79 6.66274 8.9647 2.30196
59 84 8.07589 10.3778 2.30195
41 67 916.757 919.059 2.30196
42 67 935.2 937.502 2.30195
39 81 8.04818 10.3501 2.30196
47 91 8.98147 11.2834 2.30195
58 65 8.66511 10.9671 2.30195
13 61 12.925 15.2269 2.30196
52 73 1012.3 1012.4 0.102659
7 62 913.65 915.952 2.30195
48 68 12.4141 14.716 2.30195
54 85 10.9966 13.2986 2.30195
35 74 11.334 13.6359 2.30195
56 75 937.152 937.255 0.102658
31 79 934.967 935.069 0.102659
17 61 11.5801 13.882 2.30195
35 74 1001.33 1001.43 0.0975386
55 88 461.461 463.763 2.30195
15 62 484.889 487.191 2.30195
32 81 12.3717 14.6737 2.30195
21 78 13.8539 16.1559 2.30195
23 85 12.2798 14.5818 2.30196
34 81 12.5417 14.8436 2.30195
26 78 915.844 918.146 2.30196
54 85 940.997 941.099 0.102658
6 62 915.862 915.964 0.102656
35 74 971.334 971.437 0.102659
54 85 466.783 469.085 2.30195
21 78 1003.85 1003.96 0.102657
36 74 471.429 473.731 2.30195
36 74 15.6426 17.9446 2.30195
1 62 14.1634 16.4653 2.30195
0 61 16.0317 18.3336 2.30196
18 61 15.1236 17.4255 2.30195
19 67 16.8511 19.1531 2.30195
9 66 1168.44 1168.54 0.0975388
23 85 1062.28 1062.38 0.0975392
10 67 457.309 459.611 2.30196
7 62 457.864 460.166 2.30195
16 66 914.696 914.798 0.102658
49 68 17.9109 20.2129 2.30195
24 85 18.155 20.4569 2.30195
28 78 1050.02 1050.12 0.102657
17 61 467.367 469.669 2.30195
35 74 467.12 469.422 2.30195
23 84 468.066 470.368 2.30196
12 67 20.387 22.6889 2.30195
43 62 19.8749 22.1769 2.30195
50 73 19.0124 21.3143 2.30196
51 78 24.2009 26.5029 2.30195
22 85 20.2649 22.5669 2.30195
40 81 482.474 484.776 2.30195
31 79 1073.39 1073.49 0.0975391
17 61 1061.58 1061.68 0.0975378
0 61 927.605 927.707 0.10266
5 61 477.638 479.94 2.30195
22 85 1010.26 1010.36 0.0975367
0 61 1126.03 1126.13 0.0975396
55 88 1055.67 1055.77 0.0975377
41 67 460.971 463.273 2.30196
29 0 461.106 0 -461.106
53 89 22.3581 24.66 2.30196
52 73 22.2973 24.5993 2.30195
5 61 21.8514 24.1533 2.30195
57 79 996.663 996.765 0.10266
42 67 479.414 481.716 2.30195
11 0 916.654 0 -916.654
6 62 1114.29 1114.39 0.0975364
42 67 23.6273 25.9292 2.30195
56 75 25.579 27.8809 2.30195
2 61 23.6536 25.9555 2.30195
33 81 24.3672 26.6692 2.30195
31 79 23.3936 25.6955 2.30196
44 63 1113.87 1113.97 0.0975386
42 62 1163.09 1163.2 0.102661
14 67 457.046 459.348 2.30196
20 84 457.17 459.472 2.30195
19 67 1066.85 1066.95 0.0975384
4 62 484.032 486.334 2.30195
39 81 919.621 921.923 2.30196
37 81 25.4768 27.7787 2.30196
30 85 25.5434 27.8454 2.30196
8 61 25.9784 28.2803 2.30195
19 67 928.424 928.527 0.102658
3 67 938.826 938.929 0.102658
3 67 483.04 485.342 2.30195
9 66 484.23 486.532 2.30195
27 84 483.531 485.833 2.30195
45 91 484.039 486.341 2.30195
34 81 1122.54 1122.64 0.0975373
33 81 480.154 482.456 2.30195
50 73 1159.01 1159.11 0.0975394
45 91 28.2524 30.5543 2.30195
40 81 26.6872 28.9892 2.30195
3 67 27.2532 29.5551 2.30195
27 84 27.7445 30.0464 2.30195
4 62 28.2455 30.5475 2.30195
16 66 1113.12 1113.22 0.0975378
50 73 1009.01 1009.12 0.102659
35 74 1061.33 1061.43 0.0975386
13 61 468.711 471.013 2.30196
15 62 29.1023 31.4043 2.30195
9 66 28.4431 30.7451 2.30195
43 62 1009.87 1009.97 0.0975376
22 85 476.051 478.353 2.30195
38 75 29.3904 31.6924 2.30195
38 75 959.39 959.493 0.102658
2 61 479.44 481.742 2.30195
42 67 251.521 253.822 2.30195
33 81 252.26 254.562 2.30195
50 73 246.906 249.208 2.30196
22 85 248.158 250.46 2.30195
51 78 252.094 254.396 2.30195
37 0 253.37 0 -253.37
27 84 255.638 257.94 2.30195
24 85 246.048 248.35 2.30195
43 62 247.768 250.07 2.30195
2 61 251.547 253.849 2.30195
56 75 253.472 255.774 2.30195
38 75 257.284 259.586 2.30195
55 88 917.248 917.351 0.102658
49 68 245.804 248.106 2.30195
12 67 248.28 250.582 2.30195
45 91 256.146 258.448 2.30195
58 65 920.238 920.423 0.184833
49 68 929.484 929.587 0.102657
31 79 251.287 253.589 2.30196
24 85 929.728 932.03 2.30195
28 78 227.91 230.212 2.30195
14 67 229.153 231.455 2.30196
20 84 229.277 231.579 2.30195
10 62 229.416 231.717 2.30195
7 62 229.971 232.273 2.30195
25 79 230.944 233.246 2.30196
16 66 231.016 233.318 2.30195
44 63 231.765 234.067 2.30195
26 84 232.165 234.467 2.30196
6 62 232.182 234.484 2.30195
11 61 232.975 235.277 2.30195
46 86 233.041 235.343 2.30195
41 67 233.078 235.38 2.30196
29 86 233.213 235.515 2.30196
55 88 233.568 235.87 2.30195
57 79 234.556 236.858 2.30196
39 81 235.941 238.243 2.30196
59 84 235.969 238.271 2.30195
58 65 236.558 238.86 2.30195
47 91 236.875 239.177 2.30195
54 85 238.89 241.192 2.30195
35 74 239.227 241.529 2.30195
17 61 239.473 241.775 2.30195
23 85 240.173 242.475 2.30196
32 81 240.265 242.567 2.30195
48 68 240.307 242.609 2.30195
34 81 240.435 242.737 2.30195
13 0 240.818 0 -240.818
21 78 241.747 244.049 2.30195
1 62 242.057 244.359 2.30195
18 61 243.017 245.319 2.30195
36 74 243.536 245.838 2.30195
0 61 243.925 246.227 2.30196
19 67 244.744 247.046 2.30195
21 78 469.64 471.942 2.30195
12 67 476.173 478.475 2.30195
17 61 923.153 923.256 0.102658
28 78 455.804 458.106 2.30195
31 79 953.394 953.491 0.0975391
38 75 485.177 487.479 2.30195
58 65 1058.67 1058.77 0.102657
59 84 463.862 466.164 2.30195
17 61 1001.58 1001.68 0.0975378
25 79 458.837 461.139 2.30196
16 66 458.909 461.211 2.30195
40 81 938.26 938.363 0.102656
25 78 914.624 914.726 0.102659
8 61 253.872 256.174 2.30195
3 67 255.146 257.448 2.30195
5 0 249.745 0 -249.745
39 81 1147.51 1147.62 0.10266
30 79 253.437 255.739 2.30196
53 89 250.251 252.553 2.30196
52 73 250.191 252.493 2.30195
40 81 254.58 256.882 2.30195
57 73 462.449 464.751 2.30196
26 78 1174.27 1174.37 0.102659
40 81 1046.69 1046.78 0.0975363
37 0 481.263 0 -481.263
56 75 481.365 483.667 2.30195
8 61 481.765 484.067 2.30195
29 79 916.892 919.194 2.30196
51 78 935.774 935.877 0.102658
17 61 971.58 971.678 0.0975378
4 0 256.139 0 -256.139
48 68 468.201 470.503 2.30195
43 62 475.661 477.963 2.30195
11 62 1144.55 1146.85 2.30196
32 0 468.158 0 -468.158
26 84 460.058 462.36 2.30196
6 62 460.075 462.377 2.30195
28 78 911.59 911.693 0.102657
52 73 478.084 480.386 2.30195
9 66 256.336 258.638 2.30195
15 67 256.996 259.298 2.30196
22 85 931.838 931.941 0.102657
8 61 955.978 956.153 0.174594
3 67 957.253 957.356 0.102658
30 79 481.33 483.632 2.30196
39 81 463.835 466.137 2.30196
20 84 912.957 915.259 2.30195
34 81 1062.54 1062.64 0.0975373
11 61 460.868 463.17 2.30195
46 86 460.935 463.237 2.30195
19 67 472.638 474.94 2.30195
15 62 940.675 942.977 2.30195
44 63 459.658 461.96 2.30195
58 65 464.452 466.754 2.30195
9 66 1048.44 1048.55 0.102659
0 61 471.818 474.12 2.30196
9 66 958.443 958.541 0.0975388
47 91 464.768 467.07 2.30195
44 63 915.445 915.547 0.102659
34 81 1002.54 1002.64 0.0975373
52 73 933.87 933.973 0.102659
0 61 1006.03 1006.13 0.10266
14 67 1057.24 1057.42 0.174596
38 75 1109.39 1109.49 0.102658
50 73 1129.01 1129.11 0.0975394
16 66 1053.12 1053.22 0.0975378
1 62 469.95 472.252 2.30195
38 75 1049.39 1049.49 0.102658
22 85 1070.26 1070.36 0.0975367
48 68 923.987 926.289 2.30195
28 78 930.017 930.12 0.102657
56 75 955.579 955.682 0.102658
13 61 924.498 926.8 2.30196
20 84 1368.74 1371.05 2.30195
53 89 1072.36 1072.46 0.0975395
34 81 924.115 924.217 0.102657
49 68 1007.91 1008.01 0.097537
19 67 1126.85 1126.95 0.0975384
2 61 935.227 935.329 0.102657
5 61 933.424 935.726 2.30195
56 75 709.259 711.561 2.30195
50 73 1069.01 1069.11 0.0975394
18 61 926.697 926.881 0.184835
21 78 1063.85 1063.96 0.102657
33 92 708.047 710.349 2.30196
30 79 709.223 711.525 2.30196
8 62 709.658 711.96 2.30196
53 89 933.931 934.034 0.102659
51 77 707.881 710.183 2.30196
37 0 709.157 0 -709.157
9 66 1138.44 1138.54 0.0975388
21 78 925.427 925.53 0.102657
8 62 937.551 937.736 0.184836
37 74 937.05 939.352 2.30196
40 81 956.687 956.785 0.0975363
53 89 1132.36 1132.46 0.0975395
41 62 1144.65 1144.75 0.102659
28 78 683.697 685.999 2.30195
14 67 684.939 687.241 2.30196
20 84 685.064 687.366 2.30195
10 67 685.202 687.504 2.30196
7 61 685.757 688.059 2.30196
25 79 686.731 689.033 2.30196
16 66 686.803 689.104 2.30195
44 63 687.552 689.853 2.30195
26 0 687.951 0 -687.951
6 62 687.969 690.27 2.30195
11 0 688.761 0 -688.761
46 91 688.828 691.13 2.30196
41 0 688.864 0 -688.864
29 78 688.999 691.301 2.30196
55 88 689.355 691.657 2.30195
57 73 690.342 692.644 2.30196
39 81 691.728 694.03 2.30196
59 84 691.756 694.058 2.30195
58 65 692.345 694.647 2.30195
47 86 692.661 694.963 2.30196
54 85 694.676 696.978 2.30195
35 74 695.014 697.316 2.30195
17 61 695.26 697.562 2.30195
23 84 695.96 698.261 2.30196
32 0 696.051 0 -696.051
48 0 696.094 0 -696.094
34 81 696.221 698.523 2.30195
13 67 696.605 698.907 2.30196
21 78 697.534 699.836 2.30195
1 62 697.843 700.145 2.30195
18 66 698.803 701.105 2.30196
36 75 699.322 701.624 2.30196
0 66 699.711 702.013 2.30196
19 67 700.531 702.833 2.30195
49 68 701.591 703.893 2.30195
24 84 701.835 704.137 2.30196
50 73 702.692 704.994 2.30196
43 62 703.555 705.857 2.30195
22 85 703.945 706.247 2.30195
12 62 704.067 706.369 2.30196
5 61 705.531 707.833 2.30195
52 72 705.977 708.279 2.30196
53 89 706.038 708.34 2.30196
31 84 707.073 709.375 2.30196
42 67 707.307 709.609 2.30195
2 61 707.333 709.635 2.30195
47 91 1118.98 1119.08 0.0975388
50 73 930.585 930.688 0.102659
30 79 937.116 939.418 2.30196
32 80 923.945 926.247 2.30196
25 78 1053.05 1053.15 0.097539
13 61 1152.39 1154.69 2.30196
54 85 1001 1001.1 0.102658
46 86 965.148 965.251 0.102658
14 67 912.833 913.449 0.616452
47 91 920.554 920.657 0.102659
40 81 710.367 712.669 2.30195
47 91 998.981 999.084 0.102659
59 84 919.649 921.951 2.30195
54 85 1061 1061.09 0.0975383
27 0 711.424 0 -711.424
3 67 710.933 713.235 2.30195
43 62 931.448 931.551 0.102658
9 66 712.123 714.425 2.30195
36 74 1125.64 1125.75 0.102659
38 75 940.963 941.066 0.102658
27 84 939.317 941.619 2.30195
25 78 1113.05 1113.15 0.097539
36 74 927.216 927.4 0.184835
45 91 711.932 714.234 2.30195
4 62 711.925 714.227 2.30195
57 79 918.236 918.338 0.10266
23 85 1002.28 1002.38 0.102659
51 78 1134.2 1134.3 0.0975376
45 91 1048.25 1048.36 0.102658
1 62 925.736 928.038 2.30195
24 85 1157.62 1157.95 0.328706
45 91 939.825 939.928 0.102658
4 62 939.819 942.12 2.30195
9 66 940.016 940.119 0.102659
43 62 1069.87 1069.97 0.0975376
28 78 1110.02 1110.11 0.0975372
38 81 713.07 715.372 2.30196
23 85 923.853 923.955 0.102659
15 62 712.782 715.084 2.30195
12 67 931.96 934.262 2.30195
44 63 963.872 963.969 0.0975386
3 67 1047.25 1047.35 0.0975379
44 62 933.872 933.974 0.10266
16 66 933.123 933.225 0.102658
45 91 1138.25 1138.35 0.0975377
27 84 1167.21 1167.4 0.184835
56 75 1165.58 1165.68 0.0975376
18 61 1005.12 1005.22 0.0975388
4 62 1177.87 1177.98 0.102658
8 61 1045.98 1046.08 0.0975382
22 85 1130.26 1130.36 0.0975367
26 78 1143.74 1143.84 0.102659
25 78 933.051 933.153 0.102659
31 79 1133.39 1133.49 0.0975391
52 73 1072.3 1072.39 0.0975388
56 75 1045.58 1045.68 0.0975376
49 68 1067.91 1068.01 0.097537
44 63 1053.87 1053.97 0.0975386
28 78 1140.02 1140.11 0.0975372
0 61 1066.03 1066.13 0.10266
6 62 1054.29 1054.39 0.0975364
57 79 1056.66 1056.76 0.0975402
46 86 935.148 935.251 0.102658
6 62 934.289 934.386 0.0975364
55 88 935.675 935.778 0.102658
47 91 938.981 939.084 0.102659
57 79 936.663 936.765 0.10266
58 64 938.665 938.84 0.174597
6 62 994.289 994.386 0.0975364
34 81 942.542 942.644 0.102657
17 61 941.58 941.683 0.102658
23 85 942.28 942.382 0.102659
35 74 941.334 941.437 0.102659
0 61 946.032 946.129 0.0975396
21 78 943.854 943.951 0.0975374
36 74 945.643 945.745 0.102659
50 73 949.012 949.115 0.102659
49 68 947.911 948.014 0.102657
43 62 949.875 949.978 0.102658
51 78 954.201 954.304 0.102658
52 73 952.297 952.395 0.0975388
18 61 945.124 945.226 0.102659
45 91 958.252 958.355 0.102658
2 61 953.654 953.756 0.102657
22 85 950.265 950.368 0.102657
19 67 946.851 946.954 0.102658
54 85 970.997 971.099 0.102658
55 88 965.675 965.778 0.102658
6 62 964.289 964.386 0.0975364
34 81 972.542 972.639 0.0975373
28 78 960.017 960.115 0.0975372
25 78 963.051 963.153 0.102659
14 67 1038.94 1039.13 0.184836
14 67 973.861 974.19 0.328708
16 66 963.123 963.225 0.102658
47 91 968.981 969.084 0.102659
43 62 1129.87 1129.97 0.0975376
3 67 1107.25 1107.35 0.0975379
55 88 995.675 995.772 0.0975377
30 79 1165.01 1165.11 0.10266
47 91 1058.98 1059.08 0.102659
0 61 976.032 976.134 0.10266
4 62 1167.71 1167.81 0.102658
40 81 1136.69 1136.78 0.0975363
12 67 1159.85 1162.16 2.30195
57 79 966.663 966.765 0.10266
58 65 968.665 968.768 0.102657
50 73 979.012 979.11 0.0975394
21 78 973.854 973.951 0.0975374
23 85 972.28 972.382 0.102659
44 63 993.872 993.974 0.102659
54 85 1031 1031.09 0.0975383
19 67 976.851 976.949 0.0975384
22 85 980.265 980.368 0.102657
36 74 975.643 975.74 0.0975387
38 75 989.39 989.493 0.102658
52 73 982.297 982.4 0.102659
43 62 979.875 979.972 0.0975376
51 78 984.201 984.298 0.0975376
3 67 987.253 987.356 0.102658
56 75 985.579 985.677 0.0975376
31 79 983.394 983.491 0.0975391
49 68 977.911 978.008 0.097537
18 61 975.124 975.221 0.0975388
45 91 988.252 988.355 0.102658
2 61 983.654 983.751 0.0975367
53 89 982.358 982.456 0.0975395
40 81 986.687 986.785 0.0975363
9 66 988.443 988.546 0.102659
8 61 985.978 986.081 0.102658
16 66 993.123 993.22 0.0975378
25 78 993.051 993.148 0.097539
14 67 1006.4 1006.73 0.328708
46 86 995.148 995.251 0.102658
28 78 990.017 990.12 0.102657
53 89 1012.36 1012.46 0.0975395
51 78 1164.2 1164.3 0.0975376
31 79 1013.39 1013.49 0.0975391
36 74 1065.64 1065.75 0.102659
8 61 1165.98 1166.08 0.102658
40 81 1016.69 1016.78 0.0975363
56 75 1015.58 1015.68 0.0975376
2 61 1013.65 1013.75 0.0975367
29 79 1144.79 1147.09 2.30196
52 73 1132.3 1132.39 0.0975388
45 91 1018.25 1018.36 0.102658
9 66 1018.44 1018.55 0.102659
8 61 1015.98 1016.08 0.0975382
3 67 1017.25 1017.36 0.102658
46 86 1055.15 1055.25 0.0975382
23 85 1122.28 1122.38 0.0975392
3 67 1137.25 1137.35 0.0975379
1 62 1153.63 1153.73 0.102658
45 91 1168.25 1168.35 0.0975377
44 63 1023.87 1023.97 0.0975386
47 91 1028.98 1029.08 0.102659
6 62 1024.29 1024.39 0.0975364
51 78 1044.2 1044.3 0.0975376
2 61 1043.65 1043.75 0.0975367
57 79 1026.66 1026.76 0.0975402
55 88 1025.67 1025.77 0.0975377
35 74 1031.33 1031.43 0.0975386
17 61 1031.58 1031.68 0.0975378
38 75 1019.39 1019.49 0.102658
58 65 1028.67 1028.77 0.102657
37 75 1164.94 1167.24 2.30195
38 75 1139.39 1139.49 0.0975385
38 75 1169.39 1169.49 0.0975385
46 86 1025.15 1025.25 0.102658
28 78 1020.02 1020.12 0.102657
56 75 1135.58 1135.68 0.0975376
49 68 1127.91 1128.01 0.097537
28 78 1170.02 1170.11 0.0975372
23 85 1032.28 1032.38 0.0975392
16 66 1023.12 1023.22 0.0975378
25 78 1023.05 1023.15 0.097539
31 79 1103.39 1103.49 0.0975391
34 81 1032.54 1032.64 0.0975373
49 68 1037.91 1038.01 0.097537
0 61 1036.03 1036.13 0.10266
43 62 1039.87 1039.97 0.0975376
50 73 1039.01 1039.11 0.0975394
21 78 1033.85 1033.96 0.102657
33 81 1163.83 1166.14 2.30195
36 74 1035.64 1035.75 0.102659
2 61 1133.65 1133.75 0.0975367
18 61 1035.12 1035.22 0.0975388
19 67 1036.85 1036.95 0.0975384
31 79 1043.39 1043.5 0.102659
18 61 1065.12 1065.22 0.0975388
53 89 1042.36 1042.46 0.0975395
52 73 1042.3 1042.39 0.0975388
22 85 1040.26 1040.36 0.0975367
2 61 1073.65 1073.75 0.0975367
56 75 1075.58 1075.68 0.0975376
38 75 1079.39 1079.49 0.102658
51 78 1074.2 1074.3 0.0975376
45 91 1078.25 1078.35 0.0975377
8 61 1075.98 1076.08 0.102658
3 67 1077.25 1077.35 0.0975379
40 81 1076.69 1076.78 0.0975363
9 66 1078.44 1078.54 0.0975388
54 85 1121 1121.09 0.0975383
18 61 1125.12 1125.22 0.0975388
17 61 1091.58 1091.68 0.0975378
6 62 1084.29 1084.39 0.0975364
43 62 1099.87 1099.97 0.0975376
15 62 1168.57 1168.67 0.102658
5 61 1161.32 1163.62 2.30195
17 61 1121.58 1121.68 0.0975378
32 81 1151.84 1154.14 2.30195
10 62 1171.52 1171.62 0.0975389
22 85 1160.26 1160.36 0.0975367
28 78 1080.02 1080.11 0.0975372
44 63 1083.87 1083.97 0.0975386
55 88 1085.67 1085.77 0.0975377
47 91 1088.98 1089.08 0.0975388
52 73 1102.3 1102.39 0.0975388
23 85 1092.28 1092.38 0.0975392
46 86 1085.15 1085.25 0.0975382
35 74 1091.33 1091.43 0.0975386
57 79 1086.66 1086.76 0.0975402
58 65 1088.67 1088.77 0.102657
21 78 1093.85 1093.96 0.102657
0 61 1096.03 1096.13 0.10266
14 67 1081.26 1081.36 0.10266
8 61 1135.98 1136.08 0.102658
18 61 1155.12 1155.22 0.0975388
34 81 1092.54 1092.64 0.0975373
22 85 1100.26 1100.36 0.0975367
7 61 1141.54 1143.85 2.30196
53 89 1102.36 1102.46 0.0975395
54 85 1091 1091.09 0.0975383
49 68 1097.91 1098.01 0.097537
16 66 1083.12 1083.22 0.0975378
50 73 1099.01 1099.11 0.0975394
25 78 1083.05 1083.15 0.097539
44 63 1173.87 1173.97 0.0975386
6 62 1174.29 1174.39 0.0975364
51 78 1104.2 1104.3 0.0975376
3 67 1167.25 1167.35 0.0975379
2 61 1103.65 1103.75 0.0975367
20 84 1140.85 1143.15 2.30195
36 74 1095.64 1095.75 0.102659
18 61 1095.12 1095.22 0.0975388
8 61 1105.98 1106.08 0.102658
48 68 1151.88 1151.98 0.102656
10 62 1140.99 1141.09 0.102659
40 81 1106.69 1106.78 0.0975363
19 67 1096.85 1096.95 0.0975384
45 91 1108.25 1108.35 0.0975377
55 88 1115.67 1115.77 0.0975377
21 78 1123.85 1123.95 0.0975374
58 65 1118.67 1118.77 0.102657
9 66 1108.44 1108.54 0.0975388
46 86 1115.15 1115.25 0.0975382
57 79 1116.66 1116.77 0.10266
14 67 1111.26 1111.36 0.0975397
35 74 1121.33 1121.43 0.0975386
59 84 1147.54 1147.73 0.184834
44 63 1143.87 1143.97 0.0975386
35 74 1151.33 1151.43 0.0975386
10 62 1151.15 1151.25 0.102659
14 67 1141.26 1141.36 0.0975397
55 88 1145.67 1145.77 0.0975377
26 78 1153.9 1154 0.102659
6 62 1144.29 1144.39 0.0975364
25 78 1143.05 1143.15 0.097539
16 66 1143.12 1143.22 0.0975378
16 66 1173.12 1173.22 0.0975378
52 73 1162.3 1162.39 0.0975388
40 81 1166.69 1166.78 0.0975363
14 67 1171.26 1171.36 0.0975397
25 78 1173.05 1173.15 0.097539
38 75 1199.39 1199.49 0.0975385
7 62 1369.44 1369.54 0.102658
22 85 1190.26 1190.36 0.0975367
59 84 1165.84 1165.94 0.102658
57 79 1146.66 1146.76 0.0975402
17 61 1151.58 1151.68 0.0975378
46 86 1145.15 1145.25 0.0975382
41 62 1154.81 1154.92 0.102659
48 68 1162.04 1162.15 0.102656
1 62 1163.79 1163.9 0.102658
39 81 1157.68 1157.78 0.10266
47 91 1148.98 1149.08 0.0975388
53 89 1192.36 1192.46 0.0975395
58 65 1148.67 1148.77 0.102657
34 81 1152.54 1152.64 0.0975373
54 85 1151 1151.09 0.0975383
36 74 1155.64 1155.74 0.0975387
23 85 1152.28 1152.38 0.0975392
4 61 1198.25 1198.35 0.10266
49 68 1157.91 1158.01 0.097537
53 89 1162.36 1162.46 0.0975395
31 79 1163.39 1163.49 0.0975391
0 61 1156.03 1156.13 0.0975396
19 67 1156.85 1156.95 0.0975384
43 62 1159.87 1159.97 0.0975376
46 86 1175.15 1175.25 0.0975382
11 61 1372.44 1372.54 0.102659
55 88 1175.67 1175.77 0.0975377
58 65 1178.67 1178.76 0.0975372
48 68 1182.41 1182.52 0.102656
59 84 1178.08 1178.17 0.0975376
39 81 1178.05 1178.15 0.10266
36 74 1185.64 1185.74 0.0975387
29 79 1372.68 1372.86 0.184835
41 62 1175.18 1175.29 0.102659
57 79 1176.66 1176.76 0.0975402
1 62 1184.16 1184.27 0.102658
17 61 1181.58 1181.68 0.0975378
49 68 1187.91 1188.01 0.097537
35 74 1181.33 1181.43 0.0975386
34 81 1182.54 1182.64 0.0975373
33 81 1391.73 1394.03 2.30195
47 91 1178.98 1179.08 0.0975388
21 78 1183.85 1183.95 0.0975374
13 61 1380.28 1380.47 0.184835
51 78 1194.2 1194.3 0.0975376
43 62 1189.87 1189.97 0.0975376
23 85 1182.28 1182.38 0.0975392
0 61 1186.03 1186.13 0.0975396
32 81 1379.73 1380.06 0.328706
2 61 1193.65 1193.75 0.0975367
42 67 1193.63 1193.72 0.0975378
54 85 1181 1181.09 0.0975383
37 75 1392.84 1395.14 2.30195
50 73 1189.01 1189.11 0.0975394
24 85 1190.16 1190.49 0.328706
18 61 1185.12 1185.22 0.0975388
19 67 1186.85 1186.95 0.0975384
31 79 1193.39 1193.49 0.0975391
3 67 1197.25 1197.35 0.0975379
12 67 1387.75 1388.08 0.328706
9 66 1198.44 1198.54 0.0975388
15 67 1199.1 1199.2 0.0975407
30 79 1195.54 1195.64 0.0975401
8 61 1195.98 1196.08 0.102658
27 84 1197.74 1197.92 0.174595
45 91 1198.25 1198.35 0.0975377
40 81 1196.69 1196.78 0.0975363
56 75 1195.58 1195.68 0.0975376
52 73 1192.3 1192.39 0.0975388
5 61 1389.21 1389.31 0.102658
