25 57 0.221427 2.52338 2.30195
17 55 1.34824 3.6502 2.30195
24 31 5.81594 8.11789 2.30195
15 55 1168.71 1168.81 0.0975376
3 35 5.75829 8.06024 2.30195
7 50 3.56517 5.86713 2.30195
8 50 7.03137 9.33332 2.30195
5 39 1184.37 1184.47 0.102657
17 55 912.921 913.25 0.328707
27 49 1076.53 1076.64 0.102657
19 47 8.57008 10.872 2.30196
16 55 6.9865 9.28845 2.30195
26 42 6.89378 9.19574 2.30196
28 53 1108.01 1108.11 0.0975389
27 49 26.5349 28.8369 2.30195
9 35 10.7799 13.0819 2.30195
6 39 11.9969 14.2988 2.30195
11 50 11.4173 13.7193 2.30196
4 39 10.9753 13.2773 2.30195
0 50 1193.53 1193.63 0.0975372
23 41 1104.26 1104.36 0.0975372
20 51 13.6435 15.9454 2.30196
24 31 1085.82 1085.91 0.0975368
5 39 14.37 16.6719 2.30195
14 39 14.5715 16.8735 2.30195
21 47 1065.67 1065.77 0.0975393
21 47 15.6741 17.976 2.30196
13 39 17.2206 19.5225 2.30195
23 41 24.2645 26.5665 2.30195
29 56 17.3849 19.6868 2.30195
10 39 1103.34 1103.44 0.097538
12 35 22.1335 24.4355 2.30195
18 40 20.822 23.124 2.30195
18 40 1190.82 1190.92 0.0975378
22 41 1198.87 1198.97 0.0975364
4 0 922.548 0 -922.548
0 50 23.5281 25.8301 2.30195
10 39 23.3415 25.6434 2.30195
23 41 1074.26 1074.36 0.0975372
2 50 24.3291 26.631 2.30195
1 35 28.0039 30.3059 2.30195
28 53 988.008 988.106 0.0975389
21 47 1185.67 1185.77 0.0975393
15 55 28.7102 31.0122 2.30195
28 53 28.0084 30.3104 2.30195
22 41 28.8727 31.1746 2.30195
27 49 956.535 956.638 0.102657
28 53 958.008 958.111 0.102659
17 55 978.005 978.189 0.184835
22 41 256.766 259.068 2.30195
28 53 1078.01 1078.11 0.0975389
19 47 1088.57 1088.67 0.0975394
27 49 254.428 256.73 2.30195
22 41 988.873 988.97 0.0975364
25 57 228.115 230.417 2.30195
17 55 229.241 231.543 2.30195
7 50 231.458 233.76 2.30195
3 35 233.652 235.953 2.30195
24 31 233.709 236.011 2.30195
26 42 234.787 237.089 2.30196
16 55 234.88 237.182 2.30195
8 50 234.925 237.227 2.30195
19 47 236.463 238.765 2.30196
9 35 238.673 240.975 2.30195
4 39 238.869 241.171 2.30195
11 0 239.311 0 -239.311
6 39 239.89 242.192 2.30195
20 51 241.537 243.839 2.30196
5 39 242.263 244.565 2.30195
14 39 242.465 244.767 2.30195
21 47 243.567 245.869 2.30196
13 39 245.114 247.416 2.30195
29 56 245.278 247.58 2.30195
17 55 996.303 996.478 0.174595
5 39 1064.37 1064.47 0.102657
21 47 975.674 975.772 0.0975393
15 55 1078.71 1078.81 0.0975376
13 54 928.794 931.096 2.30196
10 39 251.235 253.537 2.30195
2 50 252.222 254.524 2.30195
9 35 922.353 924.655 2.30195
18 40 248.715 251.017 2.30195
12 35 250.027 252.329 2.30195
0 50 251.421 253.723 2.30195
23 41 252.158 254.46 2.30195
3 35 917.331 917.66 0.328706
22 41 958.873 958.975 0.102656
1 35 1198 1198.1 0.0975384
5 39 925.943 926.272 0.328705
29 56 979.798 979.973 0.174595
6 39 1062 1062.09 0.097537
3 35 1175.76 1175.86 0.102658
7 50 915.138 917.44 2.30195
1 35 255.897 258.199 2.30195
28 53 255.902 258.204 2.30195
15 55 256.603 258.905 2.30195
27 49 938.108 938.293 0.184833
21 47 1095.67 1095.77 0.0975393
5 39 976.783 976.958 0.174593
12 35 933.707 936.008 2.30195
19 47 920.143 920.472 0.328707
0 50 983.528 983.631 0.102657
19 47 1178.57 1178.67 0.0975394
17 55 1171.35 1171.45 0.102659
3 35 968.171 968.274 0.102658
16 55 996.986 997.089 0.102659
18 40 932.395 934.697 2.30195
23 41 1194.26 1194.36 0.0975372
27 49 986.535 986.632 0.0975372
8 50 462.818 465.12 2.30195
16 55 462.773 465.075 2.30195
26 42 1116.89 1116.99 0.0975401
26 42 462.68 464.982 2.30196
12 35 477.92 480.222 2.30195
2 0 480.116 0 -480.116
20 51 469.43 471.732 2.30196
0 50 479.315 481.617 2.30195
25 57 456.008 458.31 2.30195
17 55 457.135 459.437 2.30195
7 50 459.352 461.654 2.30195
3 35 461.545 463.847 2.30195
24 31 461.602 463.904 2.30195
10 39 953.341 953.444 0.102658
16 55 1116.99 1117.08 0.0975387
8 34 918.604 920.906 2.30196
6 39 467.783 470.085 2.30195
19 47 464.357 466.659 2.30196
9 35 466.566 468.868 2.30195
4 0 466.762 0 -466.762
11 0 467.204 0 -467.204
4 39 1378.33 1378.44 0.102658
20 51 925.216 927.518 2.30196
15 55 940.283 940.386 0.102658
14 39 470.358 472.66 2.30195
5 39 470.156 472.458 2.30195
29 56 1067.38 1067.49 0.102659
21 47 471.461 473.763 2.30196
29 56 473.171 475.473 2.30195
16 55 918.559 918.744 0.184835
13 39 473.007 475.309 2.30195
0 50 935.101 935.204 0.102657
14 39 926.144 928.446 2.30195
15 55 958.71 958.808 0.0975376
25 57 911.794 912.411 0.616451
18 40 476.609 478.91 2.30195
15 55 1138.71 1138.81 0.0975376
10 39 479.128 481.43 2.30195
15 55 484.497 486.799 2.30195
23 41 480.051 482.353 2.30195
22 41 484.659 486.961 2.30195
1 35 483.79 486.092 2.30195
28 53 483.795 486.097 2.30195
27 49 482.321 484.623 2.30195
2 50 1391.69 1392.02 0.328706
6 39 971.997 972.1 0.102657
8 50 1146.5 1148.8 2.30195
24 31 1115.82 1115.91 0.0975368
29 56 1187.38 1187.49 0.102659
24 31 965.816 965.919 0.102657
10 39 983.341 983.444 0.102658
11 0 922.99 0 -922.99
26 42 918.467 918.569 0.10266
23 41 954.265 954.367 0.102657
2 50 708.009 710.311 2.30195
22 41 940.446 940.548 0.102656
23 41 707.944 710.246 2.30195
26 42 1176.89 1176.99 0.0975401
19 47 970.983 971.158 0.174595
29 56 961.5 961.684 0.184835
25 57 972.823 973.151 0.328707
7 50 1204.06 1204.68 0.61645
25 57 683.901 686.203 2.30195
17 55 685.028 687.33 2.30195
7 50 687.245 689.547 2.30195
3 35 689.438 691.74 2.30195
24 31 689.496 691.798 2.30195
26 42 690.574 692.875 2.30196
16 55 690.666 692.968 2.30195
8 0 690.711 0 -690.711
19 47 692.25 694.552 2.30196
9 35 694.46 696.762 2.30195
4 39 694.655 696.957 2.30195
11 50 695.097 697.399 2.30196
6 39 695.677 697.979 2.30195
20 51 697.323 699.625 2.30196
5 50 698.05 700.352 2.30196
14 50 698.251 700.553 2.30196
21 47 699.354 701.656 2.30196
13 39 700.9 703.202 2.30195
29 56 701.065 703.367 2.30195
18 55 704.502 706.804 2.30196
12 35 705.813 708.115 2.30195
10 39 707.021 709.323 2.30195
0 50 707.208 709.51 2.30195
3 35 995.758 995.856 0.097538
24 31 917.389 917.492 0.102657
27 49 710.215 712.517 2.30195
1 35 711.684 713.986 2.30195
28 53 711.688 713.99 2.30195
21 47 927.247 927.432 0.184835
6 39 923.57 923.673 0.102657
6 39 941.997 942.1 0.102657
5 39 958.485 958.67 0.184833
15 55 712.39 714.692 2.30195
22 41 712.552 714.854 2.30195
0 50 953.528 953.631 0.102657
0 50 1073.53 1073.63 0.102657
16 55 1086.99 1087.08 0.0975387
25 57 1005.36 1005.55 0.184835
16 55 966.986 967.084 0.0975387
10 39 934.914 935.017 0.102658
23 41 935.838 935.94 0.102657
26 42 966.894 966.996 0.10266
2 50 935.902 938.204 2.30195
28 53 939.581 939.684 0.102659
29 56 928.958 929.287 0.328707
1 35 939.577 941.879 2.30195
24 31 935.816 935.919 0.102657
16 55 936.986 937.089 0.102659
22 41 1108.87 1108.97 0.0975364
17 55 945.463 945.792 0.328707
3 35 949.873 950.058 0.184834
5 54 1154.37 1154.47 0.102662
21 47 945.674 945.777 0.102659
26 42 936.894 936.996 0.10266
26 42 996.894 996.991 0.0975401
24 31 995.816 995.919 0.102657
23 41 984.265 984.367 0.102657
17 55 1081.35 1081.45 0.0975388
5 39 1094.37 1094.47 0.0975369
22 41 1078.87 1078.97 0.0975364
15 55 988.71 988.808 0.0975376
25 57 1140.22 1140.32 0.102659
26 42 1086.89 1086.99 0.0975401
27 49 1106.53 1106.64 0.102657
28 53 1198.01 1198.11 0.0975389
19 47 952.685 952.87 0.184835
29 56 1007.38 1007.49 0.102659
5 39 1004.37 1004.54 0.174593
23 41 1014.26 1014.37 0.102657
19 47 998.57 998.673 0.102659
6 39 1002 1002.09 0.097537
28 53 1018.01 1018.11 0.102659
15 55 1018.71 1018.81 0.0975376
21 47 1005.67 1005.77 0.0975393
27 49 1016.53 1016.64 0.102657
6 39 1092 1092.09 0.097537
11 50 1378.78 1381.08 2.30196
10 39 1073.34 1073.44 0.097538
0 50 1013.53 1013.63 0.0975372
10 39 1013.34 1013.44 0.097538
22 41 1018.87 1018.97 0.0975364
25 57 1110.22 1110.32 0.102659
17 55 1021.35 1021.52 0.174595
0 50 1103.53 1103.63 0.102657
13 39 1384.58 1385.2 0.616449
3 35 1085.76 1085.86 0.102658
24 31 1175.82 1175.91 0.0975368
22 41 1048.87 1048.97 0.0975364
25 57 1023.66 1023.84 0.174595
27 49 1196.53 1196.63 0.0975372
5 39 1034.37 1034.54 0.174593
28 53 1048.01 1048.11 0.102659
16 55 1026.99 1027.09 0.102659
27 49 1046.53 1046.64 0.102657
15 55 1048.71 1048.81 0.0975376
19 47 1028.57 1028.67 0.0975394
3 35 1025.76 1025.86 0.097538
0 50 1043.53 1043.63 0.102657
24 31 1025.82 1025.92 0.102657
29 56 1097.38 1097.49 0.102659
15 55 1198.71 1198.81 0.0975376
10 39 1193.34 1193.44 0.097538
26 42 1026.89 1026.99 0.0975401
15 55 1108.71 1108.81 0.0975376
14 39 1215.07 1215.68 0.616449
25 57 1080.22 1080.32 0.0975386
8 50 1374.39 1374.72 0.328707
6 39 1032 1032.09 0.097537
19 47 1058.57 1058.67 0.0975394
16 55 1056.99 1057.09 0.102659
29 56 1037.38 1037.48 0.0975385
23 41 1044.26 1044.36 0.0975372
10 39 1043.34 1043.44 0.097538
10 39 1163.34 1163.44 0.097538
21 47 1035.67 1035.77 0.0975393
25 57 1050.22 1050.32 0.102659
29 56 1127.38 1127.49 0.102659
27 49 1136.53 1136.64 0.102657
1 35 1167.47 1167.57 0.102658
3 35 1115.76 1115.86 0.102658
17 55 1111.35 1111.45 0.102659
7 50 1143.03 1143.65 0.61645
23 41 1134.26 1134.36 0.0975372
19 47 1148.57 1148.67 0.0975394
17 55 1051.35 1051.45 0.102659
3 35 1055.76 1055.86 0.097538
24 31 1055.82 1055.91 0.0975368
26 42 1056.89 1056.99 0.0975401
10 39 1133.34 1133.44 0.097538
22 41 1138.87 1138.97 0.0975364
14 50 1154.04 1154.65 0.616453
5 39 1124.37 1124.47 0.0975369
20 51 1153.11 1153.44 0.328709
2 50 1163.8 1166.1 2.30195
0 50 1133.53 1133.63 0.0975372
19 47 1118.57 1118.67 0.0975394
13 39 1156.69 1158.99 2.30195
9 35 1150.25 1150.57 0.328707
6 39 1122 1122.09 0.097537
4 39 1150.44 1152.74 2.30195
11 39 1150.88 1153.19 2.30196
20 51 1185.65 1185.84 0.184837
28 53 1138.01 1138.11 0.0975389
12 35 1161.6 1161.78 0.184835
24 31 1145.82 1145.91 0.0975368
18 40 1160.29 1160.47 0.184834
21 47 1125.67 1125.77 0.0975393
12 35 1192.13 1192.23 0.097539
6 39 1182 1182.09 0.097537
16 55 1146.99 1147.08 0.0975387
0 50 1163.53 1163.63 0.0975372
3 35 1145.76 1145.86 0.102658
17 55 1141.35 1141.45 0.102659
16 55 1176.99 1177.08 0.0975387
28 53 1168.01 1168.11 0.0975389
26 42 1146.89 1146.99 0.0975401
9 35 1182.79 1183.12 0.328707
25 57 1170.22 1170.32 0.102659
6 39 1152 1152.09 0.097537
22 41 1168.87 1168.97 0.0975364
23 41 1164.26 1164.36 0.0975372
18 40 1178.59 1178.69 0.102658
12 35 1179.9 1180 0.102659
29 56 1157.38 1157.49 0.102659
21 47 1155.67 1155.77 0.0975393
27 49 1166.53 1166.63 0.0975372
