58 0 0.280085 0 -0.280085
22 60 0.697582 2.99955 2.30197
12 0 16.1475 0 -16.1475
27 60 15.1781 17.48 2.30197
46 0 15.586 0 -15.586
44 0 15.6997 0 -15.6997
3 0 0.708588 0 -0.708588
49 0 2.44812 0 -2.44812
22 60 912.271 914.573 2.30197
9 0 3.84573 0 -3.84573
35 0 4.16362 0 -4.16362
4 0 4.99022 0 -4.99022
27 60 926.751 929.053 2.30197
50 0 929.74 0 -929.74
7 0 5.31846 0 -5.31846
23 60 8.40062 10.7026 2.30197
29 60 9.08292 11.3849 2.30196
25 0 9.58193 0 -9.58193
16 0 926.557 0 -926.557
37 0 10.3444 0 -10.3444
56 60 11.1088 13.4107 2.30196
15 0 11.8089 0 -11.8089
45 0 12.3301 0 -12.3301
31 0 12.3538 0 -12.3538
26 0 936.321 0 -936.321
55 0 12.7558 0 -12.7558
28 0 13.3498 0 -13.3498
56 60 971.109 971.206 0.0975438
48 0 13.8623 0 -13.8623
54 0 14.5079 0 -14.5079
16 0 14.9839 0 -14.9839
0 0 929.559 0 -929.559
43 0 929.898 0 -929.898
24 0 16.6815 0 -16.6815
4 60 916.563 918.865 2.30197
36 0 17.6142 0 -17.6142
18 0 17.7848 0 -17.7848
0 0 17.9858 0 -17.9858
58 60 911.853 914.155 2.30196
19 0 18.1021 0 -18.1021
15 0 923.382 0 -923.382
50 0 18.1673 0 -18.1673
25 60 921.155 923.457 2.30197
43 0 18.3249 0 -18.3249
3 60 912.282 914.584 2.30196
14 0 19.2036 0 -19.2036
5 0 19.5468 0 -19.5468
45 0 923.903 0 -923.903
57 0 19.7 0 -19.7
35 0 915.737 0 -915.737
30 0 19.7415 0 -19.7415
30 0 931.314 0 -931.314
34 0 20.651 0 -20.651
53 0 20.6977 0 -20.6977
6 0 20.7648 0 -20.7648
2 60 21.9355 24.2375 2.30197
38 0 24.0842 0 -24.0842
8 0 24.1571 0 -24.1571
1 0 24.2005 0 -24.2005
26 0 24.7481 0 -24.7481
11 0 24.8557 0 -24.8557
39 0 25.0238 0 -25.0238
51 0 25.1254 0 -25.1254
47 0 25.249 0 -25.249
20 0 25.3225 0 -25.3225
31 0 923.927 0 -923.927
37 0 921.917 0 -921.917
59 0 25.717 0 -25.717
23 60 919.974 922.276 2.30197
41 0 26.2874 0 -26.2874
21 0 26.5715 0 -26.5715
33 0 26.6176 0 -26.6176
49 0 914.021 0 -914.021
59 0 937.29 0 -937.29
10 0 26.7879 0 -26.7879
56 60 922.682 922.867 0.18484
13 0 27.0172 0 -27.0172
17 0 27.0653 0 -27.0653
52 0 27.3064 0 -27.3064
42 0 27.9105 0 -27.9105
40 0 28.8344 0 -28.8344
32 0 29.1552 0 -29.1552
34 60 248.544 250.846 2.30196
5 0 247.44 0 -247.44
8 0 252.05 0 -252.05
38 0 251.977 0 -251.977
10 0 254.681 0 -254.681
52 0 255.2 0 -255.2
32 0 257.048 0 -257.048
44 0 471.486 0 -471.486
53 0 932.271 0 -932.271
57 0 475.486 0 -475.486
26 0 480.535 0 -480.535
38 0 479.871 0 -479.871
14 0 247.097 0 -247.097
6 0 248.658 0 -248.658
2 60 249.829 252.131 2.30197
41 0 254.181 0 -254.181
33 0 254.511 0 -254.511
17 0 254.959 0 -254.959
40 0 256.728 0 -256.728
47 0 936.822 0 -936.822
40 60 940.407 942.709 2.30197
45 0 468.117 0 -468.117
42 0 939.483 0 -939.483
26 0 708.428 0 -708.428
15 0 467.595 0 -467.595
32 0 712.835 0 -712.835
30 0 247.635 0 -247.635
1 0 252.094 0 -252.094
21 0 254.465 0 -254.465
13 0 254.91 0 -254.91
42 0 255.804 0 -255.804
40 0 484.621 0 -484.621
1 0 479.987 0 -479.987
13 0 710.697 0 -710.697
30 0 475.528 0 -475.528
34 0 932.224 0 -932.224
46 0 471.373 0 -471.373
33 0 482.404 0 -482.404
57 0 247.593 0 -247.593
26 0 252.641 0 -252.641
47 0 253.142 0 -253.142
16 0 470.77 0 -470.77
52 0 938.879 0 -938.879
21 0 710.251 0 -710.251
47 0 481.035 0 -481.035
17 0 710.745 0 -710.745
27 0 470.965 0 -470.965
25 0 465.368 0 -465.368
20 0 481.109 0 -481.109
43 0 246.218 0 -246.218
11 0 252.749 0 -252.749
20 0 253.216 0 -253.216
23 60 464.187 466.489 2.30197
38 0 935.657 0 -935.657
43 0 474.111 0 -474.111
8 0 479.944 0 -479.944
10 0 482.574 0 -482.574
11 0 936.429 0 -936.429
53 0 476.484 0 -476.484
12 0 471.934 0 -471.934
13 0 482.804 0 -482.804
53 0 248.591 0 -248.591
39 0 252.917 0 -252.917
59 0 253.61 0 -253.61
51 0 253.019 0 -253.019
40 0 712.514 0 -712.514
21 0 482.358 0 -482.358
51 0 936.698 0 -936.698
37 0 466.131 0 -466.131
51 0 708.805 0 -708.805
58 60 228.173 230.475 2.30196
22 0 228.591 0 -228.591
3 0 228.602 0 -228.602
49 0 230.341 0 -230.341
9 0 231.739 0 -231.739
35 0 232.057 0 -232.057
4 0 232.883 0 -232.883
7 0 233.212 0 -233.212
23 60 236.294 238.596 2.30197
29 60 236.976 239.278 2.30196
25 0 237.475 0 -237.475
37 0 238.238 0 -238.238
56 60 239.002 241.304 2.30196
15 0 239.702 0 -239.702
45 0 240.223 0 -240.223
31 0 240.247 0 -240.247
55 0 240.649 0 -240.649
28 0 241.243 0 -241.243
48 0 241.756 0 -241.756
54 0 242.401 0 -242.401
16 60 242.877 245.179 2.30197
27 0 243.071 0 -243.071
46 60 243.479 245.781 2.30197
44 0 243.593 0 -243.593
12 0 244.041 0 -244.041
24 0 244.575 0 -244.575
36 0 245.507 0 -245.507
18 0 245.678 0 -245.678
0 0 245.879 0 -245.879
19 0 245.995 0 -245.995
50 0 246.061 0 -246.061
18 0 929.358 0 -929.358
29 60 920.656 922.958 2.30196
2 60 933.509 935.811 2.30197
9 0 915.419 0 -915.419
7 60 916.891 919.193 2.30197
14 0 930.777 0 -930.777
0 0 473.772 0 -473.772
52 0 710.986 0 -710.986
6 0 476.551 0 -476.551
2 0 477.722 0 -477.722
10 0 710.468 0 -710.468
51 0 480.912 0 -480.912
41 0 482.074 0 -482.074
32 60 484.942 487.244 2.30196
20 0 709.002 0 -709.002
5 60 931.12 933.422 2.30197
31 0 468.14 0 -468.14
38 0 707.764 0 -707.764
19 0 473.889 0 -473.889
50 0 473.954 0 -473.954
11 0 480.642 0 -480.642
12 60 927.721 930.022 2.30197
32 60 940.728 943.03 2.30196
39 0 480.81 0 -480.81
59 0 481.504 0 -481.504
36 0 929.187 0 -929.187
1 0 707.88 0 -707.88
20 0 936.895 0 -936.895
1 0 935.773 0 -935.773
55 0 468.542 0 -468.542
24 0 472.468 0 -472.468
36 0 473.401 0 -473.401
34 0 476.438 0 -476.438
17 0 482.852 0 -482.852
11 0 708.535 0 -708.535
39 0 936.597 0 -936.597
46 0 927.159 0 -927.159
33 0 938.191 0 -938.191
28 0 469.136 0 -469.136
48 0 469.649 0 -469.649
18 0 473.571 0 -473.571
14 0 474.99 0 -474.99
52 0 483.093 0 -483.093
13 0 938.59 0 -938.59
57 0 931.273 0 -931.273
21 0 938.144 0 -938.144
47 0 708.929 0 -708.929
8 0 935.73 0 -935.73
29 60 464.869 467.171 2.30196
56 60 466.895 469.197 2.30196
54 0 470.294 0 -470.294
5 0 475.333 0 -475.333
44 0 927.273 0 -927.273
8 0 707.837 0 -707.837
42 60 483.697 485.999 2.30197
33 0 710.297 0 -710.297
39 0 708.704 0 -708.704
41 0 937.86 0 -937.86
19 0 929.675 0 -929.675
58 60 456.067 458.369 2.30196
22 0 456.484 0 -456.484
3 0 456.495 0 -456.495
49 60 458.235 460.537 2.30197
9 0 459.632 0 -459.632
35 0 459.95 0 -459.95
4 0 460.777 0 -460.777
7 0 461.105 0 -461.105
10 0 938.361 0 -938.361
17 0 938.638 0 -938.638
48 0 925.435 0 -925.435
41 0 709.967 0 -709.967
59 0 709.397 0 -709.397
55 0 924.329 0 -924.329
28 0 924.923 0 -924.923
56 60 941.109 941.211 0.102664
6 0 932.338 0 -932.338
58 60 683.96 686.262 2.30196
22 0 684.377 0 -684.377
3 0 684.388 0 -684.388
49 0 686.128 0 -686.128
9 60 687.525 689.827 2.30197
35 0 687.843 0 -687.843
4 60 688.67 690.972 2.30197
7 0 688.998 0 -688.998
23 60 692.08 694.382 2.30197
29 0 692.763 0 -692.763
25 0 693.262 0 -693.262
37 0 694.024 0 -694.024
56 60 694.789 697.09 2.30196
15 0 695.489 0 -695.489
45 0 696.01 0 -696.01
31 0 696.034 0 -696.034
55 0 696.436 0 -696.436
28 0 697.03 0 -697.03
48 0 697.542 0 -697.542
54 0 698.188 0 -698.188
16 0 698.664 0 -698.664
27 0 698.858 0 -698.858
46 60 699.266 701.568 2.30197
44 60 699.379 701.681 2.30197
12 0 699.827 0 -699.827
24 0 700.361 0 -700.361
36 0 701.294 0 -701.294
18 0 701.465 0 -701.465
0 0 701.666 0 -701.666
19 0 701.782 0 -701.782
50 0 701.847 0 -701.847
43 0 702.005 0 -702.005
14 0 702.883 0 -702.883
5 0 703.227 0 -703.227
57 0 703.38 0 -703.38
30 0 703.421 0 -703.421
34 60 704.331 706.633 2.30196
53 0 704.377 0 -704.377
6 0 704.445 0 -704.445
2 0 705.615 0 -705.615
54 0 926.081 0 -926.081
42 0 711.59 0 -711.59
24 0 928.254 0 -928.254
21 0 1393.93 0 -1393.93
48 0 1381.22 0 -1381.22
18 0 1385.14 0 -1385.14
14 0 1386.56 0 -1386.56
19 0 1385.46 0 -1385.46
45 0 1379.69 0 -1379.69
29 0 1376.44 0 -1376.44
3 60 1368.07 1370.37 2.30196
56 60 1001.11 1001.21 0.0975438
33 0 1393.98 0 -1393.98
8 0 1391.52 0 -1391.52
11 0 1392.22 0 -1392.22
38 0 1391.44 0 -1391.44
24 0 1384.04 0 -1384.04
50 0 1385.53 0 -1385.53
55 60 1380.12 1382.42 2.30197
46 0 1382.95 0 -1382.95
15 0 1379.17 0 -1379.17
25 0 1376.94 0 -1376.94
56 60 1031.11 1031.21 0.0975438
42 60 1395.27 1397.57 2.30197
52 0 1394.67 0 -1394.67
30 0 1387.1 0 -1387.1
20 0 1392.68 0 -1392.68
39 0 1392.38 0 -1392.38
5 0 1386.91 0 -1386.91
36 60 1384.97 1387.28 2.30197
43 0 1385.68 0 -1385.68
12 0 1383.51 0 -1383.51
56 60 1181.11 1181.21 0.0975438
4 0 1372.35 0 -1372.35
49 0 1369.81 0 -1369.81
17 0 1394.42 0 -1394.42
56 60 1151.11 1151.21 0.0975438
56 60 1061.11 1061.21 0.0975438
40 60 1396.19 1398.5 2.30197
59 0 1393.08 0 -1393.08
16 0 1382.34 0 -1382.34
26 0 1392.11 0 -1392.11
51 0 1392.48 0 -1392.48
57 0 1387.06 0 -1387.06
34 0 1388.01 0 -1388.01
6 0 1388.12 0 -1388.12
13 0 1394.38 0 -1394.38
31 60 1379.71 1382.02 2.30197
10 0 1394.15 0 -1394.15
7 0 1372.68 0 -1372.68
37 0 1377.7 0 -1377.7
56 60 1091.11 1091.21 0.0975438
32 60 1396.51 1398.82 2.30196
41 0 1393.65 0 -1393.65
28 0 1380.71 0 -1380.71
1 0 1391.56 0 -1391.56
47 0 1392.61 0 -1392.61
44 0 1383.06 0 -1383.06
53 60 1388.06 1390.36 2.30197
2 60 1389.3 1391.6 2.30197
0 0 1385.35 0 -1385.35
54 0 1381.87 0 -1381.87
27 0 1382.54 0 -1382.54
23 0 1375.76 0 -1375.76
9 0 1371.21 0 -1371.21
35 0 1371.52 0 -1371.52
22 0 1368.06 0 -1368.06
58 60 1367.64 1369.94 2.30196
58 0 1139.75 0 -1139.75
22 0 1140.16 0 -1140.16
3 0 1140.17 0 -1140.17
49 0 1141.91 0 -1141.91
9 0 1143.31 0 -1143.31
35 0 1143.63 0 -1143.63
4 0 1144.46 0 -1144.46
7 60 1144.78 1147.09 2.30197
23 60 1147.87 1150.17 2.30197
29 60 1148.55 1150.85 2.30196
25 60 1149.05 1151.35 2.30197
37 0 1149.81 0 -1149.81
56 60 1121.11 1121.21 0.0975438
27 0 1154.64 0 -1154.64
15 0 1151.28 0 -1151.28
45 0 1151.8 0 -1151.8
38 0 1163.55 0 -1163.55
55 0 1152.22 0 -1152.22
6 0 1160.23 0 -1160.23
48 0 1153.33 0 -1153.33
31 0 1151.82 0 -1151.82
18 0 1157.25 0 -1157.25
28 0 1152.82 0 -1152.82
19 0 1157.57 0 -1157.57
46 0 1155.05 0 -1155.05
44 0 1155.17 0 -1155.17
12 0 1155.61 0 -1155.61
24 0 1156.15 0 -1156.15
36 60 1157.08 1159.38 2.30197
30 0 1159.21 0 -1159.21
0 0 1157.45 0 -1157.45
53 0 1160.16 0 -1160.16
50 0 1157.63 0 -1157.63
43 0 1157.79 0 -1157.79
14 0 1158.67 0 -1158.67
5 0 1159.01 0 -1159.01
57 0 1159.17 0 -1159.17
2 0 1161.4 0 -1161.4
34 0 1160.12 0 -1160.12
54 0 1153.97 0 -1153.97
16 0 1154.45 0 -1154.45
8 0 1163.62 0 -1163.62
1 0 1163.67 0 -1163.67
26 0 1164.21 0 -1164.21
11 0 1164.32 0 -1164.32
39 0 1164.49 0 -1164.49
51 0 1164.59 0 -1164.59
47 0 1164.72 0 -1164.72
20 0 1164.79 0 -1164.79
59 0 1165.18 0 -1165.18
41 0 1165.75 0 -1165.75
21 0 1166.04 0 -1166.04
33 0 1166.08 0 -1166.08
10 0 1166.25 0 -1166.25
13 0 1166.48 0 -1166.48
17 0 1166.53 0 -1166.53
52 60 1166.77 1169.07 2.30196
42 0 1167.38 0 -1167.38
40 0 1168.3 0 -1168.3
32 60 1168.62 1170.92 2.30196
