27 60 1.59407 3.89603 2.30196
49 0 11.105 0 -11.105
39 62 12.5847 14.8867 2.30196
36 0 12.6855 0 -12.6855
2 0 11.2304 0 -11.2304
7 0 12.2159 0 -12.2159
12 0 11.746 0 -11.746
23 61 3.09841 5.40036 2.30195
37 62 3.17517 5.47713 2.30196
41 61 3.52995 5.83192 2.30197
24 61 5.36522 7.66718 2.30196
33 0 5.99171 0 -5.99171
11 62 5.42029 7.72225 2.30196
54 60 5.72975 8.03171 2.30196
3 60 7.07014 9.3721 2.30196
43 0 7.19992 0 -7.19992
38 62 7.34969 9.65164 2.30196
59 0 938.187 0 -938.187
53 60 9.84866 12.1506 2.30196
51 0 7.81426 0 -7.81426
43 0 918.773 0 -918.773
40 0 8.46632 0 -8.46632
28 0 10.0183 0 -10.0183
55 60 10.0531 12.3551 2.30196
24 0 916.938 0 -916.938
36 0 924.258 0 -924.258
7 61 923.789 926.091 2.30197
52 62 959.784 959.881 0.0975403
46 0 931.064 0 -931.064
0 0 13.1004 0 -13.1004
8 0 13.7103 0 -13.7103
19 0 941.547 0 -941.547
34 0 15.3778 0 -15.3778
16 0 15.3309 0 -15.3309
19 62 1397.33 1399.64 2.30196
44 62 16.13 18.4319 2.30196
57 0 17.107 0 -17.107
32 0 17.1965 0 -17.1965
37 62 914.748 917.05 2.30196
2 60 922.803 925.105 2.30196
42 0 17.2023 0 -17.2023
56 0 17.2842 0 -17.2842
4 0 18.1286 0 -18.1286
27 60 974.195 974.524 0.328713
17 0 18.3521 0 -18.3521
26 61 18.5561 20.858 2.30195
30 0 19.2463 0 -19.2463
14 60 19.3435 21.6455 2.30196
46 0 19.4914 0 -19.4914
22 61 19.6158 21.9178 2.30195
50 0 20.2799 0 -20.2799
9 62 20.3394 22.6414 2.30196
20 61 937.049 939.351 2.30195
58 62 21.2429 23.5448 2.30195
13 0 21.7868 0 -21.7868
35 0 22.0896 0 -22.0896
45 0 22.136 0 -22.136
0 60 924.673 926.975 2.30196
20 61 709.156 711.458 2.30195
10 60 935.197 937.499 2.30196
25 0 23.2542 0 -23.2542
10 60 23.6237 25.9257 2.30196
16 60 926.904 929.206 2.30196
6 62 24.5747 26.8767 2.30196
21 61 24.7775 27.0795 2.30195
31 0 24.9532 0 -24.9532
23 61 914.671 914.774 0.102659
15 0 25.0425 0 -25.0425
48 0 25.2416 0 -25.2416
5 0 25.3082 0 -25.3082
20 0 25.4763 0 -25.4763
12 0 923.319 0 -923.319
29 60 29.674 31.9759 2.30196
59 0 26.6144 0 -26.6144
18 60 26.1317 28.4337 2.30196
47 0 29.5802 0 -29.5802
1 60 29.1075 31.4095 2.30196
52 62 29.7838 32.0858 2.30196
39 0 924.158 0 -924.158
19 0 29.9744 0 -29.9744
26 0 1385.92 0 -1385.92
13 60 249.68 251.982 2.30196
45 62 250.029 252.331 2.30196
35 61 249.983 252.285 2.30196
6 0 252.468 0 -252.468
20 0 253.37 0 -253.37
48 0 253.135 0 -253.135
5 0 253.201 0 -253.201
47 62 257.473 259.775 2.30196
29 60 257.567 259.869 2.30196
50 0 476.066 0 -476.066
9 0 248.233 0 -248.233
25 0 251.147 0 -251.147
31 60 252.846 255.148 2.30196
15 0 252.936 0 -252.936
19 0 257.868 0 -257.868
42 0 472.989 0 -472.989
29 60 713.354 715.656 2.30196
50 0 248.173 0 -248.173
21 61 252.671 254.973 2.30195
59 0 254.508 0 -254.508
22 0 475.402 0 -475.402
3 60 967.07 967.168 0.097542
45 62 477.922 480.224 2.30196
22 61 247.509 249.811 2.30195
3 60 918.643 918.746 0.102662
55 0 465.84 0 -465.84
21 61 936.35 938.652 2.30195
12 0 467.533 0 -467.533
19 62 713.654 715.956 2.30196
18 0 481.918 0 -481.918
46 0 247.385 0 -247.385
58 62 249.136 251.438 2.30195
10 60 251.517 253.819 2.30196
18 0 254.025 0 -254.025
1 60 257.001 259.303 2.30196
11 0 916.993 0 -916.993
7 60 468.002 470.304 2.30196
10 60 479.41 481.712 2.30196
28 0 921.591 0 -921.591
53 0 1377.21 0 -1377.21
28 0 465.805 0 -465.805
54 0 917.303 0 -917.303
52 62 257.677 259.979 2.30196
34 61 471.164 473.466 2.30196
0 60 468.887 471.189 2.30196
59 60 710.294 712.596 2.30196
55 0 921.626 0 -921.626
26 61 474.343 476.645 2.30195
53 0 921.422 0 -921.422
40 0 920.039 0 -920.039
25 61 479.041 481.343 2.30196
51 62 919.387 921.689 2.30196
20 0 481.263 0 -481.263
38 61 918.923 921.225 2.30197
27 60 229.487 231.789 2.30196
23 61 230.992 233.294 2.30195
37 62 231.068 233.37 2.30196
41 61 231.423 233.725 2.30197
24 0 233.258 0 -233.258
11 0 233.314 0 -233.314
54 60 233.623 235.925 2.30196
33 0 233.885 0 -233.885
3 60 234.963 237.265 2.30196
43 61 235.093 237.395 2.30197
38 62 235.243 237.545 2.30196
51 62 235.708 238.009 2.30196
40 0 236.36 0 -236.36
53 60 237.742 240.044 2.30196
28 0 237.912 0 -237.912
55 60 237.946 240.248 2.30196
49 61 238.998 241.3 2.30197
2 0 239.124 0 -239.124
12 0 239.639 0 -239.639
7 0 240.109 0 -240.109
39 62 240.478 242.78 2.30196
36 62 240.579 242.881 2.30196
0 0 240.994 0 -240.994
8 0 241.604 0 -241.604
16 0 243.224 0 -243.224
34 62 243.271 245.573 2.30197
44 62 244.023 246.325 2.30196
57 0 245 0 -245
32 0 245.09 0 -245.09
42 0 245.096 0 -245.096
56 0 245.177 0 -245.177
4 0 246.022 0 -246.022
17 0 246.245 0 -246.245
26 61 246.449 248.751 2.30195
30 0 247.14 0 -247.14
14 0 247.237 0 -247.237
48 0 1392.6 0 -1392.6
24 61 1372.72 1375.03 2.30196
47 0 713.26 0 -713.26
12 0 1379.11 0 -1379.11
5 0 708.988 0 -708.988
33 61 917.565 919.867 2.30196
57 0 928.68 0 -928.68
41 0 915.103 0 -915.103
27 60 913.167 913.784 0.616457
49 0 922.678 0 -922.678
4 60 473.915 476.217 2.30196
58 62 477.029 479.331 2.30195
13 0 477.573 0 -477.573
5 0 936.881 0 -936.881
56 0 928.857 0 -928.857
15 62 480.829 483.131 2.30196
52 62 485.57 487.872 2.30196
18 0 709.811 0 -709.811
22 61 931.189 933.491 2.30195
39 62 468.371 470.673 2.30196
36 62 468.472 470.774 2.30196
56 0 473.071 0 -473.071
17 0 474.139 0 -474.139
9 0 476.126 0 -476.126
48 0 481.028 0 -481.028
21 61 480.564 482.866 2.30195
50 0 931.853 0 -931.853
19 0 485.761 0 -485.761
40 0 464.253 0 -464.253
16 60 471.117 473.419 2.30196
57 0 472.894 0 -472.894
30 0 475.033 0 -475.033
30 0 930.819 0 -930.819
23 61 1143.1 1143.2 0.0975387
51 0 463.601 0 -463.601
8 60 469.497 471.799 2.30196
32 0 472.983 0 -472.983
14 0 475.13 0 -475.13
6 0 480.361 0 -480.361
31 0 480.74 0 -480.74
5 0 481.095 0 -481.095
59 60 482.401 484.703 2.30196
47 62 485.367 487.669 2.30196
29 60 485.46 487.762 2.30196
14 60 930.917 933.218 2.30196
49 0 466.891 0 -466.891
2 0 467.017 0 -467.017
53 60 465.635 467.937 2.30196
44 62 471.916 474.218 2.30196
46 0 475.278 0 -475.278
35 61 477.876 480.178 2.30196
1 60 484.894 487.196 2.30196
27 60 457.381 459.683 2.30196
23 61 458.885 461.187 2.30195
37 62 458.962 461.264 2.30196
41 0 459.316 0 -459.316
24 61 461.152 463.454 2.30196
11 0 461.207 0 -461.207
54 60 461.516 463.818 2.30196
33 0 461.778 0 -461.778
3 60 462.857 465.159 2.30196
43 0 462.986 0 -462.986
38 62 463.136 465.438 2.30196
52 62 941.357 941.459 0.10266
18 0 937.705 0 -937.705
47 60 941.153 943.455 2.30197
34 0 926.951 0 -926.951
1 60 959.108 959.21 0.102662
25 0 934.827 0 -934.827
27 60 685.274 687.576 2.30196
23 61 686.778 689.08 2.30195
37 62 686.855 689.157 2.30196
41 0 687.21 0 -687.21
24 0 689.045 0 -689.045
11 0 689.1 0 -689.1
54 0 689.409 0 -689.409
33 0 689.671 0 -689.671
3 60 690.75 693.052 2.30196
43 0 690.88 0 -690.88
38 0 691.029 0 -691.029
51 62 691.494 693.796 2.30196
40 61 692.146 694.448 2.30197
53 0 693.528 0 -693.528
28 0 693.698 0 -693.698
55 0 693.733 0 -693.733
49 0 694.785 0 -694.785
2 62 694.91 697.212 2.30196
12 0 695.426 0 -695.426
7 0 695.896 0 -695.896
39 62 696.264 698.566 2.30196
36 62 696.365 698.667 2.30196
0 60 696.78 699.082 2.30196
8 60 697.39 699.692 2.30196
16 60 699.011 701.313 2.30196
34 61 699.058 701.36 2.30196
44 0 699.81 0 -699.81
57 0 700.787 0 -700.787
32 0 700.876 0 -700.876
42 0 700.882 0 -700.882
56 0 700.964 0 -700.964
4 60 701.808 704.11 2.30196
17 60 702.032 704.334 2.30196
26 61 702.236 704.538 2.30195
30 0 702.926 0 -702.926
14 60 703.023 705.325 2.30196
46 0 703.171 0 -703.171
22 61 703.296 705.598 2.30195
50 0 703.96 0 -703.96
9 0 704.019 0 -704.019
58 62 704.923 707.225 2.30195
13 0 705.467 0 -705.467
35 0 705.769 0 -705.769
45 62 705.816 708.118 2.30196
25 0 706.934 0 -706.934
10 0 707.303 0 -707.303
6 0 708.254 0 -708.254
21 61 708.457 710.759 2.30195
31 0 708.633 0 -708.633
15 0 708.722 0 -708.722
48 61 708.921 711.223 2.30197
1 60 712.787 715.089 2.30196
52 61 713.464 715.766 2.30196
17 0 929.925 0 -929.925
9 0 931.912 0 -931.912
58 0 932.816 0 -932.816
6 62 936.148 938.45 2.30196
48 0 936.815 0 -936.815
29 60 941.247 943.549 2.30196
23 61 933.098 933.201 0.102659
3 0 937.07 0 -937.07
8 60 925.283 927.585 2.30196
26 61 930.129 932.431 2.30195
4 0 929.702 0 -929.702
32 61 928.77 931.071 2.30196
1 60 940.681 940.783 0.102662
35 62 933.663 935.965 2.30196
31 0 936.526 0 -936.526
44 62 927.703 930.005 2.30196
42 0 928.775 0 -928.775
13 60 933.36 935.662 2.30196
45 62 933.709 936.011 2.30196
15 60 936.615 938.917 2.30196
20 61 1392.84 1395.14 2.30195
23 61 963.098 963.196 0.0975387
3 60 1147.07 1147.17 0.102662
8 0 1381.07 0 -1381.07
15 60 1392.4 1394.7 2.30196
49 61 1378.46 1380.77 2.30197
11 0 1372.78 0 -1372.78
55 0 1377.41 0 -1377.41
9 0 1387.7 0 -1387.7
10 60 1193.62 1193.72 0.0975415
23 61 1173.1 1173.2 0.0975387
58 62 1388.6 1390.9 2.30195
21 61 1392.14 1394.44 2.30195
47 62 1396.94 1397.27 0.32871
14 0 1386.7 0 -1386.7
4 0 1385.49 0 -1385.49
1 60 989.108 989.21 0.102662
52 62 989.784 989.886 0.10266
27 60 1006.74 1007.07 0.328713
23 61 993.098 993.196 0.0975387
3 60 997.07 997.168 0.097542
1 60 1199.11 1199.21 0.0975419
29 60 1199.67 1199.77 0.0975416
31 0 1392.31 0 -1392.31
5 0 1392.67 0 -1392.67
46 0 1386.85 0 -1386.85
44 62 1186.13 1186.23 0.0975397
33 0 1373.35 0 -1373.35
54 60 1373.09 1373.27 0.184839
27 60 1171.59 1171.77 0.174601
1 60 1019.11 1019.21 0.0975419
10 60 1173.25 1173.36 0.102661
57 0 1384.47 0 -1384.47
22 0 1386.98 0 -1386.98
52 62 1019.78 1019.88 0.0975403
27 60 1039.28 1039.46 0.184841
25 61 1390.61 1392.92 2.30196
32 0 1384.56 0 -1384.56
3 60 1027.07 1027.17 0.097542
23 61 1023.1 1023.2 0.0975387
18 0 1393.49 0 -1393.49
13 0 1389.15 0 -1389.15
17 0 1385.71 0 -1385.71
42 0 1384.56 0 -1384.56
7 0 1379.58 0 -1379.58
51 62 1375.17 1375.79 0.616459
38 60 1374.71 1377.01 2.30197
43 0 1374.56 0 -1374.56
1 0 1169.11 0 -1169.11
1 60 1049.11 1049.21 0.0975419
52 62 1049.78 1049.89 0.10266
23 61 1053.1 1053.2 0.0975387
0 0 1380.46 0 -1380.46
3 60 1057.07 1057.17 0.097542
27 60 1057.58 1057.75 0.174601
16 60 1382.69 1384.99 2.30196
52 62 1199.78 1199.88 0.0975403
45 62 1389.5 1391.8 2.30196
34 61 1382.74 1385.04 2.30196
35 0 1389.45 0 -1389.45
28 0 1377.38 0 -1377.38
3 60 1177.07 1177.17 0.097542
36 0 1380.04 0 -1380.04
1 60 1079.11 1079.21 0.0975419
52 62 1169.78 1169.88 0.0975403
52 62 1079.78 1079.89 0.10266
39 0 1379.94 0 -1379.94
27 60 1081.59 1081.77 0.174601
23 61 1083.1 1083.2 0.0975387
50 62 1387.64 1389.94 2.30196
59 0 1393.97 0 -1393.97
3 60 1087.07 1087.17 0.097542
6 0 1391.93 0 -1391.93
30 0 1386.61 0 -1386.61
56 0 1384.64 0 -1384.64
41 61 1370.89 1373.19 2.30197
40 62 1375.83 1378.13 2.30198
37 62 1370.53 1372.84 2.30196
2 0 1378.59 0 -1378.59
1 60 1109.11 1109.21 0.0975419
52 62 1109.78 1109.89 0.10266
54 60 1145.2 1147.5 2.30196
0 0 1152.57 0 -1152.57
24 61 1144.83 1147.13 2.30196
8 60 1153.18 1155.48 2.30196
23 61 1113.1 1113.2 0.0975387
34 62 1154.84 1157.15 2.30197
33 0 1145.46 0 -1145.46
41 0 1143 0 -1143
7 0 1151.68 0 -1151.68
38 0 1146.82 0 -1146.82
22 0 1159.08 0 -1159.08
39 0 1152.05 0 -1152.05
17 0 1157.82 0 -1157.82
11 60 1144.89 1147.19 2.30196
27 60 1111.59 1111.77 0.174601
40 0 1147.93 0 -1147.93
12 60 1151.21 1153.51 2.30196
37 62 1142.64 1144.94 2.30196
14 0 1158.81 0 -1158.81
35 0 1161.56 0 -1161.56
53 0 1149.31 0 -1149.31
4 0 1157.59 0 -1157.59
3 60 1117.07 1117.17 0.102662
36 0 1152.15 0 -1152.15
45 62 1161.6 1163.9 2.30196
43 0 1146.67 0 -1146.67
56 0 1156.75 0 -1156.75
51 62 1147.28 1149.58 2.30196
16 0 1154.8 0 -1154.8
26 61 1158.02 1160.32 2.30195
44 62 1155.6 1155.7 0.10266
50 0 1159.75 0 -1159.75
9 0 1159.81 0 -1159.81
57 0 1156.57 0 -1156.57
58 62 1160.71 1163.01 2.30195
13 0 1161.25 0 -1161.25
30 0 1158.71 0 -1158.71
46 0 1158.96 0 -1158.96
32 0 1156.66 0 -1156.66
42 0 1156.67 0 -1156.67
28 0 1149.48 0 -1149.48
55 61 1149.52 1151.82 2.30197
49 0 1150.57 0 -1150.57
2 0 1150.7 0 -1150.7
25 0 1162.72 0 -1162.72
10 60 1163.09 1163.19 0.102661
6 0 1164.04 0 -1164.04
21 61 1164.24 1166.55 2.30195
31 0 1164.42 0 -1164.42
15 0 1164.51 0 -1164.51
48 0 1164.71 0 -1164.71
5 0 1164.77 0 -1164.77
20 61 1164.94 1167.24 2.30195
18 0 1165.6 0 -1165.6
59 0 1166.08 0 -1166.08
1 60 1139.11 1139.21 0.0975419
29 60 1169.14 1169.24 0.102662
47 62 1169.05 1171.35 2.30196
52 62 1139.78 1139.88 0.0975403
19 62 1169.44 1171.74 2.30196
27 60 1141.59 1141.77 0.174601
