59 79 0.400877 2.70283 2.30195
1 65 1.00363 3.30558 2.30195
23 67 4.17728 6.47923 2.30196
38 76 4.62795 6.9299 2.30195
33 78 4.86883 7.17079 2.30195
45 70 3.94832 6.25027 2.30195
21 72 973.203 973.3 0.0975378
5 65 1.09703 3.39898 2.30195
49 67 927.325 929.627 2.30196
6 71 1.17708 3.47904 2.30196
56 63 1058.05 1058.15 0.0975368
6 65 991.177 991.275 0.0975392
23 67 459.964 462.266 2.30196
38 76 460.414 462.716 2.30195
15 66 978.4 978.502 0.102657
19 72 2.68932 4.99127 2.30195
21 72 468.989 471.291 2.30195
0 64 470.937 473.239 2.30195
40 75 6.70767 9.00962 2.30195
22 66 8.95076 11.2527 2.30195
52 92 5.67274 7.97469 2.30195
46 70 925.431 927.733 2.30195
56 63 8.05147 10.3534 2.30195
18 67 7.54238 9.84433 2.30195
11 70 7.36095 9.66291 2.30195
49 67 1155.22 1155.32 0.102659
19 72 992.689 992.792 0.102657
2 65 927.209 929.511 2.30195
16 66 8.47507 10.777 2.30196
13 72 8.68874 10.9907 2.30195
25 67 935.102 935.205 0.102659
47 77 470.683 472.985 2.30196
5 65 456.884 459.185 2.30195
6 71 456.964 459.266 2.30196
19 72 458.476 460.778 2.30195
45 70 459.735 462.037 2.30195
43 69 468.428 470.73 2.30195
10 65 9.42883 11.7308 2.30195
24 66 11.2784 13.5804 2.30195
31 79 11.8749 14.1768 2.30195
21 72 13.2027 15.5047 2.30195
34 84 10.3848 12.6868 2.30195
45 70 980.605 980.933 0.328707
46 70 13.8583 16.1602 2.30195
29 78 12.8828 15.1847 2.30195
28 79 12.2358 14.5378 2.30196
3 71 13.3785 15.6804 2.30195
20 66 13.0969 15.3989 2.30195
43 69 12.6416 14.9436 2.30195
27 85 474.888 477.19 2.30196
20 66 468.883 471.185 2.30195
2 65 471.423 473.725 2.30195
10 65 465.215 467.517 2.30195
50 75 480.856 483.158 2.30196
37 75 470.646 472.948 2.30195
23 67 915.75 915.853 0.102659
48 73 474.959 477.261 2.30196
38 76 1114.63 1114.73 0.0975383
37 75 974.859 974.962 0.102659
24 66 922.851 922.954 0.102657
57 94 987.503 987.606 0.102657
40 75 462.494 464.796 2.30195
9 65 13.655 15.957 2.30195
11 70 997.361 997.464 0.102659
22 66 464.737 467.039 2.30195
35 78 473.659 475.961 2.30195
36 79 14.8427 17.1447 2.30196
0 64 15.151 17.4529 2.30195
37 75 14.8594 17.1614 2.30195
47 0 14.8964 0 -14.8964
16 66 1147.94 1148.04 0.102659
49 67 15.7516 18.0535 2.30196
35 78 17.8721 20.1741 2.30195
2 65 15.6365 17.9384 2.30195
30 78 474.254 476.556 2.30195
40 75 966.708 966.805 0.0975376
28 79 972.236 972.338 0.102659
54 93 17.3826 19.6846 2.30196
7 71 17.2021 19.5041 2.30195
42 69 983.616 983.718 0.102658
27 0 19.1012 0 -19.1012
48 73 19.1726 21.4745 2.30196
55 79 18.72 21.022 2.30196
30 78 18.4678 20.7698 2.30195
15 66 18.3997 20.7017 2.30195
58 77 19.5346 21.8365 2.30195
44 70 19.0688 21.3707 2.30195
16 0 464.262 0 -464.262
39 70 1167.27 1167.37 0.0975378
36 79 470.629 472.931 2.30196
46 70 469.645 471.947 2.30195
15 66 474.186 476.488 2.30195
42 69 479.402 481.704 2.30195
9 65 469.442 471.743 2.30195
34 84 466.171 468.473 2.30195
17 66 935.418 937.72 2.30195
3 71 469.165 471.467 2.30195
37 75 1124.86 1124.96 0.0975389
33 78 964.869 964.971 0.102658
42 69 23.6157 25.9176 2.30195
56 63 463.838 466.14 2.30195
12 70 20.603 22.9049 2.30196
26 84 19.83 22.1319 2.30195
32 78 20.6947 22.9966 2.30195
25 67 23.5292 25.8312 2.30196
55 79 474.507 476.808 2.30196
17 66 479.631 481.933 2.30195
35 78 929.445 931.747 2.30195
24 66 1061.28 1061.38 0.097537
26 84 475.616 477.918 2.30195
14 0 480.785 0 -480.785
41 70 23.6647 25.9666 2.30195
32 78 476.481 478.783 2.30195
47 75 926.469 928.771 2.30196
17 66 23.8449 26.1468 2.30195
19 72 914.262 914.447 0.184833
59 79 1131.66 1131.98 0.328707
33 78 460.655 462.957 2.30195
52 92 461.459 463.761 2.30195
21 72 1003.2 1003.3 0.0975378
53 87 24.6097 26.9117 2.30195
50 75 25.0691 27.371 2.30196
8 64 27.4791 29.7811 2.30196
14 66 24.9985 27.3004 2.30195
49 67 471.538 473.84 2.30196
18 67 463.329 465.631 2.30195
12 70 476.389 478.691 2.30196
58 77 931.108 931.292 0.184835
7 71 928.775 931.077 2.30195
29 78 468.669 470.971 2.30195
13 72 920.262 922.564 2.30195
39 70 27.2678 29.5698 2.30195
57 94 27.5031 29.805 2.30195
31 85 923.448 925.75 2.30196
51 75 28.5149 30.8168 2.30196
4 65 29.7206 32.0226 2.30195
34 84 1149.85 1149.95 0.102657
27 85 246.994 249.296 2.30196
26 84 247.723 250.025 2.30195
41 70 251.558 253.86 2.30195
5 65 912.67 912.773 0.102657
53 87 480.396 482.698 2.30195
58 77 247.428 249.73 2.30195
39 70 255.161 257.463 2.30195
18 67 919.115 919.218 0.102658
44 70 474.855 477.157 2.30195
55 79 246.613 248.915 2.30196
48 73 247.066 249.368 2.30196
42 69 251.509 253.811 2.30195
8 64 255.372 257.674 2.30196
51 75 256.408 258.71 2.30196
7 71 1156.67 1156.77 0.102658
59 79 911.974 912.59 0.616451
3 71 1123.38 1123.48 0.0975376
30 78 246.361 248.663 2.30195
44 70 246.962 249.264 2.30195
19 72 1052.69 1052.79 0.102657
0 64 926.724 926.827 0.102658
9 65 973.655 973.753 0.0975368
15 66 246.293 248.595 2.30195
29 78 972.883 972.98 0.0975382
57 94 255.396 257.698 2.30195
41 70 479.451 481.753 2.30195
59 79 228.294 230.596 2.30195
1 0 228.897 0 -228.897
5 65 228.99 231.292 2.30195
6 65 229.07 231.372 2.30196
19 72 230.583 232.885 2.30195
45 70 231.842 234.144 2.30195
23 67 232.071 234.372 2.30196
38 76 232.521 234.823 2.30195
33 78 232.762 235.064 2.30195
52 92 233.566 235.868 2.30195
40 75 234.601 236.903 2.30195
11 70 235.254 237.556 2.30195
18 67 235.436 237.738 2.30195
56 63 235.945 238.247 2.30195
16 66 236.368 238.67 2.30196
13 72 236.582 238.884 2.30195
22 66 236.844 239.146 2.30195
10 65 237.322 239.624 2.30195
34 84 238.278 240.58 2.30195
24 66 239.172 241.474 2.30195
31 79 239.768 242.07 2.30195
28 79 240.129 242.431 2.30196
43 69 240.535 242.837 2.30195
29 78 240.776 243.078 2.30195
20 66 240.99 243.292 2.30195
21 72 241.096 243.398 2.30195
3 71 241.272 243.574 2.30195
9 65 241.548 243.85 2.30195
46 70 241.752 244.053 2.30195
36 79 242.736 245.038 2.30196
37 75 242.753 245.055 2.30195
47 77 242.79 245.092 2.30196
0 64 243.044 245.346 2.30195
2 65 243.53 245.832 2.30195
49 67 243.645 245.947 2.30196
7 71 245.095 247.397 2.30195
54 93 245.276 247.578 2.30196
35 85 245.765 248.067 2.30196
55 85 930.293 930.396 0.102659
7 71 472.989 475.291 2.30195
58 77 475.321 477.623 2.30195
54 93 473.169 475.471 2.30196
6 65 912.75 912.853 0.102659
10 65 921.002 923.304 2.30195
8 64 483.266 485.568 2.30196
24 66 467.065 469.367 2.30195
32 78 248.588 250.89 2.30195
12 70 248.496 250.798 2.30196
25 67 251.422 253.724 2.30196
17 66 251.738 254.04 2.30195
50 0 708.749 0 -708.749
18 67 1057.54 1057.64 0.0975384
52 92 995.673 995.775 0.102659
25 67 479.316 481.618 2.30196
30 78 930.041 932.343 2.30195
53 87 252.503 254.805 2.30195
50 75 252.962 255.264 2.30196
14 0 252.892 0 -252.892
4 65 257.614 259.916 2.30195
12 70 932.176 932.279 0.102659
47 70 1154.36 1156.66 2.30195
59 79 456.187 458.489 2.30195
1 65 456.79 459.092 2.30195
28 79 468.022 470.324 2.30196
4 65 485.507 487.809 2.30195
50 75 936.642 938.944 2.30196
53 87 936.183 936.368 0.184835
13 72 464.475 466.777 2.30195
31 79 467.661 469.963 2.30195
48 67 930.746 933.047 2.30195
9 0 925.228 0 -925.228
14 0 936.571 0 -936.571
43 69 1122.64 1122.74 0.0975375
45 70 915.521 915.85 0.328707
11 70 463.147 465.449 2.30195
0 64 975.151 975.249 0.0975384
46 70 1153.32 1153.43 0.102657
16 66 920.048 922.35 2.30196
43 69 972.642 972.744 0.102658
33 78 916.442 916.544 0.102658
51 75 1023.47 1023.64 0.174595
56 63 919.624 919.727 0.102657
36 79 926.416 928.718 2.30196
24 66 941.278 941.376 0.097537
58 77 979.535 979.632 0.0975386
22 66 1148.42 1148.52 0.102658
53 87 1134.61 1134.71 0.097539
22 66 920.524 922.826 2.30195
11 70 918.934 919.119 0.184835
33 78 1054.87 1054.97 0.0975376
56 63 1118.05 1118.15 0.0975368
28 79 1062.24 1062.33 0.097539
4 65 713.4 715.702 2.30195
44 0 702.749 0 -702.749
27 90 702.781 705.083 2.30196
55 85 702.4 704.702 2.30196
18 67 997.542 997.64 0.0975384
42 69 935.189 935.291 0.102658
39 70 483.054 485.356 2.30195
57 94 483.29 485.592 2.30195
51 75 484.301 486.603 2.30196
57 94 1167.5 1167.6 0.0975372
18 67 1117.54 1117.64 0.0975384
54 93 977.383 977.485 0.102659
52 92 1055.67 1055.78 0.102659
52 92 965.673 965.775 0.102659
37 75 926.432 926.535 0.102659
1 64 912.577 914.879 2.30196
52 92 917.246 917.348 0.102659
53 87 1104.61 1104.71 0.097539
48 65 702.852 705.154 2.30198
58 77 703.214 705.516 2.30195
14 66 708.678 710.98 2.30195
18 73 937.542 937.645 0.102661
54 93 928.956 929.058 0.102659
40 75 996.708 996.81 0.102658
48 67 1158.64 1158.97 0.328706
8 64 939.052 941.354 2.30196
51 75 972.63 972.958 0.328707
13 72 1148.15 1150.46 2.30195
53 87 708.289 710.591 2.30195
51 75 940.088 940.417 0.328707
39 70 938.841 938.943 0.102658
27 84 930.674 932.976 2.30195
15 66 929.973 930.075 0.102657
5 65 961.097 961.195 0.0975366
5 65 1051.1 1051.19 0.0975366
44 70 930.642 932.944 2.30195
59 79 684.081 686.383 2.30195
1 65 684.683 686.985 2.30195
5 65 684.777 687.079 2.30195
6 65 684.857 687.159 2.30196
19 72 686.369 688.671 2.30195
45 70 687.628 689.93 2.30195
23 67 687.857 690.159 2.30196
38 76 688.308 690.61 2.30195
33 78 688.549 690.851 2.30195
52 92 689.352 691.654 2.30195
40 75 690.387 692.689 2.30195
11 64 691.041 693.343 2.30196
18 73 691.222 693.524 2.30196
56 63 691.731 694.033 2.30195
16 72 692.155 694.457 2.30196
13 72 692.368 694.67 2.30195
22 67 692.631 694.932 2.30196
10 65 693.109 695.411 2.30195
34 90 694.065 696.367 2.30196
24 66 694.958 697.26 2.30195
31 79 695.555 697.857 2.30195
28 79 695.916 698.218 2.30196
43 69 696.321 698.623 2.30195
29 78 696.562 698.864 2.30195
20 72 696.777 699.079 2.30196
21 72 696.882 699.184 2.30195
3 71 697.058 699.36 2.30195
9 65 697.335 699.637 2.30195
46 70 697.538 699.84 2.30195
36 79 698.522 700.824 2.30196
37 75 698.539 700.841 2.30195
47 0 698.576 0 -698.576
0 64 698.831 701.133 2.30195
2 65 699.316 701.618 2.30195
49 67 699.431 701.733 2.30196
7 0 700.882 0 -700.882
54 93 701.062 703.364 2.30196
35 84 701.552 703.854 2.30196
15 66 702.079 704.381 2.30195
30 78 702.148 704.449 2.30195
26 84 703.51 705.812 2.30195
12 70 704.283 706.585 2.30196
32 78 704.374 706.676 2.30195
25 67 707.209 709.511 2.30196
42 69 707.295 709.597 2.30195
41 70 707.344 709.646 2.30195
17 67 707.525 709.827 2.30196
41 70 935.238 937.54 2.30195
40 75 1116.71 1116.81 0.102658
59 79 1066.57 1066.9 0.328707
6 65 1051.18 1051.28 0.102659
23 67 1114.18 1114.27 0.097539
38 76 916.201 916.386 0.184834
44 76 1158.54 1158.64 0.102661
38 76 964.628 964.803 0.174594
4 65 1109.72 1109.82 0.102659
45 70 1013.15 1013.33 0.184835
0 64 1065.15 1065.25 0.0975384
39 70 710.948 713.25 2.30195
51 75 712.195 714.497 2.30196
43 69 1062.64 1062.74 0.0975375
4 65 1169.72 1169.82 0.102659
57 94 711.183 713.485 2.30195
29 84 924.456 924.558 0.10266
8 64 711.159 713.461 2.30196
6 65 961.177 961.275 0.0975392
34 84 921.958 924.26 2.30195
24 66 971.278 971.381 0.102657
31 79 1151.34 1151.53 0.184834
40 75 918.281 918.465 0.184834
42 69 1103.62 1103.71 0.0975383
6 65 931.177 931.275 0.0975392
26 84 979.83 979.927 0.0975371
45 70 1053.95 1054.12 0.174595
37 75 1064.86 1064.96 0.0975389
4 65 989.721 989.895 0.174595
23 67 934.177 934.28 0.102659
4 65 941.294 941.478 0.184835
38 76 994.628 994.803 0.174594
12 70 980.603 980.7 0.0975393
2 65 1155.1 1155.21 0.102657
38 76 1054.63 1054.73 0.0975383
29 78 1062.88 1062.98 0.0975382
55 79 978.72 978.823 0.102659
9 65 1123.66 1123.75 0.0975368
24 66 1151.28 1151.38 0.097537
35 78 1157.34 1157.44 0.102659
21 72 1063.2 1063.3 0.0975378
3 71 973.378 973.476 0.0975376
11 70 1117.36 1117.46 0.0975387
52 92 935.673 935.775 0.102659
3 71 924.951 925.054 0.102658
5 65 931.097 931.2 0.102657
21 72 924.776 924.878 0.102658
20 66 924.67 926.972 2.30195
59 79 973.002 973.619 0.616451
57 94 939.076 939.261 0.184833
28 79 923.809 923.911 0.102659
43 69 924.215 924.317 0.102658
26 84 931.403 931.506 0.102657
32 79 932.268 934.57 2.30196
55 79 1128.72 1128.82 0.102659
19 72 932.689 932.792 0.102657
23 67 1054.18 1054.27 0.097539
51 75 1048.51 1048.69 0.174595
23 67 994.177 994.28 0.102659
26 84 1099.83 1099.93 0.0975371
20 66 1152.56 1152.67 0.102659
39 70 987.268 987.37 0.102658
19 72 1112.69 1112.79 0.102657
53 87 984.61 984.707 0.097539
11 70 1057.36 1057.46 0.102659
18 67 967.542 967.64 0.0975384
32 78 1160.16 1160.26 0.102659
38 76 934.628 934.803 0.174594
33 84 934.869 934.971 0.102661
45 70 948.063 948.392 0.328707
40 75 936.708 936.81 0.102658
11 70 937.361 937.464 0.102659
51 75 1005.17 1005.36 0.184835
25 67 983.529 983.632 0.102659
56 63 938.051 938.154 0.102657
33 78 994.869 994.971 0.102658
15 66 948.4 948.502 0.102657
0 64 945.151 945.254 0.102658
21 72 943.203 943.305 0.102658
28 79 942.236 942.338 0.102659
9 65 943.655 943.753 0.0975368
3 71 943.378 943.481 0.102658
37 75 944.859 944.962 0.102659
54 93 947.383 947.485 0.102659
54 93 1157.38 1157.48 0.0975391
29 78 942.883 942.985 0.102658
25 67 953.529 953.632 0.102659
43 69 942.642 942.744 0.102658
55 79 948.72 948.823 0.102659
26 84 949.83 949.927 0.0975371
58 77 949.535 949.637 0.102659
12 70 950.603 950.7 0.0975393
23 67 964.177 964.28 0.102659
5 65 991.097 991.2 0.102657
53 87 954.61 954.712 0.102659
57 94 957.503 957.606 0.102657
42 69 953.616 953.718 0.102658
56 63 968.051 968.154 0.102657
19 72 962.689 962.787 0.0975372
4 65 959.721 959.895 0.174595
39 70 957.268 957.365 0.0975378
11 70 967.361 967.464 0.102659
29 78 1002.88 1002.98 0.0975382
3 71 1153.38 1153.48 0.0975376
28 79 1002.24 1002.34 0.102659
9 65 1003.66 1003.75 0.0975368
3 71 1003.38 1003.48 0.0975376
24 66 1001.28 1001.38 0.102657
43 69 1002.64 1002.74 0.102658
0 64 1005.15 1005.25 0.0975384
56 63 1148.05 1148.15 0.0975368
56 63 998.051 998.149 0.0975368
41 70 1163.13 1163.23 0.102658
42 69 1163.62 1163.71 0.0975383
40 75 1056.71 1056.81 0.0975376
26 84 1129.83 1129.93 0.0975371
4 65 1049.72 1049.82 0.102659
25 67 1133.53 1133.63 0.102659
58 77 1129.53 1129.63 0.0975386
3 71 1063.38 1063.48 0.0975376
15 66 1128.4 1128.5 0.0975365
10 65 1148.9 1149.22 0.328707
30 78 1157.93 1158.04 0.102656
0 64 1125.15 1125.25 0.0975384
45 70 1113.95 1114.05 0.0975386
37 75 1004.86 1004.96 0.102659
5 65 1111.1 1111.19 0.0975366
54 93 1127.38 1127.48 0.0975391
29 78 1182.88 1182.98 0.0975382
33 78 1114.87 1114.97 0.0975376
52 92 1115.67 1115.77 0.0975388
12 70 1010.6 1010.7 0.0975393
25 67 1013.53 1013.63 0.102659
15 66 1008.4 1008.5 0.0975365
58 77 1009.53 1009.63 0.0975386
54 93 1007.38 1007.49 0.102659
42 69 1013.62 1013.71 0.0975383
26 84 1009.83 1009.93 0.0975371
55 79 1008.72 1008.82 0.102659
5 65 1021.1 1021.19 0.0975366
57 94 1017.5 1017.61 0.102657
7 71 1166.83 1166.93 0.102658
42 69 1133.62 1133.71 0.0975383
54 93 1067.38 1067.49 0.102659
17 66 1163.31 1163.41 0.102657
28 79 1122.24 1122.33 0.097539
39 70 1107.27 1107.37 0.0975378
57 94 1107.5 1107.61 0.102657
51 75 1108.51 1108.69 0.174595
19 72 1022.69 1022.79 0.102657
40 75 1026.71 1026.81 0.0975376
38 76 1024.63 1024.73 0.102658
6 71 1021.18 1021.27 0.0975396
59 79 1034.03 1034.36 0.328707
52 92 1025.67 1025.78 0.102659
39 70 1047.27 1047.37 0.102658
33 78 1024.87 1024.97 0.102658
18 67 1027.54 1027.64 0.0975384
23 67 1024.18 1024.28 0.102659
3 71 1033.38 1033.48 0.0975376
54 93 1037.38 1037.49 0.102659
39 70 1017.27 1017.37 0.102658
4 65 1019.72 1019.82 0.102659
9 65 1033.66 1033.75 0.0975368
53 87 1014.61 1014.71 0.097539
45 70 1031.44 1031.62 0.174595
21 72 1033.2 1033.3 0.0975378
28 79 1032.24 1032.33 0.097539
11 70 1027.36 1027.46 0.102659
58 77 1039.53 1039.63 0.0975386
24 66 1031.28 1031.38 0.102657
29 78 1032.88 1032.98 0.0975382
37 75 1034.86 1034.96 0.0975389
1 65 1140.47 1140.57 0.102658
56 63 1028.05 1028.15 0.0975368
0 64 1035.15 1035.25 0.0975384
53 87 1164.61 1164.71 0.097539
12 70 1040.6 1040.7 0.0975393
53 87 1044.61 1044.71 0.097539
26 84 1039.83 1039.93 0.0975371
25 67 1043.53 1043.63 0.0975394
55 79 1038.72 1038.82 0.0975392
57 94 1047.5 1047.61 0.102657
43 69 1032.64 1032.74 0.0975375
9 65 1063.66 1063.75 0.0975368
12 70 1130.6 1130.71 0.102659
42 69 1043.62 1043.71 0.0975383
18 67 1177.54 1177.64 0.0975384
15 66 1038.4 1038.5 0.0975365
29 78 1122.88 1122.98 0.0975382
55 79 1068.72 1068.82 0.0975392
24 66 1121.28 1121.38 0.097537
25 67 1073.53 1073.63 0.0975394
53 87 1074.61 1074.71 0.097539
55 79 1158.72 1158.82 0.0975392
12 70 1070.6 1070.71 0.102659
42 69 1073.62 1073.71 0.0975383
26 84 1069.83 1069.93 0.0975371
58 77 1069.53 1069.63 0.0975386
57 94 1077.5 1077.61 0.102657
15 66 1068.4 1068.5 0.0975365
39 70 1077.27 1077.37 0.0975378
36 79 1154.31 1154.41 0.102659
6 65 1111.18 1111.28 0.102659
5 65 1171.1 1171.19 0.0975366
21 72 1123.2 1123.3 0.0975378
19 72 1082.69 1082.79 0.102657
11 70 1087.36 1087.46 0.102659
3 71 1093.38 1093.48 0.0975376
18 67 1087.54 1087.64 0.0975384
59 79 1099.11 1099.44 0.328707
51 75 1078.51 1078.69 0.174595
43 69 1092.64 1092.74 0.0975375
23 67 1084.18 1084.27 0.097539
27 84 1158.57 1160.87 2.30195
28 79 1092.24 1092.33 0.097539
6 65 1081.18 1081.28 0.102659
5 65 1081.1 1081.2 0.102657
38 76 1084.63 1084.73 0.0975383
40 75 1086.71 1086.81 0.102658
31 79 1169.64 1169.74 0.102658
56 63 1088.05 1088.15 0.0975368
45 70 1083.95 1084.05 0.102659
15 66 1098.4 1098.5 0.0975365
9 65 1093.66 1093.75 0.0975368
24 66 1091.28 1091.38 0.097537
21 72 1093.2 1093.3 0.0975378
52 92 1085.67 1085.77 0.0975388
0 64 1095.15 1095.25 0.0975384
25 67 1103.53 1103.63 0.0975394
37 75 1094.86 1094.96 0.0975389
58 77 1099.53 1099.63 0.0975386
33 78 1084.87 1084.97 0.0975376
4 65 1079.72 1079.82 0.102659
13 72 1376.05 1376.15 0.102657
54 93 1097.38 1097.48 0.0975391
29 78 1092.88 1092.98 0.0975382
21 72 1153.2 1153.3 0.0975378
12 70 1100.6 1100.71 0.102659
55 79 1098.72 1098.82 0.0975392
14 66 1164.46 1166.77 2.30195
50 75 1164.54 1166.84 2.30196
8 64 1166.95 1167.13 0.184835
59 79 1164.2 1164.53 0.328707
57 94 1137.5 1137.61 0.102657
19 72 1142.69 1142.79 0.102657
51 75 1138.51 1138.69 0.174595
5 65 1141.1 1141.19 0.0975366
1 65 1150.63 1150.74 0.102658
6 65 1141.18 1141.27 0.0975392
23 67 1144.18 1144.27 0.097539
39 70 1137.27 1137.37 0.0975378
45 70 1143.95 1144.05 0.0975386
4 65 1139.72 1139.82 0.102659
33 78 1174.87 1174.97 0.0975376
38 76 1144.63 1144.73 0.0975383
33 78 1144.87 1144.97 0.0975376
11 70 1147.36 1147.46 0.0975387
18 67 1147.54 1147.64 0.0975384
35 78 1187.87 1187.97 0.102659
40 75 1146.71 1146.81 0.0975376
52 92 1145.67 1145.77 0.0975388
0 64 1155.15 1155.25 0.0975384
28 79 1152.24 1152.33 0.097539
36 79 1164.47 1164.57 0.102659
20 66 1162.73 1162.83 0.102659
59 79 1196.74 1197.07 0.328707
16 66 1158.1 1158.21 0.102659
49 67 1165.38 1165.48 0.102659
35 78 1167.5 1167.6 0.102659
22 66 1158.58 1158.68 0.102658
19 72 1172.69 1172.79 0.0975372
29 78 1152.88 1152.98 0.0975382
37 75 1154.86 1154.96 0.0975389
43 69 1152.64 1152.74 0.0975375
9 65 1153.66 1153.75 0.0975368
44 70 1168.7 1168.8 0.102657
42 69 1193.62 1193.71 0.0975383
26 84 1159.83 1159.93 0.0975371
41 70 1193.66 1193.76 0.0975384
15 66 1158.4 1158.5 0.0975365
58 77 1159.53 1159.63 0.0975386
12 70 1160.6 1160.71 0.102659
25 67 1163.53 1163.63 0.0975394
6 71 1171.18 1171.27 0.0975396
1 65 1171 1171.11 0.102658
8 64 1185.24 1185.35 0.102659
51 74 1168.51 1168.69 0.174596
32 78 1170.32 1170.43 0.102659
11 70 1177.36 1177.46 0.0975387
34 84 1180.38 1180.48 0.0975372
23 67 1174.18 1174.27 0.097539
16 66 1178.48 1178.58 0.102659
45 70 1173.95 1174.05 0.0975386
38 76 1174.63 1174.73 0.0975383
40 75 1176.71 1176.81 0.0975376
52 92 1175.67 1175.77 0.0975388
56 63 1178.05 1178.15 0.0975368
22 66 1178.95 1179.05 0.0975379
28 79 1182.24 1182.33 0.097539
24 66 1181.28 1181.38 0.097537
10 65 1181.44 1181.62 0.184835
44 70 1189.07 1189.17 0.102657
47 70 1382.26 1382.58 0.328706
31 79 1181.87 1181.97 0.0975377
9 65 1183.66 1183.75 0.0975368
36 79 1184.84 1184.95 0.102659
27 84 1386.46 1386.56 0.102658
15 66 1188.4 1188.5 0.0975365
3 71 1183.38 1183.48 0.0975376
46 70 1183.86 1183.96 0.0975369
49 67 1185.75 1185.85 0.0975391
39 70 1197.27 1197.37 0.0975378
43 69 1182.64 1182.74 0.0975375
37 75 1184.86 1184.96 0.0975389
2 65 1185.64 1185.73 0.0975373
0 64 1185.15 1185.25 0.0975384
30 78 1188.47 1188.57 0.0975365
20 66 1183.1 1183.19 0.0975385
48 67 1191.18 1191.37 0.184834
21 72 1183.2 1183.3 0.0975378
12 70 1190.6 1190.71 0.102659
26 84 1189.83 1189.93 0.0975371
55 79 1188.72 1188.82 0.0975392
7 71 1187.2 1187.3 0.0975383
54 93 1187.38 1187.48 0.0975391
58 77 1189.53 1189.63 0.0975386
8 64 1197.48 1197.58 0.102659
53 87 1194.61 1194.71 0.097539
17 66 1193.84 1193.94 0.0975365
25 67 1193.53 1193.63 0.0975394
57 94 1197.5 1197.6 0.0975372
32 78 1190.69 1190.8 0.102659
14 66 1392.36 1394.66 2.30195
50 75 1392.43 1392.76 0.328707
51 75 1198.51 1198.69 0.174595
4 65 1199.72 1199.82 0.0975387
