3 23 0.39501 2.69697 2.30196
19 21 5.65064 7.9526 2.30196
4 23 4.5674 6.86936 2.30196
15 22 5.0344 7.33635 2.30196
1 23 3.45527 5.75723 2.30196
14 21 4.4363 6.73826 2.30195
11 20 11.14 13.4419 2.30196
13 21 8.06486 10.3668 2.30196
18 24 14.1769 16.4788 2.30196
17 25 10.8938 13.1958 2.30195
9 20 13.9442 16.2462 2.30196
10 20 12.8403 15.1422 2.30196
6 26 13.2453 15.5473 2.30196
5 23 17.0598 19.3618 2.30196
12 20 19.2348 21.5368 2.30196
7 26 24.7185 27.0205 2.30196
8 25 18.7386 21.0406 2.30196
2 23 23.8885 26.1904 2.30196
0 23 28.9385 31.2404 2.30195
16 27 28.2328 30.5348 2.30196
0 23 256.832 259.134 2.30195
7 26 480.505 482.807 2.30196
12 20 247.128 249.43 2.30196
2 23 251.782 254.084 2.30196
7 26 252.612 254.914 2.30196
11 20 466.926 469.228 2.30196
8 25 246.632 248.934 2.30196
16 27 256.126 258.428 2.30196
3 23 228.288 230.59 2.30196
1 23 231.349 233.65 2.30196
14 21 232.33 234.632 2.30195
4 0 232.461 0 -232.461
15 22 232.928 235.23 2.30196
19 0 233.544 0 -233.544
13 21 235.958 238.26 2.30196
17 25 238.787 241.089 2.30195
11 20 239.033 241.335 2.30196
10 20 240.734 243.035 2.30196
6 26 241.139 243.441 2.30196
9 20 241.837 244.139 2.30196
18 0 242.07 0 -242.07
5 23 244.953 247.255 2.30196
12 20 475.021 477.323 2.30196
8 25 474.525 476.827 2.30196
18 25 469.963 472.265 2.30196
0 23 484.725 487.027 2.30195
13 21 463.851 466.153 2.30196
6 26 469.032 471.334 2.30196
9 20 943.944 944.047 0.102661
10 0 468.627 0 -468.627
9 20 469.731 472.033 2.30196
2 23 479.675 481.977 2.30196
16 27 484.019 486.321 2.30196
3 23 456.182 458.483 2.30196
1 23 459.242 461.544 2.30196
14 21 460.223 462.525 2.30195
4 0 460.354 0 -460.354
15 22 460.821 463.123 2.30196
19 21 461.437 463.739 2.30196
17 25 466.68 468.982 2.30195
5 23 472.846 475.148 2.30196
17 25 1090.89 1090.99 0.0975387
0 23 712.618 714.92 2.30195
18 25 925.75 928.052 2.30196
14 21 934.436 934.539 0.102657
7 26 708.398 710.7 2.30196
9 20 973.944 974.042 0.0975407
0 23 940.511 940.614 0.102657
3 23 684.075 686.377 2.30196
1 22 687.135 689.437 2.30196
14 21 688.116 690.418 2.30195
4 27 688.247 690.549 2.30197
15 23 688.714 691.016 2.30196
19 0 689.33 0 -689.33
13 20 691.745 694.047 2.30196
17 25 694.574 696.876 2.30195
11 21 694.82 697.122 2.30196
10 20 696.52 698.822 2.30196
6 26 696.925 699.227 2.30196
9 20 697.624 699.926 2.30196
18 0 697.857 0 -697.857
5 23 700.74 703.041 2.30196
8 25 702.418 704.72 2.30196
12 21 702.915 705.217 2.30196
2 23 707.568 709.87 2.30196
12 20 949.235 949.337 0.10266
16 27 711.913 714.215 2.30196
8 25 930.312 930.64 0.328711
9 20 925.517 925.702 0.184837
7 26 936.291 936.908 0.616452
16 27 939.806 940.135 0.32871
7 26 997.32 997.649 0.328708
6 26 924.818 924.921 0.102661
10 24 924.413 926.715 2.30196
1 23 933.455 933.553 0.0975394
3 23 911.968 914.27 2.30196
1 23 915.028 915.131 0.102659
14 21 916.009 916.112 0.102657
4 27 916.14 918.442 2.30197
15 22 916.607 918.909 2.30196
19 21 917.224 919.526 2.30196
13 21 919.638 921.94 2.30196
17 25 922.467 922.652 0.184835
11 20 922.713 923.329 0.616454
12 20 1069.23 1069.33 0.0975397
10 20 1152.31 1153.62 1.31482
5 23 928.633 929.948 1.31482
2 23 935.461 936.776 1.31482
12 20 930.808 930.91 0.10266
17 25 970.894 970.996 0.102659
0 23 958.938 959.041 0.102657
17 25 940.894 940.996 0.102659
9 20 1153.94 1154.04 0.0975407
6 26 943.245 943.343 0.0975408
8 25 962.853 963.182 0.328711
11 20 983.741 984.358 0.616454
1 23 963.455 963.553 0.0975394
16 27 972.348 972.676 0.32871
14 21 964.436 964.534 0.0975373
6 26 973.245 973.348 0.102661
16 27 1037.43 1037.76 0.32871
8 25 995.395 995.724 0.328711
9 20 1123.94 1124.04 0.0975407
14 21 994.436 994.534 0.0975373
12 20 979.235 979.337 0.10266
9 20 1003.94 1004.05 0.102661
1 23 993.455 993.553 0.0975394
16 27 1004.89 1005.22 0.32871
0 23 988.938 989.036 0.0975371
5 23 1058.8 1059.42 0.616453
17 25 1000.89 1001 0.102659
6 26 1003.25 1003.34 0.0975408
17 25 1120.89 1120.99 0.0975387
14 21 1024.44 1024.53 0.0975373
7 26 1029.86 1030.05 0.184836
1 23 1023.46 1023.56 0.102659
17 25 1030.89 1031 0.102659
0 23 1018.94 1019.04 0.0975371
12 20 1009.23 1009.34 0.10266
8 25 1027.94 1028.12 0.184839
6 26 1033.25 1033.34 0.0975408
8 25 1046.24 1046.41 0.174599
9 20 1033.94 1034.04 0.0975407
14 21 1054.44 1054.53 0.0975373
0 23 1048.94 1049.04 0.0975371
11 20 1044.77 1045.39 0.616454
12 20 1039.23 1039.34 0.10266
2 23 1065.63 1066.94 1.31482
7 26 1048.16 1048.33 0.174596
5 23 1180.86 1181.47 0.616453
16 27 1069.97 1070.3 0.32871
6 26 1063.25 1063.34 0.0975408
7 26 1074.72 1074.82 0.10266
1 23 1053.46 1053.55 0.0975394
16 27 1135.06 1135.38 0.32871
9 20 1063.94 1064.04 0.0975407
17 25 1060.89 1061 0.102659
12 20 1099.23 1099.33 0.0975397
8 25 1098.74 1098.91 0.174599
8 25 1068.74 1068.91 0.174599
5 23 1119.83 1120.44 0.616453
11 20 1105.8 1106.41 0.616454
6 26 1093.25 1093.34 0.0975408
1 23 1083.46 1083.56 0.102659
9 20 1093.94 1094.04 0.0975407
0 23 1078.94 1079.04 0.0975371
16 27 1102.51 1102.84 0.32871
14 21 1084.44 1084.53 0.0975373
6 26 1153.25 1153.34 0.0975408
12 20 1129.23 1129.33 0.0975397
14 21 1114.44 1114.53 0.0975373
7 26 1104.72 1104.82 0.0975404
1 23 1113.46 1113.56 0.102659
19 21 1145.12 1147.42 2.30196
3 23 1139.86 1141.18 1.31482
6 26 1123.25 1123.34 0.0975408
11 20 1166.83 1167.44 0.616454
4 0 1144.03 0 -1144.03
13 21 1147.53 1147.86 0.328709
15 22 1144.5 1146.8 2.30196
0 23 1108.94 1109.04 0.0975371
18 25 1153.64 1155.95 2.30196
17 25 1180.89 1180.99 0.0975387
8 25 1128.74 1128.91 0.174599
13 21 1180.07 1180.4 0.328709
7 26 1134.72 1134.82 0.0975404
11 20 1227.85 1228.47 0.616454
0 23 1138.94 1139.04 0.0975371
14 21 1144.44 1144.53 0.0975373
1 23 1143.46 1143.56 0.102659
16 27 1167.6 1167.93 0.32871
12 20 1159.23 1159.33 0.0975397
17 25 1150.89 1150.99 0.0975387
0 23 1168.94 1169.04 0.0975371
8 25 1158.74 1158.91 0.174599
5 23 1241.88 1242.5 0.616453
14 21 1174.44 1174.53 0.0975373
4 23 1371.93 1374.23 2.30196
12 20 1189.23 1189.33 0.0975397
9 20 1183.94 1184.04 0.0975407
16 27 1200.14 1200.47 0.32871
7 26 1164.72 1164.82 0.0975404
1 23 1173.46 1173.55 0.0975394
19 21 1373.01 1373.63 0.616456
3 23 1270.03 1271.34 1.31482
15 22 1372.39 1372.58 0.184836
18 25 1381.54 1382.15 0.616455
10 20 1282.47 1283.79 1.31482
6 26 1183.25 1183.34 0.0975408
8 25 1188.74 1188.91 0.174599
7 26 1194.72 1194.82 0.0975404
0 23 1198.94 1199.04 0.0975371
2 23 1195.8 1197.11 1.31482
