25 46 0.632408 2.93437 2.30196
21 0 1.11392 0 -1.11392
28 45 2.62374 4.9257 2.30196
3 40 4.63362 6.93558 2.30196
0 40 4.85863 7.16059 2.30196
8 43 4.39342 6.69538 2.30196
26 49 1010.13 1010.23 0.10266
3 40 1084.63 1084.73 0.0975394
3 40 1054.63 1054.73 0.0975394
32 47 1.73047 4.03242 2.30195
28 45 1052.62 1052.72 0.0975402
34 41 1028.22 1028.31 0.097538
39 41 1.73281 4.03476 2.30195
5 0 5.40838 0 -5.40838
35 41 1004.55 1004.65 0.0975382
2 40 7.43391 9.73587 2.30196
34 41 8.21647 10.5184 2.30195
10 43 7.25341 9.55537 2.30195
30 47 1036.66 1036.77 0.102659
16 0 9.40584 0 -9.40584
29 44 9.34088 11.6428 2.30196
11 43 8.47103 10.773 2.30196
7 43 9.39357 11.6955 2.30196
25 46 1225.46 1226.07 0.616456
23 44 1045.87 1045.97 0.0975411
6 40 1013.49 1013.66 0.174596
6 40 1133.49 1133.59 0.10266
26 49 1160.13 1160.23 0.10266
37 48 9.86869 12.1706 2.30196
15 0 1161.84 0 -1161.84
4 40 14.0338 16.3357 2.30196
20 47 12.6385 14.9404 2.30195
22 0 12.249 0 -12.249
18 49 12.1706 14.4725 2.30196
29 44 1059.34 1059.44 0.102661
36 45 14.7344 17.0363 2.30196
1 40 16.8538 19.1557 2.30196
35 41 14.5531 16.855 2.30195
30 47 16.6635 18.9655 2.30196
38 45 1164.44 1166.74 2.30196
13 43 17.6762 19.9782 2.30196
12 43 19.1375 21.4394 2.30196
33 46 17.621 19.9229 2.30196
26 49 20.1318 22.4337 2.30196
15 0 22.3736 0 -22.3736
24 44 22.047 24.349 2.30196
19 48 23.1542 25.4562 2.30196
38 45 24.9741 27.2761 2.30196
6 40 23.4885 25.7905 2.30196
27 48 26.0316 28.3335 2.30195
23 44 25.8711 28.1731 2.30196
9 43 27.1717 29.4736 2.30196
14 0 27.012 0 -27.012
35 41 1064.55 1064.65 0.0975382
17 49 28.2365 30.5385 2.30196
37 48 1119.87 1119.97 0.0975393
31 44 28.3468 30.6487 2.30196
12 43 247.031 249.333 2.30196
26 49 248.025 250.327 2.30196
14 0 254.905 0 -254.905
23 44 253.764 256.066 2.30196
16 49 1148.87 1151.17 2.30196
4 0 469.82 0 -469.82
19 48 251.047 253.349 2.30196
11 43 464.258 466.559 2.30196
31 44 256.24 258.542 2.30196
39 41 1171.73 1171.84 0.102658
20 47 468.425 470.727 2.30195
10 43 997.253 997.351 0.0975384
18 49 467.957 470.259 2.30196
15 49 250.267 252.569 2.30196
27 48 253.925 256.227 2.30195
6 40 479.275 481.577 2.30196
28 45 1022.62 1022.73 0.10266
17 0 256.13 0 -256.13
34 41 464.003 466.305 2.30195
9 43 255.065 257.367 2.30196
6 40 251.382 253.684 2.30196
1 41 1156.32 1158.62 2.30196
25 40 228.526 230.828 2.30196
21 47 229.007 231.309 2.30196
32 47 229.624 231.926 2.30195
39 41 229.626 231.928 2.30195
28 45 230.517 232.819 2.30196
8 43 232.287 234.589 2.30196
3 40 232.527 234.829 2.30196
0 0 232.752 0 -232.752
5 0 233.302 0 -233.302
10 43 235.147 237.449 2.30195
2 0 235.327 0 -235.327
34 41 236.11 238.412 2.30195
11 43 236.364 238.666 2.30196
29 44 237.234 239.536 2.30196
7 0 237.287 0 -237.287
16 0 237.299 0 -237.299
37 48 237.762 240.064 2.30196
18 49 240.064 242.366 2.30196
22 0 240.142 0 -240.142
20 47 240.532 242.834 2.30195
4 0 241.927 0 -241.927
35 41 242.446 244.748 2.30195
36 45 242.628 244.93 2.30196
30 47 244.557 246.859 2.30196
1 40 244.747 247.049 2.30196
33 46 245.514 247.816 2.30196
13 43 245.569 247.871 2.30196
34 41 998.216 998.319 0.102658
26 49 1040.13 1040.23 0.0975404
25 46 1103.4 1104.02 0.616456
23 44 1165.87 1165.97 0.0975411
24 44 249.94 252.242 2.30196
36 45 1070.72 1070.89 0.174598
27 49 1165.5 1167.8 2.30196
30 47 1066.66 1066.77 0.102659
22 48 1151.72 1154.02 2.30196
38 45 252.867 255.169 2.30196
29 44 1149.34 1149.44 0.0975406
36 45 1154.73 1154.91 0.174598
21 47 1201.61 1202.22 0.616456
8 43 1084.39 1084.5 0.102661
28 45 1082.62 1082.72 0.0975402
32 47 1081.73 1081.83 0.0975375
34 41 1058.22 1058.31 0.097538
37 48 999.869 999.971 0.102659
5 0 1144.87 0 -1144.87
3 40 1144.63 1144.73 0.0975394
31 44 1078.35 1078.45 0.10266
35 41 470.34 472.642 2.30195
25 46 1042.37 1042.99 0.616456
32 47 1051.73 1051.83 0.0975375
24 44 1055.68 1056.29 0.616456
17 49 484.023 486.325 2.30196
29 44 1029.34 1029.44 0.102661
36 45 470.521 472.823 2.30196
7 0 465.18 0 -465.18
22 47 468.036 470.337 2.30196
30 47 472.45 474.752 2.30196
9 43 482.958 485.26 2.30196
38 45 480.761 483.063 2.30196
2 0 463.22 0 -463.22
16 0 465.192 0 -465.192
12 43 474.924 477.226 2.30196
1 40 472.64 474.942 2.30196
26 49 475.918 478.22 2.30196
15 0 478.16 0 -478.16
10 43 463.04 465.342 2.30195
31 44 1048.35 1048.45 0.10266
33 46 473.407 475.709 2.30196
19 48 478.941 481.243 2.30196
29 44 465.127 467.429 2.30196
13 43 473.463 475.765 2.30196
24 44 477.834 480.135 2.30196
14 0 482.798 0 -482.798
25 46 456.419 458.721 2.30196
21 47 456.9 459.202 2.30196
32 47 457.517 459.819 2.30195
39 41 457.519 459.821 2.30195
28 45 458.41 460.712 2.30196
8 43 460.18 462.482 2.30196
3 40 460.42 462.722 2.30196
0 40 460.645 462.947 2.30196
5 0 461.195 0 -461.195
31 44 1018.35 1018.44 0.0975404
18 49 1151.64 1153.94 2.30196
23 44 1135.87 1135.97 0.0975411
7 43 1148.86 1151.16 2.30196
37 48 1029.87 1029.97 0.102659
32 47 1021.73 1021.83 0.0975375
10 43 1057.25 1057.36 0.102658
37 48 465.655 467.957 2.30196
37 48 1059.87 1059.97 0.0975393
28 45 1142.62 1142.73 0.10266
32 47 1141.73 1141.83 0.0975375
31 44 1168.35 1168.45 0.10266
28 45 1172.62 1172.72 0.0975402
36 45 1019.88 1020.21 0.32871
10 42 1027.25 1027.36 0.102664
23 44 481.658 483.96 2.30196
27 48 481.818 484.12 2.30195
31 44 484.133 486.435 2.30196
23 44 709.551 711.853 2.30196
38 45 708.654 710.956 2.30196
10 43 951.368 951.553 0.184834
6 40 1043.49 1043.66 0.174596
14 0 710.692 0 -710.692
31 44 712.027 714.328 2.30196
27 49 709.711 712.013 2.30196
25 46 684.312 686.614 2.30196
21 47 684.794 687.096 2.30196
32 47 685.41 687.712 2.30195
39 41 685.413 687.715 2.30195
28 45 686.303 688.605 2.30196
8 43 688.073 690.375 2.30196
3 40 688.313 690.615 2.30196
0 0 688.538 0 -688.538
5 46 689.088 691.39 2.30198
10 42 690.933 693.235 2.30196
2 0 691.114 0 -691.114
34 41 691.896 694.198 2.30195
11 0 692.151 0 -692.151
29 44 693.021 695.323 2.30196
7 43 693.073 695.375 2.30196
16 0 693.086 0 -693.086
37 48 693.548 695.85 2.30196
18 0 695.85 0 -695.85
22 46 695.929 698.231 2.30196
20 47 696.318 698.62 2.30195
4 40 697.714 700.015 2.30196
35 41 698.233 700.535 2.30195
36 45 698.414 700.716 2.30196
30 47 700.343 702.645 2.30196
1 41 700.534 702.835 2.30196
33 46 701.301 703.603 2.30196
13 43 701.356 703.658 2.30196
12 43 702.817 705.119 2.30196
26 49 703.812 706.113 2.30196
24 48 705.727 708.029 2.30197
15 0 706.053 0 -706.053
19 48 706.834 709.136 2.30196
6 40 707.168 709.47 2.30196
17 49 711.916 714.218 2.30196
9 43 710.851 713.153 2.30196
19 48 934.727 937.029 2.30196
8 43 934.393 934.496 0.102661
39 41 1159.5 1159.6 0.102658
9 43 938.745 941.047 2.30196
3 0 934.634 0 -934.634
37 48 939.869 939.971 0.102659
4 41 925.607 927.909 2.30196
38 45 936.547 938.849 2.30196
32 47 931.73 931.833 0.102658
20 47 924.211 926.513 2.30195
13 43 1051.31 1051.92 0.616457
14 49 938.585 940.887 2.30196
23 44 937.444 937.629 0.184837
22 0 923.822 0 -923.822
29 44 939.341 939.444 0.102661
13 43 929.249 929.866 0.616457
24 44 933.62 934.236 0.616456
26 49 931.705 932.033 0.328708
27 48 937.605 939.907 2.30195
31 44 939.92 940.105 0.184836
23 44 955.871 956.046 0.174597
35 41 944.553 944.656 0.102658
25 46 912.205 913.52 1.31482
21 48 912.687 914.989 2.30196
32 47 913.303 913.406 0.102658
39 41 913.306 915.608 2.30195
28 45 914.197 914.299 0.10266
8 43 915.966 916.151 0.184837
3 40 916.207 916.309 0.102659
0 44 916.432 918.734 2.30197
5 0 916.981 0 -916.981
10 43 918.826 919.155 0.328706
2 40 919.007 921.309 2.30196
34 41 919.789 919.892 0.102658
11 43 920.044 922.346 2.30196
29 46 920.914 921.017 0.102661
7 43 920.967 923.269 2.30196
16 48 920.979 923.281 2.30196
37 48 921.442 921.544 0.102659
18 0 923.744 0 -923.744
23 44 1015.87 1015.97 0.102661
6 41 935.062 935.246 0.18484
12 42 930.71 933.012 2.30196
3 40 1024.63 1024.73 0.0975394
24 44 1177.73 1178.06 0.328712
33 46 929.194 930.509 1.31482
17 49 939.81 942.111 2.30196
30 46 928.237 928.339 0.10266
30 47 1006.66 1006.77 0.102659
35 41 926.126 926.229 0.102658
36 45 926.307 926.924 0.616454
15 48 933.947 936.249 2.30196
12 43 1158.6 1160.91 2.30196
26 49 1070.13 1070.23 0.10266
8 43 1054.39 1054.5 0.102661
37 48 1149.87 1149.97 0.0975393
33 46 1059.36 1060.68 1.31482
35 41 1034.55 1034.66 0.102658
26 49 1130.13 1130.23 0.10266
1 40 928.427 930.729 2.30196
28 45 932.624 932.726 0.10266
6 40 1073.49 1073.59 0.10266
23 44 1075.87 1075.97 0.0975411
36 45 1052.42 1052.6 0.184838
8 43 1024.39 1024.49 0.097541
20 47 1152.1 1152.21 0.102658
3 40 994.634 994.736 0.102659
8 43 1144.39 1144.49 0.097541
34 41 938.216 938.314 0.097538
30 47 946.664 946.766 0.102659
6 40 953.489 953.663 0.174596
34 41 1148.22 1148.31 0.097538
26 49 964.246 964.431 0.184836
8 43 1174.39 1174.49 0.097541
30 47 976.664 976.766 0.102659
29 44 969.341 969.438 0.0975406
31 44 958.347 958.521 0.174596
8 43 964.393 964.496 0.102661
28 45 962.624 962.726 0.10266
37 48 969.869 969.966 0.0975393
32 47 961.73 961.828 0.0975375
3 40 964.634 964.731 0.0975394
10 43 969.666 969.769 0.102658
35 41 974.553 974.656 0.102658
13 43 990.278 990.894 0.616457
34 41 968.216 968.319 0.102658
28 45 992.624 992.726 0.10266
36 45 987.336 987.664 0.32871
6 40 983.489 983.663 0.174596
31 44 988.347 988.449 0.10266
8 43 994.393 994.496 0.102661
26 49 982.545 982.719 0.174596
24 44 994.648 995.265 0.616456
32 47 1171.73 1171.83 0.0975375
20 47 1162.27 1162.37 0.102658
29 44 999.341 999.444 0.102661
23 44 985.871 986.046 0.174597
32 47 991.73 991.828 0.0975375
37 48 1089.87 1089.97 0.0975393
34 41 1088.22 1088.31 0.097538
10 43 1087.25 1087.36 0.102658
35 41 1124.55 1124.65 0.0975382
17 49 1167.7 1169.02 1.31482
8 43 1114.39 1114.5 0.102661
2 40 1146.9 1149.2 2.30196
36 45 1094.73 1094.91 0.174598
14 49 1394.37 1396.67 2.30196
13 43 1112.33 1112.95 0.616457
23 44 1105.87 1105.97 0.0975411
3 40 1174.63 1174.73 0.0975394
29 44 1089.34 1089.44 0.0975406
13 43 1173.36 1173.98 0.616457
34 41 1118.22 1118.31 0.097538
35 41 1094.55 1094.65 0.0975382
10 43 1117.25 1117.36 0.102658
0 0 1144.32 0 -1144.32
26 49 1100.13 1100.23 0.10266
30 47 1096.66 1096.76 0.0975391
36 45 1124.73 1124.91 0.174598
6 40 1103.49 1103.59 0.10266
6 40 1163.49 1163.59 0.10266
24 44 1116.71 1117.32 0.616456
25 46 1164.43 1165.05 0.616456
10 43 1147.25 1147.36 0.102658
35 41 1154.55 1154.65 0.0975382
4 40 1153.5 1155.8 2.30196
30 47 1126.66 1126.76 0.0975391
11 43 1147.94 1148.27 0.32871
19 48 1162.62 1164.92 2.30196
31 44 1108.35 1108.45 0.10266
3 40 1114.63 1114.73 0.0975394
31 44 1138.35 1138.45 0.10266
30 47 1156.66 1156.76 0.0975391
21 47 1140.58 1141.2 0.616456
39 41 1141.2 1141.38 0.184834
32 47 1111.73 1111.83 0.0975375
28 45 1112.62 1112.73 0.10266
9 43 1166.64 1166.97 0.328712
14 0 1166.48 0 -1166.48
29 44 1119.34 1119.44 0.0975406
5 0 1372.77 0 -1372.77
13 43 1234.39 1235.01 0.616457
0 0 1372.22 0 -1372.22
2 40 1374.79 1377.1 2.30196
29 44 1179.34 1179.44 0.102661
34 41 1178.22 1178.31 0.097538
7 43 1376.75 1377.37 0.616456
1 40 1384.21 1386.52 2.30196
10 0 1177.25 0 -1177.25
11 43 1180.48 1180.66 0.184838
37 48 1179.87 1179.97 0.0975393
22 47 1379.61 1381.91 2.30196
35 41 1184.55 1184.65 0.0975382
33 46 1189.53 1190.84 1.31482
4 40 1381.39 1382.01 0.616454
36 45 1184.73 1184.91 0.174598
16 49 1376.77 1379.07 2.30196
18 49 1379.53 1379.86 0.328711
15 49 1389.73 1392.04 2.30196
20 47 1182.64 1182.74 0.102658
27 48 1393.39 1393.49 0.102658
38 45 1392.33 1392.52 0.184836
24 44 1210.28 1210.6 0.328712
12 43 1386.5 1387.11 0.616454
26 49 1190.13 1190.23 0.10266
23 44 1195.87 1195.97 0.102661
30 47 1186.66 1186.76 0.0975391
6 40 1193.49 1193.59 0.10266
19 48 1390.51 1390.84 0.328707
9 43 1199.18 1199.51 0.328712
17 49 1297.87 1299.18 1.31482
31 44 1198.35 1198.44 0.0975404
