35 66 0.578372 2.88033 2.30196
42 65 0.0520796 2.35403 2.30195
21 71 2.93022 5.23217 2.30195
56 69 3.87374 6.1757 2.30196
18 0 4.11525 0 -4.11525
39 74 3.51163 5.81358 2.30195
24 79 0.944566 3.24652 2.30196
55 62 1051.3 1051.39 0.0975379
55 62 1.2965 3.59845 2.30195
22 0 476.7 0 -476.7
50 74 473.531 475.833 2.30195
30 70 1.84053 4.14248 2.30195
3 79 1156.9 1157.01 0.102662
13 75 1174.06 1174.16 0.0975387
15 71 458.949 461.251 2.30195
15 71 3.16226 5.46421 2.30195
43 80 2.54997 4.85193 2.30196
19 79 3.72762 6.02957 2.30195
1 75 485.006 487.307 2.30195
12 79 484.814 487.116 2.30195
48 66 485.373 487.675 2.30195
13 75 4.06336 6.36531 2.30195
4 75 1147.83 1150.13 2.30196
41 65 1116.84 1116.94 0.0975401
58 70 1136.09 1136.26 0.174594
47 77 1188.38 1188.49 0.102659
46 64 1160.8 1160.9 0.0975401
55 62 457.083 459.385 2.30195
10 75 1119.42 1119.52 0.097537
17 0 4.80806 0 -4.80806
11 0 4.74271 0 -4.74271
45 64 4.36893 6.67089 2.30196
53 63 4.8676 7.16956 2.30196
2 0 6.07654 0 -6.07654
41 65 6.83873 9.14068 2.30196
31 0 477.62 0 -477.62
51 64 466.374 468.676 2.30195
56 69 1053.87 1053.97 0.0975391
40 65 1184.91 1185.01 0.0975371
59 62 475.324 477.626 2.30195
45 64 460.155 462.457 2.30196
9 0 6.54697 0 -6.54697
24 79 456.731 459.033 2.30196
4 0 8.36249 0 -8.36249
32 80 7.54691 9.84887 2.30195
20 79 7.29178 9.59374 2.30196
27 79 1043.89 1044 0.102657
8 0 8.24657 0 -8.24657
6 75 469.789 472.091 2.30196
54 81 1126.26 1126.36 0.0975394
30 70 1051.84 1051.94 0.0975383
24 71 1140.41 1140.6 0.184836
54 81 472.05 474.352 2.30196
0 71 474.749 477.051 2.30196
3 75 473.223 475.525 2.30196
27 79 1103.89 1103.99 0.0975367
10 75 9.42071 11.7227 2.30195
34 80 9.70551 12.0075 2.30196
29 70 10.9647 13.2666 2.30195
51 64 10.5876 12.8895 2.30195
33 65 12.7428 15.0447 2.30196
25 79 12.8476 15.1495 2.30196
11 0 460.529 0 -460.529
39 74 459.298 461.6 2.30195
14 71 13.1757 15.4776 2.30196
40 65 14.9082 17.2101 2.30195
6 75 14.0029 16.3049 2.30196
52 77 14.8109 17.1128 2.30195
34 80 465.492 467.794 2.30196
29 70 1150.43 1150.62 0.184834
25 79 468.634 470.936 2.30196
23 71 1160.93 1161.03 0.102658
31 81 1161.3 1163.6 2.30196
30 70 1081.84 1081.94 0.0975383
54 81 16.2635 18.5654 2.30196
19 0 1143.19 0 -1143.19
32 80 463.333 465.635 2.30195
30 70 1111.84 1111.94 0.0975383
3 75 17.4364 19.7383 2.30196
50 74 17.7449 20.0468 2.30195
37 0 17.7784 0 -17.7784
21 71 458.717 461.019 2.30195
16 71 476.701 479.003 2.30195
44 68 477.4 479.702 2.30196
14 71 1152.64 1154.94 2.30196
6 75 1381.36 1383.66 2.30196
47 77 18.3826 20.6846 2.30196
36 74 18.5999 20.9019 2.30196
59 62 19.5375 21.8395 2.30195
5 0 18.3946 0 -18.3946
0 75 18.9629 21.2649 2.30196
51 64 1120.59 1120.69 0.0975388
4 79 1375.72 1378.02 2.30196
42 65 1170.05 1170.15 0.0975366
58 70 1076.09 1076.26 0.174594
52 77 1094.81 1094.91 0.102658
35 66 456.365 458.667 2.30196
18 75 459.902 462.204 2.30196
17 79 1372.17 1374.47 2.30196
28 0 20.0161 0 -20.0161
26 79 19.9866 22.2886 2.30195
53 63 1174.87 1174.97 0.0975406
22 0 20.9139 0 -20.9139
38 74 21.431 23.733 2.30196
46 64 20.8049 23.1069 2.30196
16 71 20.9145 23.2165 2.30195
7 75 477.726 480.027 2.30196
26 79 475.773 478.075 2.30195
37 0 473.565 0 -473.565
27 79 1133.89 1133.99 0.0975367
23 71 21.461 23.763 2.30195
44 68 21.6138 23.9157 2.30196
5 0 1157.86 0 -1157.86
17 0 460.595 0 -460.595
13 75 1054.06 1054.16 0.0975387
38 74 1160.9 1163.2 2.30196
25 79 1182.85 1182.95 0.10266
31 0 21.834 0 -21.834
43 80 458.336 460.638 2.30196
7 75 21.939 24.241 2.30196
27 79 23.8949 26.1968 2.30195
57 68 1166.22 1166.32 0.0975391
58 70 26.0875 28.3894 2.30195
49 82 24.7169 27.0188 2.30196
13 75 459.85 462.152 2.30195
57 68 26.2186 28.5206 2.30196
28 0 475.803 0 -475.803
53 63 460.654 462.956 2.30196
12 79 29.0277 31.3297 2.30195
1 75 29.219 31.521 2.30195
56 69 459.66 461.962 2.30196
23 71 477.248 479.549 2.30195
38 74 477.218 479.519 2.30196
46 64 1130.8 1130.9 0.0975401
57 68 482.005 484.307 2.30196
48 66 29.5865 31.8884 2.30195
40 65 470.695 472.997 2.30195
24 71 1170.94 1171.12 0.174596
12 79 712.707 715.009 2.30195
12 79 256.921 259.223 2.30195
22 71 248.807 251.109 2.30196
57 68 254.112 256.414 2.30196
35 82 1170.58 1170.75 0.174596
18 71 1371.47 1373.78 2.30195
28 0 247.909 0 -247.909
22 71 1160.38 1162.68 2.30196
5 0 246.288 0 -246.288
0 0 246.856 0 -246.856
59 62 247.431 249.733 2.30195
26 79 247.88 250.182 2.30195
58 70 253.981 256.283 2.30195
49 82 252.61 254.912 2.30196
36 74 246.493 248.795 2.30196
38 0 249.324 0 -249.324
44 68 249.507 251.809 2.30196
47 77 246.276 248.578 2.30196
23 71 249.354 251.656 2.30195
42 65 227.945 230.247 2.30195
35 66 228.472 230.774 2.30196
24 79 228.838 231.14 2.30196
55 62 229.19 231.492 2.30195
30 70 229.734 232.036 2.30195
43 80 230.443 232.745 2.30196
21 71 230.823 233.125 2.30195
15 0 231.056 0 -231.056
39 74 231.405 233.707 2.30195
19 0 231.621 0 -231.621
56 69 231.767 234.069 2.30196
13 75 231.957 234.259 2.30195
18 0 232.009 0 -232.009
45 64 232.262 234.564 2.30196
11 0 232.636 0 -232.636
17 0 232.701 0 -232.701
53 63 232.761 235.063 2.30196
2 75 233.97 236.272 2.30195
9 79 234.44 236.742 2.30196
41 76 234.732 237.034 2.30196
20 79 235.185 237.487 2.30196
32 80 235.44 237.742 2.30195
8 0 236.14 0 -236.14
4 75 236.256 238.558 2.30196
10 75 237.314 239.616 2.30195
34 80 237.599 239.901 2.30196
51 64 238.481 240.783 2.30195
29 70 238.858 241.16 2.30195
33 65 240.636 242.938 2.30196
25 0 240.741 0 -240.741
14 0 241.069 0 -241.069
6 75 241.896 244.198 2.30196
52 77 242.704 245.006 2.30195
40 65 242.801 245.103 2.30195
54 81 244.157 246.459 2.30196
3 0 245.33 0 -245.33
50 74 245.638 247.94 2.30195
37 0 245.672 0 -245.672
26 79 1099.99 1100.08 0.0975371
56 69 1083.87 1083.97 0.0975391
34 80 1119.71 1119.81 0.102659
47 77 474.169 476.471 2.30196
5 0 474.181 0 -474.181
32 80 1057.55 1057.65 0.102659
30 70 457.627 459.929 2.30195
19 79 1371.09 1373.39 2.30195
16 71 248.808 251.11 2.30195
46 64 248.698 251 2.30196
8 79 1375.61 1377.91 2.30196
30 70 1171.84 1171.94 0.0975383
31 78 249.727 252.029 2.30197
16 71 1100.91 1101.01 0.0975378
34 80 1089.71 1089.81 0.102659
42 65 1050.05 1050.15 0.102657
50 73 1157.21 1159.51 2.30196
36 74 474.386 476.688 2.30196
48 66 1169.05 1169.67 0.61645
33 65 468.529 470.831 2.30196
7 0 249.832 0 -249.832
55 62 1111.3 1111.39 0.0975379
58 70 481.874 484.176 2.30195
52 77 470.597 472.899 2.30195
34 80 1179.71 1179.8 0.0975394
19 0 459.514 0 -459.514
27 79 251.788 254.09 2.30195
42 65 455.839 458.141 2.30195
11 74 1372.1 1374.4 2.30196
5 75 1385.75 1388.06 2.30196
57 68 1076.22 1076.32 0.0975391
8 0 464.033 0 -464.033
28 71 1159.48 1161.78 2.30196
26 79 1129.99 1130.08 0.0975371
48 66 257.48 259.782 2.30195
1 75 257.112 259.414 2.30195
10 75 465.207 467.509 2.30195
51 64 1060.59 1060.69 0.0975388
34 80 939.706 939.808 0.102659
4 0 464.149 0 -464.149
53 63 1084.87 1084.97 0.0975406
45 64 1174.37 1174.47 0.0975405
50 81 1385.1 1385.21 0.102663
35 66 1110.58 1110.75 0.174595
43 80 1172.55 1172.65 0.0975398
40 65 1094.91 1095.01 0.102657
57 68 1046.22 1046.32 0.102659
56 69 1113.87 1113.97 0.0975391
43 80 914.123 914.226 0.10266
30 70 913.414 913.516 0.102658
49 82 1044.72 1044.89 0.174595
37 74 1157.24 1159.55 2.30196
41 65 1056.84 1056.94 0.10266
55 62 912.869 912.972 0.102658
57 68 1136.22 1136.32 0.0975391
51 64 1090.59 1090.69 0.0975388
24 71 912.518 914.82 2.30196
20 79 1057.29 1057.39 0.102659
49 82 480.503 482.805 2.30196
14 71 468.962 471.264 2.30196
46 64 476.591 478.893 2.30196
27 79 479.681 481.983 2.30195
2 75 461.863 464.165 2.30195
9 79 462.333 464.635 2.30196
41 76 462.625 464.927 2.30196
20 79 463.078 465.38 2.30196
29 70 466.751 469.053 2.30195
53 63 1054.87 1054.97 0.0975406
40 65 926.481 926.584 0.102657
59 62 1099.54 1099.64 0.0975367
44 68 1131.61 1131.71 0.0975418
34 80 1059.71 1059.81 0.102659
10 75 1059.42 1059.52 0.097537
52 77 926.384 926.569 0.184834
49 82 708.397 710.699 2.30196
5 74 929.968 932.27 2.30196
10 75 1179.42 1179.52 0.097537
44 68 1101.61 1101.71 0.0975418
50 73 929.318 931.62 2.30196
12 79 940.601 942.903 2.30195
13 75 1144.06 1144.16 0.0975387
20 79 1087.29 1087.39 0.0975394
35 66 1060.62 1060.79 0.174595
39 74 1143.51 1143.61 0.0975383
57 78 709.898 712.2 2.30196
1 75 1168.69 1168.79 0.102659
12 79 1168.49 1168.6 0.102656
27 74 707.575 709.877 2.30196
58 70 709.767 712.069 2.30195
28 70 931.589 933.891 2.30195
32 80 1177.55 1177.64 0.0975389
49 82 936.29 936.619 0.328707
42 65 683.732 686.034 2.30195
35 66 684.258 686.56 2.30196
24 71 684.624 686.926 2.30196
55 62 684.976 687.278 2.30195
30 70 685.52 687.822 2.30195
43 80 686.23 688.532 2.30196
21 0 686.61 0 -686.61
15 0 686.842 0 -686.842
39 74 687.191 689.493 2.30195
19 0 687.407 0 -687.407
56 69 687.553 689.855 2.30196
13 75 687.743 690.045 2.30195
18 0 687.795 0 -687.795
45 64 688.049 690.351 2.30196
11 0 688.422 0 -688.422
17 0 688.488 0 -688.488
53 63 688.547 690.849 2.30196
2 0 689.756 0 -689.756
9 0 690.227 0 -690.227
41 65 690.518 692.82 2.30196
20 79 690.972 693.273 2.30196
32 80 691.227 693.529 2.30195
8 71 691.926 694.228 2.30196
4 74 692.042 694.344 2.30196
10 75 693.1 695.402 2.30195
34 80 693.385 695.687 2.30196
51 64 694.267 696.569 2.30195
29 70 694.644 696.946 2.30195
33 80 696.423 698.724 2.30196
25 79 696.527 698.829 2.30196
14 71 696.855 699.157 2.30196
6 74 697.683 699.985 2.30196
52 77 698.491 700.793 2.30195
40 65 698.588 700.89 2.30195
54 81 699.943 702.245 2.30196
3 71 701.116 703.418 2.30196
50 0 701.425 0 -701.425
37 0 701.458 0 -701.458
47 66 702.062 704.364 2.30196
5 0 702.074 0 -702.074
36 0 702.28 0 -702.28
0 0 702.643 0 -702.643
59 62 703.217 705.519 2.30195
26 79 703.666 705.968 2.30195
28 0 703.696 0 -703.696
46 64 704.485 706.787 2.30196
22 0 704.594 0 -704.594
16 71 704.594 706.896 2.30195
38 74 705.111 707.413 2.30196
23 71 705.141 707.443 2.30195
44 68 705.294 707.595 2.30196
31 70 705.514 707.816 2.30195
7 79 705.619 707.921 2.30196
52 77 1124.81 1124.91 0.102658
41 65 1086.84 1086.94 0.10266
16 71 1130.91 1131.01 0.0975378
32 80 1087.55 1087.65 0.102659
0 75 1158.43 1160.73 2.30196
7 0 1161.41 0 -1161.41
6 75 1153.47 1155.77 2.30196
40 65 1124.91 1125.01 0.0975371
43 80 1052.55 1052.65 0.0975398
45 64 1114.37 1114.47 0.0975405
55 62 1141.3 1141.39 0.0975379
58 70 1053.58 1053.76 0.174594
48 66 713.266 715.568 2.30195
3 71 929.009 931.311 2.30196
15 0 1370.52 0 -1370.52
17 0 1144.27 0 -1144.27
58 70 1166.09 1166.26 0.174594
45 64 1084.37 1084.47 0.0975405
22 0 932.487 0 -932.487
35 66 944.693 945.022 0.328707
1 0 712.899 0 -712.899
25 79 1152.31 1152.42 0.10266
20 79 937.292 937.394 0.102659
56 69 915.447 915.549 0.102659
13 75 915.636 915.739 0.102659
21 0 914.503 0 -914.503
15 0 914.735 0 -914.735
35 66 912.151 912.48 0.328707
39 74 915.085 915.187 0.102658
19 0 915.301 0 -915.301
42 65 911.625 911.81 0.184833
31 70 933.407 935.709 2.30195
56 69 933.874 933.976 0.102659
54 81 927.836 927.939 0.102659
48 66 941.159 943.461 2.30195
57 68 937.792 937.894 0.102659
43 80 932.55 932.653 0.10266
42 65 930.052 930.155 0.102657
37 74 929.351 931.653 2.30196
16 71 932.488 932.59 0.102658
0 75 930.536 932.838 2.30196
30 70 931.841 931.943 0.102658
47 77 929.956 930.058 0.102659
44 68 933.187 933.372 0.184838
39 74 933.512 933.614 0.102658
7 0 933.512 0 -933.512
38 0 933.004 0 -933.004
13 75 934.063 934.166 0.102659
41 65 936.839 936.941 0.10266
14 71 924.749 927.051 2.30196
36 79 930.173 932.475 2.30196
46 64 932.378 932.481 0.10266
23 70 933.034 935.336 2.30196
55 62 931.296 931.399 0.102658
45 64 934.369 934.472 0.102661
32 80 937.547 937.65 0.102659
18 0 915.688 0 -915.688
45 64 915.942 916.045 0.102661
11 74 916.316 918.618 2.30196
17 0 916.381 0 -916.381
53 63 916.441 916.543 0.102661
2 75 917.65 919.951 2.30195
9 74 918.12 920.422 2.30196
41 65 918.412 918.514 0.10266
20 79 918.865 918.967 0.102659
32 80 919.12 919.305 0.184835
8 0 919.82 0 -919.82
4 0 919.935 0 -919.935
10 75 920.994 921.096 0.102657
34 80 921.279 921.463 0.184835
51 64 922.161 922.345 0.184835
29 70 922.538 924.84 2.30195
26 79 931.56 931.662 0.102657
33 65 924.316 926.618 2.30196
59 62 931.111 931.213 0.102657
6 75 925.576 927.878 2.30196
25 79 924.421 926.723 2.30196
27 70 935.468 935.571 0.102663
52 67 944.811 944.914 0.102661
55 62 1081.3 1081.39 0.0975379
47 77 1098.38 1098.49 0.102659
58 70 937.66 937.989 0.328706
40 65 944.908 945.011 0.102657
33 65 1152.21 1152.54 0.328707
42 65 1110.05 1110.15 0.0975366
1 75 940.792 943.094 2.30195
53 63 934.868 934.97 0.102661
10 75 939.421 939.518 0.097537
51 64 940.588 940.69 0.102659
44 68 951.614 951.716 0.102662
26 79 949.987 950.084 0.0975371
47 77 948.383 948.48 0.0975392
32 80 967.547 967.644 0.0975389
32 80 1027.55 1027.65 0.102659
59 62 949.538 949.64 0.102657
46 64 950.805 950.908 0.10266
57 68 956.219 956.321 0.102659
54 81 946.263 946.366 0.102659
30 70 961.841 961.938 0.0975383
16 71 950.915 951.012 0.0975378
58 70 970.202 970.531 0.328706
42 65 960.052 960.155 0.102657
35 66 977.235 977.563 0.328707
20 79 967.292 967.394 0.102659
27 79 953.895 953.992 0.0975367
49 82 968.832 969.16 0.328707
45 64 964.369 964.466 0.0975405
12 79 1178.66 1178.76 0.102656
41 65 966.839 966.941 0.10266
39 74 963.512 963.614 0.102658
43 80 962.55 962.653 0.10266
13 75 964.063 964.161 0.0975387
45 64 1144.37 1144.47 0.0975405
53 63 964.868 964.97 0.102661
55 62 961.296 961.399 0.102658
34 80 969.706 969.803 0.0975394
56 69 963.874 963.971 0.0975391
32 80 997.547 997.644 0.0975389
40 65 974.908 975.011 0.102657
51 64 970.588 970.685 0.0975388
54 81 976.263 976.366 0.102659
13 75 1024.06 1024.16 0.0975387
10 75 969.421 969.518 0.097537
44 68 981.614 981.711 0.0975418
16 0 1160.91 0 -1160.91
58 70 1002.74 1003.07 0.328706
35 66 1009.78 1010.11 0.328707
47 77 978.383 978.48 0.0975392
52 77 974.811 974.914 0.102658
16 71 980.915 981.017 0.102658
26 79 979.987 980.084 0.0975371
46 64 980.805 980.902 0.0975401
49 82 1001.37 1001.56 0.184835
56 69 993.874 993.971 0.0975391
42 65 990.052 990.155 0.102657
59 62 979.538 979.64 0.102657
30 70 991.841 991.938 0.0975383
47 77 1158.38 1158.49 0.102659
57 68 986.219 986.321 0.102659
27 79 983.895 983.998 0.102657
43 80 992.55 992.653 0.10266
39 74 993.512 993.609 0.0975383
13 75 994.063 994.161 0.0975387
45 64 994.369 994.466 0.0975405
20 79 997.292 997.394 0.102659
53 63 994.868 994.97 0.102661
55 62 991.296 991.399 0.102658
41 65 996.839 996.941 0.10266
43 80 1082.55 1082.65 0.0975398
16 71 1040.91 1041.01 0.0975378
10 75 999.421 999.518 0.097537
51 64 1000.59 1000.69 0.0975388
34 80 999.706 999.803 0.0975394
13 75 1084.06 1084.16 0.0975387
54 81 1006.26 1006.37 0.102659
47 77 1008.38 1008.48 0.0975392
53 63 1144.87 1144.97 0.102661
18 71 1143.58 1145.88 2.30195
49 82 1164.72 1164.89 0.174595
53 63 1114.87 1114.97 0.0975406
47 77 1128.38 1128.49 0.102659
54 81 1096.26 1096.36 0.0975394
26 79 1009.99 1010.08 0.0975371
27 79 1013.89 1014 0.102657
39 74 1023.51 1023.61 0.0975383
46 64 1010.8 1010.9 0.0975401
16 71 1010.91 1011.01 0.0975378
59 62 1009.54 1009.64 0.0975367
52 77 1004.81 1004.91 0.102658
53 63 1024.87 1024.97 0.102661
42 65 1020.05 1020.15 0.102657
40 65 1004.91 1005.01 0.102657
49 82 1019.67 1019.85 0.174595
35 66 1042.32 1042.5 0.184835
30 70 1021.84 1021.94 0.0975383
58 70 1035.29 1035.47 0.184834
57 68 1016.22 1016.32 0.102659
34 80 1029.71 1029.8 0.0975394
43 80 1022.55 1022.65 0.10266
45 64 1024.37 1024.47 0.0975405
44 68 1011.61 1011.71 0.0975418
41 65 1146.84 1146.94 0.0975401
56 69 1023.87 1023.97 0.0975391
54 81 1036.26 1036.37 0.102659
41 65 1026.84 1026.94 0.10266
10 75 1029.42 1029.52 0.097537
20 79 1027.29 1027.39 0.102659
51 64 1030.59 1030.69 0.0975388
55 62 1021.3 1021.39 0.0975379
40 65 1034.91 1035.01 0.102657
35 66 1140.58 1140.75 0.174595
45 64 1054.37 1054.47 0.0975405
39 74 1053.51 1053.61 0.0975383
46 64 1040.8 1040.9 0.0975401
26 79 1039.99 1040.08 0.0975371
40 65 1154.91 1155.01 0.0975371
44 68 1041.61 1041.71 0.0975418
52 77 1034.81 1034.91 0.102658
47 77 1038.38 1038.48 0.0975392
59 62 1039.54 1039.64 0.0975367
54 81 1066.26 1066.36 0.0975394
27 79 1073.89 1074 0.102657
35 66 1080.58 1080.75 0.174595
26 79 1069.99 1070.08 0.0975371
44 68 1071.61 1071.71 0.0975418
49 82 1074.72 1074.89 0.174595
16 71 1070.91 1071.01 0.0975378
40 65 1064.91 1065.01 0.102657
47 77 1068.38 1068.48 0.0975392
46 64 1070.8 1070.9 0.0975401
49 82 1104.72 1104.89 0.174595
36 75 1158.07 1160.37 2.30196
43 80 1112.55 1112.65 0.0975398
57 68 1106.22 1106.32 0.0975391
13 75 1114.06 1114.16 0.0975387
39 74 1083.51 1083.61 0.0975383
42 65 1080.05 1080.15 0.102657
59 62 1069.54 1069.64 0.0975367
46 64 1100.8 1100.9 0.0975401
52 77 1064.81 1064.91 0.102658
21 0 1142.4 0 -1142.4
58 70 1106.09 1106.26 0.174594
9 79 1373.91 1374.01 0.102659
15 0 1142.63 0 -1142.63
39 74 1113.51 1113.61 0.0975383
32 80 1117.55 1117.65 0.102659
20 79 1117.29 1117.39 0.0975394
49 82 1134.72 1134.89 0.174595
11 75 1144.21 1146.51 2.30196
9 74 1146.01 1148.32 2.30196
8 75 1147.71 1150.01 2.30196
10 75 1089.42 1089.52 0.097537
42 65 1140.05 1140.15 0.0975366
21 0 1370.29 0 -1370.29
59 62 1129.54 1129.64 0.0975367
2 0 1145.54 0 -1145.54
43 80 1142.55 1142.65 0.0975398
56 69 1143.87 1143.97 0.0975391
20 79 1147.29 1147.39 0.0975394
30 70 1141.84 1141.94 0.0975383
2 75 1373.44 1375.74 2.30195
39 74 1173.51 1173.61 0.0975383
41 65 1176.84 1176.94 0.0975401
37 75 1385.14 1387.44 2.30196
29 70 1180.96 1181.14 0.174594
51 64 1180.59 1180.69 0.0975388
14 71 1380.54 1380.86 0.328707
55 62 1171.3 1171.39 0.0975379
33 65 1184.75 1184.94 0.184835
56 69 1173.87 1173.97 0.0975391
54 81 1186.26 1186.36 0.0975394
32 80 1147.55 1147.64 0.0975389
3 75 1187.44 1187.54 0.102661
20 79 1177.29 1177.39 0.0975394
51 64 1150.59 1150.69 0.0975388
44 68 1161.61 1161.71 0.0975418
34 80 1149.71 1149.8 0.0975394
10 75 1149.42 1149.52 0.097537
25 79 1162.48 1162.58 0.10266
52 77 1184.81 1184.91 0.0975383
23 71 1171.09 1171.19 0.102658
52 77 1154.81 1154.91 0.0975383
26 0 1159.99 0 -1159.99
54 81 1156.26 1156.36 0.0975394
3 75 1167.07 1167.17 0.102661
59 62 1159.54 1159.64 0.0975367
27 79 1163.89 1163.99 0.0975367
36 74 1385.96 1386.06 0.102659
0 75 1386.32 1388.62 2.30196
16 71 1190.91 1191.01 0.0975378
22 71 1388.27 1390.58 2.30196
38 74 1388.79 1388.89 0.10266
26 79 1189.99 1190.08 0.0975371
23 71 1191.46 1191.56 0.102658
46 64 1190.8 1190.9 0.0975401
31 70 1389.19 1389.38 0.184835
28 70 1387.38 1389.68 2.30195
44 68 1191.61 1191.71 0.0975418
59 62 1189.54 1189.64 0.0975367
49 82 1194.72 1194.89 0.174595
7 75 1389.3 1391.6 2.30196
12 79 1199.03 1199.13 0.0975364
27 79 1193.89 1193.99 0.0975367
48 66 1230.08 1230.41 0.328706
1 75 1199.22 1199.32 0.097539
58 70 1196.09 1196.26 0.174594
57 68 1196.22 1196.32 0.0975391
