4 34 4.11963 6.42159 2.30195
9 34 6.0883 8.39025 2.30195
2 35 256.598 258.9 2.30196
16 31 936.334 936.437 0.102659
15 31 7.37053 9.67248 2.30196
27 33 10.0796 12.3816 2.30196
6 35 8.105 10.407 2.30196
5 35 8.56496 10.8669 2.30195
18 35 10.6344 12.9364 2.30196
29 34 11.2823 13.5843 2.30196
14 31 10.9267 13.2286 2.30196
23 35 16.4784 18.7803 2.30195
17 30 16.7416 19.0436 2.30196
0 35 17.9107 20.2126 2.30195
24 37 17.9258 20.2278 2.30196
25 37 934.765 934.868 0.102661
22 32 936.942 939.244 2.30196
3 35 988.409 988.512 0.102659
1 34 19.6435 21.9454 2.30195
28 32 19.1075 21.4094 2.30196
11 0 20.7739 0 -20.7739
19 31 23.0874 25.3894 2.30196
10 34 23.9419 26.2438 2.30196
8 34 23.1843 25.4863 2.30195
25 37 23.1924 25.4944 2.30196
16 31 24.7613 27.0632 2.30196
22 0 25.3693 0 -25.3693
26 0 25.7506 0 -25.7506
13 34 25.7141 28.0161 2.30195
12 34 25.9882 28.2901 2.30195
20 0 26.2233 0 -26.2233
1 34 1189.64 1189.74 0.0975372
20 33 937.796 940.098 2.30196
2 0 28.7045 0 -28.7045
21 32 29.3167 31.6186 2.30195
7 35 28.1276 30.4296 2.30196
3 34 28.409 30.711 2.30196
10 35 935.515 937.817 2.30196
12 34 253.881 256.183 2.30195
10 35 251.835 254.137 2.30196
25 37 251.086 253.388 2.30196
22 33 253.263 255.564 2.30196
20 31 254.117 256.418 2.30196
7 34 256.021 258.323 2.30196
8 34 251.078 253.38 2.30195
26 0 253.644 0 -253.644
19 32 250.981 253.283 2.30196
12 34 481.775 484.077 2.30195
4 34 232.013 234.315 2.30195
9 34 233.982 236.284 2.30195
15 31 235.264 237.566 2.30196
6 35 235.998 238.3 2.30196
5 35 236.458 238.76 2.30195
27 33 237.973 240.275 2.30196
18 35 238.528 240.83 2.30196
14 31 238.82 241.122 2.30196
29 34 239.176 241.478 2.30196
23 35 244.372 246.674 2.30195
17 30 244.635 246.937 2.30196
0 35 245.804 248.106 2.30195
24 37 245.819 248.121 2.30196
28 32 247.001 249.303 2.30196
1 34 247.537 249.839 2.30195
11 34 248.667 250.969 2.30196
13 34 253.607 255.909 2.30195
16 30 252.655 254.956 2.30196
15 30 937.371 937.473 0.102662
3 35 256.302 258.604 2.30196
21 32 257.21 259.512 2.30195
20 31 482.01 484.312 2.30196
24 37 473.712 476.014 2.30196
27 33 954.194 954.379 0.184841
29 34 467.069 469.371 2.30196
25 37 478.979 481.281 2.30196
10 34 479.728 482.03 2.30196
3 35 484.196 486.497 2.30196
7 30 483.914 486.216 2.30197
14 31 466.713 469.015 2.30196
21 32 485.103 487.405 2.30195
17 30 472.528 474.83 2.30196
18 35 466.421 468.723 2.30196
21 32 712.996 715.298 2.30195
27 33 465.866 468.168 2.30196
0 35 473.697 475.999 2.30195
1 34 475.43 477.732 2.30195
11 34 476.56 478.862 2.30196
16 30 480.548 482.85 2.30196
26 0 481.537 0 -481.537
23 35 472.265 474.567 2.30195
28 32 474.894 477.196 2.30196
4 34 459.906 462.208 2.30195
9 34 461.875 464.177 2.30195
15 31 463.157 465.459 2.30196
6 35 463.891 466.193 2.30196
5 35 464.351 466.653 2.30195
13 34 937.287 939.589 2.30195
12 34 937.561 939.863 2.30195
22 32 481.156 483.458 2.30196
2 35 484.491 486.793 2.30196
8 34 478.971 481.273 2.30195
19 32 478.874 481.176 2.30196
13 34 481.501 483.803 2.30195
19 31 1193.09 1193.18 0.0975394
2 35 712.384 714.686 2.30196
3 34 939.982 940.085 0.10266
0 35 947.911 948.013 0.102658
3 35 712.089 714.391 2.30196
7 35 711.807 714.109 2.30196
17 30 989.343 989.672 0.32871
4 34 687.799 690.101 2.30195
9 0 689.768 0 -689.768
15 31 691.05 693.352 2.30196
6 35 691.785 694.087 2.30196
5 35 692.245 694.547 2.30195
27 33 693.759 696.061 2.30196
18 34 694.314 696.616 2.30196
14 30 694.606 696.908 2.30196
29 34 694.962 697.264 2.30196
23 35 700.158 702.46 2.30195
17 30 700.421 702.723 2.30196
0 35 701.59 703.892 2.30195
24 33 701.606 703.908 2.30196
28 33 702.787 705.089 2.30196
1 34 703.323 705.625 2.30195
11 0 704.454 0 -704.454
19 31 706.767 709.069 2.30196
8 34 706.864 709.166 2.30195
25 37 706.872 709.174 2.30196
10 34 707.622 709.924 2.30196
16 31 708.441 710.743 2.30196
22 33 709.049 711.351 2.30196
13 35 709.394 711.696 2.30196
26 0 709.43 0 -709.43
12 35 709.668 711.97 2.30196
20 33 709.903 712.205 2.30196
24 37 1218.42 1218.75 0.328712
21 32 940.89 943.192 2.30195
25 37 983.192 983.295 0.102661
14 31 955.041 955.144 0.102663
2 0 940.277 0 -940.277
6 35 938.105 938.28 0.174596
11 34 932.347 934.649 2.30196
7 34 939.701 942.003 2.30196
8 34 934.757 934.86 0.102657
0 35 977.911 978.013 0.102658
29 34 955.397 955.726 0.328711
28 32 930.68 931.009 0.32871
18 35 954.749 955.078 0.328709
4 34 915.693 916.309 0.61645
9 34 917.661 919.963 2.30195
15 31 918.944 919.046 0.10266
6 35 919.678 919.863 0.184836
5 34 920.138 922.44 2.30196
27 33 921.653 921.981 0.328713
18 35 922.207 922.536 0.328709
14 31 922.5 922.828 0.328711
29 34 922.855 923.184 0.328711
26 0 937.324 0 -937.324
17 30 928.315 928.931 0.616454
23 35 928.051 930.353 2.30195
1 34 931.216 933.518 2.30195
19 31 934.66 934.763 0.102659
24 33 929.499 931.801 2.30196
0 35 929.484 929.586 0.102658
25 37 953.192 953.29 0.0975406
16 31 954.761 954.864 0.102659
19 31 953.087 953.19 0.102659
8 34 953.184 953.282 0.0975367
12 34 1175.62 1175.72 0.102658
28 32 963.222 963.551 0.32871
14 31 1120.93 1121.02 0.097543
16 31 984.761 984.864 0.102659
4 34 976.721 977.05 0.328706
18 35 1019.83 1020.16 0.328709
3 35 958.409 958.512 0.102659
8 34 983.184 983.282 0.0975367
6 35 968.105 968.28 0.174596
19 31 983.087 983.185 0.0975394
29 34 1006.24 1006.34 0.102663
15 31 967.371 967.468 0.0975403
28 32 995.764 996.093 0.32871
6 35 1148.1 1148.28 0.174596
27 33 972.493 972.667 0.174601
29 34 987.939 988.124 0.184839
18 35 987.291 987.62 0.328709
14 31 970.927 971.024 0.097543
4 34 1041.8 1041.99 0.184834
28 32 1191.01 1191.34 0.32871
17 30 1021.88 1022.21 0.32871
6 35 1028.1 1028.28 0.174596
0 35 1007.91 1008.01 0.102658
6 35 998.105 998.28 0.174596
14 31 1000.93 1001.02 0.097543
28 32 1028.31 1028.63 0.32871
4 34 1009.26 1009.59 0.328706
16 31 1014.76 1014.86 0.0975394
15 31 1027.37 1027.47 0.10266
15 31 997.371 997.473 0.10266
0 35 1157.91 1158.01 0.0975382
27 33 1000.08 1000.25 0.174601
25 37 1013.19 1013.3 0.102661
15 31 1177.37 1177.47 0.0975403
3 35 1018.41 1018.51 0.102659
8 34 1013.18 1013.28 0.0975367
19 31 1013.09 1013.19 0.102659
25 37 1043.19 1043.3 0.102661
29 34 1031.28 1031.38 0.0975427
18 35 1052.37 1052.7 0.328709
18 35 1084.92 1085.24 0.328709
16 31 1044.76 1044.86 0.0975394
17 30 1054.43 1054.61 0.184838
15 31 1057.37 1057.47 0.10266
14 31 1030.93 1031.02 0.097543
14 31 1060.93 1061.02 0.097543
27 33 1030.08 1030.25 0.174601
0 35 1037.91 1038.01 0.0975382
28 32 1060.85 1061.18 0.32871
3 35 1048.41 1048.51 0.102659
19 31 1043.09 1043.19 0.102659
8 34 1043.18 1043.28 0.0975367
4 34 1084.12 1084.22 0.102658
6 35 1058.1 1058.28 0.174596
25 37 1073.19 1073.3 0.102661
28 32 1093.39 1093.72 0.32871
8 34 1103.18 1103.28 0.0975367
4 34 1060.1 1060.21 0.102658
19 31 1073.09 1073.19 0.102659
9 34 1373.45 1373.78 0.328705
27 33 1060.08 1060.25 0.174601
29 34 1061.28 1061.38 0.0975427
8 34 1073.18 1073.28 0.0975367
17 30 1072.72 1072.9 0.174598
22 32 1392.73 1393.06 0.328709
0 35 1067.91 1068.01 0.0975382
14 31 1090.93 1091.02 0.097543
3 35 1078.41 1078.51 0.0975393
18 35 1117.46 1117.79 0.328709
10 34 1181.71 1181.81 0.102659
29 34 1091.28 1091.38 0.0975427
4 34 1174.12 1174.22 0.0975381
16 31 1074.76 1074.86 0.0975394
12 35 1195.99 1196.09 0.102662
19 31 1103.09 1103.18 0.0975394
4 34 1114.12 1114.22 0.102658
0 35 1097.91 1098.01 0.0975382
6 35 1088.1 1088.28 0.174596
15 31 1087.37 1087.47 0.10266
16 31 1104.76 1104.86 0.102659
27 33 1090.08 1090.25 0.174601
5 35 1148.03 1150.33 2.30195
20 31 1165.69 1167.99 2.30196
4 34 1144.12 1144.22 0.102658
17 30 1096.74 1096.92 0.174598
3 35 1108.41 1108.51 0.0975393
28 32 1125.93 1126.26 0.32871
25 37 1103.19 1103.29 0.0975406
19 31 1133.09 1133.18 0.0975394
15 31 1117.37 1117.47 0.0975403
6 35 1118.1 1118.28 0.174596
16 31 1134.76 1134.86 0.0975394
29 34 1121.28 1121.38 0.0975427
23 35 1155.94 1158.25 2.30195
21 33 1168.78 1171.08 2.30196
10 34 1163.41 1163.59 0.184835
9 34 1145.55 1147.86 2.30195
22 32 1164.84 1167.14 2.30196
14 31 1150.93 1151.02 0.097543
17 30 1156.74 1156.92 0.174598
8 34 1133.18 1133.28 0.0975367
2 0 1168.17 0 -1168.17
11 34 1160.24 1162.54 2.30196
17 30 1126.74 1126.92 0.174598
12 34 1165.45 1165.56 0.102658
27 33 1120.08 1120.25 0.174601
18 35 1150 1150.33 0.328709
13 35 1165.18 1167.48 2.30196
7 34 1167.59 1169.9 2.30196
29 34 1151.28 1151.38 0.0975427
26 35 1165.22 1167.52 2.30196
25 37 1133.19 1133.29 0.0975406
24 37 1157.39 1158.01 0.616456
0 35 1127.91 1128.01 0.0975382
15 31 1147.37 1147.47 0.0975403
3 35 1138.41 1138.51 0.0975393
28 32 1158.47 1158.8 0.32871
1 34 1159.11 1159.21 0.102657
25 37 1163.19 1163.29 0.0975406
3 35 1198.41 1198.51 0.0975393
8 34 1163.18 1163.28 0.0975367
27 33 1150.08 1150.25 0.174601
16 31 1164.76 1164.86 0.0975394
19 31 1163.09 1163.18 0.0975394
8 34 1193.18 1193.28 0.0975367
3 34 1168.41 1168.51 0.09754
20 31 1393.58 1395.88 2.30196
27 33 1180.08 1180.25 0.174601
29 34 1181.28 1181.38 0.0975427
2 35 1396.06 1398.37 2.30196
6 35 1178.1 1178.28 0.174596
13 34 1393.07 1395.38 2.30195
26 34 1393.11 1395.41 2.30196
0 35 1187.91 1188.01 0.0975382
16 31 1194.76 1194.86 0.0975394
5 35 1375.92 1376.03 0.102659
10 34 1193.94 1194.04 0.0975393
23 35 1383.84 1384.17 0.328706
17 30 1186.74 1186.92 0.174598
18 35 1182.54 1182.87 0.328709
11 34 1388.13 1388.46 0.328708
21 32 1396.68 1396.78 0.102657
7 0 1395.49 0 -1395.49
25 37 1193.19 1193.29 0.0975406
14 31 1180.93 1181.02 0.097543
