38 58 0.310955 2.61291 2.30195
16 0 0.723561 0 -0.723561
13 59 4.75449 7.05645 2.30195
37 52 5.72539 8.02734 2.30196
3 51 5.81462 8.11658 2.30196
33 59 6.27484 8.57679 2.30196
32 55 1138.45 1138.55 0.0975378
31 50 6.14209 8.44405 2.30196
1 0 0.950273 0 -0.950273
27 45 2.10871 4.41067 2.30196
7 50 1158.22 1160.52 2.30196
8 51 1060.97 1061.07 0.0975381
38 58 990.311 990.414 0.102659
6 59 2.11939 4.42134 2.30195
4 51 1112.92 1113.02 0.0975384
4 51 2.92313 5.22508 2.30195
35 53 4.15015 6.4521 2.30195
39 46 2.73935 5.04131 2.30196
36 53 7.04935 9.3513 2.30196
29 59 7.64712 9.94908 2.30195
14 59 996.757 996.86 0.102658
14 59 6.75706 9.05902 2.30195
20 50 940.084 942.386 2.30195
33 59 936.275 936.377 0.102659
22 50 10.9558 13.2578 2.30196
8 51 10.9735 13.2755 2.30195
30 0 11.1245 0 -11.1245
21 0 9.30121 0 -9.30121
24 45 9.61375 11.9157 2.30196
26 45 10.9668 13.2688 2.30196
19 49 1122.37 1122.46 0.0975416
15 59 11.5389 13.8408 2.30195
23 53 10.5099 12.8119 2.30196
19 49 12.3666 14.6685 2.30196
31 50 1116.14 1116.24 0.09754
32 55 958.451 958.554 0.102658
26 45 1150.97 1151.06 0.0975412
28 50 933.076 935.378 2.30195
25 49 13.0766 15.3785 2.30195
32 55 940.024 940.127 0.102658
31 50 966.142 966.24 0.09754
12 59 13.5218 15.8237 2.30195
9 51 13.9189 16.2209 2.30195
4 51 1052.92 1053.02 0.0975384
6 59 1142.12 1142.22 0.0975372
28 59 1160.97 1161.59 0.616455
2 55 19.3847 21.6866 2.30196
34 55 16.3798 18.6817 2.30195
7 50 18.7555 21.0575 2.30196
17 49 18.8822 21.1842 2.30196
11 51 17.5521 19.8541 2.30196
10 59 953.254 953.356 0.102658
25 49 1152.54 1152.73 0.184834
0 51 20.7147 23.0166 2.30196
28 50 21.5035 23.8054 2.30195
10 59 23.2536 25.5556 2.30195
18 49 22.6018 24.9037 2.30195
7 50 246.649 248.951 2.30196
32 55 28.4511 30.753 2.30195
20 50 28.5115 30.8134 2.30195
5 59 29.4178 31.7197 2.30196
18 49 1082.64 1082.81 0.174594
10 59 1073.25 1073.36 0.102658
38 58 1110.31 1110.41 0.097539
35 53 934.15 934.253 0.102658
17 49 246.775 249.077 2.30196
20 50 256.405 258.707 2.30195
26 45 1060.97 1061.07 0.102661
2 0 247.278 0 -247.278
36 53 462.836 465.138 2.30196
0 0 248.608 0 -248.608
28 50 249.397 251.699 2.30195
32 55 256.344 258.646 2.30195
38 58 228.204 230.506 2.30195
16 51 228.617 230.919 2.30196
1 51 228.844 231.145 2.30196
27 45 230.002 232.304 2.30196
6 59 230.013 232.315 2.30195
39 46 230.633 232.935 2.30196
4 51 230.816 233.118 2.30195
35 53 232.043 234.345 2.30195
13 59 232.648 234.95 2.30195
37 52 233.619 235.921 2.30196
3 51 233.708 236.01 2.30196
31 50 234.035 236.337 2.30196
33 55 234.168 236.47 2.30196
14 59 234.65 236.952 2.30195
36 53 234.943 237.245 2.30196
29 59 235.54 237.842 2.30195
21 0 237.194 0 -237.194
24 45 237.507 239.809 2.30196
23 0 238.403 0 -238.403
22 0 238.849 0 -238.849
26 45 238.86 241.162 2.30196
8 51 238.867 241.169 2.30195
30 59 239.018 241.32 2.30195
15 59 239.432 241.734 2.30195
19 53 240.26 242.562 2.30196
25 49 240.97 243.272 2.30195
12 59 241.415 243.717 2.30195
9 51 241.812 244.114 2.30195
34 55 244.273 246.575 2.30195
11 51 245.445 247.747 2.30196
5 59 257.311 259.613 2.30196
2 59 1158.85 1161.15 2.30196
39 50 1142.21 1142.53 0.32871
4 51 1142.92 1143.02 0.0975384
14 59 1056.76 1056.85 0.0975379
2 59 930.958 933.26 2.30196
18 49 250.495 252.797 2.30195
18 49 966.716 967.045 0.328706
14 59 936.757 936.86 0.102658
10 59 251.147 253.449 2.30195
37 52 935.725 935.828 0.10266
30 59 1150.59 1152.89 2.30195
4 51 932.923 933.026 0.102658
5 59 1168.88 1171.19 2.30196
19 49 942.367 942.469 0.102662
33 59 1116.27 1116.37 0.0975394
16 0 1140.19 0 -1140.19
22 50 1150.42 1150.61 0.184836
21 49 1148.77 1151.07 2.30196
14 59 1116.76 1116.85 0.0975379
7 51 474.542 476.844 2.30196
6 59 932.119 932.222 0.102657
8 51 940.974 941.076 0.102658
27 45 1141.47 1141.8 0.32871
14 51 462.544 464.846 2.30196
34 55 472.166 474.468 2.30195
22 50 466.742 469.044 2.30196
8 51 466.76 469.062 2.30195
17 49 474.669 476.971 2.30196
29 59 463.434 465.736 2.30195
21 50 465.088 467.39 2.30196
9 51 469.705 472.007 2.30195
19 53 468.153 470.455 2.30196
2 0 475.171 0 -475.171
34 55 946.38 946.482 0.102657
33 55 462.061 464.363 2.30196
23 0 466.296 0 -466.296
25 49 468.863 471.165 2.30195
0 51 476.501 478.803 2.30196
31 50 461.929 464.231 2.30196
33 55 1146.27 1146.37 0.0975403
24 45 465.4 467.702 2.30196
11 51 1069.48 1069.65 0.174595
26 45 466.753 469.055 2.30196
32 55 484.238 486.54 2.30195
38 58 456.097 458.399 2.30195
16 0 456.51 0 -456.51
1 0 456.737 0 -456.737
27 45 457.895 460.197 2.30196
6 59 457.906 460.208 2.30195
39 46 458.526 460.828 2.30196
4 51 458.71 461.012 2.30195
35 53 459.937 462.239 2.30195
13 59 460.541 462.843 2.30195
37 52 461.512 463.814 2.30196
3 51 461.601 463.903 2.30196
26 45 940.967 941.069 0.102661
38 58 960.311 960.414 0.102659
10 59 1133.25 1133.35 0.0975385
15 59 1151.01 1151.11 0.102658
30 59 466.911 469.213 2.30195
11 51 473.339 475.641 2.30196
15 59 467.325 469.627 2.30195
12 59 469.308 471.61 2.30195
37 52 1055.73 1055.83 0.10266
0 51 932.288 934.59 2.30196
35 53 1114.15 1114.25 0.0975379
12 59 1152.99 1153.09 0.102658
1 0 1140.42 0 -1140.42
28 50 477.29 479.592 2.30195
18 49 478.388 480.69 2.30195
10 59 479.04 481.342 2.30195
5 59 485.204 487.506 2.30196
20 50 484.298 486.6 2.30195
5 59 940.991 943.293 2.30196
20 50 712.191 714.493 2.30195
7 50 930.329 932.63 2.30196
38 58 683.991 686.293 2.30195
16 51 684.403 686.705 2.30196
1 0 684.63 0 -684.63
27 45 685.788 688.09 2.30196
6 59 685.799 688.101 2.30195
39 46 686.419 688.721 2.30196
4 51 686.603 688.905 2.30195
35 53 687.83 690.132 2.30195
13 50 688.434 690.736 2.30196
37 52 689.405 691.707 2.30196
3 0 689.494 0 -689.494
31 54 689.822 692.124 2.30196
33 55 689.955 692.257 2.30196
14 59 690.437 692.739 2.30195
36 0 690.729 0 -690.729
29 59 691.327 693.629 2.30195
21 0 692.981 0 -692.981
24 49 693.293 695.595 2.30196
23 0 694.19 0 -694.19
22 50 694.636 696.938 2.30196
26 44 694.647 696.949 2.30196
8 51 694.653 696.955 2.30195
30 0 694.804 0 -694.804
15 55 695.219 697.521 2.30196
19 53 696.046 698.348 2.30196
25 0 696.756 0 -696.756
12 59 697.202 699.503 2.30195
9 0 697.599 0 -697.599
34 54 700.06 702.361 2.30196
11 51 701.232 703.534 2.30196
7 51 702.435 704.737 2.30196
17 49 702.562 704.864 2.30196
2 55 703.064 705.366 2.30196
0 51 704.394 706.696 2.30196
28 50 705.183 707.485 2.30195
18 49 706.282 708.583 2.30195
10 59 706.933 709.235 2.30195
5 59 713.098 715.399 2.30196
32 55 712.131 714.433 2.30195
17 49 930.455 932.757 2.30196
24 45 1149.08 1151.38 2.30196
8 51 1120.97 1121.07 0.0975381
10 59 934.827 934.929 0.102658
11 51 929.125 929.742 0.616451
26 45 1120.97 1121.06 0.0975412
31 50 936.142 936.245 0.10266
38 58 911.884 911.987 0.102659
16 51 912.297 914.599 2.30196
1 51 912.523 914.825 2.30196
27 45 913.682 914.01 0.32871
6 59 913.692 913.795 0.102657
39 50 914.312 916.614 2.30196
4 51 914.496 914.599 0.102658
35 53 915.723 915.826 0.102658
13 59 916.327 918.629 2.30195
37 52 917.298 917.401 0.10266
3 51 917.388 919.69 2.30196
31 59 917.715 917.818 0.102661
33 55 917.848 917.95 0.10266
14 59 918.33 918.433 0.102658
36 53 918.622 920.924 2.30196
29 50 919.22 921.522 2.30196
21 49 920.874 923.176 2.30196
24 45 921.187 923.489 2.30196
23 49 922.083 924.385 2.30196
22 50 922.529 924.831 2.30196
26 45 922.54 922.725 0.184837
8 51 922.546 922.649 0.102658
30 59 922.697 924.999 2.30195
15 59 923.112 925.414 2.30195
20 50 1167.98 1169.29 1.31482
13 59 1144.22 1146.52 2.30195
38 58 1140.31 1140.41 0.097539
4 51 962.923 963.026 0.102658
19 49 923.94 924.042 0.102662
9 0 925.492 0 -925.492
25 45 924.65 926.952 2.30196
12 54 925.095 927.397 2.30196
18 49 1132.6 1132.78 0.174594
17 49 1158.35 1158.96 0.616454
11 51 1127.55 1127.65 0.102659
34 55 1066.38 1066.48 0.0975373
6 59 1112.12 1112.22 0.0975372
0 59 1160.18 1162.48 2.30196
29 50 1147.11 1149.42 2.30196
27 45 1011.31 1011.64 0.32871
34 55 927.953 928.055 0.102657
33 59 996.275 996.372 0.0975394
38 58 930.311 930.414 0.102659
27 45 946.223 946.552 0.32871
18 49 934.175 934.503 0.328706
6 59 962.119 962.217 0.0975372
27 45 978.765 979.094 0.32871
3 51 1155.44 1155.55 0.10266
37 52 965.725 965.828 0.10266
34 55 976.38 976.482 0.102657
14 59 966.757 966.855 0.0975379
35 53 964.15 964.253 0.102658
36 53 1146.52 1146.62 0.102659
19 49 1062.37 1062.47 0.102662
23 49 1149.98 1152.28 2.30196
26 45 970.967 971.064 0.0975412
33 59 966.275 966.377 0.102659
8 51 970.974 971.071 0.0975381
3 51 1145.28 1145.38 0.10266
11 51 990.153 990.77 0.616451
8 51 1150.97 1151.07 0.0975381
19 49 972.367 972.469 0.102662
14 59 1146.76 1146.85 0.0975379
4 51 1022.92 1023.03 0.102658
32 55 988.451 988.549 0.0975378
37 52 995.725 995.823 0.0975404
31 50 996.142 996.24 0.09754
35 53 994.15 994.253 0.102658
10 59 983.254 983.356 0.102658
18 49 999.258 999.587 0.328706
31 50 1146.14 1146.24 0.09754
6 59 992.119 992.217 0.0975372
4 51 992.923 993.026 0.102658
27 45 1043.85 1044.18 0.32871
34 55 1006.38 1006.48 0.102657
25 49 1170.84 1170.94 0.102658
35 53 1024.15 1024.25 0.0975379
6 59 1022.12 1022.22 0.0975372
14 59 1026.76 1026.85 0.0975379
18 49 1031.8 1032.13 0.328706
19 49 1002.37 1002.46 0.0975416
38 58 1020.31 1020.41 0.102659
26 45 1000.97 1001.06 0.0975412
8 51 1000.97 1001.07 0.0975381
19 49 1032.37 1032.46 0.0975416
31 50 1026.14 1026.24 0.09754
32 55 1018.45 1018.55 0.0975378
37 52 1025.73 1025.82 0.0975404
10 59 1013.25 1013.36 0.102658
33 59 1026.27 1026.37 0.0975394
26 45 1030.97 1031.06 0.0975412
8 51 1030.97 1031.07 0.0975381
38 58 1050.31 1050.41 0.102659
18 49 1064.34 1064.53 0.184834
6 59 1052.12 1052.22 0.0975372
34 55 1036.38 1036.48 0.0975373
11 51 1051.18 1051.37 0.184835
10 59 1043.25 1043.36 0.102658
31 50 1056.14 1056.24 0.09754
27 45 1076.39 1076.72 0.32871
33 59 1056.27 1056.37 0.0975394
32 55 1048.45 1048.55 0.0975378
35 53 1054.15 1054.25 0.0975379
35 53 1144.15 1144.25 0.0975379
8 51 1090.97 1091.07 0.0975381
34 55 1096.38 1096.48 0.0975373
37 52 1085.73 1085.83 0.10266
27 45 1108.93 1109.26 0.32871
6 59 1082.12 1082.22 0.0975372
26 45 1090.97 1091.06 0.0975412
38 58 1080.31 1080.41 0.102659
33 59 1086.27 1086.37 0.0975394
11 51 1097.55 1097.73 0.174595
4 51 1082.92 1083.02 0.0975384
14 59 1086.76 1086.85 0.0975379
36 53 1156.68 1156.78 0.102659
32 55 1078.45 1078.55 0.0975378
12 59 1163.15 1163.25 0.102658
19 49 1152.37 1152.46 0.0975416
15 59 1161.17 1161.27 0.102658
37 52 1115.73 1115.83 0.10266
32 55 1108.45 1108.55 0.0975378
35 53 1084.15 1084.25 0.0975379
31 50 1086.14 1086.24 0.09754
37 52 1145.73 1145.82 0.0975404
18 49 1102.6 1102.78 0.174594
34 55 1126.38 1126.48 0.0975373
9 51 1153.39 1155.69 2.30195
34 55 1156.38 1156.48 0.0975373
11 59 1157.55 1157.65 0.0975417
19 49 1092.37 1092.47 0.102662
10 59 1103.25 1103.36 0.102658
37 52 1175.73 1175.82 0.0975404
10 59 1163.25 1163.35 0.0975385
29 59 1375.01 1377.31 2.30195
6 59 1172.12 1172.22 0.0975372
30 50 1378.48 1378.59 0.102661
18 58 1162.6 1162.78 0.1746
1 51 1368.31 1370.61 2.30196
13 59 1372.11 1372.22 0.102656
16 51 1368.08 1370.39 2.30196
32 55 1168.45 1168.55 0.0975378
35 53 1174.15 1174.25 0.0975379
7 51 1386.12 1387.43 1.31482
36 53 1177.05 1177.15 0.102659
14 59 1176.76 1176.85 0.0975379
15 59 1181.54 1181.64 0.102658
39 50 1174.75 1174.93 0.184838
4 51 1172.92 1173.02 0.0975384
38 58 1170.31 1170.41 0.097539
8 51 1180.97 1181.07 0.0975381
27 45 1174.02 1174.34 0.32871
24 45 1376.97 1377.3 0.32871
26 45 1180.97 1181.06 0.0975412
22 50 1180.96 1181.13 0.174596
19 49 1182.37 1182.46 0.0975416
33 59 1176.27 1176.37 0.0975394
21 50 1376.66 1378.96 2.30196
23 53 1377.87 1380.17 2.30196
5 59 1396.78 1397.11 0.328707
31 50 1176.14 1176.24 0.09754
25 49 1183.08 1183.17 0.0975384
9 51 1381.28 1381.38 0.102657
2 59 1386.74 1386.93 0.184836
17 49 1219.38 1219.99 0.616454
10 59 1193.25 1193.35 0.0975385
3 51 1175.81 1175.92 0.10266
11 51 1187.55 1187.65 0.0975395
34 55 1186.38 1186.48 0.0975373
12 59 1183.52 1183.62 0.0975382
28 50 1222 1222.33 0.328707
32 55 1198.45 1198.55 0.0975378
18 49 1192.6 1192.78 0.174594
0 51 1388.07 1388.18 0.10266
20 50 1298.14 1298.76 0.616451
