53 76 0.955568 3.25752 2.30196
39 78 1.26763 3.56958 2.30195
56 61 6.93105 9.233 2.30195
6 74 459.377 461.679 2.30196
40 78 7.03492 9.33688 2.30195
58 65 6.83284 9.13479 2.30196
26 75 480.691 482.993 2.30195
1 0 478.203 0 -478.203
0 74 477.584 479.886 2.30195
40 78 967.035 967.132 0.097538
5 0 6.84451 0 -6.84451
58 78 1026.83 1026.93 0.0975394
28 75 1160.6 1162.9 2.30195
5 0 462.631 0 -462.631
30 74 3.11421 5.41617 2.30195
18 0 470.144 0 -470.144
49 60 467.2 469.502 2.30196
42 63 4.34686 6.64882 2.30196
52 62 6.44447 8.74642 2.30195
24 0 6.3476 0 -6.3476
6 0 3.59062 0 -3.59062
54 77 973.389 973.486 0.097539
33 0 4.4915 0 -4.4915
3 75 4.76648 7.06844 2.30196
44 66 1157.71 1157.9 0.184835
11 74 1102.24 1102.34 0.0975387
59 72 470.64 472.942 2.30196
8 77 4.92438 7.22633 2.30196
52 62 996.444 996.542 0.0975371
8 74 1372.28 1374.59 2.30195
7 75 465.842 468.144 2.30195
32 0 471.794 0 -471.794
56 61 1116.93 1117.03 0.0975365
32 0 1155.47 0 -1155.47
11 74 478.024 480.326 2.30195
39 78 1171.27 1171.37 0.0975385
29 74 7.16484 9.4668 2.30195
51 62 7.19809 9.50005 2.30196
59 72 1004.85 1004.95 0.0975415
57 60 995.072 995.401 0.328711
14 77 7.38095 9.68291 2.30196
43 62 8.23321 10.5352 2.30196
17 75 8.02837 10.3303 2.30195
7 75 10.0553 12.3573 2.30195
58 78 1176.83 1176.93 0.0975394
40 78 1027.03 1027.13 0.097538
2 74 972.376 972.473 0.097537
41 66 9.46142 11.7634 2.30195
50 64 10.8432 13.1451 2.30196
50 0 466.63 0 -466.63
38 78 10.8873 13.1892 2.30195
49 60 11.4134 13.7154 2.30196
40 78 1147.03 1147.13 0.097538
7 75 970.055 970.153 0.0975369
39 78 1141.27 1141.37 0.102659
45 76 12.7509 15.0528 2.30195
48 67 1134.28 1134.37 0.0975375
22 74 12.6607 14.9627 2.30195
2 74 12.3758 14.6777 2.30195
55 70 481.119 483.421 2.30195
25 74 1168.37 1168.7 0.328706
47 67 1168.74 1168.84 0.102657
58 78 936.833 936.935 0.102659
56 61 966.931 967.029 0.0975365
54 77 13.3889 15.6909 2.30195
4 75 13.6321 15.9341 2.30196
37 78 13.2634 15.5653 2.30195
41 66 1179.46 1179.56 0.0975384
56 61 1026.93 1027.03 0.0975365
41 66 465.248 467.55 2.30195
18 74 14.3577 16.6596 2.30196
7 75 1000.06 1000.16 0.102657
44 66 18.2447 20.5466 2.30195
59 72 14.8536 17.1555 2.30196
35 0 16.8699 0 -16.8699
32 75 16.0076 18.3096 2.30196
21 75 16.2991 18.6011 2.30195
2 74 1122.38 1122.47 0.097537
26 0 1164.37 0 -1164.37
18 75 1153.82 1156.13 2.30196
54 77 469.175 471.477 2.30195
56 61 462.718 465.019 2.30195
23 74 937.257 939.559 2.30196
23 75 481.471 483.773 2.30195
43 62 464.02 466.322 2.30196
57 60 18.4156 20.7175 2.30196
57 60 474.202 476.504 2.30196
58 65 462.619 464.921 2.30196
7 75 1180.06 1180.15 0.0975369
20 75 19.5173 21.8193 2.30195
19 75 19.1404 21.4424 2.30195
37 78 469.05 471.352 2.30195
36 78 1011.37 1011.47 0.102659
42 63 994.347 994.45 0.102659
34 74 19.9717 22.2736 2.30195
27 77 19.9717 22.2737 2.30196
37 78 1152.73 1152.83 0.102657
56 61 996.931 997.029 0.0975365
53 76 1170.96 1171.05 0.0975396
52 62 1176.44 1176.54 0.0975371
36 78 21.3713 23.6732 2.30196
28 75 21.1299 23.4319 2.30195
15 74 26.5714 28.8734 2.30196
10 0 482.566 0 -482.566
24 75 1373.71 1376.01 2.30196
0 74 21.7976 24.0996 2.30195
1 0 22.4161 0 -22.4161
13 75 22.3919 24.6938 2.30195
31 0 22.3129 0 -22.3129
46 76 22.5328 24.8348 2.30196
11 74 22.2375 24.5395 2.30195
46 76 982.533 982.635 0.10266
49 60 1031.41 1031.51 0.0975401
0 0 1161.26 0 -1161.26
42 63 460.133 462.435 2.30196
20 75 475.304 477.606 2.30195
53 76 456.742 459.044 2.30196
25 74 940.473 942.775 2.30195
59 72 1124.85 1124.95 0.0975415
47 67 1138.74 1138.84 0.102657
44 66 474.031 476.333 2.30195
34 74 1159.44 1159.54 0.102659
12 0 24.5723 0 -24.5723
26 75 24.9048 27.2068 2.30195
48 67 24.2761 26.578 2.30195
4 75 1153.1 1155.4 2.30196
23 0 25.6844 0 -25.6844
55 70 25.3323 27.6343 2.30195
33 0 460.278 0 -460.278
12 0 480.359 0 -480.359
49 60 971.413 971.511 0.0975401
25 74 484.687 486.989 2.30195
47 67 484.522 486.824 2.30195
49 60 1181.41 1181.51 0.0975401
2 74 468.162 470.464 2.30195
10 0 26.7799 0 -26.7799
9 75 26.7377 29.0396 2.30195
7 75 1120.06 1120.15 0.0975369
59 72 974.854 974.951 0.0975415
16 75 27.4234 29.7253 2.30195
45 76 972.751 972.854 0.102658
25 74 28.9002 31.2022 2.30195
47 67 28.7352 31.0371 2.30195
23 70 1165.15 1167.45 2.30196
13 75 1161.86 1164.16 2.30195
13 75 250.285 252.587 2.30195
34 74 247.865 250.167 2.30195
47 67 256.628 258.93 2.30195
20 75 247.411 249.713 2.30195
45 76 468.537 470.839 2.30195
23 0 253.578 0 -253.578
9 0 254.631 0 -254.631
40 78 462.821 465.123 2.30195
28 75 249.023 251.325 2.30195
28 0 476.916 0 -476.916
45 76 1002.75 1002.85 0.0975383
36 78 477.158 479.46 2.30196
27 77 247.865 250.167 2.30196
46 76 250.426 252.728 2.30196
16 0 255.317 0 -255.317
38 78 466.674 468.976 2.30195
51 0 462.985 0 -462.985
19 75 247.034 249.336 2.30195
48 67 252.169 254.471 2.30195
25 74 256.793 259.095 2.30195
15 0 254.465 0 -254.465
22 74 468.447 470.749 2.30195
49 60 1001.41 1001.51 0.0975401
55 70 253.226 255.528 2.30195
10 74 254.673 256.975 2.30196
36 78 1161.37 1161.47 0.097539
53 76 228.849 231.151 2.30196
39 78 229.161 231.463 2.30195
30 74 231.007 233.309 2.30195
6 0 231.484 0 -231.484
42 63 232.24 234.542 2.30196
33 0 232.385 0 -232.385
3 75 232.66 234.962 2.30196
8 77 232.818 235.12 2.30196
24 75 234.241 236.543 2.30196
52 62 234.338 236.64 2.30195
58 65 234.726 237.028 2.30196
5 74 234.738 237.04 2.30195
56 61 234.824 237.126 2.30195
40 78 234.928 237.23 2.30195
29 74 235.058 237.36 2.30195
51 0 235.091 0 -235.091
14 0 235.274 0 -235.274
17 75 235.922 238.224 2.30195
43 62 236.126 238.428 2.30196
41 66 237.355 239.657 2.30195
7 75 237.949 240.251 2.30195
50 64 238.736 241.038 2.30196
38 78 238.781 241.082 2.30195
49 60 239.307 241.609 2.30196
2 74 240.269 242.571 2.30195
22 0 240.554 0 -240.554
45 76 240.644 242.946 2.30195
37 78 241.157 243.459 2.30195
54 77 241.282 243.584 2.30195
4 75 241.525 243.827 2.30196
18 74 242.251 244.553 2.30196
59 72 242.747 245.049 2.30196
32 75 243.901 246.203 2.30196
21 75 244.192 246.494 2.30195
35 0 244.763 0 -244.763
44 66 246.138 248.44 2.30195
57 60 246.309 248.611 2.30196
8 77 460.711 463.013 2.30196
39 78 1021.27 1021.37 0.102659
13 75 478.178 480.48 2.30195
5 0 690.524 0 -690.524
15 74 1166.04 1168.34 2.30196
40 78 997.035 997.132 0.097538
36 78 249.265 251.566 2.30196
0 74 249.691 251.993 2.30195
21 0 472.086 0 -472.086
11 74 250.131 252.433 2.30195
1 0 250.309 0 -250.309
31 0 250.206 0 -250.206
3 0 460.553 0 -460.553
16 75 1166.89 1169.19 2.30195
27 77 1159.44 1161.74 2.30196
9 0 482.524 0 -482.524
14 0 463.167 0 -463.167
48 67 984.276 984.379 0.102657
53 76 960.956 961.13 0.174596
58 78 996.833 996.93 0.0975394
26 0 252.798 0 -252.798
12 74 252.466 254.768 2.30196
24 0 462.134 0 -462.134
19 75 474.927 477.229 2.30195
39 78 457.054 459.356 2.30195
56 61 1176.93 1177.03 0.0975365
29 74 462.951 465.253 2.30195
35 74 472.656 474.958 2.30196
48 67 1014.28 1014.38 0.102657
34 74 475.758 478.06 2.30195
41 66 969.461 969.559 0.0975384
51 63 1374.56 1374.66 0.102658
15 74 482.358 484.66 2.30196
30 74 458.901 461.203 2.30195
23 0 709.364 0 -709.364
35 0 1156.34 0 -1156.34
49 60 1121.41 1121.51 0.0975401
48 67 480.063 482.365 2.30195
16 0 483.21 0 -483.21
31 74 478.099 480.401 2.30196
40 78 1177.03 1177.13 0.097538
9 75 1166.2 1168.51 2.30195
45 76 1182.75 1182.85 0.0975383
55 70 985.332 985.435 0.102659
11 0 1162.24 0 -1162.24
17 0 463.815 0 -463.815
52 62 462.231 464.533 2.30195
54 77 1123.39 1123.49 0.097539
42 63 1174.35 1174.45 0.102659
11 74 1012.24 1012.34 0.0975387
39 78 991.268 991.365 0.0975385
27 77 475.758 478.06 2.30196
34 74 1169.6 1169.7 0.102659
46 76 478.319 480.621 2.30196
45 76 1092.75 1092.85 0.0975383
22 74 1380.02 1382.32 2.30195
57 60 1157.78 1158.11 0.328711
4 0 469.419 0 -469.419
2 74 1182.38 1182.47 0.097537
39 78 1111.27 1111.37 0.102659
46 76 1162.53 1162.64 0.10266
20 75 1009.52 1009.61 0.097537
41 66 1029.46 1029.56 0.0975384
54 77 1003.39 1003.49 0.102659
33 0 1143.96 0 -1143.96
10 75 710.46 712.762 2.30196
55 70 709.012 711.314 2.30195
7 75 940.055 940.158 0.102657
9 0 710.417 0 -710.417
32 0 927.581 0 -927.581
36 78 1131.37 1131.47 0.097539
47 67 940.308 940.637 0.328705
15 74 710.251 712.553 2.30196
11 74 982.238 982.34 0.102659
54 77 1033.39 1033.49 0.102659
13 70 933.965 936.267 2.30196
6 74 1370.95 1373.25 2.30196
11 74 1132.24 1132.34 0.0975387
26 70 708.585 710.887 2.30196
31 0 1161.78 0 -1161.78
47 67 1037.93 1038.12 0.184833
2 74 1002.38 1002.47 0.097537
27 77 931.545 933.847 2.30196
12 71 1164.04 1166.34 2.30196
43 63 1178.23 1178.34 0.10266
47 67 1005.39 1005.72 0.328705
53 76 684.635 686.937 2.30196
39 78 684.947 687.249 2.30195
30 74 686.794 689.096 2.30195
6 0 687.27 0 -687.27
42 63 688.027 690.329 2.30196
33 0 688.171 0 -688.171
3 75 688.446 690.748 2.30196
8 77 688.604 690.906 2.30196
24 75 690.027 692.329 2.30196
52 62 690.124 692.426 2.30195
58 65 690.513 692.815 2.30196
56 61 690.611 692.913 2.30195
40 78 690.715 693.017 2.30195
29 0 690.845 0 -690.845
51 62 690.878 693.18 2.30196
14 0 691.061 0 -691.061
17 74 691.708 694.01 2.30196
43 0 691.913 0 -691.913
41 66 693.141 695.443 2.30195
7 75 693.735 696.037 2.30195
50 0 694.523 0 -694.523
38 69 694.567 696.869 2.30196
49 60 695.093 697.395 2.30196
2 74 696.056 698.357 2.30195
22 0 696.34 0 -696.34
45 76 696.431 698.733 2.30195
37 78 696.943 699.245 2.30195
54 77 697.069 699.371 2.30195
4 0 697.312 0 -697.312
18 0 698.037 0 -698.037
59 72 698.533 700.835 2.30196
32 75 699.687 701.989 2.30196
21 75 699.979 702.281 2.30195
35 0 700.55 0 -700.55
44 66 701.924 704.226 2.30195
57 60 702.095 704.397 2.30196
19 74 702.82 705.122 2.30196
20 75 703.197 705.499 2.30195
34 74 703.651 705.953 2.30195
27 74 703.651 705.953 2.30196
28 75 704.81 707.112 2.30195
36 78 705.051 707.353 2.30196
0 74 705.477 707.779 2.30195
11 74 705.917 708.219 2.30195
31 0 705.993 0 -705.993
13 0 706.072 0 -706.072
1 0 706.096 0 -706.096
46 62 706.213 708.515 2.30196
48 67 707.956 710.258 2.30195
12 0 708.252 0 -708.252
45 76 942.751 942.854 0.102658
55 70 1015.33 1015.43 0.097539
33 75 1371.85 1374.15 2.30196
16 78 711.103 713.405 2.30197
2 74 1032.38 1032.47 0.097537
53 76 990.956 991.13 0.174596
21 0 927.872 0 -927.872
25 74 712.58 714.882 2.30195
49 60 941.413 941.516 0.10266
56 61 936.931 937.029 0.0975365
41 66 939.461 939.564 0.102658
53 76 930.956 931.13 0.174596
36 78 981.371 981.469 0.097539
47 71 712.415 714.717 2.30196
11 74 933.811 933.913 0.102659
45 76 1032.75 1032.85 0.0975383
58 78 966.833 966.93 0.0975394
52 62 1146.44 1146.54 0.0975371
46 76 952.533 952.635 0.10266
7 75 1030.06 1030.16 0.102657
22 74 1152.13 1154.43 2.30195
10 74 1166.25 1168.55 2.30196
57 60 1027.61 1027.94 0.328711
52 62 966.444 966.542 0.0975371
36 78 932.944 933.129 0.184835
28 71 932.703 935.005 2.30196
0 74 933.371 935.673 2.30195
46 62 934.106 934.208 0.102661
12 75 936.145 938.447 2.30196
42 63 934.347 934.45 0.102659
19 75 930.713 933.015 2.30195
26 0 936.478 0 -936.478
16 0 938.996 0 -938.996
48 67 1074.28 1074.37 0.0975375
41 66 999.461 999.559 0.0975384
22 73 924.234 926.536 2.30196
35 0 928.443 0 -928.443
52 62 936.444 936.542 0.0975371
55 70 936.905 937.008 0.102659
34 74 931.545 933.847 2.30195
48 67 935.849 935.952 0.102657
39 78 931.268 931.442 0.174595
53 76 912.529 912.713 0.184836
39 78 912.841 913.025 0.184835
30 74 914.687 916.989 2.30195
6 0 915.164 0 -915.164
42 63 915.92 916.105 0.184835
33 75 916.064 918.366 2.30196
3 75 916.339 918.641 2.30196
8 77 916.497 918.799 2.30196
24 71 917.921 920.223 2.30196
52 62 918.017 918.12 0.102657
58 78 918.406 918.508 0.102659
5 0 918.418 0 -918.418
56 61 918.504 918.607 0.102656
40 78 918.608 918.711 0.102658
29 0 918.738 0 -918.738
51 63 918.771 921.073 2.30195
14 0 918.954 0 -918.954
17 74 919.601 921.903 2.30196
43 62 919.806 922.108 2.30196
41 66 921.034 921.137 0.102658
7 75 921.628 921.731 0.102657
50 64 922.416 924.718 2.30196
38 78 922.46 924.762 2.30195
49 60 922.986 923.089 0.10266
2 77 923.949 924.051 0.102662
55 70 1165.33 1165.43 0.097539
50 64 1150.31 1152.61 2.30196
47 67 972.85 973.179 0.328705
50 64 1378.2 1378.53 0.32871
45 76 924.324 924.427 0.102658
4 75 925.205 927.507 2.30196
54 77 924.962 925.065 0.102659
37 65 924.836 927.138 2.30196
59 72 926.427 926.611 0.184837
9 0 938.311 0 -938.311
18 0 925.931 0 -925.931
44 66 929.818 932.12 2.30195
42 63 1024.35 1024.44 0.0975393
48 67 1164.28 1164.37 0.0975375
46 76 1012.53 1012.64 0.10266
20 75 979.517 979.615 0.097537
20 75 1159.52 1159.61 0.097537
20 75 1129.52 1129.61 0.097537
20 75 931.09 931.193 0.102657
38 78 1180.89 1181.06 0.174595
57 60 929.989 930.317 0.328711
53 76 1020.96 1021.06 0.10266
1 77 933.989 936.291 2.30196
31 77 933.886 936.188 2.30196
40 78 937.035 937.132 0.097538
10 0 938.353 0 -938.353
52 62 1026.44 1026.54 0.0975371
15 0 938.144 0 -938.144
54 77 943.389 943.492 0.102659
11 74 952.238 952.335 0.0975387
2 74 942.376 942.478 0.102657
20 75 949.517 949.62 0.102657
57 60 962.53 962.859 0.328711
55 70 955.332 955.435 0.102659
42 63 964.347 964.444 0.0975393
48 67 954.276 954.379 0.102657
36 78 951.371 951.474 0.102659
59 72 944.854 944.956 0.102661
39 78 961.268 961.37 0.102659
56 61 1146.93 1147.03 0.0975365
57 60 1060.16 1060.48 0.328711
11 74 1042.24 1042.34 0.0975387
47 67 1056.23 1056.33 0.102657
39 78 1051.27 1051.37 0.102659
59 72 1034.85 1034.95 0.0975415
55 70 1045.33 1045.43 0.097539
36 78 1041.37 1041.47 0.102659
45 76 1122.75 1122.85 0.0975383
38 78 1150.35 1150.54 0.184835
53 76 1140.96 1141.06 0.10266
53 76 1050.96 1051.05 0.0975396
20 75 1039.52 1039.61 0.097537
17 75 1178.03 1178.13 0.0975386
21 74 1155.77 1158.07 2.30196
1 75 1161.88 1164.18 2.30196
55 70 1135.33 1135.43 0.097539
48 67 1044.28 1044.38 0.102657
46 76 1042.53 1042.64 0.10266
46 76 1132.53 1132.63 0.0975398
19 74 1158.61 1160.91 2.30196
37 78 1183.26 1183.36 0.0975375
30 74 1173.11 1173.21 0.0975377
5 75 1374.2 1376.51 2.30196
57 60 1092.7 1093.03 0.328711
49 60 1061.41 1061.52 0.10266
42 63 1144.35 1144.45 0.102659
58 78 1056.83 1056.93 0.0975394
40 78 1057.03 1057.13 0.097538
2 74 1062.38 1062.47 0.097537
7 75 1060.06 1060.16 0.102657
54 77 1063.39 1063.49 0.097539
56 61 1056.93 1057.03 0.0975365
45 76 1062.75 1062.85 0.0975383
42 63 1054.35 1054.44 0.0975393
52 62 1056.44 1056.54 0.0975371
41 66 1059.46 1059.56 0.0975384
11 74 1072.24 1072.34 0.0975387
55 70 1075.33 1075.43 0.097539
14 77 1374.74 1377.04 2.30196
20 75 1069.52 1069.61 0.097537
29 75 1146.63 1148.93 2.30196
2 74 1092.38 1092.47 0.097537
54 77 1093.39 1093.49 0.097539
58 78 1086.83 1086.93 0.0975394
36 78 1071.37 1071.47 0.102659
59 72 1064.85 1064.95 0.0975415
52 62 1086.44 1086.54 0.0975371
55 70 1105.33 1105.43 0.097539
47 67 1078.74 1078.83 0.0975373
56 61 1086.93 1087.03 0.0975365
39 78 1081.27 1081.37 0.102659
46 76 1072.53 1072.64 0.10266
40 78 1087.03 1087.13 0.097538
58 78 1116.83 1116.93 0.0975394
53 76 1080.96 1081.05 0.0975396
3 75 1144.23 1144.34 0.102659
5 0 1146.31 0 -1146.31
7 75 1090.06 1090.15 0.0975369
40 78 1117.03 1117.13 0.097538
47 67 1108.74 1108.84 0.102657
41 66 1089.46 1089.56 0.0975384
48 67 1104.28 1104.37 0.0975375
8 74 1144.39 1146.69 2.30195
17 75 1147.49 1147.6 0.102659
42 63 1084.35 1084.44 0.0975393
49 60 1091.41 1091.51 0.0975401
3 75 1174.77 1174.86 0.0975395
3 75 1154.4 1154.5 0.102659
57 60 1125.24 1125.57 0.328711
36 78 1101.37 1101.47 0.102659
20 75 1099.52 1099.61 0.097537
41 66 1119.46 1119.56 0.0975384
59 72 1094.85 1094.95 0.0975415
52 62 1116.44 1116.54 0.0975371
46 76 1102.53 1102.64 0.10266
43 63 1147.7 1147.8 0.10266
51 63 1146.66 1148.97 2.30195
53 76 1110.96 1111.05 0.0975396
24 0 1145.81 0 -1145.81
42 63 1114.35 1114.45 0.102659
6 0 1143.06 0 -1143.06
14 77 1146.85 1149.15 2.30196
30 74 1142.58 1142.68 0.102658
58 78 1146.83 1146.93 0.0975394
29 74 1374.52 1374.63 0.102656
41 66 1149.46 1149.56 0.0975384
17 75 1157.66 1157.76 0.102659
43 63 1157.86 1157.97 0.10266
7 0 1150.06 0 -1150.06
54 77 1153.39 1153.49 0.097539
49 60 1151.41 1151.51 0.0975401
45 76 1152.75 1152.85 0.0975383
37 78 1162.89 1163 0.102657
2 74 1152.38 1152.47 0.097537
44 66 1176.01 1176.11 0.102659
59 72 1154.85 1154.95 0.0975415
54 77 1183.39 1183.49 0.097539
1 74 1389.78 1392.08 2.30196
4 75 1380.99 1383.29 2.30196
18 0 1381.72 0 -1381.72
28 75 1388.49 1390.79 2.30195
15 75 1393.93 1394.03 0.10266
31 0 1389.67 0 -1389.67
27 74 1387.33 1387.43 0.10266
12 73 1391.93 1394.23 2.30197
26 70 1392.26 1394.57 2.30196
57 60 1190.32 1190.65 0.328711
36 78 1191.37 1191.47 0.097539
16 74 1394.78 1397.08 2.30196
21 0 1383.66 0 -1383.66
44 66 1188.24 1188.34 0.0975388
32 0 1383.37 0 -1383.37
19 75 1386.5 1388.8 2.30195
13 75 1389.75 1392.05 2.30195
9 0 1394.1 0 -1394.1
35 74 1384.23 1386.53 2.30196
25 74 1200.91 1201.24 0.328706
11 74 1192.24 1192.34 0.0975387
55 70 1195.33 1195.43 0.097539
59 72 1184.85 1184.95 0.0975415
20 75 1189.52 1189.61 0.097537
10 0 1394.14 0 -1394.14
34 74 1189.97 1190.07 0.0975387
23 70 1393.04 1395.35 2.30196
0 74 1389.16 1391.46 2.30195
48 67 1194.28 1194.37 0.0975375
47 67 1198.74 1198.84 0.102657
46 76 1192.53 1192.64 0.10266
