42 66 0.0578662 2.35982 2.30195
47 72 0.425147 2.7271 2.30196
1 72 5.79899 8.10095 2.30196
58 60 5.65275 7.95471 2.30195
30 70 5.37841 7.68037 2.30196
14 72 1.30629 3.60825 2.30196
11 72 1098.6 1098.7 0.097538
59 70 998.375 998.55 0.174595
18 73 997.906 998.009 0.10266
20 74 1.43521 3.73716 2.30196
5 72 469.558 471.86 2.30196
45 63 1.52112 3.82308 2.30196
21 74 459.042 461.344 2.30196
21 74 3.2559 5.55786 2.30196
16 77 3.23839 5.54034 2.30195
38 75 3.81226 6.11421 2.30196
49 68 970.796 970.894 0.0975407
38 75 963.812 963.915 0.102659
20 74 457.222 459.524 2.30196
36 74 3.99989 6.30185 2.30196
24 0 4.38283 0 -4.38283
0 72 4.40322 6.70517 2.30195
21 74 1142.72 1145.02 2.30196
7 72 470.163 472.465 2.30196
50 68 1109.72 1109.81 0.0975376
42 66 972.659 972.988 0.328707
57 68 471.585 473.887 2.30196
58 60 995.653 995.755 0.102658
43 63 6.16648 8.46844 2.30196
33 70 7.49191 9.79387 2.30196
18 73 7.90593 10.2079 2.30196
19 0 466.595 0 -466.595
56 69 1167.64 1167.81 0.174594
20 74 1140.9 1141 0.102659
59 70 8.37505 10.677 2.30196
51 67 8.43058 10.7325 2.30195
44 63 469.802 472.104 2.30196
59 70 970.788 970.963 0.174595
34 77 1000.78 1000.88 0.0975362
45 63 991.521 991.624 0.10266
2 0 10.0851 0 -10.0851
3 72 9.37364 11.6756 2.30195
40 65 9.89788 12.1998 2.30196
34 77 466.571 468.872 2.30195
23 0 10.5123 0 -10.5123
56 69 1077.64 1077.81 0.174594
16 77 993.238 993.336 0.0975378
34 77 10.784 13.086 2.30195
49 68 10.7965 13.0984 2.30196
19 77 10.8084 13.1104 2.30196
6 0 471.345 0 -471.345
12 72 484.706 487.008 2.30196
27 73 469.003 471.305 2.30196
34 77 1090.78 1090.88 0.0975362
26 73 12.2073 14.5093 2.30196
27 73 13.2166 15.5185 2.30196
41 66 483.385 485.687 2.30196
31 0 483.38 0 -483.38
10 73 476.254 478.556 2.30196
5 0 13.7718 0 -13.7718
48 73 986.207 986.305 0.0975367
55 65 984.774 984.948 0.174596
9 0 13.9411 0 -13.9411
58 60 965.653 965.75 0.0975379
44 63 14.0153 16.3172 2.30196
35 0 483.096 0 -483.096
4 0 478.412 0 -478.412
17 0 484.462 0 -484.462
46 66 16.4499 18.7518 2.30196
25 77 17.6083 19.9103 2.30195
7 0 14.3765 0 -14.3765
49 68 1000.8 1000.9 0.102661
54 75 483.857 486.159 2.30196
18 73 463.692 465.994 2.30196
57 68 15.7985 18.1004 2.30196
6 72 15.5587 17.8607 2.30196
56 69 1017.64 1017.81 0.174594
23 77 466.299 468.601 2.30195
46 66 1156.45 1156.55 0.097539
44 63 1004.02 1004.19 0.174598
43 63 1145.53 1145.86 0.328711
53 65 18.7418 21.0437 2.30195
11 72 18.6031 20.905 2.30195
32 69 18.3856 20.6876 2.30196
37 0 478.873 0 -478.873
36 74 459.786 462.088 2.30196
11 72 474.39 476.692 2.30195
32 69 474.172 476.474 2.30196
0 72 1143.87 1146.17 2.30195
10 72 20.4674 22.7694 2.30196
13 72 21.1816 23.4835 2.30196
8 0 22.4961 0 -22.4961
15 72 983.514 983.611 0.0975401
37 74 23.087 25.3889 2.30196
29 77 22.1831 24.485 2.30195
39 74 23.9018 26.2038 2.30196
4 0 22.625 0 -22.625
52 67 23.1232 25.4251 2.30196
15 72 23.5136 25.8155 2.30196
40 65 465.684 467.986 2.30196
38 75 993.812 993.915 0.102659
11 72 978.603 978.706 0.102658
47 72 456.212 458.514 2.30196
55 65 24.7738 27.0758 2.30196
53 65 978.742 978.916 0.174594
17 74 712.355 714.657 2.30195
22 77 26.5711 28.873 2.30196
48 73 26.2072 28.5092 2.30195
41 70 27.5986 29.9006 2.30196
50 68 1006.37 1006.7 0.328706
12 72 1178.55 1178.65 0.10266
31 77 27.5934 29.8953 2.30196
35 74 27.3093 29.6112 2.30196
56 69 27.6374 29.9394 2.30195
42 66 455.844 458.146 2.30195
40 65 972.311 972.486 0.174597
16 77 963.238 963.341 0.102658
50 68 485.503 487.805 2.30195
46 66 976.45 976.547 0.097539
55 65 480.56 482.862 2.30196
31 77 939.166 941.468 2.30196
54 70 28.0706 30.3725 2.30196
43 63 461.953 464.255 2.30196
30 70 461.165 463.467 2.30196
17 0 28.6756 0 -28.6756
50 68 29.7165 32.0185 2.30195
12 72 28.9197 31.2217 2.30196
28 0 28.9067 0 -28.9067
56 69 483.424 485.726 2.30195
8 72 478.283 480.585 2.30196
36 74 1143.47 1145.77 2.30196
48 73 481.994 484.296 2.30195
52 67 478.91 481.212 2.30196
38 75 459.599 461.901 2.30196
25 77 473.395 475.697 2.30195
32 69 246.279 248.581 2.30196
44 63 974.015 974.19 0.174598
56 69 255.531 257.833 2.30195
13 0 249.075 0 -249.075
9 72 469.728 472.03 2.30196
1 0 461.585 0 -461.585
58 60 461.439 463.741 2.30195
8 0 250.389 0 -250.389
55 65 252.667 254.969 2.30196
48 73 254.1 256.402 2.30195
45 63 457.308 459.61 2.30196
50 68 257.61 259.912 2.30195
53 65 1098.74 1098.84 0.0975385
28 74 256.8 259.102 2.30196
0 72 460.19 462.492 2.30195
24 0 460.169 0 -460.169
53 65 246.635 248.937 2.30195
39 74 251.795 254.097 2.30196
59 70 464.162 466.464 2.30196
51 67 464.217 466.519 2.30195
16 77 459.025 461.327 2.30195
56 69 987.637 987.812 0.174594
39 0 479.688 0 -479.688
28 0 484.693 0 -484.693
11 72 246.496 248.798 2.30195
3 72 465.16 467.462 2.30195
41 70 255.492 257.794 2.30196
17 74 256.569 258.871 2.30195
29 77 250.076 252.378 2.30195
35 0 255.203 0 -255.203
31 77 255.487 257.789 2.30196
40 65 1089.9 1090.07 0.174597
45 63 1111.52 1111.62 0.0975396
29 77 477.97 480.272 2.30195
52 67 1103.12 1103.22 0.0975397
42 66 227.951 230.253 2.30195
47 72 228.318 230.62 2.30196
14 72 229.2 231.501 2.30196
20 74 229.328 231.63 2.30196
45 63 229.414 231.716 2.30196
16 77 231.132 233.434 2.30195
21 77 231.149 233.451 2.30196
38 75 231.706 234.007 2.30196
36 74 231.893 234.195 2.30196
24 74 232.276 234.578 2.30196
0 72 232.296 234.598 2.30195
30 70 233.272 235.574 2.30196
58 60 233.546 235.848 2.30195
1 72 233.692 235.994 2.30196
43 63 234.06 236.362 2.30196
33 70 235.385 237.687 2.30196
18 73 235.799 238.101 2.30196
59 70 236.268 238.57 2.30196
51 67 236.324 238.626 2.30195
3 72 237.267 239.569 2.30195
40 65 237.791 240.093 2.30196
2 72 237.978 240.28 2.30196
23 74 238.406 240.707 2.30196
34 77 238.677 240.979 2.30195
49 68 238.69 240.992 2.30196
19 77 238.702 241.004 2.30196
26 0 240.101 0 -240.101
27 0 241.11 0 -241.11
5 72 241.665 243.967 2.30196
9 72 241.834 244.136 2.30196
44 63 241.909 244.21 2.30196
7 72 242.27 244.572 2.30196
6 0 243.452 0 -243.452
57 68 243.692 245.994 2.30196
46 66 244.343 246.645 2.30196
25 77 245.502 247.804 2.30195
22 0 482.358 0 -482.358
16 77 1113.24 1113.34 0.0975378
57 68 1095.8 1095.97 0.174597
14 72 457.093 459.395 2.30196
48 73 1016.21 1016.3 0.0975367
10 0 248.361 0 -248.361
25 77 1007.61 1007.71 0.102659
53 65 1008.74 1008.84 0.102658
52 67 983.123 983.226 0.10266
15 72 479.3 481.602 2.30196
13 72 476.968 479.27 2.30196
15 72 251.407 253.709 2.30196
4 0 250.518 0 -250.518
52 67 251.016 253.318 2.30196
22 77 254.464 256.766 2.30196
37 74 250.98 253.282 2.30196
26 73 467.994 470.296 2.30196
49 68 466.583 468.885 2.30196
54 70 255.964 258.266 2.30196
34 77 970.784 970.882 0.0975362
2 0 465.872 0 -465.872
12 72 256.813 259.115 2.30196
33 70 463.278 465.58 2.30196
53 65 474.528 476.83 2.30195
58 60 1115.65 1115.76 0.102658
30 70 995.378 995.553 0.174595
30 70 965.378 965.553 0.174595
38 75 1113.81 1113.91 0.102659
54 70 1177.7 1177.8 0.102659
46 66 472.236 474.538 2.30196
3 72 999.374 999.471 0.0975379
48 73 1106.21 1106.3 0.0975367
46 66 1006.45 1006.55 0.097539
55 65 1014.77 1014.95 0.174596
15 72 1013.51 1013.61 0.0975401
8 72 1389.86 1392.16 2.30196
55 65 708.454 710.756 2.30196
54 71 711.75 714.052 2.30196
50 72 713.396 715.698 2.30196
6 0 927.132 0 -927.132
48 73 709.887 712.189 2.30195
44 63 925.588 925.773 0.184838
56 69 711.317 713.619 2.30195
48 73 937.78 937.883 0.102657
39 77 707.582 709.884 2.30196
28 74 712.586 714.888 2.30196
41 66 711.278 713.58 2.30196
47 73 1170.43 1170.53 0.10266
46 66 1096.45 1096.55 0.097539
22 77 710.251 712.553 2.30196
35 0 938.882 0 -938.882
42 66 683.738 686.04 2.30195
47 72 684.105 686.407 2.30196
14 68 684.986 687.288 2.30196
20 74 685.115 687.417 2.30196
45 63 685.201 687.503 2.30196
16 77 686.918 689.22 2.30195
21 0 686.936 0 -686.936
38 75 687.492 689.794 2.30196
36 0 687.68 0 -687.68
24 73 688.063 690.365 2.30196
0 0 688.083 0 -688.083
30 70 689.058 691.36 2.30196
58 60 689.332 691.634 2.30195
1 72 689.479 691.781 2.30196
43 63 689.846 692.148 2.30196
33 0 691.172 0 -691.172
18 73 691.586 693.888 2.30196
59 66 692.055 694.357 2.30196
51 63 692.11 694.412 2.30196
3 72 693.053 695.355 2.30195
40 65 693.578 695.88 2.30196
2 72 693.765 696.067 2.30196
23 0 694.192 0 -694.192
34 77 694.464 696.766 2.30195
49 68 694.476 696.778 2.30196
19 0 694.488 0 -694.488
26 0 695.887 0 -695.887
27 73 696.896 699.198 2.30196
5 0 697.452 0 -697.452
9 0 697.621 0 -697.621
44 63 697.695 699.997 2.30196
7 0 698.056 0 -698.056
6 72 699.238 701.54 2.30196
57 68 699.478 701.78 2.30196
46 66 700.13 702.432 2.30196
25 77 701.288 703.59 2.30195
32 77 702.065 704.367 2.30196
11 72 702.283 704.585 2.30195
53 65 702.422 704.723 2.30195
10 72 704.147 706.449 2.30196
13 72 704.861 707.163 2.30196
29 77 705.863 708.165 2.30195
8 0 706.176 0 -706.176
4 0 706.305 0 -706.305
37 74 706.767 709.069 2.30196
52 67 706.803 709.105 2.30196
15 72 707.193 709.495 2.30196
56 69 957.637 957.812 0.174594
55 65 1104.77 1104.95 0.174596
11 72 1008.6 1008.7 0.097538
47 72 1139.89 1139.99 0.10266
3 72 969.374 969.471 0.0975379
48 73 956.207 956.305 0.0975367
31 77 711.273 713.575 2.30196
13 0 932.755 0 -932.755
12 68 712.599 714.901 2.30196
55 65 936.347 936.532 0.184836
35 74 710.989 713.291 2.30196
11 72 930.176 930.279 0.102658
57 68 1020.94 1021.13 0.184837
52 67 1013.12 1013.23 0.10266
43 63 1015.36 1015.69 0.328711
15 72 1103.51 1103.61 0.0975401
42 66 1005.2 1005.53 0.328707
51 67 998.431 998.533 0.102658
28 0 940.48 0 -940.48
4 0 934.198 0 -934.198
18 73 967.906 968.009 0.10266
16 77 933.238 933.341 0.102658
26 73 923.78 926.082 2.30196
10 0 932.04 0 -932.04
17 0 940.249 0 -940.249
54 75 939.644 941.946 2.30196
43 63 982.823 983.152 0.328711
25 77 929.181 929.366 0.184835
12 72 940.493 942.795 2.30196
50 68 941.29 941.618 0.328706
22 77 938.144 940.446 2.30196
42 66 911.631 912.247 0.616451
47 72 911.998 914.3 2.30196
14 72 912.879 915.181 2.30196
20 74 913.008 915.31 2.30196
45 63 913.094 913.279 0.184836
16 77 914.811 914.914 0.102658
21 0 914.829 0 -914.829
38 75 915.385 915.488 0.102659
36 0 915.573 0 -915.573
24 0 915.956 0 -915.956
0 0 915.976 0 -915.976
30 70 916.951 917.136 0.184835
58 60 917.226 917.411 0.184834
1 72 917.372 919.674 2.30196
43 63 917.739 918.068 0.328711
33 77 919.065 921.367 2.30196
18 73 919.479 919.582 0.10266
59 70 919.948 920.277 0.328707
51 67 920.004 920.106 0.102658
3 72 920.947 921.049 0.102658
40 65 921.471 921.8 0.328709
2 72 921.658 923.96 2.30196
23 74 922.085 924.387 2.30196
34 0 922.357 0 -922.357
49 68 922.369 922.554 0.184837
19 0 922.381 0 -922.381
25 77 977.608 977.711 0.102659
42 66 1167.91 1168.24 0.328707
50 68 973.831 974.16 0.328706
30 70 1175.38 1175.55 0.174595
51 67 968.431 968.528 0.0975379
57 68 988.4 988.729 0.328709
5 72 925.345 927.647 2.30196
27 73 924.79 927.092 2.30196
40 65 999.898 1000.07 0.174597
7 72 925.95 928.251 2.30196
9 72 925.514 927.816 2.30196
55 65 954.774 954.948 0.174596
45 63 961.521 961.619 0.0975396
1 72 1145.27 1145.37 0.102661
57 68 927.371 927.988 0.616453
15 72 1163.51 1163.61 0.0975401
49 68 1090.8 1090.89 0.0975407
46 66 928.023 928.208 0.184835
8 0 934.069 0 -934.069
56 69 939.21 939.395 0.184834
41 0 939.172 0 -939.172
53 65 930.315 930.5 0.184834
37 0 934.66 0 -934.66
32 69 929.959 932.261 2.30196
29 74 933.756 936.058 2.30196
39 0 935.475 0 -935.475
15 72 935.087 935.189 0.10266
51 67 938.431 938.533 0.102658
45 63 931.521 931.624 0.10266
52 67 934.696 934.799 0.10266
30 70 935.378 935.553 0.174595
38 75 933.812 933.915 0.102659
59 70 952.49 952.675 0.184835
58 60 935.653 935.755 0.102658
47 72 1150.05 1150.16 0.10266
43 63 950.281 950.61 0.328711
34 0 940.784 0 -940.784
3 72 939.374 939.471 0.0975379
40 65 954.013 954.197 0.184837
18 73 937.906 938.009 0.10266
49 68 940.796 940.899 0.102661
11 72 948.603 948.706 0.102658
44 63 944.015 944.19 0.174598
53 65 1038.74 1038.84 0.0975385
46 66 946.45 946.553 0.102659
53 65 948.742 948.916 0.174594
25 77 947.608 947.711 0.102659
15 72 953.514 953.611 0.0975401
52 67 953.123 953.226 0.10266
43 63 1047.91 1048.23 0.328711
45 63 1021.52 1021.62 0.10266
58 60 1025.65 1025.76 0.102658
38 75 1023.81 1023.91 0.0975394
59 70 1028.38 1028.55 0.174595
50 68 1169.72 1169.82 0.102658
50 68 1038.91 1039.24 0.328706
42 66 1037.74 1038.07 0.328707
30 70 1025.38 1025.55 0.174595
30 70 1115.38 1115.55 0.174595
3 72 1029.37 1029.47 0.0975379
51 67 1028.43 1028.53 0.102658
16 77 1023.24 1023.34 0.0975378
18 73 1027.91 1028 0.0975401
25 77 1097.61 1097.71 0.102659
42 66 1135.37 1135.7 0.328707
48 73 1166.21 1166.3 0.0975367
21 74 1370.62 1370.8 0.184835
45 63 1171.52 1171.62 0.0975396
14 73 1140.77 1141.39 0.616459
31 77 1177.22 1177.33 0.102659
44 63 1094.02 1094.19 0.174598
57 68 1039.24 1039.41 0.174597
44 63 1034.02 1034.19 0.174598
11 72 1038.6 1038.7 0.097538
34 77 1030.78 1030.88 0.0975362
49 68 1030.8 1030.89 0.0975407
46 66 1036.45 1036.55 0.097539
40 65 1029.9 1030.07 0.174597
42 66 1200.45 1200.78 0.328707
56 69 1107.64 1107.81 0.174594
24 0 1143.85 0 -1143.85
25 77 1037.61 1037.71 0.102659
57 68 1065.8 1065.97 0.174597
45 63 1051.52 1051.62 0.10266
58 60 1055.65 1055.76 0.102658
43 63 1080.45 1080.78 0.328711
20 74 1151.06 1151.17 0.102659
48 73 1046.21 1046.3 0.0975367
56 69 1047.64 1047.81 0.174594
42 66 1070.28 1070.61 0.328707
16 77 1053.24 1053.34 0.0975378
55 65 1044.77 1044.95 0.174596
15 72 1043.51 1043.61 0.0975401
38 75 1053.81 1053.91 0.0975394
52 67 1043.12 1043.22 0.0975397
50 68 1071.46 1071.64 0.184834
46 66 1066.45 1066.55 0.097539
49 68 1060.8 1060.89 0.0975407
30 70 1055.38 1055.55 0.174595
15 72 1073.51 1073.61 0.0975401
18 73 1057.91 1058 0.0975401
53 65 1068.74 1068.84 0.0975385
3 72 1059.37 1059.47 0.0975379
51 67 1058.43 1058.53 0.102658
16 77 1083.24 1083.34 0.0975378
34 77 1060.78 1060.88 0.0975362
59 70 1058.38 1058.55 0.174595
25 77 1067.61 1067.71 0.102659
40 65 1059.9 1060.07 0.174597
52 67 1073.12 1073.22 0.0975397
44 63 1064.02 1064.19 0.174598
38 75 1083.81 1083.91 0.0975394
45 63 1081.52 1081.62 0.10266
51 67 1148.43 1148.53 0.0975379
55 65 1074.77 1074.95 0.174596
11 72 1068.6 1068.7 0.097538
42 66 1102.83 1103.15 0.328707
18 73 1087.91 1088 0.0975401
58 60 1085.65 1085.76 0.102658
50 68 1089.75 1089.86 0.102658
51 67 1088.43 1088.53 0.0975379
3 72 1089.37 1089.47 0.0975379
48 73 1076.21 1076.3 0.0975367
30 70 1145.38 1145.55 0.174595
43 63 1112.99 1113.32 0.328711
59 70 1088.38 1088.55 0.174595
30 70 1085.38 1085.55 0.174595
11 72 1128.6 1128.7 0.097538
15 72 1133.51 1133.61 0.0975401
23 77 1149.98 1152.28 2.30195
5 72 1153.24 1155.54 2.30196
49 68 1120.8 1120.89 0.0975407
18 73 1117.91 1118 0.0975401
55 65 1134.77 1134.95 0.174596
57 68 1125.8 1125.97 0.174597
33 70 1146.96 1147.14 0.184836
32 69 1157.85 1160.15 2.30196
53 65 1128.74 1128.84 0.0975385
25 77 1127.61 1127.71 0.102659
3 72 1119.37 1119.47 0.0975379
2 72 1149.55 1151.85 2.30196
26 73 1151.67 1153.98 2.30196
51 67 1118.43 1118.53 0.0975379
59 70 1118.38 1118.55 0.174595
34 77 1120.78 1120.88 0.0975362
46 66 1126.45 1126.55 0.097539
16 77 1173.24 1173.34 0.0975378
43 63 1178.07 1178.4 0.328711
14 68 1201.8 1202.42 0.616456
6 68 1155.02 1157.33 2.30196
27 73 1152.68 1152.79 0.10266
40 65 1119.9 1120.07 0.174597
19 77 1150.27 1152.58 2.30196
39 77 1163.37 1165.67 2.30196
9 72 1153.41 1155.71 2.30196
44 63 1124.02 1124.19 0.174598
7 0 1153.84 0 -1153.84
20 74 1171.44 1171.54 0.102659
58 60 1145.65 1145.75 0.0975379
54 70 1167.54 1167.64 0.102659
56 69 1137.64 1137.81 0.174594
17 74 1168.14 1170.44 2.30195
28 74 1168.37 1170.67 2.30196
10 72 1159.93 1162.24 2.30196
13 72 1160.65 1162.95 2.30196
29 77 1161.65 1161.75 0.102658
8 72 1161.96 1164.26 2.30196
4 0 1162.09 0 -1162.09
37 74 1162.55 1164.86 2.30196
52 67 1133.12 1133.22 0.0975397
45 63 1141.52 1141.62 0.0975396
18 73 1147.91 1148 0.0975401
38 75 1143.81 1143.91 0.0975394
16 77 1143.24 1143.34 0.0975378
48 73 1136.21 1136.3 0.0975367
22 77 1166.04 1168.34 2.30196
49 68 1150.8 1150.89 0.0975407
55 65 1164.77 1164.95 0.174596
12 72 1168.39 1168.49 0.10266
50 68 1139.72 1139.82 0.102658
41 70 1167.06 1169.37 2.30196
35 0 1166.78 0 -1166.78
34 77 1150.78 1150.88 0.0975362
31 77 1167.06 1167.16 0.102659
59 70 1148.38 1148.55 0.174595
3 72 1149.37 1149.47 0.0975379
53 65 1158.74 1158.84 0.0975385
57 68 1155.8 1155.97 0.174597
25 77 1157.61 1157.71 0.0975388
44 63 1154.02 1154.19 0.174598
11 0 1158.6 0 -1158.6
40 65 1149.9 1150.07 0.174597
52 67 1163.12 1163.22 0.0975397
58 60 1175.65 1175.75 0.0975379
36 74 1371.36 1371.46 0.10266
0 72 1371.76 1371.87 0.102658
24 73 1371.74 1374.04 2.30196
38 75 1173.81 1173.91 0.0975394
1 72 1175.8 1175.9 0.097541
51 67 1178.43 1178.53 0.0975379
29 77 1192.18 1192.28 0.0975385
18 73 1177.91 1178 0.0975401
39 77 1391.26 1393.56 2.30196
5 73 1381.13 1381.23 0.102665
3 72 1179.37 1179.47 0.0975379
59 70 1178.38 1178.55 0.174595
44 63 1184.02 1184.19 0.174598
27 73 1183.22 1183.31 0.0975402
40 65 1179.9 1180.07 0.174597
23 77 1377.87 1380.17 2.30195
34 77 1180.78 1180.88 0.0975362
55 65 1194.77 1194.95 0.174596
32 69 1385.75 1386.36 0.616451
7 73 1381.74 1384.04 2.30196
49 64 1180.8 1180.89 0.0975417
9 68 1381.3 1383.6 2.30196
25 77 1187.61 1187.71 0.0975388
6 72 1382.92 1385.22 2.30196
41 70 1394.96 1395.14 0.184835
33 70 1177.49 1177.67 0.174596
57 68 1185.8 1185.97 0.174597
4 0 1389.98 0 -1389.98
52 67 1193.12 1193.22 0.0975397
15 72 1193.51 1193.61 0.0975401
31 77 1197.59 1197.69 0.0975393
11 72 1188.6 1188.7 0.097538
26 73 1379.57 1379.67 0.10266
17 74 1396.04 1398.34 2.30195
54 70 1198.07 1198.17 0.102659
13 72 1388.54 1390.84 2.30196
2 72 1377.44 1379.75 2.30196
19 77 1378.17 1380.47 2.30196
37 74 1390.45 1390.55 0.10266
46 66 1186.45 1186.55 0.097539
10 73 1387.83 1388.01 0.184838
53 65 1188.74 1188.84 0.0975385
56 69 1197.64 1197.81 0.174594
50 68 1199.72 1199.82 0.102658
48 73 1196.21 1196.3 0.0975367
22 77 1393.93 1394.12 0.184835
35 75 1394.67 1396.97 2.30196
12 72 1198.92 1199.02 0.10266
28 74 1396.27 1398.57 2.30196
