44 85 0.0726085 2.37456 2.30195
41 0 0.564296 0 -0.564296
1 74 2.45334 4.75529 2.30195
59 62 2.49472 4.79667 2.30195
57 83 1.45266 3.75461 2.30196
9 0 2.14016 0 -2.14016
55 86 2.41347 4.71543 2.30195
3 75 464.008 466.31 2.30196
5 74 1084.54 1084.64 0.0975374
32 78 2.79099 5.09294 2.30195
46 63 2.97074 5.2727 2.30196
30 73 1137.31 1137.41 0.0975379
8 79 3.10313 5.40508 2.30196
21 74 989.017 989.119 0.102658
36 78 1162.81 1162.91 0.102659
45 63 1166.83 1166.93 0.0975389
1 74 458.24 460.542 2.30195
53 68 1169.3 1169.47 0.174594
24 78 460.661 462.963 2.30195
33 78 6.74181 9.04377 2.30196
5 74 4.53998 6.84193 2.30195
28 73 4.46251 6.76446 2.30196
24 78 4.87411 7.17606 2.30195
25 78 5.43121 7.73316 2.30195
38 72 5.58105 7.88301 2.30196
58 77 1108.45 1108.55 0.0975394
17 74 935.087 937.389 2.30196
34 73 939.654 941.956 2.30195
23 73 981.805 981.908 0.102658
54 77 472.687 474.989 2.30195
43 85 6.68328 8.98523 2.30195
13 86 6.4841 8.78605 2.30196
46 63 932.971 933.073 0.102659
59 62 962.495 962.592 0.097537
43 85 1146.15 1146.25 0.102659
56 70 1162.46 1162.56 0.102657
56 70 982.461 982.635 0.174593
27 72 7.40532 9.70728 2.30196
57 83 961.453 961.55 0.0975391
42 85 8.63008 10.932 2.30195
51 61 8.12242 10.4244 2.30195
3 75 8.22189 10.5238 2.30196
15 79 9.27802 11.58 2.30196
16 0 9.28463 0 -9.28463
40 70 9.1821 11.4841 2.30195
35 73 9.6995 12.0015 2.30195
2 74 466.444 468.746 2.30195
41 85 456.351 458.653 2.30195
36 78 479.129 481.431 2.30195
44 85 930.073 930.175 0.102657
34 72 483.867 486.169 2.30196
32 78 1142.26 1144.56 2.30195
31 73 1121.27 1121.37 0.0975387
50 61 9.99812 12.3001 2.30195
29 73 10.9285 13.2305 2.30196
2 74 10.6578 12.9597 2.30195
35 73 1119.7 1119.8 0.0975375
9 0 457.927 0 -457.927
5 74 460.326 462.628 2.30195
31 73 11.2732 13.5751 2.30195
52 72 11.4535 13.7554 2.30196
11 79 12.0118 14.3137 2.30196
7 74 13.2963 15.5983 2.30195
20 74 13.4557 15.7577 2.30195
38 72 935.581 935.679 0.0975412
26 78 15.3817 17.6837 2.30195
47 77 15.0027 17.3046 2.30196
48 75 985.724 985.822 0.0975371
36 78 934.916 937.218 2.30195
38 73 1025.58 1025.68 0.102661
45 63 986.829 986.931 0.102659
23 73 477.592 479.894 2.30195
8 79 458.89 461.192 2.30196
39 85 18.2433 20.5452 2.30195
18 74 17.0189 19.3209 2.30195
54 77 16.9002 19.2021 2.30195
7 74 469.083 471.385 2.30195
59 62 1112.49 1112.6 0.102657
55 86 458.2 460.502 2.30195
47 63 470.789 473.091 2.30196
0 74 23.7517 26.0537 2.30195
4 79 20.3768 22.6788 2.30195
12 74 20.3329 22.6348 2.30196
10 79 22.0456 24.3475 2.30195
6 74 20.0666 22.3686 2.30196
21 74 1169.02 1169.11 0.0975376
19 74 20.3914 22.6934 2.30196
56 70 22.4608 24.7628 2.30195
23 73 21.8053 24.1073 2.30195
39 85 474.03 476.332 2.30195
53 68 940.868 941.485 0.61645
4 0 476.163 0 -476.163
53 68 485.082 487.384 2.30195
0 74 479.538 481.84 2.30195
40 70 1089.18 1089.28 0.0975379
54 77 1096.9 1097 0.0975379
47 77 975.003 975.105 0.10266
36 78 23.3427 25.6447 2.30195
58 77 988.448 988.55 0.102659
51 61 1118.12 1118.22 0.0975368
23 73 951.805 951.908 0.102658
14 79 1174.95 1175.06 0.102657
22 0 23.0934 0 -23.0934
37 73 1122.79 1123.12 0.328708
46 63 1112.97 1113.07 0.0975394
17 0 23.5138 0 -23.5138
29 73 466.715 469.017 2.30196
50 87 465.785 468.087 2.30195
21 74 1109.02 1109.11 0.0975376
14 79 25.325 27.6269 2.30195
30 73 27.3123 29.6142 2.30195
48 75 25.7243 28.0263 2.30195
48 75 481.511 483.813 2.30195
14 79 481.111 483.413 2.30195
45 63 26.8286 29.1305 2.30195
49 79 25.9506 28.2526 2.30196
18 74 1166.65 1166.75 0.102658
37 73 28.1312 30.4331 2.30196
2 79 1150.12 1150.23 0.102663
33 73 1146.21 1146.31 0.10266
15 79 1119.28 1119.38 0.0975392
58 77 28.4478 30.7498 2.30196
34 72 28.0808 30.3828 2.30196
18 74 472.805 475.107 2.30195
21 74 484.803 487.105 2.30195
19 79 248.285 250.587 2.30196
21 74 29.0166 31.3186 2.30195
53 68 29.2952 31.5972 2.30195
53 68 257.188 259.49 2.30195
53 68 1001.9 1002.23 0.328706
46 63 458.757 461.059 2.30196
58 77 484.234 486.536 2.30196
17 74 479.3 481.602 2.30196
4 79 248.27 250.572 2.30195
51 61 463.909 466.211 2.30195
17 0 251.407 0 -251.407
32 78 458.577 460.879 2.30195
6 75 247.96 250.262 2.30196
34 73 255.974 258.276 2.30195
23 73 249.699 252.001 2.30195
10 79 249.939 252.241 2.30195
28 73 460.249 462.551 2.30196
21 74 256.91 259.212 2.30195
26 78 471.168 473.47 2.30195
39 85 246.137 248.438 2.30195
37 73 256.024 258.326 2.30196
58 77 256.341 258.643 2.30196
51 61 968.122 968.225 0.102657
43 85 462.47 464.772 2.30195
12 0 476.119 0 -476.119
44 85 227.966 230.268 2.30195
41 85 228.458 230.759 2.30195
57 83 229.346 231.648 2.30196
9 75 230.033 232.335 2.30196
55 86 230.307 232.609 2.30195
1 74 230.347 232.649 2.30195
59 62 230.388 232.69 2.30195
32 78 230.684 232.986 2.30195
46 63 230.864 233.166 2.30196
8 79 230.996 233.298 2.30196
28 73 232.356 234.658 2.30196
5 74 232.433 234.735 2.30195
24 78 232.767 235.069 2.30195
25 78 233.324 235.626 2.30195
38 73 233.474 235.776 2.30196
13 74 234.377 236.679 2.30195
43 85 234.577 236.878 2.30195
33 73 234.635 236.937 2.30196
27 73 235.299 237.601 2.30196
51 61 236.016 238.318 2.30195
3 79 236.115 238.417 2.30196
42 85 236.523 238.825 2.30195
40 70 237.075 239.377 2.30195
15 75 237.171 239.473 2.30196
16 0 237.178 0 -237.178
35 73 237.593 239.895 2.30195
50 61 237.891 240.193 2.30195
2 74 238.551 240.853 2.30195
29 78 238.822 241.124 2.30196
31 73 239.166 241.468 2.30195
52 72 239.347 241.649 2.30196
11 79 239.905 242.207 2.30196
7 74 241.19 243.492 2.30195
20 74 241.349 243.651 2.30195
47 77 242.896 245.198 2.30196
26 78 243.275 245.577 2.30195
54 77 244.793 247.095 2.30195
18 74 244.912 247.214 2.30195
4 0 931.95 0 -931.95
44 85 455.859 458.161 2.30195
24 78 1144.34 1144.44 0.102658
15 79 465.065 467.366 2.30196
35 73 465.486 467.788 2.30195
54 77 1186.9 1187 0.102658
42 85 968.63 968.728 0.0975381
57 83 457.239 459.541 2.30196
57 83 931.453 931.555 0.102659
34 73 1167.55 1169.85 2.30195
14 79 936.898 939.2 2.30195
58 77 940.021 940.123 0.102659
56 70 250.354 252.656 2.30195
27 73 1146.87 1146.97 0.102661
12 74 248.226 250.528 2.30196
30 73 1107.31 1107.41 0.0975379
20 0 469.242 0 -469.242
5 74 934.54 934.638 0.0975374
25 78 461.218 463.52 2.30195
37 73 939.704 940.321 0.616452
22 75 250.987 253.289 2.30196
5 74 1054.54 1054.64 0.0975374
36 78 251.236 253.538 2.30195
54 77 979.313 979.488 0.174594
59 62 458.281 460.583 2.30195
0 0 251.645 0 -251.645
14 79 253.218 255.52 2.30195
48 75 709.404 711.706 2.30195
45 63 710.508 712.81 2.30195
30 73 483.099 485.401 2.30195
38 72 461.368 463.67 2.30196
42 85 1088.63 1088.73 0.102658
48 75 253.618 255.92 2.30195
30 73 255.206 257.507 2.30195
49 79 253.844 256.146 2.30196
11 79 467.798 470.1 2.30196
19 0 476.178 0 -476.178
56 70 478.247 480.549 2.30195
30 73 938.885 938.988 0.102658
39 85 1157.71 1157.89 0.184834
45 63 254.722 257.024 2.30195
16 0 465.071 0 -465.071
11 79 972.012 972.114 0.102659
12 0 931.906 0 -931.906
45 63 482.615 484.917 2.30195
37 73 483.918 486.22 2.30196
33 78 462.528 464.83 2.30196
40 70 464.969 467.271 2.30195
6 0 1159.53 0 -1159.53
10 79 477.832 480.134 2.30195
22 0 478.88 0 -478.88
6 0 475.853 0 -475.853
13 74 462.271 464.573 2.30195
27 72 463.192 465.494 2.30196
38 73 1085.58 1085.68 0.0975409
42 85 464.417 466.719 2.30195
10 79 982.046 982.148 0.102659
23 73 1161.81 1161.9 0.0975379
29 73 1150.39 1152.7 2.30196
31 73 467.06 469.362 2.30195
5 74 1114.54 1114.64 0.0975374
52 72 467.24 469.542 2.30196
45 63 1106.83 1106.93 0.0975389
49 75 481.737 484.039 2.30196
35 73 1089.7 1089.8 0.0975375
59 62 1142.49 1142.59 0.097537
26 78 975.382 975.556 0.174594
40 70 969.182 969.285 0.102658
54 77 928.473 928.802 0.328706
47 77 1155 1155.11 0.10266
21 74 1139.02 1139.11 0.0975376
56 70 1132.46 1132.56 0.0975375
21 74 712.696 714.998 2.30195
49 0 709.63 0 -709.63
14 79 709.005 711.307 2.30195
15 79 1089.28 1089.38 0.102659
48 75 937.297 937.4 0.102657
0 74 935.325 937.627 2.30195
23 73 1101.81 1101.91 0.102658
44 85 683.752 686.054 2.30195
41 85 684.244 686.546 2.30195
57 83 685.132 687.434 2.30196
9 74 685.82 688.122 2.30196
55 86 686.093 688.395 2.30195
1 86 686.133 688.435 2.30196
59 62 686.174 688.476 2.30195
32 78 686.471 688.773 2.30195
46 63 686.65 688.952 2.30196
8 79 686.783 689.085 2.30196
28 73 688.142 690.444 2.30196
5 74 688.22 690.522 2.30195
24 73 688.554 690.856 2.30196
25 0 689.111 0 -689.111
38 72 689.261 691.563 2.30196
13 0 690.164 0 -690.164
43 0 690.363 0 -690.363
33 0 690.422 0 -690.422
27 0 691.085 0 -691.085
51 61 691.802 694.104 2.30195
3 0 691.902 0 -691.902
42 85 692.31 694.612 2.30195
40 70 692.862 695.164 2.30195
15 74 692.958 695.26 2.30196
16 79 692.964 695.266 2.30196
35 73 693.379 695.681 2.30195
50 87 693.678 695.98 2.30195
2 74 694.337 696.639 2.30195
29 78 694.608 696.91 2.30196
31 73 694.953 697.255 2.30195
52 72 695.133 697.435 2.30196
11 79 695.692 697.993 2.30196
7 79 696.976 699.278 2.30196
20 79 697.135 699.437 2.30196
47 77 698.682 700.984 2.30196
26 78 699.061 701.363 2.30195
54 67 700.58 702.882 2.30196
18 74 700.699 703.001 2.30195
39 85 701.923 704.225 2.30195
6 74 703.746 706.048 2.30196
12 0 704.013 0 -704.013
4 74 704.057 706.358 2.30196
19 0 704.071 0 -704.071
23 73 705.485 707.787 2.30195
10 71 705.725 708.027 2.30196
56 70 706.141 708.443 2.30195
22 74 706.773 709.075 2.30196
36 78 707.022 709.324 2.30195
17 74 707.194 709.496 2.30196
0 74 707.431 709.733 2.30195
19 79 1159.86 1162.16 2.30196
31 73 971.273 971.371 0.0975387
30 73 987.312 987.415 0.102658
18 74 1156.49 1156.59 0.102658
21 74 940.59 940.692 0.102658
37 73 1000.73 1001.35 0.616452
12 0 1387.69 0 -1387.69
55 86 1141.88 1144.18 2.30195
50 61 1060 1060.1 0.0975382
4 79 1387.74 1387.92 0.184834
38 73 965.581 965.684 0.102661
46 63 1082.97 1083.07 0.0975394
37 73 1220.41 1220.74 0.328708
7 74 1152.76 1152.87 0.102657
20 74 1152.92 1153.25 0.328706
11 79 1122.01 1122.11 0.0975393
46 63 962.971 963.073 0.102659
26 78 1155.38 1155.48 0.102658
35 73 969.7 969.797 0.0975375
49 79 1175.58 1175.68 0.0975395
49 79 937.524 939.826 2.30196
53 68 712.975 715.277 2.30195
34 72 711.761 714.063 2.30196
37 73 711.811 714.113 2.30196
58 77 712.128 714.43 2.30196
30 73 710.992 713.294 2.30195
18 74 928.592 930.894 2.30195
10 79 933.619 933.721 0.102659
47 77 1125 1125.11 0.10266
10 79 1132.05 1132.14 0.0975385
48 75 1135.72 1135.82 0.0975371
11 79 1092.01 1092.11 0.0975393
44 85 1110.07 1110.18 0.102657
15 79 969.278 969.381 0.102659
52 68 1161.08 1161.19 0.102661
40 70 1119.18 1119.28 0.0975379
50 61 969.998 970.101 0.102658
42 85 938.63 938.733 0.102658
45 63 938.402 938.504 0.102659
9 75 1141.61 1143.91 2.30196
39 85 929.816 932.118 2.30195
14 79 1195.32 1195.42 0.0975369
26 78 945.382 945.556 0.174594
23 73 933.378 933.481 0.102658
48 75 1165.72 1165.82 0.0975371
59 62 932.495 932.597 0.102657
5 74 964.54 964.638 0.0975374
6 75 931.64 933.942 2.30196
56 81 934.034 934.219 0.184837
38 73 1115.58 1115.68 0.0975409
11 74 942.012 942.109 0.0975409
57 83 1081.45 1081.55 0.0975391
47 77 926.576 926.76 0.184836
22 0 934.666 0 -934.666
40 70 939.182 939.285 0.102658
50 61 939.998 940.101 0.102658
54 77 961.015 961.2 0.184834
44 85 911.646 911.748 0.102657
41 69 912.137 914.439 2.30196
57 83 913.026 913.128 0.102659
9 79 913.713 916.015 2.30196
55 86 913.986 916.288 2.30195
1 74 914.026 916.328 2.30195
59 62 914.068 914.253 0.184833
32 78 914.364 916.666 2.30195
46 63 914.544 914.646 0.102659
8 79 914.676 916.978 2.30196
28 73 916.035 918.337 2.30196
5 74 916.113 916.216 0.102657
24 73 916.447 918.749 2.30196
25 0 917.004 0 -917.004
38 73 917.154 917.257 0.102661
13 0 918.057 0 -918.057
43 69 918.256 920.558 2.30196
33 69 918.315 920.617 2.30196
27 72 918.978 921.28 2.30196
51 61 919.695 919.798 0.102657
3 0 919.795 0 -919.795
42 85 920.203 920.306 0.102658
40 70 920.755 920.858 0.102658
15 79 920.851 920.954 0.102659
16 86 920.858 923.16 2.30196
35 86 921.272 921.375 0.102661
50 61 921.571 921.674 0.102658
2 74 922.231 924.533 2.30195
29 73 922.502 924.803 2.30196
31 73 922.846 922.949 0.102659
52 68 923.026 925.328 2.30196
42 85 1148.63 1148.73 0.0975381
22 74 1162.56 1164.86 2.30196
56 70 1192.46 1192.56 0.102657
11 79 923.585 923.687 0.102659
19 0 931.964 0 -931.964
20 74 925.029 927.331 2.30195
7 74 924.869 927.171 2.30195
54 77 1156.9 1157 0.102658
26 78 926.955 927.14 0.184834
49 79 1165.42 1165.52 0.102659
58 77 1138.45 1138.55 0.0975394
36 78 1172.97 1173.07 0.102659
48 75 1105.72 1105.82 0.0975371
0 74 1163.22 1163.32 0.102658
51 61 1088.12 1088.22 0.0975368
37 73 1155.33 1155.66 0.328708
51 61 938.122 938.225 0.102657
11 79 1002.01 1002.11 0.102659
26 78 1095.38 1095.48 0.0975375
35 73 1059.7 1059.8 0.0975375
44 85 1170.07 1170.18 0.102657
48 75 1195.72 1195.82 0.0975371
35 73 939.7 939.802 0.102657
58 77 958.448 958.55 0.102659
15 79 1029.28 1029.38 0.0975392
45 63 1196.83 1196.93 0.0975389
30 73 1197.31 1197.41 0.0975379
10 79 1102.05 1102.15 0.102658
44 85 1020.07 1020.18 0.102657
15 79 939.278 939.381 0.102659
35 73 1029.7 1029.8 0.0975375
44 85 960.073 960.17 0.0975371
47 77 945.003 945.105 0.10266
31 73 941.273 941.376 0.102659
48 75 955.724 955.822 0.0975371
30 73 1167.31 1167.41 0.0975379
21 74 959.017 959.119 0.102658
30 73 957.312 957.41 0.0975379
56 70 952.461 952.635 0.174593
45 63 956.829 956.931 0.102659
10 79 952.046 952.143 0.0975385
46 63 992.971 993.073 0.102659
37 73 1187.87 1188.2 0.328708
59 62 992.495 992.597 0.102657
44 85 990.073 990.17 0.0975371
50 61 1120 1120.1 0.0975382
53 68 1109.3 1109.47 0.174594
18 74 1187.02 1187.12 0.097538
51 61 998.122 998.22 0.0975368
38 73 995.581 995.684 0.102661
5 74 994.54 994.638 0.0975374
42 85 998.63 998.728 0.0975381
57 83 991.453 991.55 0.0975391
31 73 1091.27 1091.37 0.0975387
28 73 1143.93 1144.03 0.102659
53 68 1199.3 1199.47 0.174594
38 73 1055.58 1055.68 0.102661
53 68 1139.3 1139.47 0.174594
47 77 1095 1095.11 0.10266
14 79 1164.79 1164.89 0.102657
13 74 1145.95 1148.25 2.30195
3 79 1147.69 1149.99 2.30196
26 78 1125.38 1125.48 0.102658
11 79 1062.01 1062.11 0.0975393
1 74 1141.92 1142.02 0.102658
23 73 1191.81 1191.9 0.0975379
49 79 1195.95 1196.05 0.102659
40 70 999.182 999.285 0.102658
42 85 1028.63 1028.73 0.102658
26 78 1005.38 1005.56 0.174594
15 79 999.278 999.376 0.0975392
35 73 999.7 999.797 0.0975375
31 73 1001.27 1001.38 0.102659
59 62 1022.49 1022.6 0.102657
50 61 999.998 1000.1 0.0975382
47 77 1005 1005.1 0.0975396
10 79 1012.05 1012.14 0.0975385
58 77 1018.45 1018.55 0.102659
26 78 1035.38 1035.56 0.174594
30 73 1017.31 1017.41 0.0975379
53 68 1034.44 1034.77 0.328706
10 79 1162.05 1162.14 0.0975385
21 74 1019.02 1019.12 0.102658
48 75 1015.72 1015.82 0.0975371
54 77 1006.9 1007.07 0.174594
56 70 1012.46 1012.64 0.174593
23 73 1011.81 1011.91 0.102658
47 77 1035 1035.11 0.10266
40 70 1029.18 1029.28 0.102658
31 73 1031.27 1031.37 0.0975387
5 74 1024.54 1024.64 0.0975374
11 74 1032.01 1032.11 0.102661
51 61 1028.12 1028.22 0.0975368
45 63 1016.83 1016.93 0.102659
37 73 1061.76 1062.38 0.616452
46 63 1022.97 1023.07 0.102659
57 83 1021.45 1021.55 0.0975391
50 61 1030 1030.1 0.0975382
7 74 1162.93 1163.03 0.102657
54 77 1036.9 1037 0.102658
58 77 1048.45 1048.55 0.102659
10 79 1042.05 1042.15 0.102658
56 70 1042.46 1042.64 0.174593
30 73 1047.31 1047.41 0.0975379
53 68 1066.98 1067.16 0.184834
59 62 1052.49 1052.6 0.102657
45 63 1046.83 1046.93 0.102659
31 73 1061.27 1061.37 0.0975387
46 63 1142.97 1143.07 0.0975394
23 73 1041.81 1041.91 0.102658
21 74 1049.02 1049.12 0.102658
46 63 1052.97 1053.07 0.102659
52 68 1150.92 1151.02 0.102661
42 85 1058.63 1058.73 0.102658
44 85 1050.07 1050.18 0.102657
40 70 1059.18 1059.28 0.0975379
15 79 1059.28 1059.38 0.102659
51 61 1058.12 1058.22 0.0975368
48 75 1045.72 1045.82 0.0975371
57 83 1051.45 1051.55 0.0975391
45 63 1076.83 1076.93 0.0975389
26 78 1065.38 1065.48 0.102658
56 70 1072.46 1072.56 0.102657
30 73 1077.31 1077.41 0.0975379
21 74 1079.02 1079.11 0.0975376
8 74 1152.73 1152.83 0.102661
25 68 1144.9 1147.2 2.30196
44 85 1080.07 1080.18 0.102657
58 77 1078.45 1078.55 0.0975394
10 79 1072.05 1072.15 0.102658
23 73 1131.81 1131.9 0.0975379
47 77 1065 1065.11 0.10266
54 77 1126.9 1127 0.102658
59 62 1082.49 1082.6 0.102657
17 74 1162.98 1165.28 2.30196
21 74 1199.02 1199.11 0.0975376
42 85 1118.63 1118.73 0.102658
56 70 1102.46 1102.56 0.0975375
12 0 1159.8 0 -1159.8
4 79 1159.84 1162.14 2.30195
58 77 1168.45 1168.55 0.0975394
41 69 1140.03 1142.33 2.30196
17 74 1390.87 1391.49 0.616451
54 77 1066.9 1067 0.0975379
8 79 1142.57 1142.67 0.102659
45 63 1136.83 1136.93 0.0975389
51 61 1148.12 1148.22 0.0975368
23 73 1071.81 1071.91 0.102658
53 68 1085.28 1085.45 0.174594
36 78 1193.34 1193.44 0.0975389
6 0 1387.43 0 -1387.43
16 86 1148.75 1151.05 2.30196
50 61 1090 1090.1 0.0975382
0 74 1173.38 1173.48 0.102658
1 74 1152.08 1152.19 0.102658
48 75 1075.72 1075.82 0.0975371
57 83 1111.45 1111.55 0.0975391
44 85 1140.07 1140.18 0.102657
28 78 1154.09 1154.19 0.10266
57 83 1141.45 1141.55 0.0975391
5 74 1144.54 1144.64 0.0975374
19 79 1387.75 1390.05 2.30196
39 85 1188.24 1188.42 0.174594
43 85 1156.31 1156.42 0.102659
33 78 1176.74 1176.84 0.0975395
2 74 1160.29 1160.39 0.102658
24 78 1154.5 1154.61 0.102658
15 79 1149.28 1149.38 0.0975392
22 74 1390.45 1392.75 2.30196
10 79 1192.05 1192.14 0.0975385
27 73 1157.03 1157.14 0.102661
40 70 1179.18 1179.28 0.0975379
38 73 1145.58 1145.68 0.0975409
40 70 1149.18 1149.28 0.0975379
0 74 1193.75 1193.85 0.0975383
35 86 1149.7 1149.8 0.0975406
31 73 1151.27 1151.37 0.0975387
50 61 1150 1150.1 0.0975382
11 75 1152.01 1152.11 0.0975417
58 77 1198.45 1198.55 0.0975394
32 78 1370.15 1372.45 2.30195
11 79 1182.01 1182.11 0.0975393
38 73 1175.58 1175.68 0.0975409
5 74 1174.54 1174.64 0.0975374
57 83 1171.45 1171.55 0.0975391
28 73 1174.46 1174.56 0.097539
15 79 1179.28 1179.38 0.0975392
42 85 1178.63 1178.73 0.0975381
25 78 1372.79 1372.89 0.102657
51 61 1178.12 1178.22 0.0975368
3 79 1375.58 1375.68 0.10266
43 85 1176.68 1176.79 0.102659
2 74 1180.66 1180.76 0.0975385
7 74 1183.3 1183.39 0.0975374
20 74 1185.46 1185.65 0.184834
13 74 1373.84 1373.95 0.102659
16 79 1376.64 1378.95 2.30196
55 86 1369.77 1372.07 2.30195
52 68 1181.45 1181.55 0.0975407
27 73 1177.41 1177.5 0.0975408
8 79 1173.1 1173.21 0.102659
1 74 1172.45 1172.55 0.0975382
46 63 1172.97 1173.07 0.0975394
24 78 1174.87 1174.98 0.102658
9 74 1369.5 1369.6 0.10266
41 85 1367.92 1368.54 0.616451
59 62 1172.49 1172.59 0.097537
34 73 1395.44 1395.77 0.328706
47 77 1185 1185.1 0.0975396
26 78 1185.38 1185.48 0.0975375
35 73 1179.7 1179.8 0.0975375
50 61 1180 1180.1 0.0975382
31 73 1181.27 1181.37 0.0975387
29 73 1378.29 1378.47 0.184836
