5 26 0.91229 3.21425 2.30196
9 26 3.19037 5.49232 2.30195
15 27 7.00049 9.30245 2.30196
7 25 8.59592 10.8979 2.30196
19 30 8.88993 11.1919 2.30196
4 22 1184.96 1185.58 0.616456
8 26 11.0898 13.3918 2.30196
3 22 15.751 18.053 2.30195
12 20 11.6638 13.9658 2.30195
7 25 1233.42 1234.04 0.616456
11 20 15.2403 17.5422 2.30196
2 22 14.6945 16.9965 2.30196
17 23 15.5437 17.8457 2.30196
8 26 1151.09 1151.19 0.0975393
19 30 1118.89 1119.06 0.174597
6 26 17.6758 19.9778 2.30196
18 20 17.5771 19.8791 2.30196
19 30 1097.41 1097.59 0.174597
0 21 29.3602 31.6621 2.30196
4 22 21.1662 23.4681 2.30196
1 22 28.115 30.417 2.30196
16 0 28.5438 0 -28.5438
3 22 1095.75 1095.85 0.0975385
10 26 27.7955 30.0974 2.30195
13 0 25.8006 0 -25.8006
14 0 26.3087 0 -26.3087
14 28 1165.77 1168.08 2.30196
18 20 1127.58 1127.67 0.0975432
16 27 256.437 258.739 2.30196
0 21 257.253 259.555 2.30196
19 30 1148.89 1149.06 0.174597
11 20 1125.24 1125.34 0.102659
0 21 1169.36 1169.46 0.0975409
1 23 256.008 258.31 2.30196
5 26 228.806 231.107 2.30196
9 26 231.084 233.386 2.30195
15 27 234.894 237.196 2.30196
7 25 236.489 238.791 2.30196
19 30 236.783 239.085 2.30196
8 26 238.983 241.285 2.30196
12 20 239.557 241.859 2.30195
2 22 242.588 244.89 2.30196
11 20 243.134 245.435 2.30196
17 23 243.437 245.739 2.30196
3 22 243.644 245.946 2.30195
18 20 245.47 247.772 2.30196
6 26 245.569 247.871 2.30196
4 22 249.059 251.361 2.30196
13 20 253.694 255.996 2.30196
14 28 254.202 256.504 2.30196
10 26 255.689 257.991 2.30195
5 26 1270.55 1271.16 0.616453
9 26 1173.19 1173.29 0.0975386
3 22 1125.75 1125.85 0.0975385
19 30 464.676 466.978 2.30196
6 26 473.462 475.764 2.30196
13 0 481.587 0 -481.587
11 20 945.24 945.343 0.102659
7 25 464.382 466.684 2.30196
15 27 462.787 465.089 2.30196
3 22 471.537 473.839 2.30195
6 26 1127.68 1127.78 0.10266
7 25 1111.36 1111.98 0.616456
11 20 1095.24 1095.34 0.102659
5 26 456.699 459.001 2.30196
9 26 458.977 461.279 2.30195
9 27 1143.19 1143.29 0.0975409
8 26 466.876 469.178 2.30196
12 20 467.45 469.752 2.30195
11 20 471.027 473.329 2.30196
2 0 470.481 0 -470.481
17 23 471.33 473.632 2.30196
18 20 473.364 475.666 2.30196
8 26 941.09 941.187 0.0975393
10 26 1137.8 1137.89 0.0975374
0 21 485.147 487.449 2.30196
1 0 483.902 0 -483.902
14 0 709.988 0 -709.988
10 26 483.582 485.884 2.30195
16 0 484.33 0 -484.33
14 0 482.095 0 -482.095
4 22 476.953 479.255 2.30196
13 20 1165.27 1167.57 2.30196
4 22 1123.93 1124.55 0.616456
5 26 1140.38 1141.69 1.31482
18 20 1097.58 1097.68 0.102663
10 26 1107.8 1107.89 0.0975374
13 0 709.48 0 -709.48
11 20 1155.24 1155.34 0.102659
5 26 684.592 686.894 2.30196
9 27 686.87 689.172 2.30196
15 0 690.68 0 -690.68
7 25 692.276 694.578 2.30196
19 30 692.57 694.872 2.30196
8 26 694.77 697.072 2.30196
12 20 695.344 697.646 2.30195
2 22 698.374 700.676 2.30196
11 21 698.92 701.222 2.30196
17 23 699.223 701.525 2.30196
3 22 699.431 701.733 2.30195
18 20 701.257 703.559 2.30196
6 26 701.356 703.658 2.30196
4 22 704.846 707.148 2.30196
18 20 1157.58 1157.67 0.0975432
10 26 711.475 713.777 2.30195
14 28 937.882 940.184 2.30196
16 27 712.224 714.525 2.30196
1 22 711.795 714.097 2.30196
0 21 713.04 715.342 2.30196
8 26 1091.09 1091.19 0.0975393
0 21 940.933 941.118 0.184837
16 26 940.117 942.419 2.30196
1 22 939.688 941.99 2.30196
9 26 1083.19 1083.29 0.102659
2 22 1154.16 1155.48 1.31482
10 26 1167.8 1167.89 0.0975374
12 20 1121.66 1121.76 0.0975374
0 21 1109.36 1109.46 0.0975409
16 27 1168.01 1170.31 2.30196
9 26 947.305 947.49 0.184835
12 20 1151.66 1151.76 0.0975374
8 26 1121.09 1121.19 0.0975393
1 22 1228.61 1228.94 0.328709
15 27 1207.5 1208.11 0.616457
17 23 1125.54 1125.64 0.0975404
19 30 1178.89 1179.06 0.174597
3 22 927.324 927.427 0.102658
9 26 1113.19 1113.29 0.102659
15 27 1146.47 1147.08 0.616457
2 23 926.268 928.569 2.30196
1 22 1167.58 1168.2 0.616453
0 21 1139.36 1139.46 0.0975409
12 20 941.664 941.838 0.174593
10 26 939.368 939.471 0.102657
5 26 912.485 914.787 2.30196
9 26 914.763 915.092 0.328707
15 27 918.573 920.875 2.30196
7 25 920.169 921.484 1.31482
19 30 920.463 921.079 0.616453
8 26 922.663 922.765 0.102659
12 20 923.237 923.422 0.184833
6 26 1157.68 1157.77 0.0975398
17 23 927.117 927.219 0.10266
11 20 926.813 926.998 0.184835
6 26 929.249 929.434 0.184836
4 22 932.739 934.054 1.31482
18 20 929.15 929.479 0.328711
18 20 961.692 962.021 0.328711
3 22 945.751 945.854 0.102658
17 23 945.544 945.641 0.0975404
13 20 937.374 939.676 2.30196
17 23 1155.54 1155.64 0.0975404
6 26 947.676 947.85 0.174596
0 21 959.36 959.463 0.102661
9 26 965.603 965.706 0.102659
6 26 1037.68 1037.77 0.0975398
3 22 975.751 975.849 0.0975385
12 20 971.664 971.766 0.102657
12 20 1091.66 1091.77 0.102657
10 26 957.795 957.898 0.102657
3 22 1035.75 1035.85 0.0975385
17 23 975.544 975.646 0.10266
18 20 1012.53 1012.71 0.174599
6 26 977.676 977.85 0.174596
12 20 1031.66 1031.77 0.102657
18 20 994.234 994.418 0.184839
19 30 981.491 981.82 0.328709
8 26 971.09 971.192 0.102659
7 25 1172.39 1173.01 0.616456
19 30 1014.03 1014.36 0.328709
11 20 975.24 975.338 0.0975392
0 21 989.36 989.458 0.0975409
17 23 1005.54 1005.65 0.10266
10 26 987.795 987.898 0.102657
9 26 993.19 993.293 0.102659
8 26 1001.09 1001.19 0.102659
3 22 1005.75 1005.85 0.0975385
18 20 1037.58 1037.75 0.174599
9 26 1023.19 1023.29 0.102659
12 20 1001.66 1001.77 0.102657
6 26 1007.68 1007.78 0.10266
11 20 1005.24 1005.34 0.102659
3 22 1155.75 1155.85 0.0975385
0 21 1019.36 1019.46 0.0975409
17 23 1095.54 1095.64 0.0975404
10 26 1017.8 1017.9 0.102657
17 23 1035.54 1035.65 0.10266
10 26 1047.8 1047.89 0.0975374
7 25 1050.34 1050.95 0.616456
19 30 1046.57 1046.9 0.328709
8 26 1031.09 1031.19 0.102659
10 26 1077.8 1077.89 0.0975374
11 20 1035.24 1035.34 0.102659
0 21 1079.36 1079.46 0.0975409
12 20 1061.66 1061.77 0.102657
4 22 1062.91 1063.52 0.616456
0 21 1049.36 1049.46 0.0975409
3 22 1065.75 1065.85 0.0975385
6 26 1067.68 1067.77 0.0975398
9 26 1053.19 1053.29 0.102659
18 20 1067.58 1067.75 0.174599
19 30 1079.12 1079.3 0.184837
8 26 1061.09 1061.19 0.102659
17 23 1065.54 1065.64 0.0975404
6 26 1097.68 1097.77 0.0975398
11 20 1065.24 1065.34 0.102659
16 27 1395.9 1397.22 1.31482
0 21 1199.36 1199.46 0.0975409
2 22 1284.33 1285.64 1.31482
3 22 1185.75 1185.85 0.0975385
6 26 1187.68 1187.77 0.0975398
17 23 1185.54 1185.64 0.0975404
12 20 1181.66 1181.76 0.0975374
11 20 1185.24 1185.34 0.0975392
8 26 1181.09 1181.19 0.0975393
18 20 1187.58 1187.67 0.0975432
14 0 1393.67 0 -1393.67
10 26 1197.8 1197.89 0.0975374
4 22 1245.99 1246.61 0.616456
13 0 1393.16 0 -1393.16
