6 0 2.99011 0 -2.99011
8 0 3.76586 0 -3.76586
24 56 10.3261 12.628 2.30196
16 56 993.776 993.879 0.10266
16 56 3.77644 6.07839 2.30196
26 42 4.39864 6.7006 2.30196
5 55 4.63575 6.93771 2.30195
25 45 4.82789 7.12985 2.30196
32 50 5.76902 8.07098 2.30196
1 0 5.87472 0 -5.87472
19 52 971.275 971.378 0.10266
10 51 10.503 12.8049 2.30196
38 0 8.5494 0 -8.5494
28 45 6.53473 8.83668 2.30195
9 47 6.14721 8.44917 2.30196
18 52 6.14621 8.44816 2.30196
1 55 1373.23 1375.54 2.30196
37 48 8.4589 10.7609 2.30195
0 51 8.45017 10.7521 2.30196
15 46 10.6059 12.9078 2.30195
27 46 938.172 938.5 0.328708
31 44 940.156 940.773 0.616452
5 55 1174.64 1174.73 0.0975383
13 46 10.8654 13.1674 2.30196
19 52 11.2752 13.5771 2.30196
33 44 10.818 13.12 2.30196
18 52 1026.15 1026.24 0.09754
30 44 1219.06 1219.68 0.61645
16 56 933.776 933.879 0.10266
34 49 11.3283 13.6303 2.30196
15 46 1180.61 1180.7 0.0975386
23 46 13.6038 15.9058 2.30196
35 51 16.7598 19.0617 2.30195
39 43 14.3425 16.6445 2.30195
3 55 16.8289 19.1308 2.30196
36 41 1015.49 1015.66 0.174596
30 44 18.5688 20.8707 2.30195
14 50 18.8674 21.1694 2.30196
22 56 19.0706 21.3725 2.30195
12 46 936.548 936.877 0.328709
29 45 1156.17 1156.5 0.328709
3 55 1156.83 1156.93 0.10266
20 52 23.6902 25.9921 2.30196
29 45 20.8636 23.1655 2.30196
7 47 20.9087 23.2107 2.30196
36 41 25.4867 27.7887 2.30196
21 52 1016.67 1016.77 0.102658
17 52 24.2028 26.5047 2.30195
12 46 24.975 27.277 2.30196
11 51 24.4038 26.7058 2.30196
21 52 26.6691 28.971 2.30195
27 46 26.5986 28.9005 2.30196
2 55 27.8004 30.1024 2.30195
31 44 28.5831 30.8851 2.30196
4 55 29.1719 31.4738 2.30196
21 52 938.242 938.345 0.102658
11 51 252.297 254.599 2.30196
17 52 252.096 254.398 2.30195
20 52 251.583 253.885 2.30196
13 46 466.652 468.954 2.30196
36 41 253.38 255.682 2.30196
21 52 254.562 256.864 2.30195
9 47 996.147 996.245 0.0975408
22 56 474.857 477.159 2.30195
11 51 480.19 482.492 2.30196
13 46 1180.87 1181.04 0.174597
7 47 248.802 251.104 2.30196
12 46 252.868 255.17 2.30196
27 46 254.492 256.794 2.30196
4 54 257.065 259.367 2.30196
11 51 1164.4 1164.5 0.0975391
4 55 1192.97 1193.58 0.616452
31 44 256.476 258.778 2.30196
2 55 255.694 257.996 2.30195
8 47 1371.13 1371.31 0.184837
6 0 230.883 0 -230.883
8 0 231.659 0 -231.659
16 56 231.67 233.972 2.30196
26 46 232.292 234.594 2.30196
5 55 232.529 234.831 2.30195
25 0 232.721 0 -232.721
32 50 233.662 235.964 2.30196
1 54 233.768 236.07 2.30196
18 52 234.039 236.341 2.30196
9 47 234.04 236.342 2.30196
28 45 234.428 236.73 2.30195
0 51 236.343 238.645 2.30196
37 48 236.352 238.654 2.30195
38 0 236.443 0 -236.443
24 56 238.219 240.521 2.30196
10 51 238.396 240.698 2.30196
15 46 238.499 240.801 2.30195
33 44 238.711 241.013 2.30196
13 0 238.759 0 -238.759
19 52 239.168 241.47 2.30196
34 49 239.222 241.524 2.30196
23 46 241.497 243.799 2.30196
39 43 242.236 244.538 2.30195
35 51 244.653 246.955 2.30195
3 55 244.722 247.024 2.30196
30 44 246.462 248.764 2.30195
14 50 246.761 249.063 2.30196
22 56 246.964 249.266 2.30195
29 45 248.757 251.059 2.30196
2 55 939.373 939.476 0.102657
28 45 936.535 936.637 0.102657
25 45 1174.83 1174.93 0.0975397
10 51 1030.5 1030.6 0.0975409
29 45 932.437 933.751 1.31482
20 52 1163.16 1165.46 2.30196
27 46 970.713 971.042 0.328708
19 52 1001.28 1001.38 0.10266
21 0 1166.67 0 -1166.67
26 46 994.399 994.573 0.174598
37 48 938.459 938.562 0.102657
28 45 996.535 996.637 0.102657
28 45 1026.53 1026.64 0.102657
36 41 937.06 937.245 0.184836
22 56 1028.27 1028.6 0.328707
10 51 466.289 468.591 2.30196
2 55 1017.8 1017.9 0.102657
37 48 1028.46 1028.56 0.0975373
24 56 1030.33 1030.43 0.102659
10 51 1180.5 1180.6 0.0975409
35 51 1156.23 1156.84 0.61645
36 41 1165.49 1165.66 0.174596
33 44 466.605 468.906 2.30196
7 47 476.695 478.997 2.30196
36 41 481.273 483.575 2.30196
19 52 467.062 469.364 2.30196
11 51 935.977 936.079 0.102659
20 53 935.263 937.565 2.30196
34 49 467.115 469.417 2.30196
12 46 480.762 483.063 2.30196
15 46 466.392 468.694 2.30195
14 50 474.654 476.956 2.30196
20 0 479.477 0 -479.477
2 55 483.587 485.889 2.30195
24 56 466.113 468.415 2.30196
3 55 472.615 474.917 2.30196
30 44 474.355 476.657 2.30195
2 55 711.48 713.782 2.30195
35 51 472.546 474.848 2.30195
6 51 458.777 461.079 2.30196
8 46 459.552 461.854 2.30196
16 56 459.563 461.865 2.30196
26 42 460.185 462.487 2.30196
5 55 460.422 462.724 2.30195
25 45 460.614 462.916 2.30196
32 50 461.556 463.857 2.30196
1 54 461.661 463.963 2.30196
18 52 461.933 464.235 2.30196
9 47 461.934 464.236 2.30196
28 45 462.321 464.623 2.30195
0 0 464.237 0 -464.237
37 48 464.245 466.547 2.30195
38 0 464.336 0 -464.336
3 55 1006.83 1006.93 0.09754
2 55 987.8 987.898 0.0975371
39 43 1004.34 1004.44 0.0975382
26 46 1174.4 1174.5 0.097542
26 46 948.513 948.698 0.184838
15 46 1030.61 1030.7 0.0975386
9 47 1026.15 1026.24 0.0975408
26 46 1024.4 1024.5 0.102662
5 55 934.636 934.738 0.102658
39 43 470.129 472.431 2.30195
23 46 469.39 471.692 2.30196
28 45 1176.53 1176.63 0.0975368
9 47 936.147 936.25 0.102661
33 44 940.818 940.916 0.0975398
22 56 1079.11 1079.28 0.174595
29 45 476.65 478.952 2.30196
27 46 482.385 484.687 2.30196
21 52 482.456 484.758 2.30195
17 52 479.989 482.291 2.30195
31 44 484.37 486.672 2.30196
4 55 484.958 487.26 2.30196
31 44 712.263 714.565 2.30196
22 56 930.644 930.972 0.328707
4 55 712.852 715.154 2.30196
21 52 986.669 986.767 0.0975376
6 51 686.67 688.972 2.30196
8 47 687.446 689.748 2.30196
16 56 687.456 689.758 2.30196
26 42 688.078 690.38 2.30196
5 55 688.315 690.617 2.30195
25 45 688.508 690.81 2.30196
32 50 689.449 691.751 2.30196
1 0 689.554 0 -689.554
18 52 689.826 692.128 2.30196
9 47 689.827 692.129 2.30196
28 45 690.214 692.516 2.30195
0 54 692.13 694.432 2.30196
37 48 692.139 694.441 2.30195
38 54 692.229 694.531 2.30196
24 56 694.006 696.308 2.30196
10 51 694.183 696.485 2.30196
15 46 694.286 696.588 2.30195
33 44 694.498 696.8 2.30196
13 47 694.545 696.847 2.30196
19 52 694.955 697.257 2.30196
34 49 695.008 697.31 2.30196
23 56 697.284 699.586 2.30196
39 43 698.022 700.324 2.30195
35 51 700.44 702.741 2.30195
3 55 700.509 702.811 2.30196
30 44 702.249 704.55 2.30195
14 50 702.547 704.849 2.30196
22 56 702.75 705.052 2.30195
29 45 704.543 706.845 2.30196
7 47 704.588 706.89 2.30196
20 0 707.37 0 -707.37
17 52 707.883 710.184 2.30195
11 51 708.084 710.386 2.30196
12 46 708.655 710.957 2.30196
36 41 709.166 711.468 2.30196
27 46 710.278 712.58 2.30196
21 48 710.349 712.651 2.30196
19 52 941.275 941.373 0.09754
3 55 946.829 946.932 0.10266
24 56 940.326 940.429 0.102659
7 51 932.482 934.784 2.30196
16 56 1023.78 1023.87 0.0975396
37 48 998.459 998.562 0.102657
17 52 1014.2 1014.3 0.0975383
22 56 1159.07 1159.17 0.102659
18 52 996.146 996.249 0.10266
38 54 1375.91 1378.21 2.30196
12 46 1034.17 1034.5 0.328709
19 52 1181.28 1181.38 0.10266
31 44 1001.18 1001.8 0.616452
18 52 1176.15 1176.24 0.09754
4 55 940.745 942.06 1.31482
10 47 940.503 940.606 0.102663
3 55 928.402 928.587 0.184836
10 51 1000.5 1000.6 0.0975409
11 51 1014.4 1014.51 0.102659
15 46 1000.61 1000.71 0.102659
30 44 930.142 932.444 2.30195
24 56 1000.33 1000.42 0.0975391
27 46 1035.8 1036.13 0.328708
5 55 1024.64 1024.73 0.0975383
14 50 930.44 931.755 1.31482
0 55 1178.45 1178.55 0.0975421
17 52 935.776 935.878 0.102658
18 52 936.146 936.249 0.10266
22 56 963.185 963.514 0.328707
10 51 970.503 970.601 0.0975409
15 46 940.606 940.709 0.102659
6 51 914.563 916.865 2.30196
8 47 915.339 917.641 2.30196
16 56 915.349 915.452 0.10266
26 46 915.972 916.3 0.32871
5 55 916.209 916.311 0.102658
25 45 916.401 918.703 2.30196
32 50 917.342 919.644 2.30196
1 55 917.448 919.75 2.30196
18 52 917.719 917.822 0.10266
9 47 917.72 917.905 0.184837
28 45 918.108 918.21 0.102657
0 55 920.023 922.325 2.30196
37 48 920.032 920.135 0.102657
38 54 920.122 922.424 2.30196
24 56 921.899 922.002 0.102659
10 51 922.076 922.179 0.102661
15 46 922.179 922.282 0.102659
33 44 922.391 922.494 0.10266
13 47 922.438 924.74 2.30196
19 52 922.848 922.951 0.10266
34 49 922.901 925.203 2.30196
23 56 925.177 925.793 0.616452
39 43 925.916 926.018 0.102658
31 44 1188.32 1188.65 0.328708
33 44 1180.82 1180.92 0.0975398
9 47 1176.15 1176.24 0.0975408
35 50 928.333 930.635 2.30196
12 46 969.09 969.418 0.328709
11 51 954.404 954.506 0.102659
15 46 970.606 970.709 0.102659
2 55 957.8 957.898 0.0975371
39 43 944.343 944.445 0.102658
9 47 966.147 966.25 0.102661
23 46 1163.16 1163.33 0.174595
20 52 1391.05 1391.38 0.328709
7 47 1160.37 1160.7 0.328707
33 44 1000.82 1000.92 0.0975398
5 55 994.636 994.733 0.0975383
17 52 954.203 954.305 0.102658
26 46 966.812 966.986 0.174598
3 55 976.829 976.926 0.09754
36 41 955.487 955.661 0.174596
39 43 1154.34 1154.44 0.0975382
2 55 1167.8 1167.9 0.0975371
17 52 1134.2 1134.3 0.0975383
34 49 1181.33 1181.5 0.174597
16 56 963.776 963.879 0.10266
21 52 956.669 956.767 0.0975376
17 52 1194.2 1194.3 0.0975383
24 56 1180.33 1180.42 0.0975391
28 45 966.535 966.637 0.102657
37 48 968.459 968.562 0.102657
17 52 984.203 984.305 0.102658
11 51 984.404 984.501 0.0975391
18 52 966.146 966.249 0.10266
27 46 1003.25 1003.58 0.328708
33 44 970.818 970.916 0.0975398
12 46 1001.63 1001.96 0.328709
5 55 964.636 964.733 0.0975383
35 51 1217.25 1217.87 0.61645
12 46 1134.98 1135.15 0.174597
29 45 1188.72 1188.9 0.184837
39 43 974.343 974.445 0.102658
36 41 985.487 985.661 0.174596
22 56 995.727 996.056 0.328707
24 56 970.326 970.424 0.0975391
23 46 986.205 986.822 0.616451
33 44 1030.82 1030.92 0.0975398
11 51 1134.4 1134.5 0.0975391
37 48 1178.46 1178.56 0.0975373
19 52 1031.28 1031.38 0.10266
17 52 1164.2 1164.3 0.0975383
11 51 1044.4 1044.51 0.102659
39 43 1034.34 1034.44 0.0975382
23 46 1047.23 1047.56 0.328707
36 41 1045.49 1045.66 0.174596
27 46 1068.34 1068.52 0.184836
22 56 1129.07 1129.17 0.0975389
3 55 1186.83 1186.93 0.09754
3 55 1036.83 1036.93 0.10266
12 46 1066.71 1066.9 0.184837
14 50 1060.61 1061.22 0.616452
2 55 1047.8 1047.9 0.102657
5 55 1054.64 1054.73 0.0975383
39 43 1184.34 1184.44 0.0975382
17 52 1044.2 1044.3 0.0975383
22 56 1060.81 1061 0.184835
29 45 1062.6 1063.22 0.616453
14 50 1243.69 1244.31 0.616452
23 46 1183.6 1183.71 0.102659
21 52 1046.67 1046.77 0.102658
16 56 1173.78 1173.87 0.0975396
30 44 1158.04 1158.65 0.61645
7 47 1192.92 1193.25 0.328707
9 47 1056.15 1056.24 0.0975408
24 56 1060.33 1060.43 0.102659
37 48 1058.46 1058.56 0.0975373
26 46 1054.4 1054.5 0.097542
28 45 1056.53 1056.64 0.102657
18 52 1056.15 1056.24 0.09754
10 51 1060.5 1060.6 0.0975409
15 46 1060.61 1060.7 0.0975386
4 55 1070.91 1071.53 0.616452
31 44 1062.21 1062.83 0.616452
24 56 1150.33 1150.42 0.0975391
16 56 1053.78 1053.87 0.0975396
26 46 1144.4 1144.5 0.097542
33 44 1060.82 1060.92 0.0975398
12 46 1164.98 1165.08 0.102661
19 52 1061.28 1061.38 0.10266
11 51 1074.4 1074.51 0.102659
23 46 1079.78 1080.1 0.328707
3 55 1066.83 1066.93 0.10266
28 45 1086.53 1086.63 0.0975368
27 46 1086.64 1086.81 0.174596
12 46 1085.01 1085.19 0.174597
39 43 1064.34 1064.44 0.0975382
36 41 1075.49 1075.66 0.174596
27 46 1166.6 1166.77 0.174596
11 51 1104.4 1104.5 0.0975391
17 52 1074.2 1074.3 0.0975383
5 55 1084.64 1084.73 0.0975383
2 55 1077.8 1077.9 0.0975371
16 56 1083.78 1083.88 0.10266
10 51 1090.5 1090.6 0.0975409
21 52 1076.67 1076.77 0.102658
14 50 1182.66 1183.28 0.616452
19 52 1091.28 1091.38 0.10266
33 44 1090.82 1090.92 0.0975398
15 46 1090.61 1090.7 0.0975386
18 52 1086.15 1086.24 0.09754
39 43 1094.34 1094.44 0.0975382
9 47 1086.15 1086.24 0.0975408
24 56 1090.33 1090.43 0.102659
26 46 1084.4 1084.5 0.097542
32 50 1145.24 1145.34 0.10266
3 55 1126.83 1126.93 0.10266
12 46 1104.98 1105.15 0.174597
4 55 1131.94 1132.56 0.616452
25 45 1144.29 1144.48 0.184836
21 52 1106.67 1106.77 0.0975376
37 48 1088.46 1088.56 0.0975373
37 48 1148.46 1148.56 0.0975373
23 46 1112.32 1112.65 0.328707
0 55 1166.21 1166.32 0.102662
22 56 1099.07 1099.17 0.102659
3 55 1096.83 1096.93 0.10266
14 50 1121.64 1122.25 0.616452
36 41 1105.49 1105.66 0.174596
37 48 1118.46 1118.56 0.0975373
6 51 1142.46 1144.76 2.30196
1 55 1145.34 1147.64 2.30196
5 55 1114.64 1114.73 0.0975383
26 46 1114.4 1114.5 0.097542
18 52 1116.15 1116.24 0.09754
28 45 1116.53 1116.63 0.0975368
24 56 1120.33 1120.43 0.102659
17 52 1104.2 1104.3 0.0975383
29 45 1123.63 1123.96 0.328709
34 49 1150.79 1150.98 0.184837
33 44 1120.82 1120.92 0.0975398
23 46 1144.86 1145.04 0.184835
27 46 1106.6 1106.77 0.174596
13 46 1150.33 1150.52 0.184837
31 44 1123.24 1123.57 0.328708
15 46 1120.61 1120.7 0.0975386
9 47 1116.15 1116.24 0.0975408
0 55 1147.92 1148.1 0.184838
2 55 1107.8 1107.9 0.0975371
10 51 1120.5 1120.6 0.0975409
38 50 1148.02 1150.32 2.30196
39 43 1124.34 1124.44 0.0975382
19 52 1121.28 1121.37 0.09754
8 47 1143.23 1145.53 2.30196
16 56 1113.78 1113.88 0.10266
22 56 1189.07 1189.17 0.102659
19 52 1151.28 1151.37 0.09754
21 52 1136.67 1136.77 0.0975376
36 41 1135.49 1135.66 0.174596
5 55 1144.64 1144.73 0.0975383
28 45 1146.53 1146.63 0.0975368
16 56 1143.78 1143.87 0.0975396
25 45 1162.59 1162.7 0.10266
27 46 1136.6 1136.77 0.174596
6 51 1370.35 1370.97 0.616453
32 50 1175.77 1175.87 0.0975404
15 46 1150.61 1150.7 0.0975386
10 51 1150.5 1150.6 0.0975409
2 55 1137.8 1137.9 0.0975371
31 44 1155.78 1156.11 0.328708
33 44 1150.82 1150.92 0.0975398
9 47 1146.15 1146.24 0.0975408
18 52 1146.15 1146.24 0.09754
11 51 1194.4 1194.5 0.0975391
21 52 1196.67 1196.77 0.0975376
27 46 1196.6 1196.77 0.174596
36 41 1195.49 1195.66 0.174596
4 55 1254 1254.33 0.328708
12 46 1194.98 1195.07 0.0975413
2 55 1197.8 1197.9 0.0975371
31 48 1220.87 1221.19 0.328711
