0 17 6.47745 8.77941 2.30196
8 11 8.1647 10.4667 2.30196
5 18 8.2749 10.5769 2.30195
6 18 8.93099 11.2329 2.30196
4 17 20.1134 22.4153 2.30196
1 14 11.6673 13.9693 2.30196
2 16 18.4461 20.748 2.30196
9 12 14.4655 16.7675 2.30196
3 18 19.5232 21.8252 2.30196
7 10 21.8369 24.1389 2.30196
0 17 234.371 236.673 2.30196
8 11 236.058 238.36 2.30196
5 18 236.168 238.47 2.30195
6 18 236.824 239.126 2.30196
1 14 239.561 241.863 2.30196
9 12 242.359 244.661 2.30196
2 16 246.339 248.641 2.30196
3 0 247.416 0 -247.416
4 0 248.007 0 -248.007
7 10 249.73 252.032 2.30196
9 12 470.252 472.554 2.30196
0 17 462.264 464.566 2.30196
8 11 463.951 466.253 2.30196
5 18 464.061 466.363 2.30195
6 0 464.717 0 -464.717
1 14 467.454 469.756 2.30196
2 17 474.233 476.535 2.30195
3 17 475.31 477.612 2.30195
7 10 477.623 479.925 2.30196
4 14 475.9 478.202 2.30196
0 17 690.157 692.459 2.30196
8 11 691.844 694.146 2.30196
5 18 691.955 694.257 2.30195
6 18 692.611 694.913 2.30196
1 14 695.347 697.649 2.30196
9 12 698.145 700.447 2.30196
2 16 702.126 704.428 2.30196
3 0 703.203 0 -703.203
4 0 703.793 0 -703.793
7 10 705.517 707.819 2.30196
4 17 931.686 933.988 2.30196
5 18 938.275 938.378 0.102659
0 17 918.05 918.379 0.328709
8 11 919.738 920.066 0.328708
5 18 919.848 919.951 0.102659
6 17 920.504 922.806 2.30196
1 14 923.24 923.569 0.328708
9 12 926.039 928.34 2.30196
2 17 930.019 932.321 2.30195
8 11 952.279 952.464 0.184836
0 17 950.592 950.777 0.184837
7 10 933.41 933.595 0.184837
3 17 931.096 933.398 2.30195
1 14 955.782 955.967 0.184836
1 14 974.08 974.255 0.174596
0 17 996.477 996.652 0.174597
7 10 951.837 951.94 0.102661
0 17 1026.48 1026.65 0.174597
5 18 968.275 968.378 0.102659
8 11 970.578 970.752 0.174596
0 17 968.891 969.065 0.174597
1 14 1031.67 1031.84 0.174596
7 10 981.837 981.934 0.0975411
5 18 1178.27 1178.37 0.0975385
0 17 1086.48 1086.65 0.174597
1 14 1001.67 1001.84 0.174596
5 18 998.275 998.372 0.0975385
8 11 998.165 998.339 0.174596
6 18 1148.4 1149.01 0.616452
5 18 1028.27 1028.37 0.0975385
7 10 1011.84 1011.94 0.102661
0 17 1056.48 1056.65 0.174597
5 18 1088.27 1088.37 0.0975385
8 11 1028.16 1028.27 0.10266
5 18 1058.27 1058.37 0.0975385
5 18 1148.27 1148.37 0.0975385
7 10 1041.84 1041.93 0.0975411
1 14 1121.67 1121.84 0.174596
8 11 1058.16 1058.26 0.0975405
1 14 1061.67 1061.84 0.174596
5 18 1118.27 1118.37 0.0975385
6 18 1209.43 1210.04 0.616452
7 10 1071.84 1071.93 0.0975411
8 11 1088.16 1088.26 0.0975405
1 14 1091.67 1091.84 0.174596
0 17 1116.48 1116.65 0.174597
7 10 1161.84 1161.93 0.0975411
7 10 1101.84 1101.93 0.0975411
8 11 1118.16 1118.26 0.0975405
0 17 1146.48 1146.65 0.174597
0 17 1176.48 1176.65 0.174597
3 18 1158.99 1161.29 2.30196
9 12 1153.93 1156.23 2.30196
4 17 1159.58 1161.88 2.30196
7 10 1131.84 1131.93 0.0975411
2 17 1157.91 1158.24 0.328707
8 11 1148.16 1148.27 0.10266
1 14 1151.67 1151.84 0.174596
7 10 1191.84 1191.93 0.0975411
1 14 1181.67 1181.84 0.174596
8 11 1178.16 1178.27 0.10266
3 17 1386.88 1387.07 0.184834
9 12 1381.83 1384.13 2.30196
4 17 1387.47 1387.8 0.328708
2 17 1190.45 1190.64 0.184835
