49 52 0.706099 3.00805 2.30195
23 63 1.02771 3.32967 2.30196
48 57 2.89657 5.19853 2.30196
1 64 3.02796 5.32991 2.30195
43 58 1018.85 1018.95 0.102661
35 59 3.49613 5.79809 2.30196
10 65 1.07055 3.37251 2.30196
41 51 1.36593 3.66788 2.30195
32 60 1193.85 1194.17 0.328709
37 53 947.505 947.607 0.102659
41 51 961.366 961.463 0.0975382
6 64 1.83483 4.13679 2.30196
3 0 5.35633 0 -5.35633
12 64 4.22688 6.52883 2.30196
31 63 4.90318 7.20514 2.30195
30 63 5.18876 7.49071 2.30195
2 64 4.68021 6.98216 2.30195
32 60 966.054 966.382 0.328709
13 64 1044.03 1044.21 0.174595
46 60 946.413 946.515 0.102659
46 60 1186.41 1186.51 0.097539
42 51 968.69 968.792 0.102657
5 64 942.946 943.043 0.0975374
5 64 972.946 973.043 0.0975374
45 60 7.00805 9.31001 2.30196
27 63 7.68728 9.98923 2.30195
7 64 7.78011 10.0821 2.30195
17 0 7.36123 0 -7.36123
48 57 962.897 962.999 0.10266
15 64 1049.21 1049.31 0.102661
26 63 8.79745 11.0994 2.30195
0 64 9.06322 11.3652 2.30195
42 51 8.68958 10.9915 2.30195
18 64 8.67697 10.9789 2.30195
22 63 9.98126 12.2832 2.30196
11 65 10.03 12.332 2.30196
29 63 10.4359 12.7379 2.30196
33 60 711.491 713.793 2.30195
38 53 11.5479 13.8499 2.30196
21 62 13.0639 15.3658 2.30196
5 64 12.9456 15.2475 2.30195
20 63 1040.78 1040.87 0.0975406
39 65 1037.64 1037.74 0.0975371
34 59 13.6008 15.9028 2.30196
40 65 15.2125 17.5144 2.30196
28 63 957.546 957.72 0.174597
44 56 15.235 17.5369 2.30196
12 0 1143.69 0 -1143.69
33 60 1037.01 1037.34 0.328706
14 60 17.0085 19.3105 2.30196
37 53 17.5048 19.8067 2.30195
25 63 16.8506 19.1526 2.30196
46 60 16.4127 18.7147 2.30195
9 64 17.739 20.0409 2.30196
38 53 1031.55 1031.65 0.102659
4 64 1176.5 1176.6 0.102661
24 63 1158.79 1158.89 0.097539
8 64 932.554 932.739 0.184837
33 60 1069.55 1069.74 0.184834
24 63 948.791 948.894 0.102659
25 63 928.424 928.752 0.328708
39 65 17.6391 19.941 2.30195
16 60 712.032 714.334 2.30196
47 55 18.5339 20.8358 2.30196
24 63 18.7912 21.0931 2.30196
47 55 962.649 962.833 0.184835
32 60 21.9389 24.2409 2.30196
8 64 20.9814 23.2834 2.30196
20 63 20.775 23.077 2.30196
36 59 24.3479 26.6499 2.30195
43 58 958.852 958.955 0.102661
31 63 964.903 965.001 0.0975375
13 64 24.0346 26.3366 2.30195
28 63 27.5457 29.8477 2.30196
43 58 28.8521 31.1541 2.30196
16 64 28.3524 30.6544 2.30196
4 64 26.8694 29.1714 2.30196
33 60 27.8117 30.1137 2.30195
19 63 29.5391 31.8411 2.30195
15 64 29.2101 31.5121 2.30196
40 65 1035.21 1035.31 0.0975404
20 62 248.668 250.97 2.30196
19 63 257.432 259.734 2.30195
15 65 257.103 259.405 2.30196
16 60 256.246 258.548 2.30196
8 64 476.768 479.07 2.30196
25 63 1186.85 1186.95 0.10266
8 64 248.875 251.177 2.30196
13 64 968.149 968.478 0.328707
4 64 254.763 257.065 2.30196
43 58 256.745 259.047 2.30196
24 63 246.684 248.986 2.30196
15 64 1199.21 1199.31 0.0975411
28 59 255.439 257.741 2.30196
33 60 255.705 258.007 2.30195
11 65 465.817 468.118 2.30196
13 64 251.928 254.23 2.30195
17 64 463.148 465.45 2.30196
49 52 228.599 230.901 2.30195
23 63 228.921 231.223 2.30196
10 65 228.964 231.266 2.30196
41 51 229.259 231.561 2.30195
6 64 229.728 232.03 2.30196
48 57 230.79 233.092 2.30196
1 64 230.921 233.223 2.30195
35 59 231.389 233.691 2.30196
12 65 232.12 234.422 2.30196
2 64 232.573 234.875 2.30195
31 63 232.796 235.098 2.30195
30 0 233.082 0 -233.082
3 0 233.25 0 -233.25
45 64 234.901 237.203 2.30196
17 65 235.254 237.556 2.30196
27 63 235.581 237.882 2.30195
7 64 235.673 237.975 2.30195
18 65 236.57 238.872 2.30196
42 51 236.583 238.885 2.30195
26 63 236.691 238.993 2.30195
0 64 236.956 239.258 2.30195
22 63 237.875 240.176 2.30196
11 65 237.923 240.225 2.30196
29 63 238.329 240.631 2.30196
38 53 239.441 241.743 2.30196
5 64 240.839 243.141 2.30195
21 63 240.957 243.259 2.30196
34 59 241.494 243.796 2.30196
40 65 243.106 245.408 2.30196
44 56 243.128 245.43 2.30196
46 60 244.306 246.608 2.30195
25 63 244.744 247.046 2.30196
14 0 244.902 0 -244.902
37 53 245.398 247.7 2.30195
39 65 245.532 247.834 2.30195
9 64 245.632 247.934 2.30196
47 55 246.427 248.729 2.30196
32 60 1031.14 1031.47 0.328709
19 63 1396.9 1397 0.102658
8 64 1010.98 1011.08 0.102661
49 52 1020.71 1020.81 0.102657
36 59 252.241 254.543 2.30195
32 60 249.832 252.134 2.30196
27 0 463.474 0 -463.474
46 60 1036.41 1036.51 0.097539
39 65 1187.64 1187.74 0.0975371
13 64 707.714 710.016 2.30195
36 59 708.028 710.33 2.30195
28 62 711.225 713.527 2.30196
8 64 704.661 706.963 2.30196
32 60 705.619 707.921 2.30196
47 55 702.214 704.516 2.30196
24 63 702.471 704.773 2.30196
20 63 704.455 706.757 2.30196
39 65 701.319 703.621 2.30195
9 65 701.419 703.721 2.30196
37 53 1037.5 1037.61 0.102659
25 63 700.53 702.832 2.30196
14 60 700.688 702.99 2.30196
37 53 701.185 703.486 2.30195
48 57 1022.9 1022.99 0.0975401
44 56 698.915 701.217 2.30196
46 60 700.092 702.394 2.30195
21 59 696.744 699.046 2.30196
34 59 697.281 699.583 2.30196
40 65 698.892 701.194 2.30196
42 51 1028.69 1028.79 0.102657
38 53 695.228 697.53 2.30196
5 64 696.625 698.927 2.30195
33 60 971.926 972.255 0.328706
22 63 693.661 695.963 2.30196
11 64 693.71 696.012 2.30196
29 59 694.116 696.418 2.30196
26 63 692.477 694.779 2.30195
0 0 692.743 0 -692.743
29 63 1150.44 1150.61 0.174596
7 0 691.46 0 -691.46
18 0 692.357 0 -692.357
42 51 692.369 694.671 2.30195
24 63 474.578 476.88 2.30196
17 0 691.041 0 -691.041
27 0 691.367 0 -691.367
30 62 688.869 691.17 2.30196
3 65 689.036 691.338 2.30196
45 63 690.688 692.99 2.30196
19 63 713.219 715.521 2.30195
2 0 688.36 0 -688.36
31 64 688.583 690.885 2.30196
32 60 1063.68 1064.01 0.328709
1 0 686.708 0 -686.708
35 59 687.176 689.478 2.30196
12 0 687.907 0 -687.907
49 52 1050.71 1050.8 0.097537
28 63 1047.55 1047.72 0.174597
6 0 685.515 0 -685.515
48 57 686.576 688.878 2.30196
23 63 684.707 687.009 2.30196
10 60 684.75 687.052 2.30196
41 51 685.046 687.348 2.30195
25 63 960.965 961.15 0.184836
46 60 976.413 976.515 0.102659
22 63 465.768 468.07 2.30196
25 63 1036.85 1036.95 0.0975396
41 51 1051.37 1051.47 0.102658
49 52 960.706 960.804 0.097537
29 63 954.551 954.735 0.184836
42 51 938.69 938.787 0.0975368
5 64 1032.95 1033.04 0.0975374
49 52 684.386 686.688 2.30195
43 58 712.532 714.834 2.30196
0 0 464.85 0 -464.85
32 60 477.725 480.027 2.30196
26 63 464.584 466.886 2.30195
42 51 464.476 466.778 2.30195
44 56 471.021 473.323 2.30196
47 55 474.32 476.622 2.30196
39 65 473.426 475.728 2.30195
43 58 484.639 486.941 2.30196
36 59 480.134 482.436 2.30195
8 64 1040.98 1041.08 0.0975407
18 0 464.463 0 -464.463
35 59 963.496 963.594 0.0975396
40 65 470.999 473.301 2.30196
35 59 1053.5 1053.59 0.0975396
19 63 485.326 487.628 2.30195
4 65 710.549 712.851 2.30196
16 64 484.139 486.441 2.30196
43 58 1198.85 1198.95 0.0975407
7 64 463.567 465.869 2.30195
21 62 468.85 471.152 2.30196
29 63 466.222 468.524 2.30196
25 63 472.637 474.939 2.30196
37 53 473.291 475.593 2.30195
20 62 476.562 478.863 2.30196
19 63 1169.01 1171.31 2.30195
28 59 483.332 485.634 2.30196
15 64 484.997 487.299 2.30196
45 0 462.795 0 -462.795
33 60 483.598 485.9 2.30195
14 64 472.795 475.097 2.30196
13 64 479.821 482.123 2.30195
48 57 1052.9 1052.99 0.0975401
9 64 473.525 475.827 2.30196
46 60 472.199 474.501 2.30195
4 65 482.656 484.958 2.30196
15 65 712.89 715.192 2.30196
43 58 1048.85 1048.95 0.102661
49 52 456.493 458.795 2.30195
23 63 456.814 459.116 2.30196
10 65 456.857 459.159 2.30196
41 51 457.152 459.454 2.30195
6 64 457.621 459.923 2.30196
48 57 458.683 460.985 2.30196
1 64 458.814 461.116 2.30195
35 59 459.283 461.585 2.30196
12 64 460.013 462.315 2.30196
2 65 460.467 462.769 2.30196
31 63 460.69 462.992 2.30195
30 0 460.975 0 -460.975
3 65 461.143 463.445 2.30196
36 59 1224.84 1225.17 0.328707
34 59 469.387 471.689 2.30196
5 64 468.732 471.034 2.30195
38 53 467.334 469.636 2.30196
40 61 975.212 975.315 0.102662
20 63 1010.78 1010.88 0.102661
8 65 1190.98 1191.08 0.0975422
4 64 1196.87 1196.97 0.102661
47 55 1188.53 1188.64 0.102659
24 63 1188.79 1188.89 0.097539
47 55 1038.53 1038.71 0.174595
20 63 932.348 932.677 0.328709
27 60 1147.15 1149.46 2.30196
40 65 1185.21 1185.31 0.0975404
17 0 1146.83 0 -1146.83
20 63 964.89 965.075 0.184837
35 59 1143.5 1143.59 0.0975396
31 63 1054.9 1055 0.0975375
35 59 1023.5 1023.59 0.0975396
38 53 971.548 971.651 0.102659
31 63 1024.9 1025 0.0975375
42 51 1118.69 1118.79 0.0975368
48 57 1142.9 1142.99 0.0975401
26 63 968.797 968.895 0.0975379
41 51 1021.37 1021.47 0.102658
29 63 972.849 973.024 0.174596
28 63 1017.55 1017.72 0.174597
38 53 941.548 941.651 0.102659
8 64 950.981 951.084 0.102661
16 64 939.925 942.227 2.30196
15 64 940.783 940.968 0.184837
15 64 959.21 959.385 0.174597
39 65 929.212 929.315 0.102657
47 55 930.107 930.436 0.328707
41 51 931.366 931.469 0.102658
19 63 941.112 943.414 2.30195
9 64 929.312 931.614 2.30196
28 63 939.119 939.304 0.184837
43 58 940.425 940.61 0.184837
39 65 947.639 947.737 0.0975371
24 63 930.364 930.467 0.102659
47 55 1008.53 1008.71 0.174595
49 52 930.706 930.804 0.097537
37 53 929.078 929.18 0.102659
33 60 939.385 939.713 0.328706
32 60 933.512 933.841 0.328709
26 63 938.797 938.9 0.102658
4 65 938.442 940.744 2.30196
40 65 945.212 945.315 0.10266
49 52 912.279 912.382 0.102657
23 63 912.601 914.903 2.30196
10 0 912.644 0 -912.644
41 51 912.939 913.124 0.184834
6 0 913.408 0 -913.408
48 57 914.47 914.572 0.10266
1 64 914.601 916.903 2.30195
35 59 915.069 915.254 0.184836
12 0 915.8 0 -915.8
2 65 916.253 918.555 2.30196
31 0 916.476 0 -916.476
30 62 916.762 919.064 2.30196
3 65 916.929 919.231 2.30196
45 0 918.581 0 -918.581
17 0 918.934 0 -918.934
27 63 919.26 921.562 2.30195
7 64 919.353 921.655 2.30195
18 64 920.25 922.552 2.30195
42 51 920.263 920.365 0.102657
26 63 920.37 920.473 0.102658
0 0 920.636 0 -920.636
22 59 921.554 923.856 2.30196
11 65 921.603 923.905 2.30196
29 63 922.009 922.338 0.328708
38 53 923.121 923.306 0.184835
21 63 924.637 926.939 2.30196
5 63 924.519 924.621 0.102666
44 56 926.808 929.11 2.30196
13 60 935.608 935.936 0.328712
40 61 926.785 926.888 0.102662
46 60 927.986 928.088 0.102659
14 64 928.581 930.883 2.30196
34 63 925.174 927.476 2.30196
36 59 935.921 938.223 2.30195
31 0 934.903 0 -934.903
29 63 1030.44 1030.61 0.174596
35 66 933.496 933.599 0.102661
48 57 932.897 932.994 0.0975401
41 51 1141.37 1141.46 0.0975382
28 63 987.546 987.72 0.174597
25 63 979.264 979.366 0.10266
39 65 977.639 977.737 0.0975371
24 63 978.791 978.894 0.102659
37 53 977.505 977.607 0.102659
16 64 1395.71 1395.81 0.10266
13 64 1018.99 1019.16 0.174595
47 55 980.947 981.122 0.174595
15 64 1019.21 1019.38 0.174597
26 63 1028.8 1028.89 0.0975379
33 60 1004.47 1004.8 0.328706
32 60 998.595 998.924 0.328709
8 64 980.981 981.084 0.102661
20 63 983.188 983.363 0.174597
42 51 998.69 998.792 0.102657
42 51 1058.69 1058.79 0.0975368
26 63 1058.8 1058.89 0.0975379
24 63 1038.79 1038.89 0.097539
13 64 1000.69 1000.88 0.184835
43 58 988.852 988.95 0.0975407
25 63 1006.85 1006.95 0.0975396
5 64 1002.95 1003.05 0.102657
15 64 989.21 989.385 0.174597
35 59 993.496 993.594 0.0975396
49 52 990.706 990.809 0.102657
41 51 991.366 991.469 0.102658
26 63 998.797 998.895 0.0975379
39 65 1007.64 1007.74 0.0975371
48 57 992.897 992.999 0.10266
44 56 1185.23 1185.41 0.174598
31 63 994.903 995.006 0.102657
24 63 1008.79 1008.89 0.102659
39 65 1157.64 1157.74 0.0975371
38 53 1001.55 1001.65 0.102659
29 63 1000.44 1000.61 0.174596
40 65 1005.21 1005.31 0.0975404
46 60 1006.41 1006.52 0.102659
37 53 1007.5 1007.61 0.102659
25 63 1066.85 1066.95 0.0975396
29 63 1060.44 1060.61 0.174596
38 53 1061.55 1061.65 0.102659
15 64 1139.21 1139.31 0.0975411
5 64 1062.95 1063.04 0.0975374
45 0 1146.47 0 -1146.47
9 64 1167.37 1167.47 0.10266
35 59 1083.5 1083.59 0.0975396
39 65 1067.64 1067.74 0.0975371
43 58 1078.85 1078.95 0.102661
32 60 1096.22 1096.55 0.328709
37 53 1067.5 1067.6 0.0975389
46 60 1066.41 1066.51 0.097539
28 63 1077.55 1077.72 0.174597
24 63 1068.79 1068.89 0.097539
26 63 1088.8 1088.89 0.0975379
13 64 1074.03 1074.21 0.174595
15 64 1079.21 1079.31 0.102661
33 60 1087.85 1088.02 0.174594
47 55 1068.53 1068.64 0.102659
49 52 1080.71 1080.8 0.097537
40 65 1065.21 1065.31 0.0975404
26 0 1148.8 0 -1148.8
8 64 1070.98 1071.08 0.0975407
48 57 1082.9 1082.99 0.0975401
41 51 1081.37 1081.47 0.102658
20 63 1070.78 1070.87 0.0975406
49 52 1140.71 1140.8 0.097537
28 63 1197.55 1197.72 0.174597
5 64 1092.95 1093.04 0.0975374
27 63 1375.05 1375.15 0.102659
39 65 1097.64 1097.74 0.0975371
38 53 1121.55 1121.65 0.102659
43 58 1138.85 1138.95 0.102661
42 51 1088.69 1088.79 0.0975368
20 63 1100.78 1100.88 0.102661
42 51 1148.69 1148.79 0.0975368
31 63 1084.9 1085 0.0975375
37 53 1097.5 1097.6 0.0975389
0 0 1148.53 0 -1148.53
46 60 1096.41 1096.51 0.097539
8 64 1100.98 1101.08 0.0975407
25 63 1096.85 1096.95 0.10266
40 65 1095.21 1095.31 0.0975404
13 64 1164.03 1164.21 0.174595
10 64 1140.54 1142.84 2.30196
29 63 1090.44 1090.61 0.174596
2 0 1144.15 0 -1144.15
38 53 1091.55 1091.65 0.102659
33 60 1107.81 1107.99 0.174594
41 51 1111.37 1111.47 0.102658
23 63 1140.49 1140.82 0.328709
13 64 1104.03 1104.21 0.174595
49 52 1110.71 1110.8 0.097537
14 64 1156.47 1158.78 2.30196
47 55 1098.53 1098.63 0.0975393
29 63 1120.44 1120.61 0.174596
24 63 1098.79 1098.89 0.097539
34 63 1153.07 1153.4 0.328712
1 60 1142.49 1144.8 2.30196
39 65 1127.64 1127.74 0.0975371
32 60 1128.76 1129.09 0.328709
21 63 1152.53 1152.71 0.184838
31 63 1144.9 1145 0.0975375
7 64 1147.25 1147.35 0.102657
26 63 1118.8 1118.89 0.0975379
22 63 1149.45 1151.75 2.30196
31 63 1114.9 1115 0.0975375
18 0 1148.14 0 -1148.14
11 64 1149.5 1149.6 0.102661
35 59 1113.5 1113.59 0.0975396
28 63 1107.55 1107.72 0.174597
43 58 1108.85 1108.95 0.102661
48 57 1112.9 1112.99 0.0975401
46 60 1126.41 1126.51 0.097539
6 64 1141.3 1143.6 2.30196
33 60 1137.81 1137.91 0.102658
37 53 1127.5 1127.6 0.0975389
15 64 1109.21 1109.31 0.0975411
3 0 1144.82 0 -1144.82
40 65 1125.21 1125.31 0.0975404
25 63 1126.85 1126.95 0.10266
5 64 1122.95 1123.04 0.0975374
24 63 1128.79 1128.89 0.097539
30 63 1144.65 1146.96 2.30195
28 63 1137.55 1137.72 0.174597
44 56 1154.7 1154.89 0.184838
9 64 1157.21 1157.31 0.10266
16 64 1167.82 1170.12 2.30196
38 53 1151.55 1151.65 0.0975394
4 64 1166.34 1166.44 0.102661
8 64 1130.98 1131.08 0.0975407
32 60 1161.3 1161.63 0.328709
36 59 1163.81 1164.43 0.616451
47 55 1128.53 1128.63 0.0975393
13 64 1194.03 1194.21 0.174595
13 64 1134.03 1134.21 0.174595
20 63 1130.78 1130.88 0.102661
37 53 1157.5 1157.6 0.0975389
33 60 1197.81 1197.91 0.0975382
9 64 1187.74 1187.84 0.0975402
21 63 1170.83 1170.93 0.102662
46 60 1156.41 1156.51 0.097539
47 55 1158.53 1158.63 0.0975393
40 65 1155.21 1155.31 0.0975404
5 64 1152.95 1153.04 0.0975374
25 63 1156.85 1156.95 0.10266
37 53 1187.5 1187.6 0.0975389
20 63 1190.78 1190.87 0.0975406
20 63 1160.78 1160.87 0.0975406
28 63 1167.55 1167.72 0.174597
1 64 1370.39 1372.69 2.30195
23 63 1173.04 1173.36 0.328709
41 51 1171.37 1171.46 0.0975382
29 63 1180.44 1180.61 0.174596
8 64 1160.98 1161.08 0.0975407
22 63 1377.34 1377.67 0.32871
0 64 1376.42 1378.72 2.30195
5 64 1182.95 1183.04 0.0975374
10 60 1368.43 1370.73 2.30196
49 52 1170.71 1170.8 0.097537
18 64 1376.04 1378.34 2.30195
43 58 1168.85 1168.95 0.0975407
12 0 1371.59 0 -1371.59
3 65 1372.72 1375.02 2.30196
30 63 1372.55 1372.65 0.102658
33 60 1167.81 1167.91 0.0975382
17 60 1374.72 1377.02 2.30196
48 57 1172.9 1172.99 0.0975401
26 63 1178.8 1178.89 0.0975379
14 64 1384.37 1384.55 0.184838
2 65 1372.04 1374.34 2.30196
35 59 1173.5 1173.59 0.0975396
11 64 1180.03 1180.13 0.0975409
6 0 1369.19 0 -1369.19
15 64 1169.21 1169.31 0.0975411
42 51 1178.69 1178.79 0.0975368
45 63 1374.37 1376.67 2.30196
7 64 1177.78 1177.88 0.0975374
38 53 1181.55 1181.65 0.0975394
34 59 1185.61 1185.79 0.184836
31 63 1174.9 1175 0.0975375
21 63 1183.06 1183.16 0.097542
