28 0 1.1277 0 -1.1277
14 63 1.21293 3.51489 2.30196
59 60 7.77688 10.0788 2.30196
32 66 6.35801 8.65996 2.30195
2 60 7.22188 9.52384 2.30196
20 0 1.33269 0 -1.33269
31 66 1159.19 1159.29 0.0975388
52 66 477.258 479.56 2.30196
24 62 1.92695 4.22891 2.30196
27 65 468.059 470.361 2.30196
16 63 3.00702 5.30897 2.30196
19 65 478.68 480.982 2.30196
49 61 1075.03 1075.13 0.10266
4 0 3.86603 0 -3.86603
43 64 3.58326 5.88522 2.30196
15 60 4.6912 6.99316 2.30196
13 60 4.66858 6.97054 2.30196
50 61 8.3082 10.6102 2.30195
32 66 462.145 464.446 2.30195
1 0 934.101 0 -934.101
51 66 9.97123 12.2732 2.30196
38 0 480.755 0 -480.755
9 60 12.9453 15.2472 2.30195
58 63 11.6776 13.9796 2.30196
41 64 12.7702 15.0722 2.30195
33 66 11.2426 13.5445 2.30196
27 65 12.2725 14.5745 2.30196
12 0 11.854 0 -11.854
5 63 485.717 488.019 2.30196
41 0 468.557 0 -468.557
43 64 1053.58 1053.69 0.102659
15 60 460.478 462.78 2.30196
52 67 933.045 933.373 0.328713
7 60 475.565 477.867 2.30196
55 68 472.362 474.664 2.30196
10 0 12.577 0 -12.577
50 61 1148.31 1148.41 0.0975376
44 0 479.515 0 -479.515
26 62 482.122 484.424 2.30196
40 64 13.4766 15.7786 2.30195
22 62 13.9588 16.2608 2.30196
13 60 460.455 462.757 2.30196
31 66 1039.19 1039.29 0.0975388
52 66 1161.47 1161.57 0.0975417
34 66 14.2993 16.6013 2.30196
23 62 14.0471 16.3491 2.30196
30 65 15.7084 18.0104 2.30196
3 63 15.1327 17.4347 2.30196
39 0 933.768 0 -933.768
40 64 469.263 471.565 2.30195
55 68 16.5757 18.8777 2.30196
42 0 17.1965 0 -17.1965
47 64 17.5376 19.8396 2.30195
25 65 18.4934 20.7954 2.30196
29 62 18.4557 20.7577 2.30196
4 60 459.653 461.954 2.30196
22 62 1033.96 1034.06 0.0975421
48 61 484.407 486.709 2.30196
31 66 19.1939 21.4958 2.30195
7 60 19.7783 22.0802 2.30196
47 64 1067.54 1067.64 0.0975386
11 63 21.5599 23.8619 2.30196
52 66 21.4715 23.7735 2.30196
51 66 465.758 468.06 2.30196
1 60 22.5277 24.8297 2.30195
49 61 1045.03 1045.12 0.0975402
26 62 710.015 712.317 2.30196
18 62 22.3412 24.6432 2.30196
39 66 22.1945 24.4965 2.30195
9 60 468.732 471.034 2.30195
47 64 1037.54 1037.64 0.0975386
43 64 459.37 461.672 2.30196
56 67 1173.15 1173.25 0.10266
19 65 22.8936 25.1956 2.30196
16 63 458.794 461.095 2.30196
53 67 1045.97 1046.07 0.09754
24 0 457.713 0 -457.713
6 60 23.0188 25.3208 2.30196
21 0 24.4518 0 -24.4518
44 0 23.7285 0 -23.7285
46 64 23.8464 26.1484 2.30196
56 67 23.5206 25.8225 2.30196
20 62 457.119 459.421 2.30196
14 63 456.999 459.301 2.30196
54 63 23.9227 26.2246 2.30196
17 0 24.4844 0 -24.4844
45 64 480.77 483.072 2.30195
53 67 1165.97 1166.07 0.09754
28 62 456.914 459.216 2.30196
12 0 467.641 0 -467.641
47 64 1157.54 1157.64 0.0975386
45 64 24.9838 27.2858 2.30195
38 0 24.9684 0 -24.9684
49 61 25.0254 27.3273 2.30196
35 0 25.3587 0 -25.3587
10 60 468.363 470.665 2.30196
26 62 26.3354 28.6373 2.30196
8 60 485.247 487.549 2.30196
39 66 477.981 480.283 2.30195
15 60 1144.69 1144.79 0.0975398
53 67 25.9745 28.2765 2.30196
36 0 27.2855 0 -27.2855
57 0 27.5272 0 -27.5272
0 60 27.6601 29.9621 2.30196
37 66 27.8666 30.1685 2.30196
26 62 1046.34 1046.44 0.102662
21 0 480.238 0 -480.238
5 63 29.9309 32.2329 2.30196
48 61 28.621 30.9229 2.30196
8 60 29.4606 31.7626 2.30196
30 0 471.495 0 -471.495
50 61 1088.31 1088.41 0.102658
31 66 247.087 249.389 2.30195
59 61 463.563 465.865 2.30196
15 60 1054.69 1054.79 0.0975398
9 60 1092.95 1093.04 0.0975366
53 67 1075.97 1076.07 0.09754
49 61 480.812 483.114 2.30196
35 0 481.145 0 -481.145
39 66 250.088 252.39 2.30195
18 62 478.128 480.43 2.30196
35 66 253.252 255.554 2.30196
45 0 708.664 0 -708.664
47 64 473.324 475.626 2.30195
37 66 711.546 713.848 2.30196
52 66 249.365 251.667 2.30196
6 0 478.805 0 -478.805
7 60 247.672 249.973 2.30196
56 67 479.307 481.609 2.30196
11 63 249.453 251.755 2.30196
44 0 251.622 0 -251.622
1 60 250.421 252.723 2.30195
56 67 251.414 253.716 2.30196
29 0 474.242 0 -474.242
37 0 255.76 0 -255.76
34 66 470.086 472.388 2.30196
50 61 464.095 466.397 2.30195
54 63 479.709 482.011 2.30196
31 66 474.98 477.282 2.30195
36 0 483.072 0 -483.072
18 62 250.234 252.536 2.30196
54 63 251.816 254.118 2.30196
5 63 257.824 260.126 2.30196
25 0 474.28 0 -474.28
23 62 469.834 472.136 2.30196
3 60 470.919 473.221 2.30196
6 63 250.912 253.214 2.30196
22 62 1093.96 1094.06 0.0975421
1 60 478.314 480.616 2.30195
19 65 250.787 253.089 2.30196
26 62 254.229 256.531 2.30196
50 61 1028.31 1028.41 0.102658
28 62 229.021 231.323 2.30196
14 63 229.106 231.408 2.30196
20 62 229.226 231.528 2.30196
24 0 229.82 0 -229.82
16 63 230.9 233.202 2.30196
43 64 231.477 233.778 2.30196
4 0 231.759 0 -231.759
13 0 232.562 0 -232.562
15 60 232.584 234.886 2.30196
32 66 234.251 236.553 2.30195
2 60 235.115 237.417 2.30196
59 60 235.67 237.972 2.30196
50 61 236.201 238.503 2.30195
51 66 237.864 240.166 2.30196
33 0 239.136 0 -239.136
58 0 239.571 0 -239.571
12 0 239.747 0 -239.747
27 65 240.166 242.468 2.30196
10 0 240.47 0 -240.47
41 0 240.663 0 -240.663
9 60 240.839 243.14 2.30195
40 64 241.37 243.672 2.30195
22 62 241.852 244.154 2.30196
23 62 241.94 244.242 2.30196
34 66 242.193 244.495 2.30196
3 63 243.026 245.328 2.30196
30 0 243.602 0 -243.602
55 68 244.469 246.771 2.30196
42 61 245.09 247.392 2.30196
47 64 245.431 247.733 2.30195
29 0 246.349 0 -246.349
25 0 246.387 0 -246.387
42 64 472.983 475.285 2.30196
58 0 467.464 0 -467.464
52 66 1063.21 1063.54 0.32871
55 67 928.149 928.251 0.102662
33 66 467.029 469.331 2.30196
46 0 251.74 0 -251.74
53 67 253.868 256.17 2.30196
21 0 252.345 0 -252.345
36 0 255.179 0 -255.179
45 64 252.877 255.179 2.30195
38 0 252.862 0 -252.862
17 0 252.378 0 -252.378
49 61 252.919 255.221 2.30196
57 0 255.42 0 -255.42
0 0 255.553 0 -255.553
8 60 257.354 259.656 2.30196
48 61 256.514 258.816 2.30196
50 61 1058.31 1058.41 0.102658
22 62 469.745 472.047 2.30196
2 60 1057.22 1057.32 0.102659
0 60 483.447 485.749 2.30196
57 60 483.314 485.616 2.30196
37 66 483.653 485.955 2.30196
59 60 1057.78 1057.88 0.102661
46 64 479.633 481.935 2.30196
17 0 480.271 0 -480.271
59 60 1147.78 1147.88 0.102661
2 60 1027.22 1027.32 0.102659
2 60 463.008 465.31 2.30196
11 60 477.346 479.648 2.30196
32 66 1056.36 1056.46 0.102657
34 66 1088.58 1088.91 0.328712
9 60 1032.95 1033.04 0.0975366
53 67 481.761 484.063 2.30196
35 66 709.038 711.34 2.30196
34 66 1056.04 1056.37 0.328712
48 61 940.194 942.496 2.30196
38 66 708.648 710.95 2.30196
49 61 708.705 711.007 2.30196
53 67 709.654 711.956 2.30196
53 67 937.547 937.65 0.10266
0 60 711.34 713.642 2.30196
19 65 934.467 936.769 2.30196
5 63 1049.93 1050.11 0.174597
5 63 941.504 941.689 0.184837
26 62 1076.34 1076.43 0.0975418
47 64 947.538 947.635 0.0975386
53 67 955.975 956.072 0.09754
9 60 924.518 924.621 0.102657
55 68 946.576 946.678 0.10266
2 60 951.337 951.521 0.184835
56 67 935.094 937.396 2.30196
22 62 1063.96 1064.06 0.0975421
7 60 931.351 933.653 2.30196
11 60 933.133 935.435 2.30196
22 62 925.532 925.861 0.32871
59 60 1031.22 1031.39 0.174597
28 0 684.807 0 -684.807
14 63 684.893 687.195 2.30196
20 0 685.012 0 -685.012
24 62 685.607 687.909 2.30196
16 0 686.687 0 -686.687
43 64 687.263 689.565 2.30196
4 0 687.546 0 -687.546
13 0 688.348 0 -688.348
15 60 688.371 690.673 2.30196
32 66 690.038 692.34 2.30195
2 63 690.902 693.204 2.30196
59 61 691.457 693.759 2.30196
50 61 691.988 694.29 2.30195
51 67 693.651 695.953 2.30196
33 66 694.922 697.224 2.30196
58 0 695.357 0 -695.357
12 60 695.534 697.836 2.30196
27 0 695.952 0 -695.952
10 0 696.257 0 -696.257
41 0 696.45 0 -696.45
9 60 696.625 698.927 2.30195
40 0 697.156 0 -697.156
22 62 697.639 699.941 2.30196
23 62 697.727 700.029 2.30196
34 66 697.979 700.281 2.30196
3 63 698.812 701.114 2.30196
30 65 699.388 701.69 2.30196
55 68 700.255 702.557 2.30196
42 64 700.876 703.178 2.30196
47 64 701.217 703.519 2.30195
29 65 702.135 704.437 2.30196
25 65 702.173 704.475 2.30196
31 63 702.874 705.176 2.30196
7 60 703.458 705.76 2.30196
52 66 705.151 707.453 2.30196
11 60 705.24 707.542 2.30196
39 66 705.874 708.176 2.30195
18 62 706.021 708.323 2.30196
1 60 706.207 708.509 2.30195
19 65 706.573 708.875 2.30196
6 0 706.699 0 -706.699
56 0 707.2 0 -707.2
44 0 707.408 0 -707.408
46 0 707.526 0 -707.526
54 0 707.602 0 -707.602
21 0 708.132 0 -708.132
17 0 708.164 0 -708.164
18 62 933.914 936.216 2.30196
55 68 1036.58 1036.67 0.0975401
43 64 1083.58 1083.69 0.102659
31 66 1069.19 1069.29 0.0975388
57 60 711.207 713.509 2.30196
36 0 710.965 0 -710.965
19 65 1172.52 1172.63 0.10266
9 60 1062.95 1063.04 0.0975366
15 60 934.691 934.794 0.10266
55 68 1066.58 1066.67 0.0975401
49 61 955.025 955.128 0.10266
43 64 1023.58 1023.69 0.102659
23 62 925.62 927.922 2.30196
43 64 933.583 933.686 0.102659
36 0 938.859 0 -938.859
8 0 713.14 0 -713.14
5 63 713.611 715.913 2.30196
48 0 712.301 0 -712.301
2 60 1087.22 1087.32 0.102659
59 60 1087.78 1087.87 0.0975413
5 63 1079.93 1080.11 0.174597
52 66 1095.75 1095.94 0.184838
32 66 1086.36 1086.46 0.0975372
15 60 1084.69 1084.79 0.0975398
44 0 935.301 0 -935.301
26 65 937.908 938.011 0.102666
35 0 936.932 0 -936.932
0 0 939.233 0 -939.233
9 60 942.945 943.043 0.0975366
34 67 925.872 926.201 0.328721
3 63 926.706 929.008 2.30196
31 66 930.767 930.87 0.102659
6 0 934.592 0 -934.592
57 0 939.1 0 -939.1
37 0 939.44 0 -939.44
40 64 925.05 927.352 2.30195
47 67 929.111 929.213 0.102664
41 0 924.343 0 -924.343
25 65 930.066 932.368 2.30196
50 61 938.308 938.411 0.102658
22 62 958.073 958.258 0.184838
31 66 949.194 949.297 0.102659
52 66 965.586 965.915 0.32871
7 60 1169.41 1169.51 0.10266
30 65 927.281 929.583 2.30196
34 66 958.414 958.743 0.328712
29 62 930.029 932.331 2.30196
55 68 1156.58 1156.67 0.0975401
32 67 936.358 936.461 0.102666
28 62 912.701 915.003 2.30196
14 0 912.786 0 -912.786
20 62 912.906 915.208 2.30196
24 0 913.5 0 -913.5
16 0 914.58 0 -914.58
43 64 915.156 915.341 0.184835
4 0 915.439 0 -915.439
13 0 916.242 0 -916.242
15 60 916.264 916.367 0.10266
32 66 917.931 918.034 0.102657
2 60 918.795 919.124 0.328707
59 60 919.35 919.966 0.616453
50 61 919.881 920.066 0.184834
51 66 921.544 923.846 2.30196
33 0 922.816 0 -922.816
58 63 923.251 925.553 2.30196
12 0 923.427 0 -923.427
27 65 923.846 926.147 2.30196
10 60 924.15 926.452 2.30196
42 0 928.769 0 -928.769
26 62 956.335 956.433 0.0975418
46 0 935.419 0 -935.419
17 0 936.057 0 -936.057
21 0 936.025 0 -936.025
54 63 935.496 937.798 2.30196
26 62 1166.34 1166.43 0.0975418
8 60 941.034 943.336 2.30196
59 60 980.378 980.707 0.328709
5 63 959.931 960.106 0.174597
45 64 936.557 938.859 2.30195
49 61 936.598 936.701 0.10266
38 0 936.541 0 -936.541
15 60 964.691 964.789 0.0975398
26 62 986.335 986.433 0.0975418
34 66 990.956 991.284 0.328712
43 64 963.583 963.681 0.0975393
2 60 969.635 969.81 0.174595
32 66 966.358 966.456 0.0975372
55 68 976.576 976.678 0.10266
50 61 968.308 968.406 0.0975376
22 62 976.372 976.475 0.102662
47 64 977.538 977.635 0.0975386
9 60 972.945 973.043 0.0975366
49 61 985.025 985.123 0.0975402
52 66 998.128 998.457 0.32871
54 63 1173.55 1173.65 0.0975401
51 66 1149.44 1150.05 0.616451
31 66 979.194 979.297 0.102659
5 63 1169.93 1170.11 0.174597
53 67 985.975 986.072 0.09754
18 62 1180.11 1180.28 0.174599
1 60 1161.99 1164.3 2.30195
22 62 1003.96 1004.06 0.0975421
5 63 989.931 990.106 0.174597
34 66 1023.5 1023.83 0.328712
31 66 1009.19 1009.3 0.102659
15 60 994.691 994.794 0.10266
43 64 993.583 993.681 0.0975393
59 60 1012.92 1013.1 0.184837
50 61 998.308 998.411 0.102658
2 60 997.222 997.325 0.102659
5 63 1019.93 1020.11 0.174597
55 68 1006.58 1006.68 0.10266
32 66 996.358 996.461 0.102657
9 60 1002.95 1003.04 0.0975366
22 62 1153.96 1154.06 0.0975421
9 60 1152.95 1153.04 0.0975366
52 66 1131.47 1131.57 0.102662
47 64 1007.54 1007.64 0.0975386
15 60 1024.69 1024.79 0.0975398
52 66 1030.67 1031 0.32871
32 66 1026.36 1026.46 0.102657
26 62 1016.34 1016.43 0.0975418
53 67 1015.97 1016.08 0.10266
32 66 1146.36 1146.46 0.0975372
49 61 1015.03 1015.12 0.0975402
55 68 1096.58 1096.68 0.10266
34 66 1121.12 1121.45 0.328712
49 61 1105.03 1105.12 0.0975402
31 66 1099.19 1099.29 0.0975388
26 62 1106.34 1106.43 0.0975418
52 66 1114.05 1114.23 0.174598
47 64 1097.54 1097.64 0.0975386
5 63 1109.93 1110.11 0.174597
53 67 1105.97 1106.07 0.09754
49 61 1165.03 1165.12 0.0975402
4 60 1143.33 1145.63 2.30196
31 66 1129.19 1129.29 0.0975388
23 62 1153.51 1155.82 2.30196
15 60 1114.69 1114.79 0.0975398
42 64 1156.66 1158.96 2.30196
59 60 1117.78 1117.88 0.102661
19 65 1162.36 1162.46 0.10266
13 60 1144.13 1146.44 2.30196
35 0 1164.82 0 -1164.82
50 61 1118.31 1118.41 0.0975376
29 0 1157.92 0 -1157.92
2 60 1117.22 1117.32 0.102659
22 62 1123.96 1124.06 0.0975421
53 67 1135.97 1136.07 0.09754
5 63 1139.93 1140.11 0.174597
40 64 1152.94 1153.05 0.102657
18 62 1161.81 1161.99 0.184839
34 66 1153.66 1153.99 0.328712
16 63 1142.47 1144.78 2.30196
43 64 1113.58 1113.68 0.0975393
28 0 1140.59 0 -1140.59
14 66 1140.68 1142.98 2.30197
20 0 1140.8 0 -1140.8
24 62 1141.39 1143.7 2.30196
27 65 1151.74 1154.04 2.30196
58 0 1151.14 0 -1151.14
30 0 1155.17 0 -1155.17
43 63 1173.58 1173.68 0.0975439
55 68 1126.58 1126.68 0.10266
32 66 1116.36 1116.46 0.0975372
47 64 1127.54 1127.64 0.0975386
10 60 1152.04 1154.35 2.30196
12 0 1151.32 0 -1151.32
41 64 1152.24 1154.54 2.30195
3 60 1154.6 1154.7 0.102661
9 60 1122.95 1123.04 0.0975366
25 65 1157.96 1160.26 2.30196
33 66 1150.71 1153.01 2.30196
43 64 1143.58 1143.68 0.0975393
45 64 1164.45 1164.55 0.102658
49 61 1135.03 1135.12 0.0975402
17 0 1163.95 0 -1163.95
39 66 1161.66 1163.96 2.30195
26 62 1136.34 1136.43 0.0975418
11 63 1161.03 1163.33 2.30196
38 67 1164.43 1166.74 2.30196
36 0 1166.75 0 -1166.75
7 60 1159.24 1159.35 0.10266
57 0 1166.99 0 -1166.99
56 67 1162.99 1163.09 0.10266
44 64 1163.19 1165.5 2.30196
6 63 1162.49 1164.79 2.30196
54 63 1163.39 1163.49 0.10266
21 0 1163.92 0 -1163.92
46 64 1163.31 1165.61 2.30196
0 60 1167.13 1169.43 2.30196
37 66 1167.33 1169.63 2.30196
8 60 1168.93 1171.23 2.30196
48 61 1168.09 1168.42 0.32871
2 60 1147.22 1147.32 0.102659
41 64 1380.13 1382.43 2.30195
28 62 1368.49 1370.79 2.30196
24 0 1369.29 0 -1369.29
20 62 1368.69 1370.99 2.30196
59 60 1177.78 1177.87 0.0975413
23 62 1381.41 1381.51 0.10266
14 63 1368.57 1370.87 2.30196
16 60 1370.37 1372.67 2.30196
27 65 1379.63 1381.93 2.30196
15 60 1174.69 1174.79 0.0975398
13 0 1372.03 0 -1372.03
9 60 1182.95 1183.04 0.0975366
12 0 1379.21 0 -1379.21
30 65 1383.07 1385.37 2.30196
4 60 1371.23 1373.53 2.30196
33 66 1378.6 1378.79 0.184839
50 61 1178.31 1178.41 0.0975376
40 64 1183.48 1183.57 0.097537
22 62 1183.96 1184.06 0.0975421
10 60 1379.94 1382.24 2.30196
58 63 1379.04 1381.34 2.30196
51 66 1210.47 1211.08 0.616451
3 60 1185.13 1185.23 0.0975406
34 66 1186.21 1186.53 0.328712
47 64 1187.54 1187.64 0.0975386
32 66 1176.36 1176.46 0.0975372
2 60 1177.22 1177.32 0.0975393
36 67 1394.65 1396.95 2.30197
55 68 1186.58 1186.67 0.0975401
7 60 1189.78 1189.88 0.0975402
0 60 1395.02 1395.2 0.184837
42 64 1384.56 1384.74 0.184836
25 65 1385.85 1386.18 0.328709
56 67 1193.52 1193.62 0.09754
38 67 1392.33 1394.63 2.30196
29 62 1385.82 1388.12 2.30196
54 63 1193.92 1194.02 0.0975401
1 60 1389.89 1389.99 0.102658
19 65 1192.89 1193 0.10266
46 64 1391.21 1393.51 2.30196
17 60 1391.84 1394.15 2.30195
31 66 1189.19 1189.29 0.0975388
11 63 1388.92 1389.02 0.102662
52 66 1191.47 1191.57 0.0975417
21 62 1391.81 1394.11 2.30196
6 0 1390.38 0 -1390.38
18 62 1197.39 1197.49 0.102663
35 63 1392.72 1395.02 2.30197
39 66 1389.55 1391.86 2.30195
45 64 1194.98 1195.08 0.0975376
37 66 1395.23 1395.33 0.102661
26 62 1196.34 1196.43 0.0975418
49 61 1195.03 1195.12 0.0975402
44 64 1391.09 1393.39 2.30196
57 60 1394.89 1397.19 2.30196
53 67 1195.97 1196.07 0.09754
8 63 1396.82 1398.13 1.31483
5 63 1199.93 1200.11 0.174597
48 61 1200.63 1200.81 0.184838
