25 63 0.670418 2.97238 2.30196
24 64 1.43584 3.7378 2.30196
0 0 8.31146 0 -8.31146
48 62 989.104 989.201 0.0975414
36 60 7.94274 10.2447 2.30196
42 64 8.62429 10.9262 2.30195
23 64 2.75409 5.05605 2.30196
47 61 2.96012 5.26208 2.30196
52 62 3.14119 5.44314 2.30195
43 64 3.06662 5.36857 2.30196
54 0 5.09308 0 -5.09308
4 0 6.11426 0 -6.11426
31 64 5.51393 7.81589 2.30196
2 0 6.64921 0 -6.64921
14 0 7.19438 0 -7.19438
46 63 7.32575 9.62771 2.30196
52 62 993.141 993.239 0.0975381
36 60 997.943 998.045 0.102663
44 64 7.67111 9.97307 2.30196
55 61 8.93612 11.2381 2.30196
5 62 9.16274 11.4647 2.30196
49 60 9.87104 12.173 2.30196
41 0 9.80438 0 -9.80438
51 60 10.2794 12.5814 2.30196
10 62 10.9988 13.3008 2.30196
33 0 11.9927 0 -11.9927
57 64 11.8728 14.1748 2.30195
34 60 987.003 987.105 0.10266
18 62 13.2282 15.5302 2.30196
35 60 12.9686 15.2705 2.30195
59 60 13.6572 15.9592 2.30196
19 0 13.3106 0 -13.3106
40 64 14.1924 16.4943 2.30195
53 64 15.4211 17.723 2.30196
27 0 18.0836 0 -18.0836
3 64 16.2846 18.5866 2.30196
43 64 993.067 993.164 0.0975392
22 63 17.4364 19.7383 2.30196
6 0 18.5109 0 -18.5109
9 62 1392.11 1394.41 2.30196
58 62 18.8826 21.1845 2.30196
15 0 18.9267 0 -18.9267
8 0 18.8536 0 -18.8536
45 63 1109.68 1109.77 0.0975366
20 64 19.3123 21.6143 2.30196
13 0 19.3661 0 -19.3661
7 0 20.8586 0 -20.8586
32 0 21.9525 0 -21.9525
12 0 20.4409 0 -20.4409
52 62 1173.14 1173.24 0.0975381
37 60 22.8224 25.1243 2.30195
26 64 23.161 25.463 2.30196
47 61 992.96 993.063 0.102662
38 60 23.1998 25.5018 2.30196
35 60 972.969 973.066 0.0975383
30 0 23.7746 0 -23.7746
9 62 24.746 27.048 2.30196
28 63 25.5719 27.8739 2.30196
1 62 25.8734 28.1753 2.30196
16 0 26.9608 0 -26.9608
45 63 959.676 959.774 0.0975366
34 60 27.0025 29.3045 2.30196
52 62 963.141 963.239 0.0975381
39 0 27.8531 0 -27.8531
56 61 28.6971 30.9991 2.30196
11 0 28.1514 0 -28.1514
50 0 28.0265 0 -28.0265
48 61 29.1037 31.4057 2.30196
21 0 28.6911 0 -28.6911
29 0 29.7101 0 -29.7101
45 63 29.6764 31.9783 2.30195
17 0 29.6461 0 -29.6461
18 64 989.885 990.069 0.184839
36 60 967.943 968.04 0.0975426
44 64 967.671 967.769 0.097541
26 0 251.054 0 -251.054
1 0 253.767 0 -253.767
38 60 478.986 481.288 2.30196
40 64 469.979 472.281 2.30195
37 0 934.395 0 -934.395
17 0 485.433 0 -485.433
20 0 247.206 0 -247.206
7 0 248.752 0 -248.752
8 62 474.64 476.942 2.30196
53 64 471.208 473.51 2.30196
52 62 1053.14 1053.24 0.102658
15 0 246.82 0 -246.82
9 0 252.639 0 -252.639
32 0 249.846 0 -249.846
45 63 257.57 259.872 2.30195
59 60 469.444 471.746 2.30196
50 0 255.92 0 -255.92
56 61 256.59 258.892 2.30196
57 64 467.659 469.961 2.30195
45 63 485.463 487.765 2.30195
58 62 246.776 249.078 2.30196
12 0 248.334 0 -248.334
37 60 250.716 253.018 2.30195
39 0 255.746 0 -255.746
16 0 254.854 0 -254.854
48 61 256.997 259.299 2.30196
44 64 463.458 465.76 2.30196
41 64 465.591 467.893 2.30196
8 62 246.747 249.049 2.30196
13 63 247.259 249.561 2.30196
29 0 257.603 0 -257.603
28 63 253.465 255.767 2.30196
34 60 254.896 257.198 2.30196
17 0 257.539 0 -257.539
11 0 256.045 0 -256.045
32 0 477.739 0 -477.739
28 63 709.252 711.554 2.30196
46 63 463.112 465.414 2.30196
50 60 483.813 486.115 2.30196
38 60 251.093 253.395 2.30196
43 64 963.067 963.164 0.0975392
32 0 933.525 0 -933.525
34 60 482.789 485.091 2.30196
25 63 228.564 230.866 2.30196
24 0 229.329 0 -229.329
23 64 230.647 232.949 2.30196
47 61 230.853 233.155 2.30196
43 64 230.96 233.262 2.30196
52 62 231.034 233.336 2.30195
54 63 232.986 235.288 2.30196
31 0 233.407 0 -233.407
4 63 234.008 236.309 2.30196
2 0 234.542 0 -234.542
14 62 235.088 237.39 2.30196
46 63 235.219 237.521 2.30196
44 64 235.564 237.866 2.30196
36 60 235.836 238.138 2.30196
0 64 236.205 238.507 2.30196
42 64 236.518 238.819 2.30195
55 61 236.829 239.131 2.30196
5 62 237.056 239.358 2.30196
41 0 237.698 0 -237.698
49 60 237.764 240.066 2.30196
51 60 238.173 240.475 2.30196
10 62 238.892 241.194 2.30196
57 64 239.766 242.068 2.30195
33 0 239.886 0 -239.886
35 60 240.862 243.164 2.30195
18 62 241.121 243.423 2.30196
19 0 241.204 0 -241.204
59 0 241.55 0 -241.55
40 64 242.086 244.388 2.30195
53 64 243.314 245.616 2.30196
3 62 244.178 246.48 2.30196
22 63 245.33 247.632 2.30196
27 0 245.977 0 -245.977
6 64 246.404 248.706 2.30196
56 61 988.697 988.8 0.10266
10 62 1001 1001.1 0.102663
55 61 1158.57 1158.67 0.102663
0 62 1166.08 1166.25 0.174598
30 0 251.668 0 -251.668
21 0 256.584 0 -256.584
47 61 962.96 963.058 0.0975416
23 64 1370.11 1372.42 2.30196
44 64 997.671 997.769 0.097541
10 62 970.999 971.173 0.174599
39 0 483.64 0 -483.64
48 62 484.89 487.192 2.30196
16 0 710.641 0 -710.641
0 62 464.098 466.4 2.30196
10 62 466.785 469.087 2.30196
33 0 467.779 0 -467.779
7 63 932.432 934.734 2.30196
50 61 711.706 714.008 2.30196
48 62 712.783 715.085 2.30196
3 62 472.071 474.373 2.30196
13 62 475.153 477.455 2.30196
44 64 937.671 937.774 0.102661
37 60 478.609 480.911 2.30195
11 0 483.938 0 -483.938
21 0 712.371 0 -712.371
36 60 463.729 466.031 2.30196
42 64 464.411 466.713 2.30195
18 64 469.015 471.317 2.30196
58 62 474.669 476.971 2.30196
6 0 474.297 0 -474.297
20 64 475.099 477.401 2.30196
30 0 479.561 0 -479.561
9 62 480.533 482.834 2.30196
21 0 484.478 0 -484.478
11 0 711.831 0 -711.831
34 60 710.682 712.984 2.30196
14 62 462.981 465.283 2.30196
15 64 474.713 477.015 2.30196
26 64 478.948 481.249 2.30196
12 0 476.227 0 -476.227
20 0 930.885 0 -930.885
17 64 941.219 943.521 2.30196
52 62 933.141 933.239 0.0975381
2 0 462.436 0 -462.436
49 61 465.658 467.959 2.30196
34 60 957.003 957.1 0.0975397
22 63 473.223 475.525 2.30196
7 0 476.645 0 -476.645
1 0 481.66 0 -481.66
16 0 482.747 0 -482.747
29 63 485.497 487.799 2.30196
55 61 464.723 467.025 2.30196
5 0 464.949 0 -464.949
51 0 466.066 0 -466.066
35 60 468.755 471.057 2.30195
19 63 469.097 471.399 2.30196
27 0 473.87 0 -473.87
28 0 481.358 0 -481.358
56 61 484.484 486.786 2.30196
1 63 709.553 711.855 2.30196
18 63 924.801 925.13 0.328714
25 63 456.457 458.759 2.30196
24 64 457.222 459.524 2.30196
23 64 458.541 460.843 2.30196
47 61 458.747 461.049 2.30196
43 64 458.853 461.155 2.30196
52 62 458.928 461.23 2.30195
54 63 460.88 463.182 2.30196
31 0 461.3 0 -461.3
4 0 461.901 0 -461.901
45 63 941.249 941.352 0.102657
39 60 711.533 713.835 2.30196
8 0 930.427 0 -930.427
34 60 938.575 938.678 0.10266
47 61 932.96 933.063 0.102662
18 64 957.343 957.672 0.328711
9 62 708.426 710.728 2.30196
1 0 937.446 0 -937.446
40 62 925.765 928.067 2.30197
15 0 930.5 0 -930.5
56 61 712.377 714.679 2.30196
43 64 933.067 933.169 0.102659
6 0 930.084 0 -930.084
48 62 940.677 940.779 0.102661
25 0 684.35 0 -684.35
24 0 685.116 0 -685.116
23 0 686.434 0 -686.434
47 61 686.64 688.942 2.30196
43 64 686.746 689.048 2.30196
52 62 686.821 689.123 2.30195
54 63 688.773 691.075 2.30196
31 0 689.194 0 -689.194
4 0 689.794 0 -689.794
2 0 690.329 0 -690.329
14 0 690.874 0 -690.874
46 0 691.005 0 -691.005
44 64 691.351 693.653 2.30196
36 60 691.622 693.924 2.30196
0 62 691.991 694.293 2.30196
42 64 692.304 694.606 2.30195
55 0 692.616 0 -692.616
5 0 692.842 0 -692.842
41 0 693.484 0 -693.484
49 0 693.551 0 -693.551
51 0 693.959 0 -693.959
10 62 694.679 696.981 2.30196
57 0 695.553 0 -695.553
33 0 695.672 0 -695.672
35 60 696.648 698.95 2.30195
18 63 696.908 699.21 2.30196
19 63 696.99 699.292 2.30196
59 60 697.337 699.639 2.30196
40 64 697.872 700.174 2.30195
53 64 699.101 701.403 2.30196
3 0 699.964 0 -699.964
22 0 701.116 0 -701.116
27 0 701.763 0 -701.763
6 64 702.191 704.493 2.30196
8 0 702.533 0 -702.533
58 62 702.562 704.864 2.30196
15 0 702.606 0 -702.606
20 64 702.992 705.294 2.30196
13 0 703.046 0 -703.046
12 63 704.121 706.423 2.30196
7 63 704.538 706.84 2.30196
32 0 705.632 0 -705.632
37 60 706.502 708.804 2.30195
26 64 706.841 709.143 2.30196
38 60 706.88 709.182 2.30196
30 63 707.454 709.756 2.30196
29 0 713.39 0 -713.39
45 63 713.356 715.658 2.30195
17 64 713.326 715.628 2.30196
26 64 934.734 937.036 2.30196
59 60 925.23 927.532 2.30196
18 64 1153.23 1153.33 0.0975431
38 0 934.773 0 -934.773
36 60 937.943 938.045 0.102663
16 0 938.534 0 -938.534
21 64 940.264 942.566 2.30196
35 60 942.969 943.066 0.0975383
19 63 924.884 927.186 2.30196
13 63 930.939 933.241 2.30196
45 63 989.676 989.774 0.0975366
30 0 935.348 0 -935.348
11 62 939.724 942.026 2.30196
50 60 939.599 941.901 2.30196
56 61 958.697 958.8 0.10266
35 60 924.542 924.644 0.102658
53 64 926.994 929.296 2.30196
27 0 929.657 0 -929.657
9 0 936.319 0 -936.319
48 62 959.104 959.201 0.0975414
29 0 941.283 0 -941.283
58 62 930.456 932.758 2.30196
12 63 932.014 934.316 2.30196
28 63 937.145 939.447 2.30196
39 60 939.426 941.728 2.30196
56 61 940.27 940.373 0.10266
10 62 940.999 941.173 0.174599
25 62 912.243 914.545 2.30196
24 0 913.009 0 -913.009
23 60 914.327 916.629 2.30197
47 61 914.533 914.636 0.102662
43 64 914.64 914.742 0.102659
52 62 914.714 914.817 0.102658
54 0 916.666 0 -916.666
31 64 917.087 919.389 2.30196
4 64 917.687 919.989 2.30196
2 0 918.222 0 -918.222
14 62 918.767 921.069 2.30196
46 63 918.899 921.201 2.30196
44 64 919.244 919.347 0.102661
36 60 919.516 919.618 0.102663
0 62 919.884 922.186 2.30196
42 0 920.197 0 -920.197
55 61 920.509 922.811 2.30196
5 0 920.736 0 -920.736
41 0 921.377 0 -921.377
49 61 921.444 923.746 2.30196
51 0 921.852 0 -921.852
10 62 922.572 922.757 0.184839
57 0 923.446 0 -923.446
33 0 923.566 0 -923.566
22 0 929.009 0 -929.009
3 64 927.858 930.16 2.30196
35 60 1002.97 1003.07 0.0975383
18 64 1008.18 1008.36 0.174599
34 60 1017 1017.1 0.0975397
58 62 1168.51 1168.61 0.10266
56 61 1018.7 1018.79 0.0975404
34 60 1167 1167.1 0.0975397
24 0 1368.8 0 -1368.8
48 62 1019.1 1019.21 0.102661
45 63 1019.68 1019.77 0.0975366
43 64 1023.07 1023.16 0.0975392
36 60 1027.94 1028.04 0.0975426
47 61 1022.96 1023.06 0.0975416
10 62 1031 1031.1 0.097543
52 62 1023.14 1023.24 0.102658
10 62 1151 1151.1 0.097543
56 61 1168.7 1168.79 0.0975404
46 63 1177.33 1177.43 0.102661
35 60 1032.97 1033.07 0.0975383
25 63 1201.17 1201.49 0.328713
44 64 1027.67 1027.77 0.097541
45 63 1169.68 1169.77 0.0975366
34 60 1047 1047.1 0.0975397
18 64 1033.23 1033.4 0.174599
56 61 1048.7 1048.79 0.0975404
48 62 1169.1 1169.2 0.0975414
55 61 1178.94 1179.04 0.102663
45 63 1049.68 1049.77 0.0975366
48 62 1049.1 1049.2 0.0975414
43 64 1053.07 1053.16 0.0975392
47 61 1052.96 1053.06 0.0975416
35 60 1062.97 1063.07 0.0975383
36 60 1057.94 1058.04 0.0975426
54 63 1372.45 1374.75 2.30196
10 62 1061 1061.1 0.097543
44 64 1147.67 1147.77 0.097541
44 64 1057.67 1057.77 0.097541
46 63 1156.95 1157.06 0.102661
34 60 1077 1077.1 0.0975397
18 64 1063.23 1063.33 0.102663
56 61 1078.7 1078.79 0.0975404
45 63 1079.68 1079.77 0.0975366
48 62 1079.1 1079.21 0.102661
36 60 1087.94 1088.04 0.0975426
52 62 1083.14 1083.24 0.102658
35 60 1092.97 1093.07 0.0975383
35 60 1152.97 1153.07 0.0975383
10 62 1091 1091.1 0.097543
47 61 1082.96 1083.06 0.0975416
43 64 1083.07 1083.16 0.0975392
25 63 1140.14 1140.75 0.616457
44 64 1087.67 1087.77 0.097541
24 64 1140.9 1143.2 2.30196
34 60 1107 1107.1 0.0975397
37 60 1162.29 1164.59 2.30195
18 64 1093.23 1093.33 0.0975431
19 63 1380.67 1382.97 2.30196
56 61 1108.7 1108.8 0.10266
48 62 1109.1 1109.2 0.0975414
40 64 1153.66 1155.96 2.30195
57 64 1151.34 1153.64 2.30195
51 61 1149.75 1152.05 2.30197
0 63 1147.78 1147.96 0.184839
43 64 1113.07 1113.16 0.0975392
52 62 1113.14 1113.24 0.0975381
36 60 1117.94 1118.04 0.0975426
19 63 1152.78 1155.08 2.30196
4 0 1145.58 0 -1145.58
54 63 1144.56 1146.86 2.30196
31 0 1144.98 0 -1144.98
56 61 1138.7 1138.8 0.10266
23 64 1142.22 1144.52 2.30196
59 60 1153.12 1153.45 0.328712
47 61 1112.96 1113.06 0.0975416
49 0 1149.34 0 -1149.34
41 62 1149.27 1151.57 2.30196
33 63 1151.46 1153.76 2.30196
52 62 1143.14 1143.24 0.0975381
45 63 1139.68 1139.77 0.0975366
10 62 1121 1121.1 0.097543
35 60 1122.97 1123.07 0.0975383
5 0 1148.63 0 -1148.63
55 61 1148.4 1148.51 0.102663
32 0 1161.42 0 -1161.42
42 0 1148.09 0 -1148.09
2 0 1146.12 0 -1146.12
14 60 1146.66 1148.96 2.30197
46 63 1146.79 1146.89 0.102661
44 64 1117.67 1117.77 0.097541
12 0 1159.91 0 -1159.91
7 0 1160.32 0 -1160.32
15 0 1158.39 0 -1158.39
26 64 1162.63 1162.81 0.18484
11 0 1167.62 0 -1167.62
53 0 1154.89 0 -1154.89
38 0 1162.67 0 -1162.67
48 62 1139.1 1139.2 0.0975414
28 63 1165.04 1165.37 0.328711
1 62 1165.34 1167.64 2.30196
16 0 1166.43 0 -1166.43
20 64 1158.78 1161.08 2.30196
47 61 1142.96 1143.06 0.0975416
13 0 1158.83 0 -1158.83
9 62 1164.21 1166.51 2.30196
30 63 1163.24 1165.54 2.30196
34 60 1137 1137.1 0.0975397
18 64 1123.23 1123.33 0.0975431
21 0 1168.16 0 -1168.16
29 0 1169.18 0 -1169.18
50 61 1167.49 1169.79 2.30196
39 0 1167.32 0 -1167.32
22 0 1156.9 0 -1156.9
27 63 1157.55 1159.85 2.30196
3 64 1155.75 1158.05 2.30196
8 0 1158.32 0 -1158.32
58 62 1158.35 1158.45 0.10266
6 64 1157.98 1160.28 2.30196
17 0 1169.11 0 -1169.11
43 64 1143.07 1143.16 0.0975392
36 60 1147.94 1148.04 0.0975426
53 64 1382.78 1385.08 2.30196
10 62 1181 1181.1 0.097543
43 64 1173.07 1173.16 0.0975392
47 61 1172.96 1173.06 0.0975416
44 64 1177.67 1177.77 0.097541
36 60 1177.94 1178.04 0.0975426
5 64 1376.52 1378.82 2.30196
2 62 1374.01 1376.31 2.30196
42 64 1375.98 1378.29 2.30195
35 60 1182.97 1183.07 0.0975383
22 63 1384.8 1387.1 2.30196
4 62 1373.47 1375.78 2.30196
31 0 1372.87 0 -1372.87
41 0 1377.16 0 -1377.16
51 0 1377.64 0 -1377.64
49 0 1377.23 0 -1377.23
6 0 1385.87 0 -1385.87
57 0 1379.23 0 -1379.23
0 62 1183.36 1183.54 0.174598
14 62 1374.55 1376.86 2.30196
8 0 1386.21 0 -1386.21
33 63 1379.35 1381.65 2.30196
21 0 1396.05 0 -1396.05
59 60 1185.67 1185.85 0.18484
3 62 1383.64 1385.95 2.30196
40 64 1381.55 1383.85 2.30195
12 0 1387.8 0 -1387.8
37 60 1390.18 1392.48 2.30195
28 63 1197.58 1197.76 0.184839
7 0 1388.22 0 -1388.22
13 0 1386.73 0 -1386.73
26 64 1193.16 1193.34 0.1746
16 62 1394.32 1396.62 2.30196
50 62 1395.39 1395.71 0.328709
27 0 1385.44 0 -1385.44
20 64 1386.67 1386.86 0.184839
11 62 1395.51 1397.81 2.30196
32 64 1389.31 1391.61 2.30196
18 64 1183.23 1183.33 0.0975431
58 62 1188.88 1188.99 0.10266
48 62 1199.1 1199.2 0.0975414
38 60 1390.56 1392.86 2.30196
30 63 1391.13 1393.44 2.30196
56 61 1198.7 1198.79 0.0975404
34 60 1197 1197.1 0.0975397
1 62 1393.23 1395.53 2.30196
39 0 1395.21 0 -1395.21
15 0 1386.29 0 -1386.29
45 63 1199.68 1199.77 0.0975366
29 63 1397.07 1399.37 2.30196
17 62 1397.01 1399.31 2.30196
