25 94 0.0603504 2.36231 2.30195
49 70 0.288916 2.59087 2.30195
44 74 0.896727 3.19868 2.30195
15 85 1.1063 3.40826 2.30195
10 79 1084.69 1084.79 0.0975398
35 90 922.275 922.377 0.102659
45 75 929.599 929.784 0.184836
23 88 0.298256 2.60021 2.30195
59 63 1098.04 1098.14 0.0975378
33 89 918.692 920.994 2.30196
35 90 466.488 468.79 2.30195
31 89 0.835157 3.13711 2.30195
47 68 1.16389 3.46584 2.30195
19 79 3.94049 6.24244 2.30195
10 79 4.69445 6.9964 2.30196
12 0 472.15 0 -472.15
27 94 6.53482 8.83677 2.30195
14 85 468.729 471.031 2.30195
4 85 6.46516 8.76711 2.30195
8 78 709.338 711.64 2.30195
45 69 1098.03 1098.13 0.10266
18 0 465.99 0 -465.99
32 89 7.47818 9.78013 2.30195
33 89 7.1193 9.42125 2.30196
20 85 7.03549 9.33745 2.30195
17 84 9.33016 11.6321 2.30196
40 69 8.85501 11.157 2.30195
22 88 1099.38 1099.48 0.0975387
35 90 10.7018 13.0038 2.30195
52 80 10.6818 12.9837 2.30195
24 93 9.80478 12.1067 2.30195
52 80 922.255 922.357 0.102659
1 72 11.0407 13.3427 2.30196
43 74 11.0915 13.3935 2.30196
18 84 10.2036 12.5056 2.30195
26 94 10.3067 12.6087 2.30195
58 86 11.1496 13.4515 2.30196
57 98 10.5403 12.8423 2.30195
32 89 919.051 919.154 0.102658
49 70 911.862 912.478 0.61645
5 84 958.792 958.895 0.102659
13 79 952.781 952.956 0.174594
58 88 922.723 925.025 2.30195
4 85 918.038 918.141 0.102656
49 70 1005.43 1005.76 0.328706
57 98 922.113 922.216 0.102658
57 98 466.327 468.629 2.30195
53 86 1042.95 1043.05 0.102658
14 85 12.9424 15.2443 2.30195
30 94 12.6659 14.9678 2.30195
53 86 934.522 934.707 0.184834
2 85 469.705 472.007 2.30195
6 0 17.6531 0 -17.6531
39 96 14.2434 16.5454 2.30195
2 85 13.9186 16.2206 2.30195
41 70 14.7675 17.0695 2.30195
26 94 466.093 468.395 2.30195
52 80 970.682 970.784 0.102659
12 85 16.3635 18.6655 2.30196
3 85 16.8339 19.1358 2.30195
36 97 16.8141 19.1161 2.30195
29 95 16.6463 18.9482 2.30195
54 87 932.467 934.769 2.30196
56 62 1043.58 1043.68 0.102657
30 94 972.666 972.769 0.102659
45 69 18.0259 20.3278 2.30196
59 63 18.042 20.344 2.30195
0 84 17.1053 19.4072 2.30196
21 84 481.707 484.009 2.30196
59 63 1008.04 1008.14 0.102658
42 76 1047.9 1048 0.097539
46 68 935.869 935.972 0.102658
9 0 19.0575 0 -19.0575
22 88 19.3834 21.6854 2.30195
34 95 18.4942 20.7961 2.30195
16 79 20.3363 22.6383 2.30195
34 95 1158.49 1158.59 0.0975372
51 76 941.012 941.115 0.102659
6 85 1385.01 1387.31 2.30195
48 77 20.621 22.9229 2.30195
7 0 20.4431 0 -20.4431
53 86 952.949 953.052 0.102658
3 85 928.407 930.709 2.30195
22 88 475.17 477.472 2.30195
54 87 20.8938 23.1958 2.30196
52 80 466.468 468.77 2.30195
6 85 473.44 475.742 2.30195
13 79 22.781 25.0829 2.30195
53 86 22.9494 25.2513 2.30195
10 78 967.108 967.282 0.174596
50 71 24.224 26.526 2.30195
56 62 23.5814 25.8834 2.30195
46 68 24.296 26.598 2.30195
37 96 959.727 959.83 0.102657
30 94 468.452 470.754 2.30195
55 82 25.8011 28.1031 2.30195
8 78 25.6579 27.9598 2.30195
28 88 25.5684 27.8704 2.30195
55 82 481.588 483.89 2.30195
40 69 1088.86 1088.95 0.0975373
50 71 1194.22 1194.32 0.0975383
31 89 912.408 912.593 0.184835
13 79 982.781 982.956 0.174594
2 85 1093.92 1094.02 0.0975375
12 85 927.937 930.238 2.30196
7 79 476.23 478.532 2.30195
25 94 960.06 960.158 0.0975387
41 70 926.341 928.642 2.30195
44 74 912.47 912.572 0.102657
57 98 970.54 970.638 0.0975376
16 79 476.123 478.425 2.30195
21 0 25.9204 0 -25.9204
37 96 29.727 32.029 2.30195
51 76 29.4392 31.7411 2.30195
11 79 27.135 29.437 2.30195
59 63 245.935 248.237 2.30195
17 78 920.903 923.205 2.30196
42 76 27.8989 30.2009 2.30196
40 69 920.428 920.531 0.102657
20 79 918.608 920.91 2.30196
43 75 1183.1 1183.43 0.328707
38 97 29.3217 31.6237 2.30195
5 84 28.7925 31.0945 2.30195
55 82 1045.8 1045.9 0.0975371
47 68 961.164 961.267 0.102656
56 62 935.154 935.257 0.102657
19 79 915.513 915.616 0.102658
15 85 912.679 912.782 0.102657
9 79 246.951 249.253 2.30195
7 78 248.336 250.638 2.30196
22 88 247.277 249.579 2.30195
50 71 252.117 254.419 2.30195
34 95 246.387 248.689 2.30195
16 79 248.23 250.532 2.30195
28 88 253.462 255.764 2.30195
11 79 255.028 257.33 2.30195
51 76 257.332 259.634 2.30195
33 0 462.906 0 -462.906
7 69 932.016 934.318 2.30197
51 76 989.439 989.542 0.102659
45 69 245.919 248.221 2.30196
5 84 256.686 258.988 2.30195
58 0 466.936 0 -466.936
2 85 1153.92 1154.02 0.0975375
4 85 1086.47 1086.56 0.0975365
46 68 480.083 482.384 2.30195
25 94 227.954 230.256 2.30195
49 70 228.182 230.484 2.30195
23 88 228.192 230.493 2.30195
31 89 228.728 231.03 2.30195
44 74 228.79 231.092 2.30195
15 85 229 231.302 2.30195
47 68 229.057 231.359 2.30195
19 79 231.834 234.136 2.30195
10 78 232.588 234.89 2.30196
4 85 234.358 236.66 2.30195
27 94 234.428 236.73 2.30195
20 85 234.929 237.231 2.30195
33 89 235.013 237.314 2.30196
32 89 235.371 237.673 2.30195
40 69 236.748 239.05 2.30195
17 78 237.223 239.525 2.30196
24 93 237.698 240 2.30195
18 84 238.097 240.399 2.30195
26 94 238.2 240.502 2.30195
57 98 238.434 240.736 2.30195
52 80 238.575 240.877 2.30195
35 90 238.595 240.897 2.30195
1 85 238.934 241.236 2.30196
43 69 238.985 241.287 2.30196
58 0 239.043 0 -239.043
30 94 240.559 242.861 2.30195
14 84 240.836 243.138 2.30196
2 85 241.812 244.114 2.30195
39 96 242.137 244.439 2.30195
41 70 242.661 244.963 2.30195
18 84 921.777 924.079 2.30195
12 79 244.257 246.559 2.30196
29 95 244.54 246.841 2.30195
36 97 244.707 247.009 2.30195
3 85 244.727 247.029 2.30195
0 85 244.999 247.3 2.30195
6 85 245.546 247.848 2.30195
8 78 481.444 483.746 2.30195
2 85 973.919 974.016 0.0975375
36 97 928.387 928.49 0.102658
50 71 935.797 935.9 0.102658
30 94 1092.67 1092.76 0.0975387
19 79 963.94 964.038 0.0975385
23 88 960.298 960.401 0.102658
23 88 911.871 911.974 0.102658
56 62 983.581 983.684 0.102657
59 63 1158.04 1158.14 0.0975378
53 86 250.843 253.145 2.30195
54 87 248.787 251.089 2.30196
48 77 248.514 250.816 2.30195
13 79 250.674 252.976 2.30195
55 82 253.694 255.996 2.30195
46 68 252.189 254.491 2.30195
8 78 253.551 255.853 2.30195
21 84 253.814 256.116 2.30196
56 62 251.475 253.777 2.30195
26 94 1090.31 1090.4 0.0975381
34 95 978.494 978.597 0.102657
27 94 1086.53 1086.64 0.102658
24 93 465.591 467.893 2.30195
11 79 987.135 987.233 0.0975365
50 71 984.224 984.327 0.102658
1 84 922.614 924.916 2.30195
42 76 987.899 987.996 0.097539
42 76 255.792 258.094 2.30196
37 96 257.62 259.922 2.30195
38 97 257.215 259.517 2.30195
25 94 990.06 990.158 0.0975387
54 87 1190.89 1191.07 0.174596
38 97 1109.32 1109.42 0.102658
49 70 1070.52 1070.84 0.328706
5 84 940.365 940.468 0.102659
23 88 1110.3 1110.4 0.0975385
25 94 1110.06 1110.16 0.0975387
56 62 953.581 953.684 0.102657
50 71 954.224 954.327 0.102658
50 71 1104.22 1104.32 0.0975383
28 88 481.355 483.657 2.30195
53 86 478.736 481.038 2.30195
21 84 937.493 939.795 2.30196
47 68 912.737 912.84 0.102656
52 80 1090.68 1090.78 0.097539
40 69 968.855 968.958 0.102657
15 85 1021.11 1021.21 0.102657
43 75 922.665 924.966 2.30196
38 97 959.322 959.496 0.174594
48 77 1040.62 1040.72 0.0975381
23 88 1050.3 1050.4 0.0975385
24 93 921.378 921.48 0.102657
42 76 957.899 958.002 0.102659
36 97 976.814 976.912 0.0975375
3 85 472.62 474.922 2.30195
0 0 472.892 0 -472.892
42 70 483.685 485.987 2.30196
48 77 476.407 478.709 2.30195
13 79 478.567 480.869 2.30195
5 84 484.579 486.881 2.30195
38 97 485.108 487.41 2.30195
20 85 462.822 465.124 2.30195
29 95 472.433 474.735 2.30195
11 79 482.922 485.223 2.30195
32 89 463.265 465.567 2.30195
40 69 464.642 466.943 2.30195
41 70 470.554 472.856 2.30195
36 97 472.601 474.903 2.30195
37 96 485.514 487.815 2.30195
27 94 462.321 464.623 2.30195
43 69 466.878 469.18 2.30196
39 96 470.03 472.332 2.30195
9 79 474.844 477.146 2.30195
45 69 473.812 476.114 2.30196
50 71 480.011 482.312 2.30195
46 68 707.976 710.278 2.30195
4 85 462.252 464.554 2.30195
17 84 465.117 467.419 2.30196
1 0 466.827 0 -466.827
34 95 474.281 476.583 2.30195
59 63 473.829 476.13 2.30195
51 76 485.226 487.528 2.30195
54 87 476.68 478.982 2.30196
56 62 479.368 481.67 2.30195
25 94 455.847 458.149 2.30195
49 70 456.075 458.377 2.30195
23 88 456.085 458.387 2.30195
31 89 456.622 458.924 2.30195
44 74 456.683 458.985 2.30195
15 85 456.893 459.195 2.30195
47 68 456.95 459.252 2.30195
19 79 459.727 462.029 2.30195
10 79 460.481 462.783 2.30196
37 96 989.727 989.83 0.102657
27 94 1026.53 1026.64 0.102658
8 78 985.658 985.761 0.102658
36 97 1156.81 1156.91 0.0975375
56 62 1103.58 1103.68 0.097537
27 94 918.108 918.293 0.184834
10 79 916.267 916.596 0.328708
26 94 970.307 970.404 0.0975381
28 88 955.568 955.671 0.102659
37 96 941.3 941.403 0.102657
50 71 707.904 710.206 2.30195
28 88 709.248 711.55 2.30195
21 0 709.6 0 -709.6
55 82 985.801 985.904 0.102657
55 82 709.481 711.783 2.30195
8 78 955.658 955.761 0.102658
29 95 928.219 930.521 2.30195
31 89 960.835 960.933 0.0975389
59 63 978.042 978.145 0.102658
46 68 984.296 984.399 0.102658
25 94 683.74 686.042 2.30195
49 70 683.969 686.271 2.30195
23 88 683.978 686.28 2.30195
31 89 684.515 686.817 2.30195
44 74 684.576 686.878 2.30195
15 85 684.786 687.088 2.30195
47 68 684.844 687.146 2.30195
19 79 687.62 689.922 2.30195
10 79 688.374 690.676 2.30196
4 85 690.145 692.447 2.30195
27 94 690.215 692.517 2.30195
20 0 690.715 0 -690.715
33 0 690.799 0 -690.799
32 89 691.158 693.46 2.30195
40 69 692.535 694.837 2.30195
17 84 693.01 695.312 2.30196
24 93 693.485 695.786 2.30195
18 84 693.883 696.185 2.30195
26 94 693.986 696.288 2.30195
57 98 694.22 696.522 2.30195
52 80 694.361 696.663 2.30195
35 97 694.382 696.683 2.30196
1 78 694.72 697.022 2.30196
43 68 694.771 697.073 2.30196
58 95 694.829 697.131 2.30196
30 94 696.346 698.648 2.30195
14 85 696.622 698.924 2.30195
2 85 697.598 699.9 2.30195
39 89 697.923 700.225 2.30196
41 70 698.447 700.749 2.30195
12 0 700.043 0 -700.043
29 88 700.326 702.628 2.30196
36 97 700.494 702.796 2.30195
3 85 700.514 702.816 2.30195
0 0 700.785 0 -700.785
6 91 701.333 703.635 2.30196
45 69 701.706 704.008 2.30196
59 64 701.722 704.024 2.30196
34 95 702.174 704.476 2.30195
9 0 702.737 0 -702.737
22 88 703.063 705.365 2.30195
16 79 704.016 706.318 2.30195
7 0 704.123 0 -704.123
48 77 704.301 706.603 2.30195
54 81 704.574 706.876 2.30196
13 79 706.461 708.763 2.30195
53 86 706.629 708.931 2.30195
56 62 707.261 709.563 2.30195
2 85 925.492 925.594 0.102658
39 96 1184.24 1184.42 0.174593
14 85 1182.94 1183.04 0.0975387
44 74 990.897 990.999 0.102657
36 97 1096.81 1096.91 0.0975375
46 68 1044.3 1044.4 0.102658
6 85 929.226 931.528 2.30195
0 0 928.678 0 -928.678
48 77 932.194 932.297 0.102658
24 93 969.805 969.902 0.0975374
35 90 970.702 970.799 0.0975387
34 95 1098.49 1098.59 0.0975372
13 79 1042.78 1042.88 0.102658
23 88 990.298 990.396 0.0975385
28 88 937.141 937.244 0.102659
26 94 921.88 921.982 0.102658
44 74 960.897 960.999 0.102657
11 73 710.815 713.117 2.30196
22 88 930.956 931.059 0.102659
51 76 713.119 715.421 2.30195
38 97 713.001 715.303 2.30195
37 96 713.407 715.709 2.30195
25 94 911.633 911.736 0.102659
14 79 924.515 926.817 2.30196
11 79 957.135 957.238 0.102656
59 63 929.615 929.718 0.102658
42 70 711.579 713.881 2.30196
39 96 925.816 928.118 2.30195
9 78 1386.42 1388.72 2.30196
5 84 712.472 714.774 2.30195
42 76 1107.9 1108 0.097539
49 70 972.89 973.219 0.328706
8 78 1105.66 1105.76 0.0975384
38 97 989.322 989.496 0.174594
19 79 933.94 934.043 0.102658
22 88 979.383 979.486 0.102659
36 97 1186.81 1186.91 0.0975375
27 94 1146.53 1146.64 0.102658
57 98 1090.54 1090.64 0.0975376
21 84 1165.39 1167.69 2.30196
28 88 1105.57 1105.67 0.0975387
15 85 961.106 961.209 0.102657
12 85 1383.72 1383.83 0.10266
52 80 1150.68 1150.78 0.097539
30 94 924.239 924.342 0.102659
11 79 938.708 938.811 0.102656
55 82 937.374 937.477 0.102657
25 94 930.06 930.163 0.102659
40 69 938.855 938.958 0.102657
42 76 939.472 939.657 0.184835
13 79 934.354 934.539 0.184834
9 0 930.63 0 -930.63
8 78 937.231 937.334 0.102658
4 85 936.465 936.568 0.102656
16 79 931.909 934.211 2.30195
34 95 930.067 930.17 0.102657
38 97 940.895 941.08 0.184834
51 76 959.439 959.542 0.102659
23 88 930.298 930.401 0.102658
15 85 931.106 931.209 0.102657
47 68 931.164 931.267 0.102656
28 88 985.568 985.671 0.102659
45 69 978.026 978.129 0.10266
44 74 930.897 930.999 0.102657
31 89 930.835 930.938 0.102659
31 89 990.835 990.933 0.0975389
50 71 1014.22 1014.33 0.102658
4 85 966.465 966.563 0.0975365
48 77 980.621 980.724 0.102658
44 74 1110.9 1110.99 0.0975372
7 79 1387.8 1388.13 0.328706
32 89 967.478 967.576 0.0975382
29 95 1186.65 1186.82 0.174595
30 94 1032.67 1032.76 0.0975387
24 93 1149.8 1149.9 0.0975374
27 94 966.535 966.632 0.0975376
10 79 948.809 948.994 0.184836
50 71 1044.22 1044.32 0.0975383
51 76 1139.44 1139.54 0.0975385
32 89 937.478 937.581 0.102658
5 84 988.792 988.895 0.102659
57 98 940.54 940.643 0.102658
27 94 936.535 936.637 0.102658
53 86 982.949 983.052 0.102658
24 93 939.805 939.907 0.102657
2 85 943.919 944.021 0.102658
26 94 940.307 940.409 0.102658
34 95 948.494 948.597 0.102657
48 77 950.621 950.724 0.102658
30 94 942.666 942.769 0.102659
45 69 948.026 948.2 0.174596
52 80 940.682 940.784 0.102659
35 90 940.702 940.804 0.102659
59 63 948.042 948.145 0.102658
55 82 955.801 955.904 0.102657
22 88 949.383 949.486 0.102659
36 97 946.814 946.917 0.102658
46 68 954.296 954.399 0.102658
15 85 991.106 991.209 0.102657
32 89 997.478 997.576 0.0975382
48 77 1010.62 1010.72 0.102658
42 76 1137.9 1138 0.097539
5 84 1138.79 1138.89 0.0975388
51 76 1109.44 1109.54 0.0975385
21 84 1393.28 1393.61 0.328708
47 68 991.164 991.261 0.0975365
5 84 1108.79 1108.89 0.0975388
31 89 1050.84 1050.94 0.102659
10 79 994.694 994.869 0.174596
19 79 993.94 994.043 0.102658
13 79 1102.78 1102.88 0.0975381
35 90 1000.7 1000.8 0.102659
27 94 996.535 996.632 0.0975376
19 79 1083.94 1084.04 0.0975385
23 88 1140.3 1140.4 0.0975385
1 84 1168.81 1168.91 0.102658
4 85 996.465 996.563 0.0975365
45 69 1158.03 1158.13 0.10266
40 69 998.855 998.958 0.102657
57 98 1000.54 1000.64 0.0975376
45 69 1008.03 1008.12 0.0975396
52 80 1000.68 1000.78 0.097539
24 93 999.805 999.902 0.0975374
53 86 1102.95 1103.05 0.0975377
2 85 1003.92 1004.02 0.102658
26 94 1000.31 1000.4 0.0975381
22 88 1009.38 1009.49 0.102659
5 84 1018.79 1018.9 0.102659
49 70 1037.97 1038.3 0.328706
38 97 1049.32 1049.42 0.102658
37 96 1049.73 1049.82 0.0975373
45 69 1188.03 1188.13 0.10266
11 79 1107.14 1107.23 0.0975365
55 82 1195.8 1195.9 0.0975371
55 82 1105.8 1105.9 0.0975371
37 96 1139.73 1139.82 0.0975373
32 89 1087.48 1087.58 0.0975382
22 88 1039.38 1039.48 0.0975387
30 94 1152.67 1152.76 0.0975387
30 94 1002.67 1002.76 0.0975387
42 76 1017.9 1018 0.097539
19 79 1023.94 1024.04 0.0975385
34 95 1008.49 1008.6 0.102657
31 89 1110.84 1110.93 0.0975389
51 76 1199.44 1199.54 0.0975385
59 63 1068.04 1068.14 0.102658
48 77 1100.62 1100.72 0.0975381
37 96 1019.73 1019.82 0.0975373
55 82 1015.8 1015.9 0.0975371
23 88 1020.3 1020.4 0.0975385
13 79 1012.78 1012.96 0.174594
56 62 1013.58 1013.68 0.102657
24 93 1029.8 1029.9 0.0975374
28 88 1015.57 1015.67 0.102659
46 68 1014.3 1014.4 0.102658
53 86 1012.95 1013.05 0.102658
47 68 1021.16 1021.26 0.0975365
36 97 1006.81 1006.91 0.0975375
51 76 1019.44 1019.54 0.102659
8 78 1015.66 1015.76 0.102658
38 97 1019.32 1019.5 0.174594
40 69 1028.86 1028.95 0.0975373
11 79 1017.14 1017.23 0.0975365
57 98 1030.54 1030.64 0.0975376
32 89 1027.48 1027.58 0.0975382
31 89 1020.84 1020.93 0.0975389
35 90 1030.7 1030.8 0.102659
25 94 1020.06 1020.16 0.0975387
44 74 1020.9 1021 0.102657
36 97 1036.81 1036.91 0.0975375
34 95 1038.49 1038.59 0.0975372
52 80 1030.68 1030.78 0.097539
5 84 1048.79 1048.89 0.0975388
4 85 1026.47 1026.56 0.0975365
10 79 1024.69 1024.8 0.10266
45 69 1038.03 1038.13 0.10266
25 94 1050.06 1050.16 0.0975387
28 88 1045.57 1045.67 0.0975387
59 63 1038.04 1038.14 0.102658
26 94 1030.31 1030.4 0.0975381
2 85 1033.92 1034.02 0.102658
8 78 1045.66 1045.76 0.0975384
51 76 1049.44 1049.54 0.0975385
44 74 1050.9 1051 0.102657
11 79 1047.14 1047.23 0.0975365
15 85 1051.11 1051.21 0.102657
41 70 1186.78 1187.1 0.328707
15 85 1111.11 1111.2 0.0975372
24 93 1059.8 1059.9 0.0975374
10 79 1054.69 1054.79 0.0975398
57 98 1060.54 1060.64 0.0975376
40 69 1058.86 1058.95 0.0975373
22 88 1189.38 1189.48 0.0975387
47 68 1051.16 1051.26 0.0975365
0 84 1384.46 1386.77 2.30196
49 70 1140.29 1140.46 0.174594
19 79 1053.94 1054.04 0.0975385
35 90 1060.7 1060.8 0.102659
32 89 1057.48 1057.58 0.0975382
52 80 1060.68 1060.78 0.097539
13 79 1192.78 1192.88 0.102658
15 85 1141.11 1141.2 0.0975372
46 68 1104.3 1104.4 0.102658
2 85 1183.92 1184.02 0.0975375
18 85 1159.83 1159.94 0.102661
26 94 1060.31 1060.4 0.0975381
35 90 1120.7 1120.8 0.0975387
27 94 1056.53 1056.64 0.102658
59 63 1188.04 1188.14 0.0975378
4 85 1056.47 1056.56 0.0975365
30 94 1182.67 1182.76 0.0975387
49 70 1121.36 1121.53 0.174594
11 79 1197.14 1197.23 0.0975365
26 94 1150.31 1150.4 0.0975381
4 85 1146.47 1146.56 0.0975365
34 95 1068.49 1068.59 0.0975372
45 69 1068.03 1068.13 0.10266
2 85 1063.92 1064.02 0.102658
36 97 1066.81 1066.91 0.0975375
49 70 1103.06 1103.24 0.184834
30 94 1062.67 1062.76 0.0975387
48 77 1070.62 1070.72 0.0975381
24 93 1089.8 1089.9 0.0975374
56 62 1073.58 1073.68 0.102657
8 78 1135.66 1135.76 0.0975384
22 88 1069.38 1069.48 0.0975387
50 71 1074.22 1074.32 0.0975383
53 86 1072.95 1073.05 0.0975377
28 88 1075.57 1075.67 0.0975387
8 78 1075.66 1075.76 0.0975384
35 90 1090.7 1090.8 0.102659
46 68 1074.3 1074.4 0.102658
5 84 1078.79 1078.89 0.0975388
51 76 1079.44 1079.54 0.102659
15 85 1081.11 1081.2 0.0975372
37 96 1109.73 1109.82 0.0975373
42 76 1077.9 1078 0.097539
44 74 1080.9 1080.99 0.0975372
55 82 1075.8 1075.9 0.0975371
11 79 1077.14 1077.23 0.0975365
25 94 1080.06 1080.16 0.0975387
23 88 1080.3 1080.4 0.0975385
37 96 1079.73 1079.82 0.0975373
31 89 1080.84 1080.94 0.102659
13 79 1072.78 1072.88 0.0975381
34 95 1188.49 1188.59 0.0975372
38 97 1079.32 1079.42 0.102658
47 68 1081.16 1081.26 0.0975365
10 79 1114.69 1114.8 0.10266
40 69 1118.86 1118.95 0.0975373
47 68 1111.16 1111.26 0.0975365
20 85 1146.5 1146.83 0.328707
32 89 1117.48 1117.58 0.0975382
33 89 1146.59 1148.89 2.30196
19 79 1113.94 1114.04 0.0975385
58 88 1150.62 1152.92 2.30195
26 94 1120.31 1120.4 0.0975381
18 84 1149.67 1149.77 0.102657
24 93 1119.8 1119.9 0.0975374
16 79 1190.34 1190.43 0.0975364
28 88 1195.57 1195.67 0.0975387
17 78 1148.8 1151.1 2.30196
57 98 1120.54 1120.64 0.0975376
27 94 1116.53 1116.64 0.102658
4 85 1116.47 1116.56 0.0975365
56 62 1193.58 1193.68 0.097537
52 80 1120.68 1120.78 0.097539
44 74 1140.9 1140.99 0.0975372
43 75 1150.56 1150.89 0.328707
7 79 1159.91 1162.21 2.30195
1 84 1150.51 1150.69 0.184834
14 85 1152.41 1152.51 0.102659
53 86 1132.95 1133.05 0.0975377
13 79 1132.78 1132.88 0.0975381
10 79 1144.69 1144.8 0.10266
6 85 1157.12 1159.42 2.30195
46 68 1134.3 1134.39 0.0975382
16 79 1159.8 1159.91 0.102656
56 62 1133.58 1133.68 0.097537
0 85 1156.57 1158.87 2.30195
39 96 1153.71 1153.89 0.184833
9 79 1158.52 1160.83 2.30195
41 70 1154.23 1154.56 0.328707
45 69 1128.03 1128.13 0.10266
54 87 1160.36 1160.54 0.184836
12 78 1155.83 1158.13 2.30196
29 95 1156.11 1156.3 0.184835
36 97 1126.81 1126.91 0.0975375
59 63 1128.04 1128.14 0.0975378
2 85 1123.92 1124.02 0.0975375
3 85 1156.3 1158.6 2.30195
19 79 1143.94 1144.04 0.0975385
32 89 1147.48 1147.58 0.0975382
35 90 1150.7 1150.8 0.0975387
57 98 1150.54 1150.64 0.0975376
25 94 1140.06 1140.16 0.0975387
22 88 1129.38 1129.48 0.0975387
11 79 1137.14 1137.23 0.0975365
55 82 1135.8 1135.9 0.0975371
47 68 1141.16 1141.26 0.0975365
25 94 1170.06 1170.16 0.0975387
31 89 1140.84 1140.93 0.0975389
34 95 1128.49 1128.59 0.0975372
48 77 1130.62 1130.72 0.0975381
28 88 1135.57 1135.67 0.0975387
50 71 1134.22 1134.32 0.0975383
40 69 1148.86 1148.95 0.0975373
38 97 1139.32 1139.42 0.102658
30 94 1122.67 1122.76 0.0975387
46 68 1194.3 1194.39 0.0975382
48 77 1190.62 1190.72 0.0975381
22 88 1159.38 1159.48 0.0975387
16 79 1169.97 1170.07 0.102656
48 77 1160.62 1160.72 0.0975381
13 79 1162.78 1162.88 0.102658
53 86 1162.95 1163.05 0.0975377
1 84 1181.04 1181.14 0.0975378
46 68 1164.3 1164.39 0.0975382
32 89 1177.48 1177.58 0.0975382
23 88 1170.3 1170.4 0.0975385
56 62 1163.58 1163.68 0.097537
20 85 1179.04 1179.23 0.184835
55 82 1165.8 1165.9 0.0975371
26 94 1180.31 1180.4 0.0975381
8 78 1195.66 1195.76 0.0975384
3 85 1384.19 1384.3 0.102657
28 88 1165.57 1165.67 0.0975387
42 76 1167.9 1168 0.097539
8 78 1165.66 1165.76 0.0975384
49 70 1170.29 1170.46 0.174594
58 88 1378.51 1378.84 0.328704
11 79 1167.14 1167.23 0.0975365
44 74 1170.9 1170.99 0.0975372
50 71 1164.22 1164.32 0.0975383
52 80 1180.68 1180.78 0.097539
42 76 1197.9 1198 0.097539
38 97 1199.32 1199.42 0.102658
5 0 1168.79 0 -1168.79
4 85 1176.47 1176.56 0.0975365
33 89 1374.48 1374.81 0.328707
17 84 1376.69 1376.87 0.184835
15 85 1171.11 1171.2 0.0975372
19 79 1173.94 1174.04 0.0975385
47 68 1171.16 1171.26 0.0975365
5 84 1198.79 1198.89 0.0975388
57 98 1180.54 1180.64 0.0975376
10 79 1174.69 1174.8 0.10266
31 89 1170.84 1170.93 0.0975389
35 90 1180.7 1180.8 0.0975387
51 76 1169.44 1169.54 0.0975385
37 96 1169.73 1169.82 0.0975373
38 97 1169.32 1169.42 0.102658
53 86 1192.95 1193.05 0.0975377
18 84 1180.2 1180.31 0.102657
24 93 1179.8 1179.9 0.0975374
37 96 1199.73 1199.82 0.0975373
40 69 1178.86 1178.95 0.0975373
27 94 1176.53 1176.64 0.102658
