59 80 0.400877 2.70283 2.30195
1 72 1.00363 3.30558 2.30195
33 62 4.86883 7.17079 2.30195
45 78 3.94832 6.25027 2.30196
38 69 4.62795 6.9299 2.30195
40 69 6.70767 9.00962 2.30195
23 76 4.17728 6.47923 2.30195
0 78 926.724 929.026 2.30196
21 61 924.776 924.878 0.102657
5 72 1.09703 3.39898 2.30195
6 73 1.17708 3.47904 2.30196
32 62 1040.69 1040.79 0.0975378
30 62 1168.1 1168.19 0.0975375
19 61 2.68932 4.99127 2.30195
41 73 479.451 481.753 2.30196
53 83 480.396 482.698 2.30195
14 0 480.785 0 -480.785
37 69 1094.86 1094.96 0.0975362
32 62 476.481 478.783 2.30195
25 76 479.316 481.618 2.30196
16 0 464.262 0 -464.262
34 77 466.171 468.473 2.30196
34 77 1090.38 1090.48 0.0975403
50 68 708.749 711.051 2.30196
56 68 463.838 466.14 2.30195
18 76 7.54238 9.84433 2.30195
11 78 7.36095 9.6629 2.30195
52 67 5.67274 7.97469 2.30195
27 77 474.888 477.19 2.30196
44 78 474.855 477.157 2.30195
38 69 1144.09 1144.42 0.328707
18 76 919.115 921.417 2.30195
56 68 919.624 919.727 0.102658
19 61 1082.69 1082.79 0.0975368
16 76 8.47507 10.777 2.30196
13 61 8.68874 10.9907 2.30195
56 68 8.05147 10.3534 2.30195
43 69 924.215 926.517 2.30196
23 76 1114.18 1114.27 0.097538
22 76 8.95076 11.2527 2.30196
5 72 1111.1 1111.19 0.0975366
25 76 1193.53 1193.63 0.0975395
4 72 1057.22 1057.32 0.102659
5 72 1051.1 1051.19 0.0975366
42 69 1163.62 1163.71 0.0975402
10 72 9.42883 11.7308 2.30195
40 69 1116.71 1116.81 0.102657
28 77 12.2358 14.5378 2.30196
34 77 10.3848 12.6868 2.30196
31 80 11.8749 14.1768 2.30196
24 61 11.2784 13.5804 2.30196
13 61 1088.69 1088.79 0.0975371
21 61 13.2027 15.5047 2.30195
43 69 12.6416 14.9436 2.30196
29 62 12.8828 15.1847 2.30195
20 0 13.0969 0 -13.0969
5 72 912.67 912.773 0.102657
54 83 1157.38 1157.48 0.0975381
3 0 13.3785 0 -13.3785
20 76 924.67 926.972 2.30196
9 72 13.655 15.957 2.30195
59 80 911.974 912.59 0.616449
54 83 473.169 475.471 2.30195
3 78 469.165 471.467 2.30196
2 72 471.423 473.725 2.30195
39 78 938.841 941.143 2.30196
47 0 14.8964 0 -14.8964
46 78 13.8583 16.1602 2.30195
36 62 470.629 472.931 2.30196
36 62 14.8427 17.1447 2.30196
37 69 14.8594 17.1614 2.30195
51 65 712.195 714.497 2.30196
33 62 1084.87 1084.97 0.0975375
26 0 931.403 0 -931.403
49 65 1165.38 1165.48 0.102659
0 0 15.151 0 -15.151
37 69 1034.86 1034.96 0.0975362
54 83 1037.38 1037.49 0.102658
2 72 15.6365 17.9384 2.30195
49 65 15.7516 18.0535 2.30195
29 80 924.456 926.758 2.30196
55 66 930.293 930.396 0.102659
35 62 17.8721 20.1741 2.30195
54 83 17.3826 19.6846 2.30195
7 72 17.2021 19.5041 2.30196
4 72 1109.72 1109.82 0.102659
28 77 468.022 470.324 2.30196
43 69 468.428 470.73 2.30196
7 73 472.989 475.291 2.30196
58 81 1159.53 1159.63 0.0975393
27 0 19.1012 0 -19.1012
48 64 19.1726 21.4745 2.30196
44 78 19.0688 21.3707 2.30195
15 61 18.3997 20.7017 2.30196
55 66 18.72 21.022 2.30196
30 62 18.4678 20.7698 2.30195
31 80 467.661 469.963 2.30196
29 62 468.669 470.971 2.30195
20 0 468.883 0 -468.883
40 69 1086.71 1086.81 0.0975373
6 72 1081.18 1081.28 0.102659
32 62 1100.69 1100.79 0.0975378
7 73 928.775 931.077 2.30196
0 72 470.937 473.239 2.30196
46 78 469.645 471.947 2.30195
9 72 469.442 471.743 2.30195
1 78 912.577 914.879 2.30196
10 72 465.215 467.517 2.30195
23 76 1084.18 1084.28 0.102658
58 81 19.5346 21.8365 2.30196
22 76 464.737 467.039 2.30196
13 61 464.475 466.777 2.30195
12 78 20.603 22.9049 2.30195
26 0 19.83 0 -19.83
12 78 1160.6 1160.7 0.0975379
54 83 928.956 929.058 0.102658
32 62 20.6947 22.9966 2.30195
4 72 941.294 941.622 0.328707
24 61 1031.28 1031.45 0.174597
42 68 23.6157 25.9176 2.30196
41 73 23.6647 25.9666 2.30196
25 65 23.5292 25.8312 2.30196
56 68 1178.05 1178.15 0.097538
53 83 1074.61 1074.71 0.102658
17 60 23.8449 26.1468 2.30196
11 78 463.147 465.449 2.30195
12 78 1070.6 1070.7 0.0975379
33 62 916.442 916.544 0.102658
52 67 917.246 917.348 0.102659
14 61 24.9985 27.3004 2.30196
50 82 25.0691 27.371 2.30196
53 83 24.6097 26.9117 2.30195
6 72 912.75 912.935 0.184835
52 67 461.459 463.761 2.30195
57 71 1047.5 1047.61 0.102657
19 61 914.262 914.365 0.102657
45 69 915.521 915.85 0.328707
59 80 456.187 458.489 2.30195
1 72 456.79 459.092 2.30195
5 72 456.884 459.185 2.30195
6 73 456.964 459.266 2.30196
19 61 458.476 460.778 2.30195
45 69 459.735 462.037 2.30196
23 76 459.964 462.266 2.30195
38 69 460.414 462.716 2.30195
33 62 460.655 462.957 2.30195
8 68 27.4791 29.7811 2.30196
57 71 27.5031 29.805 2.30195
8 78 255.372 257.674 2.30195
39 69 27.2678 29.5698 2.30196
57 71 1107.5 1107.61 0.102657
4 72 29.7206 32.0226 2.30195
51 69 28.5149 30.8168 2.30196
3 72 924.951 927.253 2.30196
17 76 479.631 481.933 2.30196
42 69 1073.62 1073.71 0.0975402
35 62 473.659 475.961 2.30195
58 81 475.321 477.623 2.30196
56 68 1118.05 1118.15 0.097538
26 0 247.723 0 -247.723
42 82 251.509 253.811 2.30196
30 62 474.254 476.556 2.30195
55 66 246.613 248.915 2.30196
58 81 247.428 249.73 2.30196
44 78 246.962 249.264 2.30195
41 73 251.558 253.86 2.30196
57 71 255.396 257.698 2.30195
39 78 255.161 257.463 2.30196
22 76 1118.95 1119.05 0.0975392
21 61 468.989 471.291 2.30195
0 78 1382.51 1382.61 0.102659
30 0 246.361 0 -246.361
48 64 247.066 249.368 2.30196
27 77 246.994 249.296 2.30196
4 72 257.614 259.916 2.30195
26 0 475.616 0 -475.616
55 66 1098.72 1098.82 0.0975391
25 0 251.422 0 -251.422
58 81 979.535 979.637 0.102659
51 65 256.408 258.71 2.30196
42 69 935.189 935.291 0.10266
15 61 246.293 248.595 2.30196
17 0 251.738 0 -251.738
59 80 228.294 230.596 2.30195
1 0 228.897 0 -228.897
5 72 228.99 231.292 2.30195
6 72 229.07 231.372 2.30196
19 61 230.583 232.885 2.30195
45 69 231.842 234.144 2.30196
23 76 232.071 234.372 2.30195
38 69 232.521 234.823 2.30195
33 62 232.762 235.064 2.30195
52 67 233.566 235.868 2.30195
40 69 234.601 236.903 2.30195
11 78 235.254 237.556 2.30195
18 76 235.436 237.738 2.30195
56 68 235.945 238.247 2.30195
16 61 236.368 238.67 2.30195
13 61 236.582 238.884 2.30195
22 76 236.844 239.146 2.30196
10 72 237.322 239.624 2.30195
34 77 238.278 240.58 2.30196
24 61 239.172 241.474 2.30196
31 80 239.768 242.07 2.30196
28 66 240.129 242.431 2.30196
43 69 240.535 242.837 2.30196
29 62 240.776 243.078 2.30195
20 61 240.99 243.292 2.30195
21 61 241.096 243.398 2.30195
3 72 241.272 243.574 2.30196
9 72 241.548 243.85 2.30195
46 78 241.752 244.053 2.30195
36 62 242.736 245.038 2.30196
37 69 242.753 245.055 2.30195
47 0 242.79 0 -242.79
0 78 243.044 245.346 2.30196
2 72 243.53 245.832 2.30195
49 65 243.645 245.947 2.30195
7 72 245.095 247.397 2.30196
54 83 245.276 247.578 2.30195
35 77 245.765 248.067 2.30196
43 69 1182.64 1182.74 0.0975392
37 69 470.646 472.948 2.30195
23 76 915.75 915.853 0.102658
38 69 916.201 918.503 2.30195
40 69 462.494 464.796 2.30195
12 78 932.176 932.279 0.102658
8 78 483.266 485.568 2.30195
32 62 248.588 250.89 2.30195
12 78 248.496 250.798 2.30195
53 83 252.503 254.805 2.30195
27 77 1386.46 1388.76 2.30196
42 82 479.402 481.704 2.30196
21 61 1033.2 1033.3 0.0975371
15 61 474.186 476.488 2.30196
58 81 1039.53 1039.64 0.102659
24 61 467.065 469.367 2.30196
4 72 485.507 487.809 2.30195
14 0 252.892 0 -252.892
50 69 252.962 255.264 2.30196
12 78 476.389 478.691 2.30195
49 65 471.538 473.84 2.30195
31 80 1181.87 1181.97 0.09754
37 69 944.859 944.957 0.0975363
42 69 1043.62 1043.71 0.0975402
48 64 474.959 477.261 2.30196
47 69 926.469 928.771 2.30196
10 72 1089.43 1089.53 0.102659
59 80 1103.17 1103.35 0.184833
13 61 1118.69 1118.79 0.0975371
39 78 483.054 485.356 2.30196
16 61 920.048 922.35 2.30195
13 61 920.262 920.364 0.102657
47 73 470.683 472.985 2.30196
55 66 474.507 476.808 2.30196
18 76 463.329 465.631 2.30195
5 72 1081.1 1081.19 0.0975366
32 62 1070.69 1070.79 0.0975378
56 68 1088.05 1088.15 0.097538
31 80 923.448 925.75 2.30196
57 71 939.076 939.405 0.328705
32 62 1160.69 1160.79 0.0975378
36 80 926.416 928.718 2.30196
47 78 1382.26 1382.36 0.102659
59 80 1121.47 1121.64 0.174593
44 69 930.642 932.944 2.30196
48 0 930.746 0 -930.746
53 83 936.183 936.368 0.184834
28 77 923.809 926.111 2.30196
51 69 940.088 940.704 0.616453
50 69 480.856 483.158 2.30196
22 76 1088.95 1089.05 0.102659
21 61 1153.2 1153.3 0.0975371
37 69 926.432 926.535 0.102656
9 72 925.228 925.331 0.102657
5 0 931.097 0 -931.097
6 78 931.177 931.352 0.174599
57 71 483.29 485.592 2.30195
51 65 484.301 486.603 2.30196
24 61 1181.28 1181.38 0.0975406
34 77 921.958 922.06 0.10266
24 60 922.851 923.18 0.328709
36 62 1382.2 1382.3 0.102659
40 69 918.281 918.465 0.184833
11 78 918.934 919.037 0.102657
12 78 1100.6 1100.7 0.0975379
14 68 708.678 710.98 2.30197
50 82 936.642 938.944 2.30196
58 81 1129.53 1129.63 0.0975393
21 61 1093.2 1093.3 0.0975371
32 77 1190.69 1190.79 0.0975418
58 81 931.108 931.292 0.184835
41 78 935.238 937.54 2.30196
17 0 935.418 0 -935.418
53 83 1194.61 1194.71 0.102658
35 62 929.445 931.747 2.30195
53 83 708.289 710.591 2.30195
15 61 929.973 932.275 2.30196
14 76 936.571 938.873 2.30196
46 78 925.431 927.733 2.30195
59 80 684.081 686.383 2.30195
1 72 684.683 686.985 2.30195
5 72 684.777 687.079 2.30195
6 72 684.857 687.159 2.30196
19 61 686.369 688.671 2.30195
45 69 687.628 689.93 2.30196
23 76 687.857 690.159 2.30195
38 81 688.308 690.61 2.30196
33 62 688.549 690.851 2.30195
52 67 689.352 691.654 2.30195
40 65 690.387 692.689 2.30196
11 78 691.041 693.343 2.30195
18 65 691.222 693.524 2.30196
56 68 691.731 694.033 2.30195
16 61 692.155 694.457 2.30195
13 61 692.368 694.67 2.30195
22 76 692.631 694.932 2.30196
10 72 693.109 695.411 2.30195
34 77 694.065 696.367 2.30196
24 62 694.958 697.26 2.30197
31 80 695.555 697.857 2.30196
28 66 695.916 698.218 2.30196
43 82 696.321 698.623 2.30196
29 62 696.562 698.864 2.30195
20 60 696.777 699.079 2.30196
21 60 696.882 699.184 2.30196
3 0 697.058 0 -697.058
9 72 697.335 699.637 2.30195
46 0 697.538 0 -697.538
36 80 698.522 700.824 2.30196
37 69 698.539 700.841 2.30195
47 69 698.576 700.878 2.30196
0 0 698.831 0 -698.831
2 72 699.316 701.618 2.30195
49 76 699.431 701.733 2.30196
7 73 700.882 703.184 2.30196
54 83 701.062 703.364 2.30195
35 62 701.552 703.854 2.30195
15 61 702.079 704.381 2.30196
30 62 702.148 704.449 2.30195
55 66 702.4 704.702 2.30196
44 81 702.749 705.05 2.30196
27 0 702.781 0 -702.781
48 60 702.852 705.154 2.30196
58 81 703.214 705.516 2.30196
26 62 703.51 705.812 2.30196
12 78 704.283 706.585 2.30195
32 62 704.374 706.676 2.30195
25 76 707.209 709.511 2.30196
42 69 707.295 709.597 2.30196
41 69 707.344 709.646 2.30196
17 76 707.525 709.827 2.30196
55 66 1158.72 1158.82 0.0975391
40 69 936.708 936.882 0.174593
4 72 1079.72 1079.82 0.0975387
37 69 1124.86 1124.96 0.0975362
54 83 977.383 977.485 0.102658
6 72 1111.18 1111.27 0.0975392
9 72 1183.66 1183.75 0.0975368
52 67 1085.67 1085.77 0.0975388
9 0 1153.66 0 -1153.66
39 78 1197.27 1197.37 0.0975391
39 78 710.948 713.25 2.30196
25 61 935.102 937.404 2.30196
4 73 713.4 715.702 2.30196
8 78 939.052 941.354 2.30195
30 62 930.041 932.343 2.30195
2 72 927.209 929.511 2.30195
8 78 711.159 713.461 2.30195
57 83 711.183 713.485 2.30196
27 77 930.674 932.976 2.30196
32 62 932.268 932.37 0.102658
7 72 1166.83 1166.93 0.10266
22 76 920.524 920.626 0.102659
10 72 921.002 921.187 0.184835
11 78 1177.36 1177.46 0.0975373
9 72 1093.66 1093.75 0.0975368
45 69 1083.95 1084.05 0.102659
16 61 1147.94 1148.04 0.102658
10 72 1119.43 1119.53 0.102659
49 65 927.325 929.627 2.30195
51 69 1131.28 1131.61 0.328709
45 69 948.063 948.392 0.328707
19 61 932.689 932.792 0.102657
32 62 980.695 980.797 0.102658
6 72 1051.18 1051.35 0.174595
12 78 1040.6 1040.71 0.102658
55 66 1068.72 1068.82 0.0975391
33 62 994.869 994.971 0.102658
11 78 1117.36 1117.46 0.0975373
23 76 934.177 934.28 0.102658
52 67 935.673 935.775 0.102659
18 76 1147.01 1147.11 0.102659
17 61 1391.2 1391.31 0.10266
44 78 1168.7 1168.8 0.102658
12 78 980.603 980.706 0.102658
55 66 1188.72 1188.82 0.0975391
44 78 1189.07 1189.17 0.0975382
9 72 1033.66 1033.75 0.0975368
33 80 934.869 934.971 0.102663
51 69 1098.74 1099.07 0.328709
10 72 1179.43 1179.53 0.102659
54 83 1097.38 1097.49 0.102658
53 83 1044.61 1044.71 0.102658
55 66 1038.72 1038.82 0.0975391
51 69 1066.2 1066.53 0.328709
22 76 1178.95 1179.05 0.0975392
37 69 974.859 974.957 0.0975363
34 77 1000.38 1000.48 0.0975403
2 72 1185.64 1185.73 0.0975373
59 80 1070.63 1070.96 0.328705
1 72 1140.47 1140.57 0.102658
11 78 937.361 937.464 0.102657
32 62 1010.69 1010.8 0.102658
56 68 998.051 998.149 0.097538
10 72 939.429 939.603 0.174595
22 76 938.951 939.053 0.102659
56 68 938.051 938.154 0.102658
13 61 938.689 938.786 0.0975371
24 61 955.393 955.722 0.328709
42 69 1013.62 1013.72 0.10266
54 83 947.383 947.485 0.102658
34 77 940.385 940.488 0.10266
55 66 948.72 948.818 0.0975391
35 62 1167.5 1167.6 0.102657
21 61 943.203 943.305 0.102657
34 77 1030.38 1030.48 0.0975403
9 0 943.655 0 -943.655
34 77 970.385 970.482 0.0975403
52 67 965.673 965.775 0.102659
39 78 1176.9 1177 0.102659
12 78 950.603 950.706 0.102658
10 72 969.429 969.603 0.174595
53 83 954.61 954.712 0.102658
6 72 961.177 961.352 0.174595
32 62 950.695 950.792 0.0975378
5 72 961.097 961.195 0.0975366
42 69 953.616 953.718 0.10266
9 72 973.655 973.753 0.0975368
33 62 964.869 964.966 0.0975375
59 80 973.002 973.331 0.328705
58 81 949.535 949.637 0.102659
57 71 971.618 971.72 0.102657
4 72 973.835 974.164 0.328707
19 61 962.689 962.792 0.102657
22 76 968.951 969.053 0.102659
45 69 980.605 980.933 0.328707
13 61 968.689 968.786 0.0975371
23 76 964.177 964.28 0.102658
58 81 1189.53 1189.63 0.0975393
53 83 1014.61 1014.71 0.0975383
11 78 967.361 967.464 0.102657
40 69 966.708 966.882 0.174593
55 66 978.72 978.823 0.102659
56 68 968.051 968.154 0.102658
31 80 1169.64 1169.74 0.10266
24 61 987.935 988.12 0.184837
13 61 1028.69 1028.79 0.0975371
21 61 973.203 973.3 0.0975371
25 76 1173.16 1173.26 0.10266
57 71 987.503 987.601 0.0975372
22 76 998.951 999.048 0.0975392
53 83 1164.61 1164.71 0.102658
53 83 984.61 984.707 0.0975383
51 69 1001.12 1001.44 0.328709
40 69 996.708 996.882 0.174593
34 77 1060.38 1060.48 0.0975403
42 69 1103.62 1103.71 0.0975402
45 69 1113.95 1114.05 0.0975394
42 69 1193.62 1193.71 0.0975402
14 61 1392.36 1392.97 0.616452
10 72 999.429 999.531 0.102659
54 83 1067.38 1067.49 0.102658
59 80 1005.54 1005.87 0.328705
5 72 991.097 991.2 0.102657
13 61 998.689 998.786 0.0975371
6 72 991.177 991.352 0.174595
52 67 995.673 995.775 0.102659
42 78 983.616 983.718 0.102661
4 72 1006.38 1006.71 0.328707
15 61 1385.76 1385.86 0.10266
23 76 994.177 994.28 0.102658
56 68 1148.05 1148.15 0.097538
19 61 992.689 992.792 0.102657
45 69 1013.15 1013.33 0.184835
11 78 997.361 997.464 0.102657
9 72 1003.66 1003.75 0.0975368
24 61 1006.23 1006.41 0.174597
57 71 1077.5 1077.61 0.102657
37 69 1004.86 1004.96 0.0975363
12 78 1010.6 1010.71 0.102658
21 61 1003.2 1003.3 0.0975371
58 81 1009.53 1009.63 0.0975393
40 69 1026.71 1026.81 0.102657
51 69 1033.66 1033.99 0.328709
6 72 1021.18 1021.35 0.174595
57 71 1017.5 1017.6 0.0975372
4 72 1038.92 1039.1 0.184835
55 66 1008.72 1008.82 0.102659
52 67 1025.67 1025.78 0.102659
22 76 1028.95 1029.05 0.0975392
5 72 1021.1 1021.19 0.0975366
45 69 1031.44 1031.62 0.174595
23 76 1024.18 1024.28 0.102658
11 78 1027.36 1027.46 0.102657
54 83 1007.38 1007.49 0.102658
33 62 1024.87 1024.97 0.102658
19 61 1022.69 1022.79 0.102657
59 80 1038.09 1038.41 0.328705
10 72 1029.43 1029.53 0.0975385
56 68 1028.05 1028.15 0.097538
29 62 1182.88 1182.98 0.0975374
22 76 1058.95 1059.05 0.102659
23 76 1054.18 1054.28 0.102658
33 62 1054.87 1054.97 0.0975375
9 72 1063.66 1063.75 0.0975368
53 83 1104.61 1104.71 0.102658
45 69 1053.95 1054.12 0.174595
19 61 1052.69 1052.79 0.0975368
24 61 1091.28 1091.38 0.102661
11 78 1087.36 1087.46 0.0975373
58 81 1069.53 1069.64 0.102659
49 65 1185.75 1185.85 0.102659
57 71 1197.5 1197.6 0.0975372
33 62 1114.87 1114.97 0.0975375
3 78 1380.74 1383.04 2.30196
40 69 1056.71 1056.81 0.0975373
11 78 1057.36 1057.46 0.0975373
24 61 1061.28 1061.45 0.174597
52 67 1055.67 1055.78 0.102659
37 69 1064.86 1064.96 0.0975362
13 61 1058.69 1058.79 0.0975371
10 72 1059.43 1059.53 0.102659
28 77 1151.7 1154 2.30196
52 67 1115.67 1115.77 0.0975388
19 61 1112.69 1112.79 0.0975368
16 61 1178.48 1178.57 0.0975382
58 81 1099.53 1099.63 0.0975393
56 68 1058.05 1058.15 0.097538
21 61 1063.2 1063.3 0.0975371
36 62 1154.31 1156.61 2.30196
46 78 1153.32 1155.63 2.30195
30 80 1157.93 1158.04 0.102662
34 77 1120.38 1120.48 0.0975403
26 0 1159.3 0 -1159.3
31 80 1151.34 1151.53 0.184836
49 65 1155.22 1155.32 0.102659
50 69 1392.43 1393.05 0.616451
13 61 1148.69 1148.79 0.0975371
30 62 1188.47 1188.57 0.102658
4 72 1199.72 1199.82 0.102659
27 77 1158.57 1160.87 2.30196
2 72 1155.1 1155.21 0.102657
35 62 1157.34 1157.44 0.102657
44 78 1158.54 1158.64 0.102658
0 72 1154.62 1156.92 2.30196
24 61 1121.28 1121.38 0.0975406
12 78 1190.6 1190.7 0.0975379
35 62 1187.87 1187.97 0.0975375
46 78 1381.22 1381.32 0.102657
20 61 1380.46 1380.56 0.102658
15 61 1157.87 1160.17 2.30196
51 69 1163.82 1164.15 0.328709
54 83 1127.38 1127.48 0.0975381
48 65 1158.64 1160.94 2.30196
55 66 1128.72 1128.82 0.0975391
7 72 1156.67 1156.77 0.10266
43 69 1152.11 1152.21 0.102659
9 72 1123.66 1123.75 0.0975368
47 69 1154.36 1156.66 2.30196
17 61 1163.31 1165.61 2.30196
5 72 1141.1 1141.19 0.0975366
57 71 1137.5 1137.61 0.102657
14 61 1164.46 1166.77 2.30196
19 61 1142.69 1142.79 0.0975368
53 83 1134.61 1134.71 0.102658
12 78 1130.6 1130.7 0.0975379
29 62 1152.35 1152.45 0.102657
3 73 1152.84 1155.15 2.30196
20 61 1152.56 1154.87 2.30195
21 61 1123.2 1123.3 0.0975371
28 77 1379.6 1379.78 0.184836
48 65 1386.53 1386.72 0.184835
59 80 1140.4 1140.5 0.102657
4 72 1139.72 1139.82 0.102659
8 68 1166.95 1169.25 2.30196
32 62 1130.69 1130.79 0.0975378
7 72 1187.2 1187.3 0.10266
37 69 1154.86 1154.96 0.0975362
21 61 1183.2 1183.3 0.0975371
50 69 1164.54 1166.84 2.30196
33 62 1144.87 1144.97 0.0975375
39 78 1166.73 1166.84 0.102659
23 76 1144.18 1144.27 0.097538
22 76 1148.95 1149.05 0.0975392
45 69 1143.95 1144.05 0.0975394
1 72 1150.63 1150.74 0.102658
6 72 1141.18 1141.27 0.0975392
25 76 1163 1163.1 0.10266
41 78 1163.13 1165.43 2.30196
42 69 1133.62 1133.71 0.0975402
41 78 1391.02 1391.21 0.184835
8 78 1394.84 1395.17 0.328706
24 61 1151.28 1151.38 0.0975406
40 69 1146.71 1146.81 0.102657
16 61 1158.1 1158.21 0.102658
11 78 1147.36 1147.46 0.0975373
52 67 1145.67 1145.77 0.0975388
10 72 1149.43 1149.53 0.102659
34 77 1150.38 1150.48 0.0975403
13 61 1178.69 1178.79 0.0975371
57 71 1167.5 1167.61 0.102657
4 72 1169.72 1169.82 0.102659
51 69 1196.37 1196.7 0.328709
18 76 1177.54 1177.64 0.0975388
37 69 1184.86 1184.96 0.0975362
26 62 1387.19 1389.49 2.30196
54 83 1187.38 1187.48 0.0975381
23 76 1174.18 1174.27 0.097538
6 78 1171.18 1171.28 0.102663
5 72 1171.1 1171.19 0.0975366
40 69 1176.71 1176.81 0.102657
19 61 1172.69 1172.79 0.0975368
38 69 1176.64 1176.96 0.328707
59 80 1170.4 1170.5 0.0975372
1 72 1171 1171.11 0.102658
33 62 1174.87 1174.97 0.0975375
34 77 1180.38 1180.48 0.0975403
45 69 1173.95 1174.05 0.0975394
52 67 1175.67 1175.77 0.0975388
