55 67 0.179521 2.48147 2.30195
7 84 0.581574 2.88353 2.30195
16 0 2.54444 0 -2.54444
48 89 3.44843 5.75038 2.30195
28 62 5.56953 7.87148 2.30195
59 87 6.58038 8.88233 2.30195
30 70 6.36877 8.67072 2.30195
7 84 990.582 990.684 0.102658
5 92 932.249 932.347 0.0975369
14 92 1.02636 3.32831 2.30195
41 73 943.113 943.216 0.102658
6 85 1147.94 1148.04 0.0975378
25 91 1070.26 1070.36 0.0975372
20 0 1.12766 0 -1.12766
1 84 937.558 939.86 2.30196
9 91 940.954 941.051 0.0975374
2 85 1.49549 3.79744 2.30195
44 66 1003.15 1003.26 0.102658
2 85 1081.5 1081.59 0.0975376
13 0 1.64262 0 -1.64262
51 103 1033.05 1033.16 0.102658
47 0 477.549 0 -477.549
5 92 2.24929 4.55125 2.30195
50 103 1075.49 1075.59 0.0975381
5 92 1022.25 1022.35 0.0975369
55 67 930.18 930.282 0.102657
31 62 2.39475 4.6967 2.30195
15 92 482.833 485.135 2.30195
37 71 7.42559 9.72755 2.30195
12 84 7.72275 10.0247 2.30196
38 79 7.28098 9.58293 2.30195
21 92 6.84397 9.14592 2.30195
25 91 476.05 478.352 2.30195
45 65 941.909 942.012 0.102658
25 91 950.264 950.366 0.102657
46 93 1148.64 1148.74 0.0975379
52 90 473.955 476.257 2.30195
2 85 991.495 991.593 0.0975376
9 91 1000.95 1001.05 0.0975374
46 93 8.63923 10.9412 2.30195
6 85 7.93907 10.241 2.30195
50 103 1015.49 1015.59 0.0975381
53 83 10.44 12.7419 2.30195
29 70 11.001 13.3029 2.30195
27 91 10.3844 12.6864 2.30195
9 91 10.9538 13.2557 2.30195
54 67 1005.63 1005.72 0.0975373
10 92 938.369 940.671 2.30196
45 65 11.9095 14.2114 2.30195
32 70 12.303 14.6049 2.30195
0 92 14.174 16.4759 2.30195
51 103 1093.05 1093.15 0.0975376
1 0 481.771 0 -481.771
34 85 1011.33 1011.43 0.0975363
44 66 13.1549 15.4569 2.30195
41 73 13.1132 15.4151 2.30195
51 103 13.0525 15.3545 2.30195
32 70 942.303 942.406 0.102658
36 85 13.857 16.159 2.30195
8 91 13.3898 15.6918 2.30195
19 92 472.85 475.152 2.30195
25 91 1010.26 1010.36 0.0975372
57 80 950.984 951.087 0.102659
3 92 956.651 956.754 0.102657
17 92 16.1022 18.4041 2.30195
56 80 15.2867 17.5886 2.30195
18 0 21.2118 0 -21.2118
54 67 15.6268 17.9288 2.30195
19 92 17.0638 19.3658 2.30195
44 66 943.155 943.258 0.102658
52 90 18.1682 20.4702 2.30195
3 92 1076.65 1076.75 0.0975375
33 77 18.7438 21.0457 2.30195
25 91 20.2638 22.5657 2.30195
39 71 18.78 21.0819 2.30195
22 85 18.7344 21.0364 2.30195
2 85 931.495 931.593 0.0975376
58 97 953.727 953.83 0.102658
38 79 967.281 967.384 0.102658
12 84 1087.72 1087.82 0.097539
20 0 1140.59 0 -1140.59
50 103 955.492 955.594 0.102658
35 78 21.4574 23.7594 2.30196
23 0 21.1169 0 -21.1169
57 80 20.9844 23.2864 2.30196
58 97 1073.73 1073.82 0.097538
24 91 27.0152 29.3171 2.30195
47 0 21.7626 0 -21.7626
34 85 21.3303 23.6323 2.30195
40 72 20.6341 22.936 2.30195
26 92 480.378 482.68 2.30195
33 77 948.744 948.846 0.102657
43 64 958.417 958.519 0.102658
58 97 479.514 481.816 2.30195
24 91 938.588 940.89 2.30195
38 79 1087.28 1087.38 0.102658
46 93 968.639 968.737 0.0975379
37 71 967.426 967.528 0.102659
38 79 997.281 997.379 0.0975384
42 73 21.4741 23.776 2.30195
8 91 943.39 943.493 0.102657
1 0 25.9849 0 -25.9849
58 97 23.7272 26.0291 2.30195
49 81 23.483 25.7849 2.30195
45 65 1031.91 1032.01 0.0975378
26 91 24.5914 26.8934 2.30195
3 92 26.6509 28.9528 2.30195
50 103 25.4915 27.7935 2.30195
4 0 26.3482 0 -26.3482
15 92 938.619 938.722 0.102656
53 83 1160.07 1160.17 0.102658
33 77 246.637 248.939 2.30195
10 0 26.7959 0 -26.7959
6 85 1027.94 1028.04 0.0975378
15 92 27.0463 29.3483 2.30195
11 84 27.4738 29.7758 2.30195
48 89 1023.45 1023.55 0.102657
43 64 28.4167 30.7186 2.30195
38 79 463.067 465.369 2.30195
34 85 249.224 251.526 2.30195
1 0 253.878 0 -253.878
17 92 471.889 474.191 2.30195
22 85 246.628 248.93 2.30195
40 72 248.527 250.829 2.30195
25 91 248.157 250.459 2.30195
18 92 249.105 251.407 2.30195
3 92 254.544 256.846 2.30195
8 91 469.176 471.478 2.30195
1 0 709.665 0 -709.665
39 71 246.673 248.975 2.30195
52 90 246.061 248.363 2.30195
23 92 249.01 251.312 2.30195
57 80 248.878 251.18 2.30196
49 81 1013.48 1013.58 0.0975388
40 72 950.634 950.737 0.102658
55 67 228.073 230.375 2.30195
7 84 228.475 230.777 2.30195
14 92 228.92 231.222 2.30195
20 91 229.021 231.323 2.30195
2 85 229.389 231.691 2.30195
13 92 229.536 231.838 2.30195
5 92 230.143 232.444 2.30195
31 62 230.288 232.59 2.30195
16 85 230.438 232.74 2.30196
48 89 231.342 233.644 2.30195
28 62 233.463 235.765 2.30195
30 70 234.262 236.564 2.30195
59 87 234.474 236.776 2.30195
21 92 234.737 237.039 2.30195
38 79 235.174 237.476 2.30195
37 71 235.319 237.621 2.30195
12 84 235.616 237.918 2.30196
6 85 235.832 238.134 2.30195
46 93 236.532 238.834 2.30195
27 91 238.278 240.58 2.30195
53 83 238.333 240.635 2.30195
9 91 238.847 241.149 2.30195
29 62 238.894 241.196 2.30196
45 65 239.803 242.105 2.30195
32 70 240.196 242.498 2.30195
51 103 240.946 243.248 2.30195
41 73 241.006 243.308 2.30195
44 66 241.048 243.35 2.30195
8 91 241.283 243.585 2.30195
36 85 241.75 244.052 2.30195
0 92 242.067 244.369 2.30195
56 80 243.18 245.482 2.30195
54 67 243.52 245.822 2.30195
17 92 243.995 246.297 2.30195
19 92 244.957 247.259 2.30195
57 80 1010.98 1011.09 0.102659
30 70 1086.37 1086.47 0.0975384
7 84 1080.58 1080.68 0.0975382
0 92 944.174 944.272 0.0975385
59 87 966.58 966.678 0.0975389
5 92 992.249 992.347 0.0975369
48 89 1083.45 1083.55 0.102657
33 77 1008.74 1008.85 0.102657
2 85 961.495 961.593 0.0975376
37 71 1147.43 1147.52 0.0975389
4 0 482.135 0 -482.135
35 85 249.351 251.653 2.30196
10 0 254.689 0 -254.689
47 99 249.656 251.958 2.30196
42 73 249.367 251.669 2.30195
49 81 251.376 253.678 2.30195
50 103 253.385 255.687 2.30195
26 91 252.485 254.787 2.30195
58 97 251.62 253.922 2.30195
24 91 254.908 257.21 2.30195
4 0 254.241 0 -254.241
45 65 1091.91 1092.01 0.0975378
6 85 997.939 998.037 0.0975378
3 92 482.437 484.739 2.30195
30 70 966.369 966.466 0.0975384
11 84 255.367 257.669 2.30195
15 92 254.94 257.242 2.30195
43 64 256.31 258.612 2.30195
37 71 463.212 465.514 2.30195
12 84 463.509 465.811 2.30196
41 73 468.9 471.202 2.30195
49 81 953.483 953.586 0.102659
40 72 1070.63 1070.73 0.097538
43 64 484.203 486.505 2.30195
5 92 962.249 962.347 0.0975369
6 85 463.726 466.028 2.30195
54 67 1065.63 1065.72 0.0975373
45 65 1151.91 1152.01 0.0975378
12 84 997.723 997.82 0.097539
7 84 960.582 960.684 0.102658
54 67 471.413 473.715 2.30195
51 103 468.839 471.141 2.30195
48 89 933.448 933.551 0.102657
26 91 1014.59 1014.69 0.102659
4 91 937.921 940.223 2.30195
8 92 1153.39 1153.49 0.0975403
32 70 468.089 470.391 2.30195
23 0 476.903 0 -476.903
21 92 462.63 464.932 2.30195
39 71 474.566 476.868 2.30195
10 0 482.582 0 -482.582
10 85 710.476 712.778 2.30196
41 73 924.686 924.789 0.102658
57 87 476.771 479.073 2.30196
50 103 481.278 483.58 2.30195
11 84 483.26 485.562 2.30195
26 91 708.271 710.573 2.30195
0 92 469.96 472.262 2.30195
22 85 474.521 476.823 2.30195
26 91 968.706 968.891 0.184835
50 103 709.171 711.473 2.30195
59 87 462.367 464.669 2.30195
18 0 476.998 0 -476.998
34 85 477.117 479.419 2.30195
35 78 477.244 479.546 2.30196
30 70 462.155 464.457 2.30195
56 80 471.073 473.375 2.30195
36 85 469.644 471.945 2.30195
33 77 474.53 476.832 2.30195
24 91 482.802 485.104 2.30195
3 92 1016.65 1016.75 0.0975375
49 81 479.269 481.571 2.30195
46 93 464.426 466.728 2.30195
45 65 467.696 469.998 2.30195
44 66 468.941 471.243 2.30195
40 72 476.421 478.723 2.30195
42 73 477.261 479.563 2.30195
55 67 455.966 458.268 2.30195
7 84 456.368 458.67 2.30195
14 0 456.813 0 -456.813
20 0 456.914 0 -456.914
2 85 457.282 459.584 2.30195
13 91 457.429 459.731 2.30195
5 92 458.036 460.338 2.30195
31 62 458.181 460.483 2.30195
16 93 458.331 460.633 2.30196
48 89 459.235 461.537 2.30195
28 62 461.356 463.658 2.30195
27 0 466.171 0 -466.171
53 83 466.226 468.528 2.30195
29 62 466.787 469.089 2.30196
9 91 466.74 469.042 2.30195
40 72 1100.63 1100.73 0.097538
6 85 967.939 968.037 0.0975378
57 87 1160.98 1161.08 0.0975399
42 73 1191.47 1191.58 0.102657
43 64 1108.42 1108.52 0.102658
41 73 1003.11 1003.22 0.102658
34 85 951.33 951.428 0.0975363
55 67 990.18 990.282 0.102657
3 92 1106.65 1106.75 0.0975375
3 92 710.331 712.633 2.30195
4 91 710.028 712.33 2.30195
55 67 683.859 686.161 2.30195
7 84 684.261 686.563 2.30195
14 92 684.706 687.008 2.30195
20 0 684.807 0 -684.807
2 85 685.175 687.477 2.30195
13 0 685.322 0 -685.322
5 92 685.929 688.231 2.30195
31 62 686.074 688.376 2.30195
16 93 686.224 688.526 2.30196
8 91 1033.39 1033.49 0.102657
48 89 687.128 689.43 2.30195
28 0 689.249 0 -689.249
30 70 690.049 692.35 2.30195
59 87 690.26 692.562 2.30195
21 92 690.524 692.826 2.30195
38 79 690.961 693.263 2.30195
37 71 691.105 693.407 2.30195
12 84 691.402 693.704 2.30196
6 85 691.619 693.921 2.30195
46 93 692.319 694.621 2.30195
27 84 694.064 696.366 2.30196
53 0 694.12 0 -694.12
9 92 694.634 696.935 2.30196
29 62 694.681 696.983 2.30196
45 65 695.589 697.891 2.30195
32 70 695.983 698.285 2.30195
51 103 696.732 699.034 2.30195
41 73 696.793 699.095 2.30195
44 66 696.835 699.137 2.30195
8 91 697.07 699.372 2.30195
36 85 697.537 699.839 2.30195
0 93 697.854 700.156 2.30196
56 0 698.966 0 -698.966
54 67 699.307 701.609 2.30195
17 0 699.782 0 -699.782
19 92 700.744 703.046 2.30195
52 90 701.848 704.15 2.30195
22 85 702.414 704.716 2.30195
33 77 702.424 704.725 2.30195
39 71 702.46 704.762 2.30195
25 91 703.944 706.245 2.30195
40 73 704.314 706.616 2.30195
57 80 704.664 706.966 2.30196
23 92 704.797 707.099 2.30195
18 92 704.892 707.193 2.30195
34 85 705.01 707.312 2.30195
35 85 705.137 707.439 2.30196
42 74 705.154 707.456 2.30196
47 93 705.442 707.744 2.30196
49 88 707.163 709.465 2.30196
58 97 707.407 709.709 2.30195
15 92 957.046 957.144 0.0975362
32 70 1002.3 1002.4 0.097538
54 67 945.627 945.729 0.102657
55 67 960.18 960.282 0.102657
46 93 1088.64 1088.74 0.0975379
12 84 937.723 937.825 0.102659
48 89 1173.45 1173.55 0.102657
6 85 937.939 938.042 0.102658
51 103 1003.05 1003.16 0.102658
43 64 1018.42 1018.51 0.0975382
48 89 963.448 963.546 0.0975373
15 92 710.726 713.028 2.30195
25 91 931.837 931.939 0.102657
24 0 710.695 0 -710.695
17 0 927.675 0 -927.675
43 64 712.096 714.398 2.30195
11 85 711.154 713.456 2.30196
40 72 1010.63 1010.73 0.097538
0 92 1004.17 1004.27 0.0975385
12 84 967.723 967.82 0.097539
55 67 1020.18 1020.28 0.102657
43 64 939.99 940.174 0.184834
36 78 925.43 927.732 2.30196
48 89 993.448 993.546 0.0975373
37 71 997.426 997.523 0.0975389
50 103 937.064 937.167 0.102658
56 80 1164.92 1165.02 0.102657
2 85 1021.5 1021.59 0.0975376
57 80 1190.98 1191.08 0.0975392
35 85 1171.09 1171.19 0.102659
46 93 998.639 998.737 0.0975379
24 91 1197.02 1197.11 0.0975366
38 79 1027.28 1027.38 0.0975384
40 72 1190.63 1190.74 0.102658
9 91 970.954 971.051 0.0975374
11 84 939.047 941.349 2.30195
3 92 938.224 938.327 0.102657
7 84 930.582 930.684 0.102658
0 92 925.747 925.85 0.102658
56 80 926.86 929.162 2.30195
49 81 935.056 935.241 0.184835
51 103 1153.05 1153.15 0.0975376
30 70 996.369 996.471 0.102658
26 91 936.164 936.493 0.328707
22 85 930.307 932.609 2.30195
59 87 936.58 936.678 0.0975389
55 67 911.753 911.855 0.102657
7 84 912.155 912.257 0.102658
14 92 912.599 914.901 2.30195
20 0 912.701 0 -912.701
2 85 913.068 913.171 0.102658
13 0 913.216 0 -913.216
5 92 913.822 913.925 0.102657
31 62 913.968 916.27 2.30195
16 0 914.117 0 -914.117
48 89 915.021 915.206 0.184833
28 63 917.143 919.444 2.30196
30 70 917.942 918.044 0.102658
59 87 918.153 918.256 0.102659
21 92 918.417 920.719 2.30195
38 79 918.854 918.957 0.102658
37 72 918.999 919.101 0.102659
12 84 919.296 919.398 0.102659
6 85 919.512 919.615 0.102658
46 93 920.212 920.397 0.184834
27 92 921.957 924.259 2.30196
53 83 922.013 924.315 2.30195
9 84 922.527 922.629 0.102661
29 70 922.574 924.876 2.30195
45 65 923.482 923.585 0.102658
33 77 1068.74 1068.85 0.102657
32 70 923.876 923.979 0.102658
19 92 928.637 930.939 2.30195
52 90 929.741 932.043 2.30195
54 67 927.2 927.302 0.102657
51 103 924.626 924.728 0.102658
44 66 924.728 924.831 0.102658
8 91 924.963 925.065 0.102657
46 93 938.639 938.742 0.102658
23 92 932.69 934.992 2.30195
40 72 932.207 932.31 0.102658
39 71 930.353 932.655 2.30195
57 80 932.557 932.66 0.102659
34 85 932.903 933.006 0.102656
51 103 943.053 943.155 0.102658
58 97 935.3 935.403 0.102658
33 77 930.317 930.419 0.102657
42 73 933.047 935.349 2.30195
18 92 932.785 935.087 2.30195
35 85 933.03 935.332 2.30196
47 93 933.336 935.638 2.30196
38 79 937.281 937.384 0.102658
30 70 936.369 936.471 0.102658
37 71 937.426 937.528 0.102659
59 87 1146.58 1146.68 0.0975389
59 87 1086.58 1086.68 0.0975389
41 73 1093.11 1093.22 0.102658
15 92 987.046 987.144 0.0975362
46 93 1028.64 1028.74 0.0975379
45 65 1001.91 1002.01 0.102658
54 67 1155.63 1155.72 0.0975373
9 91 1150.95 1151.06 0.102657
26 91 1074.59 1074.69 0.0975386
58 97 1013.73 1013.82 0.097538
56 80 1185.29 1185.38 0.0975371
59 87 1026.58 1026.68 0.0975389
44 66 1033.15 1033.25 0.097538
37 71 1177.43 1177.52 0.0975389
41 73 1153.11 1153.21 0.097538
45 65 971.909 972.012 0.102658
41 73 1033.11 1033.22 0.102658
37 71 1087.43 1087.52 0.0975389
8 91 973.39 973.487 0.0975369
41 73 973.113 973.216 0.102658
44 66 973.155 973.258 0.102658
51 103 973.053 973.155 0.102658
32 70 972.303 972.401 0.097538
34 85 981.33 981.428 0.0975363
34 85 1161.33 1161.43 0.0975363
57 80 1100.98 1101.09 0.102659
59 87 996.58 996.678 0.0975389
30 70 1026.37 1026.47 0.102658
37 71 1027.43 1027.52 0.0975389
0 92 1094.17 1094.27 0.0975385
9 91 1030.95 1031.05 0.0975374
21 92 1176.84 1176.95 0.102657
3 92 986.651 986.748 0.0975375
25 91 980.264 980.366 0.102657
57 80 980.984 981.087 0.102659
8 91 1003.39 1003.49 0.0975369
40 72 980.634 980.737 0.102658
0 92 974.174 974.272 0.0975385
32 70 1092.3 1092.4 0.097538
33 77 978.744 978.841 0.097537
58 97 983.727 983.83 0.102658
32 70 1062.3 1062.4 0.097538
15 92 1107.05 1107.14 0.0975362
8 91 1093.39 1093.49 0.102657
58 97 1103.73 1103.82 0.097538
49 81 1103.48 1103.58 0.0975388
32 70 1032.3 1032.4 0.097538
7 84 1020.58 1020.68 0.0975382
49 81 983.483 983.58 0.0975388
15 92 1017.05 1017.14 0.0975362
15 92 1077.05 1077.14 0.0975362
25 91 1100.26 1100.36 0.0975372
26 91 1104.59 1104.69 0.102659
54 67 975.627 975.724 0.0975373
43 64 988.417 988.514 0.0975382
55 67 1080.18 1080.28 0.0975373
33 77 1158.74 1158.84 0.097537
34 85 1071.33 1071.43 0.0975363
5 92 1082.25 1082.35 0.0975369
35 85 1191.46 1191.56 0.102659
14 92 1140.49 1140.6 0.102657
30 70 1146.37 1146.47 0.0975384
42 73 1171.1 1171.21 0.102657
50 103 985.492 985.594 0.102658
26 91 987.004 987.107 0.102659
12 84 1027.72 1027.82 0.097539
40 72 1040.63 1040.73 0.097538
33 77 1038.74 1038.85 0.102657
25 91 1040.26 1040.36 0.0975372
57 80 1040.98 1041.08 0.0975392
7 84 1110.58 1110.68 0.0975382
0 92 1034.17 1034.27 0.0975385
34 85 1101.33 1101.43 0.0975363
38 79 1177.28 1177.38 0.0975384
49 81 1073.48 1073.58 0.0975388
9 91 1090.95 1091.06 0.102657
57 80 1070.98 1071.08 0.0975392
6 85 1087.94 1088.04 0.0975378
50 103 1195.49 1195.59 0.0975381
54 67 1095.63 1095.72 0.0975373
32 70 1152.3 1152.4 0.097538
7 84 1050.58 1050.68 0.102658
34 85 1041.33 1041.43 0.0975363
54 67 1035.63 1035.72 0.0975373
40 72 1160.63 1160.73 0.097538
28 62 1175.57 1175.67 0.102656
52 90 1167.8 1167.9 0.102659
29 70 1181 1181.1 0.097539
21 92 1156.47 1156.58 0.102657
58 97 1043.73 1043.82 0.097538
50 103 1045.49 1045.59 0.0975381
49 81 1043.48 1043.58 0.0975388
55 67 1050.18 1050.28 0.0975373
15 92 1047.05 1047.14 0.0975362
44 66 1093.15 1093.25 0.097538
50 103 1105.49 1105.59 0.0975381
55 67 1110.18 1110.28 0.0975373
43 64 1048.42 1048.51 0.0975382
3 92 1046.65 1046.75 0.0975375
26 91 1044.59 1044.69 0.0975386
54 67 1185.63 1185.72 0.0975373
17 92 1383.46 1385.76 2.30195
46 93 1178.64 1178.74 0.0975379
0 92 1184.17 1184.27 0.0975385
43 64 1078.42 1078.52 0.102658
39 71 1176.54 1176.65 0.102657
43 64 1198.42 1198.52 0.102658
1 91 1393.34 1395.65 2.30195
4 91 1393.71 1396.01 2.30195
44 66 1063.15 1063.25 0.097538
6 85 1057.94 1058.04 0.0975378
38 79 1057.28 1057.38 0.0975384
59 87 1056.58 1056.68 0.0975389
46 93 1058.64 1058.74 0.0975379
2 85 1051.5 1051.59 0.0975376
48 89 1053.45 1053.55 0.102657
5 92 1052.25 1052.35 0.0975369
8 91 1063.39 1063.49 0.102657
23 92 1388.48 1390.78 2.30195
37 71 1057.43 1057.52 0.0975389
41 73 1063.11 1063.22 0.102658
30 70 1056.37 1056.47 0.0975384
28 62 1155.2 1155.3 0.102656
15 92 1197.05 1197.14 0.0975362
33 77 1098.74 1098.84 0.097537
7 84 1140.58 1140.68 0.0975382
45 65 1061.91 1062.01 0.0975378
0 92 1064.17 1064.27 0.0975385
51 103 1063.05 1063.15 0.0975376
12 84 1057.72 1057.82 0.097539
9 91 1060.95 1061.06 0.102657
2 85 1111.5 1111.59 0.0975376
21 92 1146.31 1146.41 0.102657
59 87 1116.58 1116.68 0.0975389
31 62 1141.86 1142.05 0.184835
16 93 1142.01 1144.31 2.30196
38 79 1117.28 1117.38 0.0975384
48 89 1113.45 1113.55 0.102657
25 91 1130.26 1130.36 0.0975372
13 0 1141.11 0 -1141.11
38 79 1147.28 1147.38 0.0975384
5 92 1112.25 1112.35 0.0975369
25 91 1160.26 1160.36 0.0975372
28 62 1145.04 1145.14 0.102656
37 71 1117.43 1117.52 0.0975389
30 70 1116.37 1116.47 0.0975384
59 87 1176.58 1176.68 0.0975389
47 93 1389.12 1389.45 0.328707
18 92 1388.57 1390.87 2.30195
0 92 1154.17 1154.27 0.0975385
12 84 1147.72 1147.82 0.097539
33 77 1188.74 1188.84 0.097537
10 92 1394.16 1396.46 2.30196
12 84 1117.72 1117.82 0.097539
29 70 1160.63 1160.73 0.102659
6 85 1117.94 1118.04 0.0975378
8 91 1123.39 1123.49 0.102657
44 66 1123.15 1123.25 0.097538
45 65 1121.91 1122.01 0.0975378
46 93 1118.64 1118.74 0.0975379
51 103 1123.05 1123.15 0.0975376
41 73 1123.11 1123.21 0.097538
32 70 1122.3 1122.4 0.097538
19 0 1156.53 0 -1156.53
34 85 1131.33 1131.43 0.0975363
58 97 1133.73 1133.82 0.097538
36 85 1153.32 1155.63 2.30195
9 91 1120.95 1121.06 0.102657
53 83 1149.91 1150.01 0.102658
27 91 1149.85 1152.15 2.30195
29 70 1150.47 1150.57 0.102659
24 91 1166.48 1166.58 0.102657
44 66 1153.15 1153.25 0.097538
35 85 1160.92 1161.03 0.102659
55 67 1140.18 1140.28 0.0975373
57 80 1130.98 1131.09 0.102659
33 77 1128.74 1128.84 0.097537
2 85 1141.5 1141.59 0.0975376
23 0 1160.58 0 -1160.58
22 85 1158.2 1160.5 2.30195
47 93 1161.23 1163.53 2.30196
40 72 1130.63 1130.73 0.097538
52 90 1157.63 1157.74 0.102659
5 92 1142.25 1142.35 0.0975369
39 71 1158.25 1158.43 0.184833
0 92 1124.17 1124.27 0.0975385
42 73 1160.94 1161.04 0.102657
16 92 1369.9 1370.01 0.102658
58 97 1193.73 1193.82 0.097538
18 0 1160.68 0 -1160.68
17 91 1155.57 1157.87 2.30196
15 92 1137.05 1137.14 0.0975362
10 91 1166.26 1168.56 2.30196
11 84 1166.94 1167.04 0.102658
50 103 1135.49 1135.59 0.0975381
49 81 1133.48 1133.58 0.0975388
56 80 1154.75 1154.86 0.102657
54 67 1125.63 1125.72 0.0975373
43 64 1138.42 1138.52 0.102658
3 92 1136.65 1136.75 0.0975375
6 85 1177.94 1178.04 0.0975378
19 92 1187.06 1187.16 0.0975369
3 92 1196.65 1196.75 0.0975375
25 91 1190.26 1190.36 0.0975372
26 91 1134.59 1134.69 0.0975386
52 90 1188.17 1188.27 0.102659
1 91 1165.45 1167.75 2.30195
48 89 1143.45 1143.55 0.102657
4 94 1165.81 1168.12 2.30197
49 81 1163.48 1163.58 0.0975388
50 103 1165.49 1165.59 0.0975381
58 97 1163.73 1163.82 0.097538
34 85 1191.33 1191.43 0.0975363
51 103 1183.05 1183.15 0.0975376
26 91 1194.59 1194.69 0.0975386
53 83 1180.44 1180.54 0.102658
44 66 1183.15 1183.25 0.097538
39 71 1188.78 1188.88 0.0975374
45 65 1181.91 1182.01 0.0975378
31 62 1172.39 1172.57 0.174595
8 91 1183.39 1183.49 0.0975369
43 64 1168.42 1168.52 0.102658
26 91 1164.59 1164.69 0.0975386
3 92 1166.65 1166.75 0.0975375
5 92 1172.25 1172.35 0.0975369
7 84 1170.58 1170.68 0.0975382
41 73 1183.11 1183.21 0.097538
36 85 1381.22 1381.4 0.184834
9 91 1180.95 1181.05 0.0975374
12 84 1177.72 1177.82 0.097539
32 70 1182.3 1182.4 0.097538
27 91 1377.74 1377.93 0.184834
55 67 1170.18 1170.28 0.0975373
30 70 1176.37 1176.47 0.0975384
20 92 1368.49 1370.79 2.30195
15 92 1167.05 1167.14 0.0975362
14 92 1171.03 1171.12 0.0975372
2 85 1171.5 1171.59 0.0975376
11 84 1177.1 1177.21 0.102658
49 81 1193.48 1193.58 0.0975388
11 84 1197.47 1197.58 0.102658
22 85 1386.09 1386.28 0.184834
13 91 1369 1371.3 2.30195
