13 36 0.233564 2.53552 2.30196
17 32 0.561841 2.8638 2.30196
10 34 22.1403 24.4423 2.30196
29 32 1396.95 1398.26 1.31483
16 36 1.43661 3.73857 2.30195
8 0 4.72562 0 -4.72562
0 34 4.76281 7.06477 2.30196
22 30 5.87933 8.18128 2.30196
23 30 1059.84 1059.94 0.102658
12 36 1184.42 1184.52 0.0975429
23 30 9.83696 12.1389 2.30195
18 32 11.1972 13.4991 2.30196
15 36 11.3897 13.6917 2.30196
24 32 11.5965 13.8984 2.30195
19 32 9.53523 11.8372 2.30196
24 32 1181.6 1181.7 0.102658
26 35 1169.18 1169.28 0.097538
14 36 1011.86 1011.96 0.102659
2 34 1005.58 1005.68 0.10266
15 36 1061.39 1061.49 0.10266
10 34 1389.5 1390.12 0.616453
7 34 14.4402 16.7422 2.30196
12 36 14.4242 16.7261 2.30196
25 30 14.2795 16.5814 2.30196
22 30 1055.88 1055.98 0.102659
26 35 1199.18 1199.28 0.097538
25 30 1004.28 1004.38 0.10266
28 31 15.8103 18.1122 2.30196
1 34 14.7248 17.0267 2.30196
14 36 1191.86 1191.96 0.0975394
16 36 1051.44 1051.53 0.0975388
2 34 15.5783 17.8803 2.30196
20 30 18.4838 20.7858 2.30196
9 34 20.1634 22.4653 2.30196
21 0 18.389 0 -18.389
15 36 1001.39 1001.49 0.10266
14 36 21.861 24.163 2.30196
3 34 20.4567 22.7586 2.30196
6 34 19.7806 22.0825 2.30195
9 0 1387.52 0 -1387.52
11 34 22.7041 25.006 2.30196
2 34 699.258 701.56 2.30196
4 34 24.6866 26.9885 2.30196
12 36 1064.42 1064.52 0.0975429
5 34 25.9804 28.2823 2.30196
26 35 1049.18 1049.28 0.102658
28 31 1035.81 1035.91 0.10266
6 34 247.674 249.976 2.30195
26 35 29.18 31.482 2.30195
9 0 248.057 0 -248.057
29 36 29.59 31.892 2.30196
27 36 29.4455 31.7475 2.30195
18 32 1378.56 1380.86 2.30196
27 36 257.339 259.641 2.30195
4 34 252.58 254.882 2.30196
20 30 246.377 248.679 2.30196
3 0 476.243 0 -476.243
6 34 1009.78 1009.88 0.0975384
3 34 248.35 250.652 2.30196
22 30 1025.88 1025.98 0.102659
5 34 253.874 256.176 2.30196
28 31 1005.81 1005.91 0.10266
21 0 246.282 0 -246.282
28 31 471.597 473.899 2.30196
11 34 1390.06 1390.39 0.32871
13 32 228.127 230.429 2.30197
17 32 228.455 230.757 2.30196
16 36 229.33 231.632 2.30195
8 0 232.619 0 -232.619
0 34 232.656 234.958 2.30196
22 30 233.773 236.075 2.30196
19 0 237.428 0 -237.428
23 30 237.73 240.032 2.30195
18 32 239.09 241.392 2.30196
15 36 239.283 241.585 2.30196
24 32 239.49 241.792 2.30195
25 30 242.173 244.475 2.30196
12 36 242.317 244.619 2.30196
7 0 242.333 0 -242.333
1 0 242.618 0 -242.618
2 34 243.472 245.774 2.30196
28 31 243.704 246.005 2.30196
17 32 1034.19 1034.81 0.616456
11 34 250.597 252.899 2.30196
29 0 257.483 0 -257.483
10 34 250.034 252.336 2.30196
14 36 249.754 252.056 2.30196
13 36 1269.87 1270.48 0.616453
18 0 466.984 0 -466.984
26 35 257.073 259.375 2.30195
20 30 1038.48 1038.59 0.10266
28 31 699.49 701.792 2.30196
1 0 698.405 0 -698.405
0 34 1174.76 1174.86 0.0975411
2 34 1035.58 1035.68 0.10266
15 36 1181.39 1181.49 0.0975401
6 34 1189.78 1189.88 0.0975384
22 30 1175.88 1175.98 0.0975391
12 36 1034.42 1034.53 0.102663
19 32 1376.89 1377.51 0.616453
12 36 1004.42 1004.53 0.102663
23 30 999.837 999.94 0.102658
24 32 467.383 469.685 2.30195
4 34 708.366 710.668 2.30196
19 32 465.322 467.624 2.30196
11 0 478.491 0 -478.491
5 34 481.767 484.069 2.30196
29 0 713.27 0 -713.27
6 34 475.567 477.869 2.30195
20 30 1008.48 1008.58 0.0975396
20 30 1188.48 1188.58 0.0975396
27 36 485.232 487.534 2.30195
23 30 465.623 467.925 2.30195
7 34 470.227 472.529 2.30196
9 0 475.95 0 -475.95
20 30 474.27 476.572 2.30196
14 36 477.648 479.949 2.30196
28 31 1185.81 1185.91 0.0975396
29 36 485.376 487.678 2.30196
7 34 1381.8 1382.13 0.32871
1 34 470.511 472.813 2.30196
4 34 480.473 482.775 2.30196
10 0 477.927 0 -477.927
26 35 484.967 487.268 2.30195
25 30 1184.28 1184.38 0.0975396
21 30 474.176 476.477 2.30196
15 36 467.176 469.478 2.30196
5 35 709.66 711.962 2.30197
13 0 456.02 0 -456.02
17 32 456.348 458.65 2.30196
16 36 457.223 459.525 2.30195
8 0 460.512 0 -460.512
0 34 460.549 462.851 2.30196
22 30 461.666 463.968 2.30196
0 34 1054.76 1054.87 0.102661
21 0 702.069 0 -702.069
12 36 470.211 472.513 2.30196
25 30 470.066 472.368 2.30196
2 34 471.365 473.667 2.30196
9 35 931.736 934.038 2.30197
12 36 1154.42 1154.53 0.102663
16 36 1021.44 1021.53 0.0975388
6 34 1039.78 1039.88 0.0975384
16 36 1171.44 1171.53 0.0975388
28 31 1065.81 1065.91 0.0975396
2 34 1065.58 1065.68 0.0975401
14 36 1041.86 1041.96 0.102659
23 30 1179.84 1179.93 0.0975379
0 34 1024.76 1024.86 0.0975411
11 35 934.277 936.579 2.30197
2 34 1155.58 1155.68 0.0975401
21 30 929.962 932.264 2.30196
20 30 978.484 978.581 0.0975396
25 30 1154.28 1154.38 0.0975396
2 34 1185.58 1185.68 0.0975401
0 34 934.763 934.865 0.102661
14 36 1161.86 1161.96 0.0975394
15 36 941.39 941.492 0.10266
15 36 1031.39 1031.49 0.10266
25 30 1034.28 1034.38 0.10266
16 36 931.437 931.539 0.102659
12 0 944.424 0 -944.424
26 35 1019.18 1019.28 0.102658
5 34 1295.61 1296.93 1.31482
16 36 991.437 991.534 0.0975388
13 32 683.913 686.215 2.30197
17 32 684.242 686.544 2.30196
16 36 685.116 687.418 2.30195
8 34 688.405 690.707 2.30196
0 34 688.443 690.745 2.30196
22 30 689.559 691.861 2.30196
19 0 693.215 0 -693.215
23 31 693.517 695.819 2.30196
18 0 694.877 0 -694.877
15 36 695.069 697.371 2.30196
24 32 695.276 697.578 2.30195
25 30 697.959 700.261 2.30196
12 36 698.104 700.406 2.30196
7 34 698.12 700.422 2.30196
20 33 702.164 704.466 2.30197
6 35 703.46 705.762 2.30196
9 0 703.843 0 -703.843
3 0 704.136 0 -704.136
14 36 705.541 707.843 2.30196
10 0 705.82 0 -705.82
11 0 706.384 0 -706.384
29 32 941.163 943.465 2.30196
26 35 712.86 715.162 2.30195
0 34 994.763 994.865 0.102661
5 35 937.553 939.855 2.30197
27 36 713.125 715.427 2.30195
23 30 1029.84 1029.94 0.102658
20 30 1158.48 1158.58 0.0975396
21 30 1385.75 1388.05 2.30196
25 30 1064.28 1064.38 0.10266
0 34 964.763 964.86 0.0975411
10 30 933.713 936.015 2.30197
26 35 940.753 940.938 0.184834
22 30 949.994 950.179 0.184835
22 30 995.879 995.982 0.102659
2 34 945.578 945.681 0.10266
20 30 930.057 930.159 0.10266
14 36 933.434 933.537 0.102659
25 30 944.279 944.377 0.0975396
16 36 1141.44 1141.53 0.0975388
13 36 911.807 914.109 2.30196
17 32 912.135 912.751 0.616456
16 36 913.01 913.112 0.102659
8 35 916.299 918.601 2.30197
0 34 916.336 916.438 0.102661
22 30 917.452 917.781 0.328707
19 32 921.108 923.41 2.30196
23 30 921.41 921.595 0.184834
18 0 922.77 0 -922.77
15 36 922.963 923.148 0.184836
24 32 923.169 925.471 2.30195
25 30 925.852 925.955 0.10266
4 34 936.26 938.562 2.30196
6 34 979.781 979.878 0.0975384
12 36 925.997 926.182 0.184839
6 34 931.354 931.456 0.102658
1 0 926.298 0 -926.298
7 0 926.013 0 -926.013
14 36 981.861 981.964 0.102659
3 35 932.03 934.332 2.30197
2 34 927.151 927.336 0.184836
28 31 927.383 927.486 0.10266
27 0 941.019 0 -941.019
23 30 939.837 939.94 0.102658
28 31 945.81 945.913 0.10266
15 36 1151.39 1151.49 0.0975401
26 35 959.18 959.283 0.102658
20 30 948.484 948.581 0.0975396
2 34 1125.58 1125.68 0.0975401
6 34 949.781 949.883 0.102658
22 30 968.292 968.395 0.102659
15 36 971.39 971.492 0.10266
14 36 951.861 951.964 0.102659
28 31 975.81 975.913 0.10266
1 34 1382.08 1384.39 2.30196
25 30 974.279 974.377 0.0975396
16 36 961.437 961.534 0.0975388
17 32 973.163 973.78 0.616456
12 36 974.424 974.522 0.0975429
23 30 969.837 969.94 0.102658
26 35 989.18 989.283 0.102658
2 34 975.578 975.681 0.10266
6 34 1159.78 1159.88 0.0975384
14 36 1071.86 1071.96 0.0975394
17 32 1217.28 1217.89 0.616456
17 32 1095.22 1095.84 0.616456
0 34 1114.76 1114.86 0.0975411
26 35 1079.18 1079.28 0.102658
0 34 1084.76 1084.87 0.102661
20 30 1068.48 1068.58 0.0975396
16 36 1081.44 1081.53 0.0975388
6 34 1069.78 1069.88 0.102658
3 34 1387.82 1390.12 2.30196
26 35 1109.18 1109.28 0.097538
2 34 1095.58 1095.68 0.0975401
8 34 1144.19 1146.49 2.30196
28 31 1125.81 1125.91 0.0975396
15 36 1091.39 1091.49 0.0975401
14 36 1101.86 1101.96 0.0975394
23 30 1089.84 1089.93 0.0975379
22 30 1085.88 1085.98 0.102659
12 36 1094.42 1094.52 0.0975429
25 30 1094.28 1094.38 0.0975396
28 31 1095.81 1095.91 0.0975396
18 36 1150.66 1152.97 2.30197
4 34 1225.18 1225.51 0.328709
13 36 1139.7 1141.01 1.31482
4 34 1164.15 1164.77 0.616453
6 34 1099.78 1099.88 0.0975384
8 34 1372.09 1374.39 2.30196
16 36 1111.44 1111.53 0.0975388
20 30 1098.48 1098.59 0.10266
27 36 1396.81 1396.91 0.102658
19 32 1149 1151.3 2.30196
24 32 1151.06 1151.17 0.102658
25 30 1124.28 1124.38 0.0975396
20 30 1128.48 1128.59 0.10266
29 36 1169.06 1171.36 2.30196
7 34 1153.91 1156.21 2.30196
27 36 1168.91 1171.21 2.30195
5 35 1165.45 1166.76 1.31483
22 30 1115.88 1115.98 0.102659
10 34 1161.61 1163.91 2.30196
17 32 1156.25 1156.86 0.616456
11 34 1162.17 1164.47 2.30196
15 36 1121.39 1121.49 0.0975401
26 35 1139.18 1139.28 0.097538
12 36 1124.42 1124.52 0.0975429
9 30 1159.63 1161.93 2.30197
6 34 1129.78 1129.88 0.0975384
3 34 1159.92 1162.22 2.30196
23 30 1119.84 1119.93 0.0975379
1 34 1154.19 1156.49 2.30196
14 36 1131.86 1131.96 0.0975394
21 30 1157.86 1160.16 2.30196
24 32 1161.23 1161.33 0.102658
22 30 1145.88 1145.98 0.0975391
23 30 1149.84 1149.93 0.0975379
0 34 1144.76 1144.86 0.0975411
28 31 1155.81 1155.91 0.10266
