28 0 1.32355 0 -1.32355
25 0 1.86772 0 -1.86772
23 0 4.24159 0 -4.24159
44 50 5.16175 7.46371 2.30195
8 0 7.23083 0 -7.23083
33 50 5.77181 8.07377 2.30196
5 0 5.14462 0 -5.14462
16 0 5.5911 0 -5.5911
20 0 2.83258 0 -2.83258
44 0 1145.16 0 -1145.16
26 50 2.93581 5.23778 2.30197
37 51 993.261 993.359 0.0975388
29 0 921.164 0 -921.164
8 0 918.804 0 -918.804
42 50 940.827 943.129 2.30197
37 51 3.26103 5.56299 2.30195
33 0 1373.13 0 -1373.13
15 0 3.77469 0 -3.77469
40 0 3.87534 0 -3.87534
34 51 1183.72 1183.82 0.0975399
14 0 4.11278 0 -4.11278
1 0 926.998 0 -926.998
3 51 8.29161 10.5936 2.30196
37 51 1023.26 1023.36 0.0975388
16 0 917.164 0 -917.164
49 0 9.25369 0 -9.25369
9 0 9.58418 0 -9.58418
47 0 934.922 0 -934.922
27 50 939.987 942.289 2.30197
34 51 1033.72 1033.82 0.0975399
28 50 912.897 915.199 2.30196
34 51 1153.72 1153.82 0.0975399
24 0 925.842 0 -925.842
29 0 9.59066 0 -9.59066
35 51 954.479 954.577 0.0975376
30 0 10.0525 0 -10.0525
41 0 940.605 0 -940.605
44 50 995.162 995.259 0.0975368
25 50 1369.23 1371.53 2.30196
44 50 1025.16 1025.26 0.0975368
4 0 931.978 0 -931.978
5 0 916.718 0 -916.718
13 51 10.6347 12.9367 2.30196
46 0 12.0642 0 -12.0642
11 0 12.842 0 -12.842
7 0 930.135 0 -930.135
19 51 13.5574 15.8593 2.30196
32 51 13.1037 15.4056 2.30196
34 51 13.7218 16.0238 2.30196
35 51 984.479 984.577 0.0975376
37 51 963.261 963.359 0.0975388
43 50 958.193 958.291 0.0975397
35 51 936.052 936.155 0.102658
14 0 915.686 0 -915.686
2 0 932.608 0 -932.608
21 51 935.831 938.133 2.30196
40 51 1371.23 1373.54 2.30196
25 50 913.441 915.743 2.30196
24 0 14.2687 0 -14.2687
12 0 14.7394 0 -14.7394
17 51 15.6761 17.978 2.30196
1 0 15.4249 0 -15.4249
9 51 1376.94 1379.25 2.30196
7 0 1385.92 0 -1385.92
32 0 924.677 0 -924.677
22 0 16.6041 0 -16.6041
39 51 17.5285 19.8304 2.30196
7 0 18.5623 0 -18.5623
6 0 18.8616 0 -18.8616
2 0 21.0349 0 -21.0349
12 0 1382.1 0 -1382.1
4 0 20.4045 0 -20.4045
45 50 21.2955 23.5975 2.30195
13 0 922.208 0 -922.208
3 51 1178.29 1178.39 0.102662
44 50 935.162 935.259 0.0975368
18 51 21.4265 23.7285 2.30196
36 51 1177.01 1177.11 0.102659
38 0 21.5085 0 -21.5085
0 0 22.1728 0 -22.1728
39 51 1384.89 1387.19 2.30196
43 50 1018.19 1018.3 0.10266
47 0 23.3489 0 -23.3489
37 51 914.834 914.937 0.102659
31 50 23.5457 25.8476 2.30196
37 51 1143.26 1143.36 0.0975388
10 0 23.7141 0 -23.7141
21 0 24.2578 0 -24.2578
37 51 1173.26 1173.36 0.0975388
35 51 24.4792 26.7811 2.30195
48 0 27.7795 0 -27.7795
29 50 1376.95 1379.25 2.30197
3 51 1157.92 1158.02 0.102662
36 51 27.3761 29.678 2.30196
43 50 28.193 30.495 2.30196
23 0 915.815 0 -915.815
23 0 1371.6 0 -1371.6
27 0 28.4139 0 -28.4139
22 0 928.177 0 -928.177
8 51 1374.59 1376.89 2.30196
41 0 29.032 0 -29.032
42 50 29.254 31.5559 2.30197
31 0 935.119 0 -935.119
35 51 1044.48 1044.58 0.0975376
49 51 1376.61 1378.92 2.30196
4 0 248.298 0 -248.298
2 0 248.928 0 -248.928
45 50 249.189 251.491 2.30195
10 0 251.607 0 -251.607
3 0 464.078 0 -464.078
49 0 465.04 0 -465.04
46 0 923.637 0 -923.637
3 51 919.865 922.167 2.30196
27 0 484.2 0 -484.2
13 0 466.421 0 -466.421
44 50 916.735 916.837 0.102657
9 0 921.157 0 -921.157
9 0 465.371 0 -465.371
12 51 470.526 472.828 2.30196
43 50 711.873 714.175 2.30196
38 0 249.402 0 -249.402
21 0 252.151 0 -252.151
35 51 252.372 254.674 2.30195
41 0 256.925 0 -256.925
35 51 480.266 482.568 2.30195
18 0 249.32 0 -249.32
0 0 250.066 0 -250.066
31 0 251.439 0 -251.439
42 0 257.147 0 -257.147
49 51 920.827 923.129 2.30196
1 0 471.211 0 -471.211
39 51 473.315 475.617 2.30196
33 50 917.345 919.647 2.30196
20 50 914.406 916.708 2.30198
48 0 255.673 0 -255.673
47 50 251.242 253.544 2.30196
36 51 255.269 257.571 2.30196
27 50 256.307 258.609 2.30197
43 50 256.086 258.388 2.30196
2 0 476.821 0 -476.821
28 50 229.217 231.519 2.30196
25 50 229.761 232.063 2.30196
20 51 230.726 233.028 2.30196
26 0 230.829 0 -230.829
37 51 231.154 233.456 2.30195
15 0 231.668 0 -231.668
40 0 231.769 0 -231.769
14 0 232.006 0 -232.006
23 0 232.135 0 -232.135
5 0 233.038 0 -233.038
44 50 233.055 235.357 2.30195
16 0 233.484 0 -233.484
33 0 233.665 0 -233.665
8 51 235.124 237.426 2.30196
3 51 236.185 238.487 2.30196
49 0 237.147 0 -237.147
9 0 237.477 0 -237.477
29 50 237.484 239.786 2.30197
30 50 237.946 240.248 2.30196
13 51 238.528 240.83 2.30196
46 0 239.957 0 -239.957
11 0 240.735 0 -240.735
32 0 240.997 0 -240.997
19 0 241.451 0 -241.451
34 51 241.615 243.917 2.30196
24 0 242.162 0 -242.162
12 0 242.633 0 -242.633
1 0 243.318 0 -243.318
17 51 243.569 245.871 2.30196
22 0 244.497 0 -244.497
39 51 245.422 247.724 2.30196
7 0 246.456 0 -246.456
6 0 246.755 0 -246.755
40 0 915.448 0 -915.448
44 50 965.162 965.259 0.0975368
11 51 924.415 926.717 2.30196
47 0 1390.71 0 -1390.71
13 51 1377.99 1380.3 2.30196
16 0 1372.95 0 -1372.95
30 50 921.625 923.927 2.30196
43 50 1048.19 1048.29 0.0975397
41 0 1396.39 0 -1396.39
27 0 1395.77 0 -1395.77
15 0 915.348 0 -915.348
43 50 988.193 988.296 0.10266
35 0 1164.48 0 -1164.48
35 51 1014.48 1014.58 0.0975376
26 0 914.509 0 -914.509
45 50 1191.3 1191.39 0.097539
34 51 1003.72 1003.82 0.0975399
36 51 938.949 941.251 2.30196
30 51 465.839 468.141 2.30196
17 0 471.463 0 -471.463
22 0 472.391 0 -472.391
38 51 477.295 479.597 2.30196
43 50 483.98 486.281 2.30196
27 0 712.094 0 -712.094
38 51 933.082 935.383 2.30196
32 50 468.89 471.192 2.30196
11 0 468.629 0 -468.629
24 0 470.055 0 -470.055
4 0 476.191 0 -476.191
21 51 480.044 482.346 2.30196
41 0 484.819 0 -484.819
42 0 485.04 0 -485.04
43 50 939.766 939.869 0.10266
48 0 711.459 0 -711.459
42 0 712.934 0 -712.934
19 0 469.344 0 -469.344
11 0 1380.2 0 -1380.2
19 0 925.13 0 -925.13
45 50 932.868 935.17 2.30195
29 50 465.377 467.679 2.30197
37 51 933.261 933.364 0.102659
7 0 474.349 0 -474.349
18 51 477.213 479.515 2.30196
0 0 477.959 0 -477.959
10 0 479.501 0 -479.501
36 50 711.056 713.358 2.30197
8 0 463.017 0 -463.017
6 51 930.435 932.737 2.30196
10 0 935.287 0 -935.287
46 0 467.851 0 -467.851
6 51 474.648 476.95 2.30196
45 50 477.082 479.384 2.30195
17 0 1383.04 0 -1383.04
31 0 479.332 0 -479.332
47 0 479.135 0 -479.135
36 51 483.163 485.465 2.30196
17 50 927.249 929.551 2.30197
34 51 469.508 471.81 2.30196
18 51 933 935.301 2.30196
12 0 926.312 0 -926.312
48 0 483.566 0 -483.566
28 0 457.11 0 -457.11
25 0 457.654 0 -457.654
20 0 458.619 0 -458.619
26 0 458.722 0 -458.722
37 51 459.048 461.349 2.30195
15 51 459.561 461.863 2.30196
40 0 459.662 0 -459.662
14 0 459.899 0 -459.899
23 0 460.028 0 -460.028
5 0 460.931 0 -460.931
44 50 460.948 463.25 2.30195
16 0 461.378 0 -461.378
33 50 461.558 463.86 2.30196
34 0 943.722 0 -943.722
41 0 712.712 0 -712.712
34 51 925.295 925.397 0.10266
4 0 1387.76 0 -1387.76
14 0 1371.47 0 -1371.47
48 0 939.352 0 -939.352
2 0 1388.39 0 -1388.39
21 51 1391.62 1393.92 2.30196
0 0 933.746 0 -933.746
32 51 1380.46 1380.79 0.328712
39 51 929.101 931.403 2.30196
34 51 973.722 973.819 0.0975399
35 51 1194.48 1194.58 0.0975376
19 0 1380.92 0 -1380.92
28 50 685.003 687.305 2.30196
25 0 685.547 0 -685.547
20 0 686.512 0 -686.512
26 0 686.616 0 -686.616
37 51 686.941 689.243 2.30195
15 0 687.454 0 -687.454
40 0 687.555 0 -687.555
14 0 687.793 0 -687.793
23 0 687.921 0 -687.921
5 0 688.824 0 -688.824
44 50 688.841 691.143 2.30195
16 0 689.271 0 -689.271
33 0 689.452 0 -689.452
8 0 690.911 0 -690.911
3 51 691.971 694.273 2.30196
49 51 692.933 695.235 2.30196
9 0 693.264 0 -693.264
29 0 693.27 0 -693.27
30 51 693.732 696.034 2.30196
13 51 694.314 696.616 2.30196
46 0 695.744 0 -695.744
11 0 696.522 0 -696.522
32 51 696.783 699.085 2.30196
19 0 697.237 0 -697.237
34 51 697.402 699.704 2.30196
24 0 697.948 0 -697.948
12 0 698.419 0 -698.419
1 50 699.105 701.407 2.30197
17 0 699.356 0 -699.356
22 0 700.284 0 -700.284
39 50 701.208 703.51 2.30197
7 0 702.242 0 -702.242
6 0 702.541 0 -702.541
4 0 704.084 0 -704.084
2 0 704.715 0 -704.715
45 0 704.975 0 -704.975
18 51 705.106 707.408 2.30196
38 51 705.188 707.49 2.30196
0 0 705.853 0 -705.853
47 50 707.029 709.331 2.30196
31 50 707.225 709.527 2.30196
10 0 707.394 0 -707.394
21 51 707.938 710.24 2.30196
35 51 708.159 710.461 2.30195
44 50 1055.16 1055.26 0.0975368
44 50 1175.16 1175.26 0.0975368
37 51 1053.26 1053.36 0.0975388
26 0 1370.3 0 -1370.3
43 0 1168.19 0 -1168.19
35 51 1074.48 1074.58 0.0975376
34 51 1063.72 1063.82 0.0975399
38 51 1388.87 1391.17 2.30196
1 0 1382.78 0 -1382.78
30 51 1182.06 1182.25 0.184839
22 51 1383.96 1386.27 2.30196
10 0 1391.07 0 -1391.07
31 0 1390.91 0 -1390.91
43 50 1078.19 1078.29 0.0975397
15 0 1371.13 0 -1371.13
35 51 1104.48 1104.58 0.0975376
37 51 1083.26 1083.36 0.0975388
44 50 1085.16 1085.26 0.0975368
34 51 1093.72 1093.82 0.0975399
36 51 1197.38 1197.47 0.0975393
24 50 1381.63 1383.93 2.30197
0 0 1389.53 0 -1389.53
18 0 1388.79 0 -1388.79
46 0 1379.42 0 -1379.42
6 0 1386.22 0 -1386.22
16 0 1145.06 0 -1145.06
43 50 1108.19 1108.29 0.0975397
33 0 1145.24 0 -1145.24
20 0 1142.3 0 -1142.3
5 0 1372.5 0 -1372.5
28 50 1368.68 1370 1.31483
28 50 1140.79 1143.09 2.30196
20 0 1370.19 0 -1370.19
26 0 1142.4 0 -1142.4
40 0 1143.34 0 -1143.34
14 0 1143.58 0 -1143.58
37 51 1113.26 1113.36 0.0975388
25 50 1141.33 1143.64 2.30196
5 51 1144.61 1146.91 2.30196
23 0 1143.71 0 -1143.71
32 50 1152.57 1154.87 2.30196
49 0 1148.72 0 -1148.72
44 50 1115.16 1115.26 0.0975368
17 0 1155.14 0 -1155.14
19 0 1153.02 0 -1153.02
46 50 1151.53 1153.83 2.30197
15 0 1143.24 0 -1143.24
8 50 1146.7 1149 2.30197
11 50 1152.31 1154.61 2.30198
12 0 1154.21 0 -1154.21
22 0 1156.07 0 -1156.07
3 51 1147.76 1147.86 0.102662
24 50 1153.73 1156.04 2.30197
9 51 1149.05 1151.35 2.30196
34 51 1123.72 1123.82 0.0975399
38 0 1160.97 0 -1160.97
39 0 1156.99 0 -1156.99
29 0 1149.06 0 -1149.06
2 0 1160.5 0 -1160.5
1 0 1154.89 0 -1154.89
35 51 1134.48 1134.58 0.0975376
7 0 1158.03 0 -1158.03
30 51 1149.52 1149.85 0.328711
13 0 1150.1 0 -1150.1
47 50 1162.82 1165.12 2.30196
18 51 1160.89 1163.19 2.30196
10 0 1163.18 0 -1163.18
0 50 1161.64 1163.94 2.30197
21 50 1163.72 1166.03 2.30197
31 50 1163.01 1165.31 2.30196
36 51 1166.84 1166.94 0.102659
41 0 1168.5 0 -1168.5
43 50 1138.19 1138.29 0.0975397
45 50 1160.76 1160.86 0.102659
6 50 1158.33 1160.63 2.30198
4 0 1159.87 0 -1159.87
27 0 1167.88 0 -1167.88
48 0 1167.25 0 -1167.25
42 0 1168.72 0 -1168.72
42 0 1396.61 0 -1396.61
48 50 1395.14 1397.44 2.30197
43 50 1198.19 1198.29 0.0975397
