7 42 0.0316059 2.33357 2.30196
34 42 0.0530227 2.35498 2.30195
13 46 0.598075 2.90004 2.30196
29 46 1151.03 1151.14 0.102661
16 44 1008.09 1008.19 0.0975411
39 46 0.726422 3.02838 2.30196
29 46 1001.03 1001.14 0.102661
19 44 1023.94 1024.04 0.0975384
22 40 1183.54 1183.65 0.102661
18 44 1.73921 4.04116 2.30195
8 42 1167.28 1167.9 0.616457
21 44 1162.39 1164.69 2.30196
32 44 1175.01 1175.18 0.174598
15 46 3.20834 5.51031 2.30196
1 42 2.75729 5.05925 2.30196
32 44 5.00989 7.31184 2.30196
3 46 3.45278 5.75474 2.30196
8 42 1228.31 1228.92 0.616457
19 44 3.94207 6.24402 2.30195
24 40 4.4803 6.78225 2.30196
3 46 1370.81 1373.11 2.30196
5 42 11.3988 13.7008 2.30196
17 44 7.59066 9.89262 2.30196
23 40 11.2322 13.5341 2.30196
9 42 10.4246 12.7265 2.30196
16 44 1038.09 1038.19 0.102661
29 46 11.0346 13.3366 2.30196
22 40 1063.54 1063.65 0.102661
26 40 1168.76 1168.87 0.102659
26 40 1199.3 1199.39 0.0975393
16 44 929.661 929.764 0.102661
22 40 13.5424 15.8444 2.30196
33 42 1078.97 1079.07 0.102662
25 40 18.1884 20.4903 2.30196
37 43 14.012 16.314 2.30196
28 45 13.7442 16.0461 2.30196
6 42 14.8576 17.1596 2.30196
7 42 1139.5 1141.8 2.30196
21 46 934.5 936.802 2.30197
6 42 1382.22 1382.83 0.616458
14 46 17.2668 19.5688 2.30196
27 46 1387.31 1389.62 2.30196
0 42 19.0024 21.3044 2.30196
16 44 18.0883 20.3902 2.30196
3 46 1142.92 1145.22 2.30196
19 44 1113.94 1114.04 0.0975384
24 40 1046.22 1046.55 0.328712
2 46 1392.84 1393.17 0.328711
11 46 1168.86 1169.19 0.32871
18 44 1141.74 1141.84 0.0975384
18 44 1021.74 1021.84 0.0975384
27 45 19.9546 22.2565 2.30195
38 46 19.6375 21.9394 2.30196
35 40 1104.96 1105.05 0.0975383
30 46 1042.2 1042.31 0.10266
35 40 24.9558 27.2578 2.30195
31 45 20.5516 22.8536 2.30195
30 46 22.2026 24.5045 2.30196
10 42 21.2532 23.5551 2.30196
36 40 22.4196 24.7215 2.30196
28 45 1063.74 1063.85 0.102659
29 46 1121.03 1121.14 0.102661
21 44 22.9266 25.2286 2.30196
33 42 1108.97 1109.06 0.0975416
4 46 25.1445 27.4465 2.30196
12 0 24.7533 0 -24.7533
37 43 1153.48 1153.81 0.328709
11 46 1201.4 1201.73 0.32871
20 44 1060.4 1061.01 0.616457
29 46 1181.03 1181.13 0.0975408
2 46 25.483 27.7849 2.30196
20 44 26.7655 29.0674 2.30196
21 44 1390.29 1390.47 0.184837
17 44 1027.59 1027.69 0.10266
8 42 27.8135 30.1155 2.30196
14 46 928.84 931.142 2.30196
29 46 941.035 941.137 0.102661
33 42 28.967 31.2689 2.30196
30 46 1102.2 1102.31 0.10266
11 46 29.3901 31.692 2.30196
16 44 245.982 248.283 2.30196
26 40 29.2969 31.5988 2.30196
38 45 1159.1 1161.41 2.30196
30 46 1012.2 1012.31 0.10266
27 45 247.848 250.15 2.30195
38 46 247.531 249.833 2.30196
21 44 250.82 253.122 2.30196
26 40 257.19 259.492 2.30196
27 45 475.741 478.043 2.30195
20 44 482.552 484.854 2.30196
0 42 246.896 249.198 2.30196
31 45 248.445 250.747 2.30195
35 40 252.849 255.151 2.30195
18 44 1081.74 1081.84 0.0975384
14 46 473.053 475.355 2.30196
36 0 250.313 0 -250.313
12 0 252.647 0 -252.647
33 42 256.86 259.162 2.30196
35 40 1164.96 1165.05 0.0975383
30 46 250.096 252.398 2.30196
28 45 1093.74 1093.85 0.102659
25 40 246.082 248.384 2.30196
10 42 249.146 251.448 2.30196
1 0 1142.22 0 -1142.22
23 40 1150.7 1151.03 0.32871
4 46 253.038 255.34 2.30196
11 46 257.283 259.585 2.30196
24 40 1143.85 1144.17 0.328712
24 40 1176.39 1176.72 0.328712
35 40 480.742 483.044 2.30195
7 42 227.925 230.227 2.30196
34 42 227.946 230.248 2.30195
13 0 228.491 0 -228.491
39 46 228.62 230.922 2.30196
18 44 229.632 231.934 2.30195
1 0 230.651 0 -230.651
15 46 231.102 233.404 2.30196
3 46 231.346 233.648 2.30196
19 44 231.835 234.137 2.30195
24 40 232.374 234.676 2.30196
32 43 232.903 235.205 2.30196
17 44 235.484 237.786 2.30196
9 42 238.318 240.62 2.30196
29 46 238.928 241.23 2.30196
23 40 239.125 241.427 2.30196
5 42 239.292 241.594 2.30196
22 40 241.436 243.738 2.30196
28 45 241.637 243.939 2.30196
37 43 241.905 244.207 2.30196
6 42 242.751 245.053 2.30196
14 46 245.16 247.462 2.30196
28 45 1183.74 1183.84 0.0975395
30 46 1132.2 1132.3 0.0975401
33 42 1138.97 1139.06 0.0975416
17 44 951.705 951.89 0.184836
6 46 926.431 928.733 2.30196
8 42 939.386 941.688 2.30196
34 42 1110.05 1110.15 0.0975374
9 42 1182.43 1182.62 0.184838
16 44 1068.09 1068.19 0.102661
36 44 1161.89 1164.19 2.30196
18 44 1051.74 1051.84 0.0975384
28 45 1123.74 1123.84 0.0975395
15 46 1142.67 1144.98 2.30196
13 0 1140.06 0 -1140.06
6 46 1154.32 1156.63 2.30196
31 45 1160.02 1160.12 0.102658
30 46 1162.2 1162.3 0.0975401
20 44 254.659 256.961 2.30196
2 46 253.376 255.678 2.30196
12 42 1392.11 1394.41 2.30196
8 46 255.707 258.009 2.30196
33 42 1038.17 1038.35 0.184838
35 40 1134.96 1135.05 0.0975383
32 44 1144.48 1144.66 0.184838
10 42 1160.72 1163.02 2.30196
5 42 1150.87 1153.17 2.30196
22 40 1123.54 1123.65 0.102661
19 0 933.942 0 -933.942
24 40 1013.68 1014.01 0.328712
29 46 1031.03 1031.14 0.102661
34 42 930.053 930.156 0.102657
34 42 1140.05 1140.15 0.0975374
20 44 938.338 938.955 0.616457
37 43 1186.02 1186.2 0.184837
39 46 1140.19 1140.52 0.328713
30 46 1072.2 1072.31 0.10266
33 42 1056.46 1056.64 0.174598
29 46 1061.03 1061.13 0.0975408
26 40 940.87 943.172 2.30196
0 46 930.575 932.877 2.30196
27 45 931.528 933.83 2.30195
38 0 931.21 0 -931.21
12 0 708.433 0 -708.433
17 44 1177.59 1177.69 0.10266
21 44 478.713 481.015 2.30196
6 0 470.644 0 -470.644
25 40 473.975 476.277 2.30196
12 42 480.54 482.842 2.30196
8 42 483.6 485.902 2.30196
34 42 1020.05 1020.15 0.0975374
19 44 1083.94 1084.04 0.0975384
37 43 469.798 472.1 2.30196
22 40 469.329 471.631 2.30196
20 44 1121.42 1122.04 0.616457
17 44 1117.59 1117.69 0.0975404
17 44 1087.59 1087.69 0.10266
31 45 476.338 478.64 2.30195
36 40 478.206 480.508 2.30196
33 42 484.753 487.055 2.30196
26 40 485.083 487.385 2.30196
10 42 1388.61 1389.23 0.616456
23 40 467.019 469.321 2.30196
4 46 480.931 483.233 2.30196
2 46 937.056 939.358 2.30196
17 44 463.377 465.679 2.30196
5 42 467.185 469.487 2.30196
2 46 1164.95 1167.25 2.30196
28 45 469.531 471.833 2.30196
16 44 473.875 476.177 2.30196
0 42 474.789 477.091 2.30196
10 42 477.04 479.342 2.30196
2 46 481.269 483.571 2.30196
11 46 485.177 487.479 2.30196
24 40 1111.3 1111.63 0.328712
7 42 455.818 458.12 2.30196
34 42 455.84 458.141 2.30195
13 0 456.385 0 -456.385
39 46 456.513 458.815 2.30196
18 44 457.526 459.828 2.30195
1 0 458.544 0 -458.544
15 0 458.995 0 -458.995
3 0 459.239 0 -459.239
19 44 459.729 462.031 2.30195
24 40 460.267 462.569 2.30196
32 43 460.796 463.098 2.30196
25 40 1157.65 1157.84 0.184836
0 42 1219.5 1220.11 0.616456
24 40 948.595 948.924 0.328712
18 44 931.739 931.842 0.102658
9 42 466.211 468.513 2.30196
29 46 466.821 469.123 2.30196
35 40 936.529 936.631 0.102658
22 40 1093.54 1093.64 0.0975408
25 40 929.761 932.063 2.30196
4 46 1164.61 1165.23 0.616456
38 46 475.424 477.726 2.30196
16 44 1128.09 1128.19 0.0975411
12 46 1164.22 1166.52 2.30196
27 45 1159.42 1161.72 2.30195
16 44 1098.09 1098.19 0.0975411
18 44 1171.74 1171.84 0.0975384
37 43 925.585 927.887 2.30196
30 46 1192.2 1192.3 0.0975401
30 46 477.989 480.291 2.30196
35 40 1044.96 1045.06 0.102658
35 40 1074.96 1075.05 0.0975383
20 44 710.445 712.747 2.30196
11 46 713.07 715.372 2.30196
2 0 709.163 0 -709.163
22 40 943.542 943.64 0.0975408
4 0 708.824 0 -708.824
35 40 708.636 710.938 2.30195
33 42 712.647 714.949 2.30196
33 42 940.54 940.869 0.32871
8 42 711.493 713.795 2.30196
26 41 712.977 715.279 2.30196
7 0 683.711 0 -683.711
34 42 683.733 686.035 2.30195
13 0 684.278 0 -684.278
39 46 684.406 686.708 2.30196
18 44 685.419 687.721 2.30195
1 0 686.437 0 -686.437
15 0 686.888 0 -686.888
3 0 687.133 0 -687.133
19 45 687.622 689.924 2.30196
24 40 688.16 690.462 2.30196
32 43 688.69 690.992 2.30196
17 44 691.27 693.572 2.30196
9 42 694.104 696.406 2.30196
29 46 694.714 697.016 2.30196
23 40 694.912 697.214 2.30196
5 42 695.079 697.381 2.30196
22 40 697.222 699.524 2.30196
28 45 697.424 699.726 2.30196
37 45 697.692 699.994 2.30196
6 0 698.537 0 -698.537
14 46 700.947 703.249 2.30196
16 44 701.768 704.07 2.30196
25 41 701.868 704.17 2.30196
0 42 702.682 704.984 2.30196
38 46 703.317 705.619 2.30196
27 45 703.634 705.936 2.30195
31 45 704.231 706.533 2.30195
10 42 704.933 707.235 2.30196
30 46 705.882 708.184 2.30196
36 40 706.099 708.401 2.30196
21 45 706.606 708.908 2.30196
36 0 933.993 0 -933.993
4 45 936.718 939.02 2.30197
30 45 933.776 933.878 0.10266
11 46 940.963 943.265 2.30196
7 41 911.605 913.907 2.30197
34 42 911.626 911.729 0.102657
13 0 912.171 0 -912.171
39 46 912.299 914.601 2.30196
18 44 913.312 913.415 0.102658
1 0 914.33 0 -914.33
15 42 914.781 917.083 2.30196
3 0 915.026 0 -915.026
19 44 915.515 915.618 0.102658
24 40 916.053 916.382 0.328712
32 43 916.583 918.885 2.30196
17 44 919.164 919.492 0.328708
9 42 921.998 924.3 2.30196
29 46 922.608 922.71 0.102661
23 40 922.805 925.107 2.30196
5 0 922.972 0 -922.972
29 46 1091.03 1091.13 0.0975408
19 44 1053.94 1054.04 0.0975384
14 46 1156.73 1158.05 1.31483
1 0 1370.12 0 -1370.12
28 45 925.317 925.42 0.102659
22 40 925.115 925.218 0.102661
20 44 1182.45 1183.07 0.616457
39 46 1172.73 1173.06 0.328713
9 42 1149.89 1150.22 0.32871
34 42 1080.05 1080.15 0.0975374
4 46 1225.64 1226.26 0.616456
31 45 1170.18 1170.28 0.102658
28 45 1033.74 1033.85 0.102659
22 40 1003.54 1003.65 0.102661
28 45 1003.74 1003.85 0.102659
0 42 1158.47 1159.09 0.616456
35 40 1014.96 1015.06 0.102658
14 46 1286.9 1288.21 1.31483
15 46 1370.57 1371.18 0.616459
18 44 1111.74 1111.84 0.0975384
33 42 1198.97 1199.06 0.0975416
12 0 936.326 0 -936.326
22 40 1033.54 1033.65 0.102661
31 45 932.125 934.427 2.30195
10 43 932.826 935.128 2.30197
35 40 1194.96 1195.05 0.0975383
34 42 1050.05 1050.15 0.0975374
35 40 954.956 955.053 0.0975383
28 45 943.744 943.847 0.102659
16 44 948.088 948.191 0.102661
30 46 952.203 952.3 0.0975401
18 44 961.739 961.842 0.102658
17 44 1057.59 1057.69 0.10266
33 42 973.082 973.41 0.32871
29 46 971.035 971.137 0.102661
34 42 960.053 960.156 0.102657
19 0 963.942 0 -963.942
24 40 981.137 981.465 0.328712
17 44 970.004 970.106 0.10266
30 46 982.203 982.3 0.0975401
16 44 1158.09 1158.19 0.0975411
28 45 973.744 973.842 0.0975395
13 46 1367.96 1370.26 2.30196
19 44 993.942 994.04 0.0975384
24 40 1078.76 1079.09 0.328712
22 40 973.542 973.64 0.0975408
16 44 978.088 978.186 0.0975411
20 45 999.367 999.983 0.616457
34 42 990.053 990.151 0.0975374
33 42 1005.62 1005.95 0.32871
35 40 984.956 985.058 0.102658
17 44 997.591 997.693 0.10266
18 44 991.739 991.842 0.102658
22 40 1153.54 1153.65 0.102661
19 44 1143.94 1144.04 0.0975384
17 44 1147.59 1147.69 0.0975404
16 44 1188.09 1188.19 0.102661
31 45 1190.55 1190.65 0.102658
23 40 1183.24 1183.57 0.32871
38 46 1387 1387.1 0.102661
25 40 1188.19 1188.36 0.174596
28 45 1153.74 1153.84 0.0975395
20 44 1243.48 1244.1 0.616457
19 44 1173.94 1174.04 0.0975384
5 42 1378.76 1381.06 2.30196
36 40 1389.78 1391.09 1.31483
34 42 1170.05 1170.15 0.0975374
33 42 1168.97 1169.06 0.0975416
7 42 1367.39 1369.69 2.30196
