3 47 0.328562 2.63052 2.30195
10 39 1.72233 4.02428 2.30195
6 43 2.1039 4.40585 2.30196
22 35 916.566 916.669 0.10266
23 0 4.56665 0 -4.56665
12 47 3.36597 5.66792 2.30196
21 45 4.5413 6.84326 2.30196
11 40 4.57978 6.88174 2.30196
18 45 1047.58 1047.67 0.0975375
21 45 934.541 934.716 0.174598
22 30 4.9935 7.29546 2.30196
13 47 1031.45 1031.55 0.0975388
16 45 1166.56 1168.86 2.30196
22 35 934.994 935.096 0.10266
20 45 1030.77 1030.87 0.102659
13 47 11.4542 13.7562 2.30195
20 45 10.7711 13.073 2.30196
5 40 13.355 15.657 2.30196
25 30 13.2662 15.5681 2.30196
11 40 934.58 934.754 0.174597
25 30 924.839 924.942 0.10266
26 30 18.0485 20.3504 2.30196
27 0 18.9246 0 -18.9246
4 47 17.7781 20.08 2.30196
0 40 15.7534 18.0554 2.30196
28 33 18.4436 20.7455 2.30196
15 45 16.9406 19.2425 2.30195
17 0 17.191 0 -17.191
2 47 16.8142 19.1162 2.30195
9 40 941.255 943.556 2.30196
2 47 1006.81 1006.92 0.102659
24 0 19.8645 0 -19.8645
7 47 19.316 21.6179 2.30195
14 47 25.7838 28.0857 2.30195
19 45 25.9441 28.2461 2.30195
8 47 25.5281 27.83 2.30196
29 33 27.0772 29.3792 2.30196
2 47 976.814 976.917 0.102659
16 0 27.0901 0 -27.0901
4 47 929.351 931.653 2.30196
18 45 27.575 29.877 2.30195
9 47 29.6815 31.9835 2.30195
1 39 28.9782 31.2801 2.30196
26 30 929.621 931.923 2.30196
9 47 257.575 259.877 2.30195
1 39 256.871 259.173 2.30196
7 47 247.209 249.511 2.30195
27 0 246.818 0 -246.818
24 0 247.758 0 -247.758
28 33 246.337 248.639 2.30196
29 33 254.97 257.272 2.30196
21 45 1024.54 1024.64 0.0975422
2 47 1036.81 1036.92 0.102659
20 45 922.344 922.529 0.184835
3 47 228.222 230.524 2.30195
10 39 229.616 231.918 2.30195
6 43 229.997 232.299 2.30196
12 40 231.259 233.561 2.30196
21 45 232.435 234.737 2.30196
23 35 232.46 234.762 2.30196
11 40 232.473 234.775 2.30196
22 35 232.887 235.189 2.30196
20 45 238.664 240.966 2.30196
13 47 239.347 241.649 2.30195
25 30 241.159 243.461 2.30196
5 40 241.248 243.55 2.30196
0 47 243.647 245.949 2.30196
2 47 244.707 247.009 2.30195
15 45 244.834 247.136 2.30195
17 0 245.084 0 -245.084
4 0 245.671 0 -245.671
26 30 245.942 248.244 2.30196
11 40 916.153 916.338 0.184837
23 46 916.14 918.442 2.30196
24 35 931.437 933.739 2.30196
21 45 916.114 916.299 0.184838
12 40 914.939 917.241 2.30196
28 33 1038.44 1038.62 0.174599
18 45 255.468 257.77 2.30195
8 47 253.421 255.723 2.30196
16 45 254.983 257.285 2.30196
14 47 253.677 255.979 2.30195
19 0 253.837 0 -253.837
19 45 937.517 939.819 2.30195
20 45 1000.77 1000.87 0.0975391
6 43 913.677 915.979 2.30196
10 39 913.295 913.398 0.102658
3 47 911.902 912.23 0.328706
29 33 1047.08 1047.18 0.102659
18 45 939.148 939.251 0.102658
22 35 1024.99 1025.09 0.0975403
1 40 940.551 941.168 0.616454
10 39 1051.72 1051.82 0.0975381
28 33 474.23 476.532 2.30196
28 33 1013.4 1013.57 0.174599
5 40 924.928 927.23 2.30196
9 47 713.361 715.663 2.30195
26 0 473.835 0 -473.835
14 47 481.57 483.872 2.30195
8 47 709.208 711.51 2.30196
27 35 474.711 477.013 2.30196
14 47 709.464 711.765 2.30195
7 47 475.102 477.404 2.30195
13 47 467.241 469.543 2.30195
4 39 473.565 475.867 2.30196
16 45 482.877 485.179 2.30196
11 40 1054.58 1054.75 0.174597
17 0 472.977 0 -472.977
19 0 481.731 0 -481.731
8 47 481.315 483.617 2.30196
0 47 471.54 473.842 2.30196
18 45 483.362 485.663 2.30195
5 40 469.142 471.443 2.30196
25 30 469.053 471.355 2.30196
1 39 484.765 487.067 2.30196
3 47 456.115 458.417 2.30195
10 39 457.509 459.811 2.30195
6 43 457.89 460.192 2.30196
12 0 459.152 0 -459.152
21 45 460.328 462.63 2.30196
23 35 460.353 462.655 2.30196
11 40 460.366 462.668 2.30196
22 35 460.78 463.082 2.30196
1 39 1062.61 1063.22 0.616452
15 45 1006.94 1007.04 0.0975385
21 45 1054.54 1054.64 0.0975422
22 35 1054.99 1055.09 0.0975403
3 47 1050.33 1050.5 0.174594
2 47 928.387 928.49 0.102659
10 39 931.722 931.82 0.0975381
18 45 1017.58 1017.67 0.0975375
2 47 472.601 474.903 2.30195
20 45 466.558 468.86 2.30196
15 45 472.727 475.029 2.30195
13 47 1061.45 1061.55 0.0975388
15 45 1036.94 1037.04 0.0975385
27 35 930.498 932.8 2.30196
0 47 927.326 929.628 2.30196
24 35 475.651 477.953 2.30196
9 47 485.468 487.77 2.30195
29 33 938.65 938.753 0.102659
7 47 930.889 930.992 0.102659
8 47 937.101 939.403 2.30196
17 0 928.764 0 -928.764
16 45 938.663 940.965 2.30196
13 47 923.027 923.212 0.184835
20 45 1060.77 1060.87 0.102659
29 33 482.864 485.166 2.30196
29 33 1017.08 1017.18 0.102659
11 40 1024.58 1024.75 0.174597
19 0 709.624 0 -709.624
1 39 712.658 714.96 2.30196
3 47 684.008 686.31 2.30195
10 39 685.402 687.704 2.30195
6 42 685.784 688.086 2.30196
12 0 687.046 0 -687.046
21 45 688.221 690.523 2.30196
23 35 688.246 690.548 2.30196
11 40 688.26 690.561 2.30196
22 35 688.673 690.975 2.30196
20 45 694.451 696.753 2.30196
13 47 695.134 697.436 2.30195
25 30 696.946 699.248 2.30196
5 40 697.035 699.337 2.30196
0 47 699.433 701.735 2.30196
2 47 700.494 702.796 2.30195
15 45 700.62 702.922 2.30195
17 0 700.871 0 -700.871
4 0 701.458 0 -701.458
26 30 701.728 704.03 2.30196
28 33 702.123 704.425 2.30196
27 35 702.604 704.906 2.30196
7 44 702.996 705.298 2.30196
24 35 703.544 705.846 2.30196
28 33 930.017 930.345 0.328711
18 45 1197.58 1197.67 0.0975375
16 0 710.77 0 -710.77
29 33 710.757 713.059 2.30196
18 45 711.255 713.557 2.30195
7 40 1009.32 1009.41 0.0975408
25 30 1033.27 1033.36 0.0975401
10 39 1021.72 1021.82 0.0975381
18 45 987.575 987.673 0.0975375
3 47 944.443 944.772 0.328706
15 45 928.514 928.616 0.102659
14 47 937.357 939.659 2.30195
7 47 1039.32 1039.41 0.0975389
3 47 1027.83 1028 0.174594
13 40 941.454 941.557 0.102662
21 45 1144.54 1144.64 0.0975422
29 33 957.077 957.18 0.102659
10 39 961.722 961.82 0.0975381
17 45 1156.66 1158.96 2.30196
18 45 1167.58 1167.67 0.0975375
18 45 957.575 957.673 0.0975375
15 45 946.941 947.043 0.102659
28 33 962.558 962.887 0.328711
20 45 940.771 940.946 0.174595
25 30 1003.27 1003.36 0.0975401
13 47 1001.45 1001.55 0.0975388
25 30 943.266 943.369 0.10266
7 40 949.316 949.419 0.102661
5 40 1152.82 1155.12 2.30196
3 47 976.985 977.314 0.328706
22 35 964.994 965.096 0.10266
2 47 946.814 946.917 0.102659
21 45 964.541 964.644 0.102662
3 40 1009.53 1009.71 0.184838
11 40 964.58 964.754 0.174597
20 45 970.771 970.874 0.102659
25 30 973.266 973.364 0.0975401
15 45 976.941 977.038 0.0975385
1 39 1001.58 1002.2 0.616452
13 47 971.454 971.552 0.0975388
22 35 994.994 995.096 0.10266
10 39 991.722 991.82 0.0975381
29 33 987.077 987.18 0.102659
7 40 979.316 979.419 0.102661
28 33 995.1 995.285 0.184839
21 45 994.541 994.639 0.0975422
11 40 994.58 994.754 0.174597
7 47 1069.32 1069.41 0.0975389
25 30 1063.27 1063.36 0.0975401
18 45 1077.58 1077.67 0.0975375
2 47 1066.81 1066.91 0.0975386
3 47 1140.33 1140.43 0.102658
3 47 1080.33 1080.43 0.102658
15 45 1066.94 1067.04 0.0975385
28 33 1068.44 1068.62 0.174599
22 35 1174.99 1175.09 0.0975403
29 33 1077.08 1077.18 0.102659
22 35 1084.99 1085.09 0.0975403
3 47 1110.33 1110.43 0.0975385
18 45 1137.58 1137.67 0.0975375
7 47 1099.32 1099.42 0.102659
26 30 1157.51 1159.82 2.30196
18 45 1107.58 1107.67 0.0975375
1 39 1123.64 1124.25 0.616452
29 33 1107.08 1107.18 0.102659
28 33 1128.44 1128.62 0.174599
15 45 1096.94 1097.04 0.0975385
11 40 1084.58 1084.75 0.174597
21 45 1084.54 1084.64 0.0975422
10 39 1081.72 1081.82 0.0975381
25 30 1093.27 1093.36 0.0975401
13 47 1091.45 1091.56 0.102659
20 45 1090.77 1090.87 0.102659
2 47 1096.81 1096.91 0.0975386
28 33 1098.44 1098.62 0.174599
11 40 1144.58 1144.75 0.174597
22 35 1114.99 1115.09 0.0975403
12 47 1142.83 1145.13 2.30196
15 45 1126.94 1127.04 0.0975385
27 0 1158.39 0 -1158.39
29 33 1137.08 1137.17 0.0975392
20 45 1120.77 1120.87 0.0975391
7 47 1129.32 1129.42 0.102659
6 47 1141.57 1143.87 2.30196
9 47 1169.15 1169.76 0.61645
24 0 1159.33 0 -1159.33
21 45 1114.54 1114.64 0.0975422
11 40 1114.58 1114.75 0.174597
10 39 1111.72 1111.82 0.0975381
25 30 1123.27 1123.36 0.0975401
23 35 1144.03 1144.22 0.184835
13 47 1151.45 1151.55 0.0975388
13 47 1121.45 1121.55 0.0975388
23 35 1162.33 1162.43 0.102659
19 45 1165.41 1167.71 2.30195
8 47 1164.99 1165.32 0.328708
14 47 1165.25 1167.55 2.30195
20 45 1150.77 1150.87 0.0975391
25 30 1153.27 1153.36 0.0975401
4 47 1157.24 1159.55 2.30196
2 47 1126.81 1126.91 0.0975386
3 47 1170.33 1170.43 0.102658
0 47 1155.22 1157.52 2.30196
22 35 1144.99 1145.09 0.0975403
10 39 1141.72 1141.82 0.0975381
2 47 1156.81 1156.91 0.0975386
7 47 1159.32 1159.41 0.0975389
15 45 1156.94 1157.04 0.0975385
10 39 1171.72 1171.82 0.0975381
20 45 1180.77 1180.87 0.0975391
1 39 1184.66 1185.28 0.616452
28 33 1158.44 1158.62 0.174599
11 40 1174.58 1174.75 0.174597
28 33 1188.44 1188.62 0.174599
29 33 1167.08 1167.17 0.0975392
15 45 1186.94 1187.04 0.0975385
0 47 1383.11 1385.41 2.30196
13 47 1181.45 1181.55 0.0975388
16 45 1394.45 1394.63 0.184836
5 40 1380.71 1381.33 0.616452
27 35 1386.28 1388.59 2.30196
6 47 1369.46 1369.65 0.184835
24 35 1387.22 1389.53 2.30196
26 30 1385.41 1385.74 0.328708
29 33 1197.08 1197.17 0.0975392
7 47 1189.32 1189.41 0.0975389
25 30 1183.27 1183.36 0.0975401
12 39 1370.73 1370.91 0.184837
21 45 1174.54 1174.64 0.0975422
23 35 1174.57 1174.66 0.0975394
8 47 1197.54 1197.86 0.328708
17 45 1384.55 1386.85 2.30196
19 45 1393.3 1395.61 2.30195
14 47 1393.14 1393.76 0.61645
4 47 1385.14 1385.47 0.328708
9 47 1230.18 1230.5 0.328706
2 47 1186.81 1186.91 0.0975386
1 39 1245.69 1246.31 0.616452
