42 60 0.0520796 2.35404 2.30196
35 63 0.578372 2.88033 2.30196
56 61 993.874 993.971 0.0975393
40 60 14.9082 17.2101 2.30196
18 0 4.11525 0 -4.11525
10 0 1148.89 0 -1148.89
43 63 1142.02 1142.12 0.102666
38 0 1160.9 0 -1160.9
24 66 0.944566 3.24652 2.30196
55 64 1.2965 3.59846 2.30196
29 66 1030.96 1031.06 0.0975385
30 66 1021.84 1021.94 0.0975384
49 63 1044.72 1044.81 0.0975392
53 0 1144.33 0 -1144.33
30 66 1.84053 4.14248 2.30195
20 66 997.292 997.394 0.10266
15 0 3.16226 0 -3.16226
43 60 2.54997 4.85193 2.30196
21 0 2.93022 0 -2.93022
2 0 1145.54 0 -1145.54
57 62 986.219 986.321 0.102661
32 63 919.12 921.422 2.30196
56 61 3.87374 6.1757 2.30196
13 0 4.06336 0 -4.06336
39 0 3.51163 0 -3.51163
19 66 3.72762 6.02957 2.30195
11 0 4.74271 0 -4.74271
17 0 4.80806 0 -4.80806
2 0 6.07654 0 -6.07654
45 0 4.36893 0 -4.36893
53 64 4.8676 7.16956 2.30196
7 0 933.512 0 -933.512
35 63 1140.58 1140.75 0.174596
40 60 926.481 926.584 0.102661
29 66 1000.96 1001.06 0.0975385
41 60 6.83873 9.14068 2.30195
9 0 6.54697 0 -6.54697
20 66 7.29178 9.59374 2.30196
58 65 1136.09 1136.19 0.0975408
32 63 7.54691 9.84887 2.30196
8 0 8.24657 0 -8.24657
41 60 1116.84 1116.94 0.0975385
8 66 1147.71 1150.01 2.30196
20 66 1057.29 1057.39 0.10266
30 66 1051.84 1051.94 0.0975384
4 0 8.36249 0 -8.36249
8 0 919.82 0 -919.82
42 60 1140.05 1140.15 0.0975403
10 0 9.42071 0 -9.42071
23 65 1160.93 1163.23 2.30196
57 62 1076.22 1076.32 0.0975406
34 63 9.70551 12.0075 2.30196
40 60 1124.91 1125.01 0.102661
30 66 991.841 991.938 0.0975384
51 60 10.5876 12.8895 2.30196
29 66 10.9647 13.2666 2.30195
58 65 986.087 986.185 0.0975408
29 66 1150.96 1151.06 0.0975385
25 66 12.8476 15.1495 2.30196
6 0 14.0029 0 -14.0029
59 64 1159 1161.31 2.30196
33 63 12.7428 15.0447 2.30196
30 66 1111.84 1111.94 0.0975384
41 60 996.839 996.936 0.0975385
49 63 1164.72 1164.81 0.0975392
33 63 1062.74 1062.92 0.174598
4 0 919.935 0 -919.935
14 66 13.1757 15.4776 2.30196
52 64 14.8109 17.1128 2.30195
29 66 1120.96 1121.06 0.0975385
51 60 1150.05 1150.16 0.102661
19 0 915.301 0 -915.301
54 62 16.2635 18.5655 2.30196
9 66 918.12 920.422 2.30196
37 0 17.7784 0 -17.7784
3 66 17.4364 19.7383 2.30196
50 0 17.7449 0 -17.7449
18 0 915.688 0 -915.688
13 0 1143.53 0 -1143.53
50 0 929.318 0 -929.318
5 0 18.3946 0 -18.3946
0 0 18.9629 0 -18.9629
59 0 19.5375 0 -19.5375
36 0 18.5999 0 -18.5999
47 64 18.3826 20.6846 2.30195
1 0 712.899 0 -712.899
48 64 713.266 715.568 2.30196
30 66 913.414 913.516 0.102658
30 66 961.841 961.938 0.0975384
28 0 1159.48 0 -1159.48
39 0 915.085 0 -915.085
28 0 20.0161 0 -20.0161
46 61 20.8049 23.1069 2.30196
26 66 19.9866 22.2886 2.30195
13 0 915.636 0 -915.636
34 63 1119.71 1119.88 0.174599
53 0 916.441 0 -916.441
16 65 20.9145 23.2165 2.30196
22 0 20.9139 0 -20.9139
38 0 21.431 0 -21.431
34 63 921.279 921.607 0.328711
44 61 1161.08 1161.26 0.184835
23 0 21.461 0 -21.461
44 62 21.6138 23.9157 2.30196
52 64 1034.81 1034.91 0.102659
35 63 912.151 912.336 0.184836
31 0 21.834 0 -21.834
7 0 21.939 0 -21.939
42 60 930.052 930.155 0.10266
41 60 1056.84 1056.94 0.0975385
27 66 23.8949 26.1968 2.30195
58 65 26.0875 28.3895 2.30196
11 0 916.316 0 -916.316
57 62 26.2186 28.5206 2.30196
49 63 24.7169 27.0188 2.30196
56 61 963.874 963.971 0.0975393
56 61 1023.87 1023.97 0.0975393
15 0 1142.63 0 -1142.63
40 60 974.908 975.011 0.102661
58 65 937.66 937.763 0.102661
1 0 29.219 0 -29.219
48 64 29.5865 31.8884 2.30196
12 66 29.0277 31.3297 2.30195
0 0 246.856 0 -246.856
58 65 709.767 712.069 2.30196
26 66 247.88 250.182 2.30195
59 64 247.431 249.733 2.30196
20 66 918.865 918.967 0.10266
41 60 966.839 966.936 0.0975385
16 66 248.808 251.11 2.30196
33 63 468.529 470.831 2.30196
57 62 254.112 256.414 2.30196
27 66 1133.89 1133.99 0.0975378
14 65 468.962 471.264 2.30196
36 0 474.386 0 -474.386
28 0 247.909 0 -247.909
38 0 249.324 0 -249.324
7 0 249.832 0 -249.832
49 63 252.61 254.912 2.30196
54 62 472.05 474.352 2.30196
57 62 482.005 484.307 2.30196
34 63 465.492 467.794 2.30196
29 66 922.538 922.64 0.102659
59 64 475.324 477.626 2.30196
51 61 922.161 924.463 2.30196
36 0 246.493 0 -246.493
41 61 918.412 918.514 0.102662
31 0 249.727 0 -249.727
22 0 248.807 0 -248.807
40 60 1004.91 1005.01 0.102661
58 65 253.981 256.283 2.30196
9 66 462.333 464.635 2.30196
16 0 476.701 0 -476.701
5 0 246.288 0 -246.288
12 66 256.921 259.223 2.30195
48 64 257.48 259.782 2.30196
41 60 462.625 464.927 2.30195
46 62 1160.27 1162.57 2.30196
42 60 990.052 990.155 0.10266
33 63 1122.74 1122.92 0.174598
47 64 246.276 248.578 2.30195
46 0 248.698 0 -248.698
23 0 249.354 0 -249.354
42 60 911.625 911.81 0.184836
27 66 251.788 254.09 2.30195
1 66 257.112 259.414 2.30196
44 0 249.507 0 -249.507
5 0 1157.86 0 -1157.86
20 66 463.078 465.38 2.30196
52 64 470.597 472.899 2.30195
51 60 466.374 468.676 2.30196
37 0 1157.24 0 -1157.24
30 0 1141.84 0 -1141.84
52 64 1124.81 1124.91 0.0975389
49 63 480.503 482.805 2.30196
42 60 227.945 230.247 2.30196
35 63 228.472 230.774 2.30196
24 66 228.838 231.14 2.30196
55 64 229.19 231.492 2.30196
30 66 229.734 232.036 2.30195
43 60 230.443 232.745 2.30196
21 0 230.823 0 -230.823
15 0 231.056 0 -231.056
39 66 231.405 233.707 2.30196
19 0 231.621 0 -231.621
56 61 231.767 234.069 2.30196
13 0 231.957 0 -231.957
18 0 232.009 0 -232.009
45 0 232.262 0 -232.262
11 0 232.636 0 -232.636
17 0 232.701 0 -232.701
53 64 232.761 235.063 2.30196
2 0 233.97 0 -233.97
9 66 234.44 236.742 2.30196
41 60 234.732 237.034 2.30195
20 66 235.185 237.487 2.30196
32 63 235.44 237.742 2.30196
8 0 236.14 0 -236.14
4 0 236.256 0 -236.256
10 0 237.314 0 -237.314
34 63 237.599 239.901 2.30196
51 60 238.481 240.783 2.30196
29 66 238.858 241.16 2.30195
33 63 240.636 242.938 2.30196
25 0 240.741 0 -240.741
14 0 241.069 0 -241.069
6 66 241.896 244.198 2.30196
52 64 242.704 245.006 2.30195
40 60 242.801 245.103 2.30196
54 62 244.157 246.459 2.30196
3 0 245.33 0 -245.33
50 0 245.638 0 -245.638
37 0 245.672 0 -245.672
10 0 920.994 0 -920.994
47 64 1038.38 1038.48 0.0975376
27 66 1043.89 1043.99 0.0975378
41 60 1146.84 1146.94 0.0975385
33 63 924.316 924.501 0.184838
12 0 712.707 0 -712.707
21 0 914.503 0 -914.503
48 64 1006.24 1006.57 0.328708
50 0 1157.21 0 -1157.21
35 63 1050.58 1050.75 0.174596
24 66 912.518 914.82 2.30196
20 66 1027.29 1027.39 0.10266
49 63 1074.72 1074.81 0.0975392
58 65 1076.09 1076.19 0.102661
33 63 1152.74 1152.92 0.174598
22 0 1160.38 0 -1160.38
52 64 926.384 926.487 0.102659
57 62 1046.22 1046.32 0.0975406
45 61 1143.84 1146.14 2.30196
44 61 1179.38 1179.48 0.102659
47 65 929.956 930.058 0.102663
49 63 708.397 710.699 2.30196
52 64 974.811 974.914 0.102659
49 63 984.717 984.814 0.0975392
40 60 1034.91 1035.01 0.0975406
34 63 1029.71 1029.88 0.174599
45 0 915.942 0 -915.942
55 64 912.869 915.171 2.30196
57 62 709.898 712.2 2.30196
47 64 1008.38 1008.48 0.0975376
55 64 1140.76 1140.95 0.18484
27 66 707.575 709.877 2.30195
15 0 914.735 0 -914.735
31 65 1161.3 1163.6 2.30196
57 61 937.792 937.894 0.102663
48 64 1057.08 1057.26 0.174596
18 0 1143.58 0 -1143.58
2 66 917.65 919.951 2.30196
43 60 914.123 916.425 2.30196
58 65 1046.09 1046.19 0.102661
17 0 916.381 0 -916.381
48 64 1038.78 1038.97 0.184836
32 63 1147.01 1147.2 0.184839
6 0 925.576 0 -925.576
52 64 1004.81 1004.91 0.102659
47 64 1068.38 1068.48 0.0975376
35 63 1020.58 1020.75 0.174596
42 60 1020.05 1020.15 0.10266
27 66 1163.89 1163.99 0.0975378
34 63 972.119 972.293 0.174599
11 0 1144.21 0 -1144.21
25 65 924.421 926.723 2.30196
58 65 1016.09 1016.19 0.102661
56 61 915.447 915.549 0.102659
16 0 1160.38 0 -1160.38
0 0 930.536 0 -930.536
17 0 1144.27 0 -1144.27
0 66 1158.43 1160.73 2.30196
9 0 1146.01 0 -1146.01
27 66 983.895 983.998 0.102658
44 62 477.4 479.702 2.30196
31 0 477.62 0 -477.62
22 0 476.7 0 -476.7
29 66 466.751 469.053 2.30195
46 61 476.591 478.893 2.30196
31 66 933.407 935.709 2.30196
10 0 465.207 0 -465.207
8 0 464.033 0 -464.033
33 63 1002.74 1002.92 0.174598
0 0 474.749 0 -474.749
5 0 474.181 0 -474.181
28 0 475.803 0 -475.803
58 65 481.874 484.176 2.30196
1 0 485.006 0 -485.006
32 63 463.333 465.635 2.30196
6 0 469.789 0 -469.789
26 66 475.773 478.075 2.30195
3 0 473.223 0 -473.223
48 64 485.373 487.675 2.30196
14 65 924.749 927.051 2.30196
2 0 461.863 0 -461.863
4 0 464.149 0 -464.149
25 66 468.634 470.936 2.30196
27 66 479.681 481.983 2.30195
50 0 473.531 0 -473.531
47 64 474.169 476.471 2.30195
38 0 477.218 0 -477.218
12 66 484.814 487.116 2.30195
37 0 473.565 0 -473.565
40 60 470.695 472.997 2.30196
23 65 477.248 479.549 2.30196
7 66 477.726 480.027 2.30196
42 60 455.839 458.141 2.30196
35 63 456.365 458.667 2.30196
24 66 456.731 459.033 2.30196
55 0 457.083 0 -457.083
30 66 457.627 459.929 2.30195
43 60 458.336 460.638 2.30196
21 0 458.717 0 -458.717
15 0 458.949 0 -458.949
39 0 459.298 0 -459.298
19 0 459.514 0 -459.514
56 61 459.66 461.962 2.30196
13 0 459.85 0 -459.85
18 0 459.902 0 -459.902
45 61 460.155 462.457 2.30196
11 0 460.529 0 -460.529
17 0 460.595 0 -460.595
53 64 460.654 462.956 2.30196
48 64 941.159 941.488 0.328708
42 60 683.732 686.034 2.30196
35 63 684.258 686.56 2.30196
24 0 684.624 0 -684.624
55 64 684.976 687.278 2.30196
30 66 685.52 687.822 2.30195
43 64 686.23 688.532 2.30196
21 0 686.61 0 -686.61
15 0 686.842 0 -686.842
39 0 687.191 0 -687.191
19 0 687.407 0 -687.407
56 61 687.553 689.855 2.30196
13 0 687.743 0 -687.743
18 0 687.795 0 -687.795
45 61 688.049 690.351 2.30196
11 0 688.422 0 -688.422
17 0 688.488 0 -688.488
53 0 688.547 0 -688.547
2 0 689.756 0 -689.756
9 0 690.227 0 -690.227
41 60 690.518 692.82 2.30195
20 66 690.972 693.273 2.30196
32 63 691.227 693.529 2.30196
8 66 691.926 694.228 2.30196
4 0 692.042 0 -692.042
10 0 693.1 0 -693.1
48 64 1139.59 1139.69 0.10266
34 61 693.385 695.687 2.30196
51 61 694.267 696.569 2.30196
29 66 694.644 696.946 2.30195
33 64 696.423 698.724 2.30196
29 66 970.965 971.067 0.102659
25 66 696.527 698.829 2.30196
14 65 696.855 699.157 2.30196
6 0 697.683 0 -697.683
52 65 698.491 700.793 2.30196
40 60 698.588 700.89 2.30196
54 63 699.943 702.245 2.30196
3 0 701.116 0 -701.116
50 0 701.425 0 -701.425
33 63 972.743 972.917 0.174598
37 0 701.458 0 -701.458
47 64 702.062 704.364 2.30195
5 0 702.074 0 -702.074
36 66 702.28 704.582 2.30196
0 0 702.643 0 -702.643
59 64 703.217 705.519 2.30196
26 66 703.666 705.968 2.30195
28 0 703.696 0 -703.696
46 0 704.485 0 -704.485
22 0 704.594 0 -704.594
16 0 704.594 0 -704.594
38 0 705.111 0 -705.111
23 65 705.141 707.443 2.30196
44 61 705.294 707.595 2.30195
31 0 705.514 0 -705.514
7 66 705.619 707.921 2.30196
1 66 1168.69 1170.99 2.30196
21 0 1142.4 0 -1142.4
20 66 1117.29 1117.39 0.0975395
36 66 1158.07 1160.37 2.30196
6 0 1153.47 0 -1153.47
56 61 1053.87 1053.97 0.0975393
29 66 1060.96 1061.06 0.0975385
27 66 1013.89 1013.99 0.0975378
47 64 1128.38 1128.48 0.0975376
35 63 990.578 990.753 0.174596
47 64 978.383 978.485 0.102658
34 63 999.706 999.88 0.174599
40 60 1154.91 1155.01 0.0975406
42 60 1050.05 1050.15 0.10266
14 66 1152.64 1154.94 2.30196
7 0 1161.41 0 -1161.41
39 66 1142.98 1145.28 2.30196
41 60 1026.84 1026.94 0.0975385
57 62 1136.22 1136.32 0.0975406
26 66 1159.45 1159.56 0.102657
26 66 931.56 933.862 2.30195
22 0 932.487 0 -932.487
36 66 930.173 932.475 2.30196
5 0 929.968 0 -929.968
37 61 929.351 931.653 2.30198
54 62 927.836 930.138 2.30196
46 61 932.378 934.68 2.30196
3 0 929.009 0 -929.009
59 64 931.111 933.413 2.30196
23 0 933.034 0 -933.034
28 65 931.589 933.891 2.30196
44 62 933.187 935.489 2.30196
38 0 933.004 0 -933.004
16 0 932.488 0 -932.488
49 63 1134.72 1134.81 0.0975392
33 63 1032.74 1032.92 0.174598
57 62 1016.22 1016.32 0.0975406
56 61 1113.87 1113.97 0.0975393
27 66 1073.89 1073.99 0.0975378
52 64 1154.81 1154.91 0.0975389
52 64 1064.81 1064.91 0.0975389
40 60 1064.91 1065.01 0.0975406
35 63 1110.58 1110.75 0.174596
25 66 1152.31 1154.62 2.30196
3 0 1156.9 0 -1156.9
34 63 1059.71 1059.88 0.174599
27 66 935.468 935.571 0.102658
1 66 940.792 943.094 2.30196
12 66 940.601 942.903 2.30195
35 63 930.578 930.753 0.174596
49 63 936.29 936.393 0.102659
30 66 931.841 931.938 0.0975384
56 61 1143.87 1143.97 0.0975393
41 60 936.839 936.941 0.102658
56 61 933.874 933.976 0.102659
20 66 937.292 937.394 0.10266
34 63 953.82 954.005 0.184839
34 63 1149.71 1149.88 0.174599
20 66 1147.29 1147.39 0.0975395
49 63 1014.72 1014.81 0.0975392
51 60 1160.22 1160.32 0.102661
29 66 940.965 941.067 0.102659
27 66 953.895 953.992 0.0975378
52 64 944.811 944.908 0.0975389
33 63 942.743 942.917 0.174598
47 64 948.383 948.48 0.0975376
40 60 944.908 945.011 0.102661
49 63 954.717 954.814 0.0975392
58 65 956.087 956.185 0.0975408
35 63 960.578 960.753 0.174596
48 64 973.701 974.03 0.328708
57 62 956.219 956.321 0.102661
20 66 967.292 967.394 0.10266
42 60 960.052 960.155 0.10266
32 63 1165.31 1165.41 0.102663
20 66 1087.29 1087.39 0.0975395
24 66 1140.41 1140.74 0.328708
34 63 1089.71 1089.88 0.174599
35 63 1080.58 1080.75 0.174596
48 64 1079.59 1079.69 0.10266
42 60 1170.05 1170.15 0.0975403
56 61 1083.87 1083.97 0.0975393
42 60 1080.05 1080.15 0.0975403
41 60 1086.84 1086.94 0.0975385
48 64 1109.59 1109.68 0.0975396
12 66 1168.49 1168.6 0.102659
4 66 1147.83 1150.13 2.30196
47 64 1098.38 1098.48 0.0975376
30 66 1081.84 1081.94 0.0975384
42 60 1110.05 1110.15 0.0975403
54 63 1155.73 1158.03 2.30196
4 66 1375.72 1378.02 2.30196
19 66 1143.19 1145.5 2.30195
47 64 1158.38 1158.48 0.0975376
33 63 1092.74 1092.92 0.174598
29 66 1090.96 1091.06 0.0975385
58 65 1106.09 1106.19 0.102661
57 62 1106.22 1106.32 0.102661
49 63 1104.72 1104.81 0.0975392
52 64 1094.81 1094.91 0.0975389
40 60 1094.91 1095.01 0.102661
27 66 1103.89 1103.99 0.0975378
57 62 1166.22 1166.32 0.0975406
32 63 1177.55 1177.64 0.0975432
58 65 1166.09 1166.19 0.0975408
48 64 1169.59 1169.69 0.10266
24 66 1172.95 1173.06 0.10266
17 0 1372.17 0 -1372.17
55 64 1171.3 1171.47 0.1746
35 63 1170.58 1170.75 0.174596
2 0 1373.44 0 -1373.44
11 0 1372.1 0 -1372.1
21 0 1370.29 0 -1370.29
9 0 1373.91 0 -1373.91
18 66 1371.47 1373.78 2.30196
43 60 1172.55 1172.65 0.0975407
46 61 1388.16 1388.27 0.10266
15 0 1370.52 0 -1370.52
13 0 1371.42 0 -1371.42
19 66 1371.09 1373.39 2.30195
27 66 1193.89 1193.99 0.0975378
56 61 1173.87 1173.97 0.0975393
20 66 1177.29 1177.39 0.0975395
45 61 1371.73 1374.03 2.30196
53 0 1372.23 0 -1372.23
41 60 1176.84 1176.94 0.0975385
10 0 1376.78 0 -1376.78
34 63 1179.71 1179.88 0.174599
8 0 1375.61 0 -1375.61
50 62 1385.1 1387.41 2.30197
23 65 1388.82 1391.12 2.30196
14 66 1380.54 1381.15 0.616453
39 0 1370.87 0 -1370.87
57 62 1196.22 1196.32 0.0975406
30 66 1171.84 1171.94 0.0975384
51 60 1180.59 1180.69 0.102661
0 66 1386.32 1388.62 2.30196
36 66 1385.96 1388.26 2.30196
59 64 1386.9 1387.08 0.18484
33 63 1182.74 1182.92 0.174598
26 66 1189.99 1190.08 0.0975373
5 0 1385.75 0 -1385.75
25 66 1380.21 1380.39 0.184836
28 66 1387.38 1389.68 2.30196
16 0 1388.27 0 -1388.27
31 65 1389.19 1391.5 2.30196
44 61 1191.61 1191.72 0.102659
38 0 1388.79 0 -1388.79
7 0 1389.3 0 -1389.3
22 0 1388.27 0 -1388.27
3 0 1384.8 0 -1384.8
29 66 1180.96 1181.06 0.0975385
54 63 1383.62 1385.92 2.30196
37 0 1385.14 0 -1385.14
47 64 1188.38 1188.48 0.0975376
6 65 1381.36 1383.66 2.30197
52 64 1184.81 1184.91 0.0975389
40 60 1184.91 1185.01 0.0975406
49 63 1194.72 1194.81 0.0975392
48 64 1199.59 1199.69 0.10266
1 66 1396.58 1398.88 2.30196
12 66 1199.03 1199.13 0.0975387
58 65 1196.09 1196.19 0.102661
