42 76 0.0520796 2.35403 2.30195
35 83 0.578372 2.88033 2.30195
21 106 2.93022 5.23217 2.30195
43 75 2.54997 4.85193 2.30195
2 0 6.07654 0 -6.07654
43 75 1022.55 1022.65 0.102657
24 99 0.944566 3.24652 2.30195
24 99 1140.94 1141.05 0.102657
39 94 1083.51 1083.61 0.0975383
56 71 993.874 993.976 0.102659
52 96 470.597 472.899 2.30195
55 88 1.2965 3.59845 2.30195
57 71 482.005 484.307 2.30195
30 92 1.84053 4.14248 2.30195
11 101 1084.74 1084.84 0.0975369
15 106 3.16226 5.46421 2.30195
56 71 3.87374 6.1757 2.30196
13 108 4.06336 6.36531 2.30195
50 94 473.531 475.833 2.30195
53 103 4.8676 7.16955 2.30195
18 0 4.11525 0 -4.11525
19 99 3.72762 6.02957 2.30195
11 101 4.74271 7.04467 2.30195
39 94 3.51163 5.81358 2.30195
45 63 460.155 462.457 2.30195
11 101 460.529 462.831 2.30195
9 0 6.54697 0 -6.54697
35 83 1042.32 1042.5 0.184834
56 71 459.66 461.962 2.30196
13 108 459.85 462.152 2.30195
54 85 946.263 946.366 0.102658
12 101 940.601 942.903 2.30196
45 63 4.36893 6.67089 2.30195
17 0 4.80806 0 -4.80806
20 99 1147.29 1147.39 0.0975386
12 100 484.814 487.116 2.30195
13 107 934.063 934.166 0.102659
16 106 476.701 479.003 2.30195
27 100 479.681 481.983 2.30195
57 71 1046.22 1046.32 0.102658
22 107 476.7 479.002 2.30195
43 75 458.336 460.638 2.30195
21 106 458.717 461.019 2.30195
15 106 458.949 461.251 2.30195
25 99 468.634 470.936 2.30195
41 69 6.83873 9.14068 2.30195
32 83 7.54691 9.84886 2.30195
20 99 7.29178 9.59374 2.30195
33 83 468.529 470.831 2.30195
4 0 8.36249 0 -8.36249
8 0 8.24657 0 -8.24657
59 88 475.324 477.626 2.30195
57 71 937.792 937.894 0.102658
22 107 950.914 951.011 0.0975366
26 100 475.773 478.075 2.30195
10 108 9.42071 11.7227 2.30195
34 83 9.70551 12.0075 2.30195
39 94 459.298 461.6 2.30195
19 99 459.514 461.816 2.30195
51 69 10.5876 12.8895 2.30195
25 99 12.8476 15.1495 2.30195
33 83 12.7428 15.0447 2.30195
14 106 13.1757 15.4776 2.30196
29 92 10.9647 13.2666 2.30195
42 76 455.839 458.141 2.30195
30 92 991.841 991.943 0.102658
55 88 1081.3 1081.39 0.0975379
36 94 474.386 476.688 2.30196
31 0 477.62 0 -477.62
29 92 466.751 469.053 2.30195
10 108 465.207 467.509 2.30195
58 92 970.202 970.531 0.328706
6 101 14.0029 16.3049 2.30195
52 96 14.8109 17.1128 2.30195
40 76 14.9082 17.2101 2.30195
51 69 466.374 468.676 2.30195
3 107 473.223 475.525 2.30195
42 76 960.052 960.15 0.0975366
34 83 1059.71 1059.8 0.0975377
57 71 956.219 956.321 0.102658
54 85 16.2635 18.5654 2.30195
47 97 18.3826 20.6846 2.30195
37 0 17.7784 0 -17.7784
3 107 17.4364 19.7383 2.30195
50 94 17.7449 20.0468 2.30195
22 107 20.9139 23.2159 2.30195
24 99 990.945 991.047 0.102657
56 71 1143.87 1143.97 0.097539
59 88 19.5375 21.8395 2.30195
5 0 18.3946 0 -18.3946
36 94 18.5999 20.9019 2.30196
0 108 18.9629 21.2649 2.30196
5 0 474.181 0 -474.181
8 0 464.033 0 -464.033
59 88 1009.54 1009.64 0.102657
27 100 953.895 953.992 0.0975367
28 0 20.0161 0 -20.0161
26 100 19.9866 22.2886 2.30195
55 88 931.296 931.399 0.102658
7 108 21.939 24.241 2.30196
37 0 473.565 0 -473.565
47 97 474.169 476.471 2.30195
4 0 464.149 0 -464.149
58 92 937.66 937.989 0.328706
45 63 964.369 964.472 0.102658
58 92 481.874 484.176 2.30195
23 106 21.461 23.763 2.30195
16 106 20.9145 23.2165 2.30195
44 70 21.6138 23.9157 2.30195
31 0 21.834 0 -21.834
46 70 20.8049 23.1069 2.30195
38 101 21.431 23.733 2.30195
38 101 477.218 479.519 2.30195
28 0 475.803 0 -475.803
23 106 477.248 479.549 2.30195
1 101 989.219 989.317 0.0975381
46 70 476.591 478.893 2.30195
0 107 474.749 477.051 2.30195
1 101 959.219 959.322 0.102658
54 85 472.05 474.352 2.30195
43 75 932.55 932.653 0.102657
47 97 948.383 948.48 0.0975381
24 99 1020.94 1021.05 0.102657
41 69 1146.84 1146.94 0.0975374
27 100 23.8949 26.1968 2.30195
58 92 26.0875 28.3894 2.30195
49 77 24.7169 27.0188 2.30196
1 101 29.219 31.521 2.30195
7 108 477.726 480.027 2.30196
57 71 26.2186 28.5206 2.30195
48 90 29.5865 31.8884 2.30195
12 100 29.0277 31.3297 2.30195
48 90 1034.73 1035.06 0.328706
0 0 246.856 0 -246.856
57 71 254.112 256.414 2.30195
59 88 247.431 249.733 2.30195
26 100 247.88 250.182 2.30195
39 94 963.512 963.614 0.102658
35 83 977.235 977.563 0.328706
5 0 246.288 0 -246.288
28 0 247.909 0 -247.909
18 107 459.902 462.204 2.30196
30 92 931.841 931.943 0.102658
47 97 246.276 248.578 2.30195
36 94 246.493 248.795 2.30196
25 99 942.848 942.95 0.102658
41 69 462.625 464.927 2.30195
42 76 227.945 230.247 2.30195
35 83 228.472 230.774 2.30195
24 99 228.838 231.14 2.30195
55 88 229.19 231.492 2.30195
30 92 229.734 232.036 2.30195
43 75 230.443 232.745 2.30195
21 106 230.823 233.125 2.30195
15 0 231.056 0 -231.056
39 94 231.405 233.707 2.30195
19 99 231.621 233.923 2.30195
56 71 231.767 234.069 2.30196
13 108 231.957 234.259 2.30195
18 0 232.009 0 -232.009
45 63 232.262 234.564 2.30195
11 101 232.636 234.938 2.30195
17 0 232.701 0 -232.701
53 103 232.761 235.063 2.30195
2 107 233.97 236.272 2.30195
9 100 234.44 236.742 2.30196
41 69 234.732 237.034 2.30195
20 99 235.185 237.487 2.30195
32 83 235.44 237.742 2.30195
8 107 236.14 238.442 2.30195
4 107 236.256 238.558 2.30195
10 108 237.314 239.616 2.30195
34 83 237.599 239.901 2.30195
51 69 238.481 240.783 2.30195
29 92 238.858 241.16 2.30195
33 83 240.636 242.938 2.30195
25 99 240.741 243.043 2.30195
14 0 241.069 0 -241.069
6 101 241.896 244.198 2.30195
52 96 242.704 245.006 2.30195
40 76 242.801 245.103 2.30195
54 85 244.157 246.459 2.30195
3 0 245.33 0 -245.33
50 94 245.638 247.94 2.30195
37 0 245.672 0 -245.672
35 83 456.365 458.667 2.30195
24 99 456.731 459.033 2.30195
44 70 477.4 479.702 2.30195
55 88 457.083 459.385 2.30195
30 92 457.627 459.929 2.30195
55 88 1051.3 1051.39 0.0975379
22 107 1070.91 1071.01 0.0975366
43 75 1082.55 1082.65 0.0975373
53 103 964.868 964.97 0.102657
23 106 249.354 251.656 2.30195
16 106 248.808 251.11 2.30195
38 0 249.324 0 -249.324
22 107 248.807 251.109 2.30195
46 69 248.698 251 2.30196
14 106 468.962 471.264 2.30196
34 83 465.492 467.794 2.30195
49 77 252.61 254.912 2.30196
44 70 249.507 251.809 2.30195
10 108 1059.42 1059.52 0.097537
27 100 251.788 254.09 2.30195
7 0 249.832 0 -249.832
31 72 249.727 252.029 2.30197
17 0 460.595 0 -460.595
53 103 460.654 462.956 2.30195
59 88 1069.54 1069.64 0.0975367
56 71 963.874 963.976 0.102659
2 107 461.863 464.165 2.30195
13 108 1144.06 1144.16 0.0975387
1 101 485.006 487.307 2.30195
58 92 253.981 256.283 2.30195
0 107 1386.32 1386.43 0.102657
35 83 944.693 945.022 0.328706
32 83 463.333 465.635 2.30195
36 94 1385.96 1386.06 0.102659
40 76 944.908 945.011 0.102657
1 101 257.112 259.414 2.30195
12 100 256.921 259.223 2.30195
48 90 257.48 259.782 2.30195
9 101 462.333 464.635 2.30195
6 101 469.789 472.091 2.30195
59 88 949.538 949.64 0.102657
47 97 1008.38 1008.48 0.0975381
58 92 1076.09 1076.26 0.174594
49 77 480.503 482.805 2.30196
20 99 463.078 465.38 2.30195
26 100 1159.99 1160.08 0.0975371
40 76 470.695 472.997 2.30195
13 108 994.063 994.161 0.0975387
26 100 949.987 950.084 0.0975371
58 92 1136.09 1136.26 0.174594
11 101 1054.74 1054.84 0.0975369
29 92 940.965 941.067 0.102658
58 92 1053.58 1053.76 0.174594
27 100 1013.89 1014 0.102657
48 90 485.373 487.675 2.30195
11 101 964.743 964.84 0.0975369
40 76 1064.91 1065.01 0.0975371
44 70 1071.61 1071.71 0.0975373
39 94 1023.51 1023.61 0.0975383
20 99 1087.29 1087.39 0.0975386
26 100 1129.99 1130.08 0.0975371
52 96 944.811 944.914 0.102658
13 108 1084.06 1084.16 0.0975387
53 103 1144.87 1144.97 0.0975372
32 83 1087.55 1087.64 0.0975383
42 76 1020.05 1020.15 0.0975366
13 108 964.063 964.161 0.0975387
26 100 1009.99 1010.08 0.0975371
27 100 1073.89 1074 0.102657
57 71 1076.22 1076.32 0.102658
49 77 708.397 710.699 2.30196
1 101 1019.22 1019.32 0.0975381
49 77 968.832 969.016 0.184835
49 77 936.29 936.619 0.328707
34 83 999.706 999.803 0.0975377
44 70 951.614 951.716 0.102657
27 100 935.468 935.571 0.102657
27 101 707.575 709.877 2.30196
10 108 999.421 999.518 0.097537
12 100 712.707 715.009 2.30195
50 94 947.745 947.848 0.102659
39 94 993.512 993.609 0.0975383
42 76 683.732 686.034 2.30195
35 83 684.258 686.56 2.30195
24 99 684.624 686.926 2.30195
55 88 684.976 687.278 2.30195
30 92 685.52 687.822 2.30195
43 75 686.23 688.532 2.30195
21 0 686.61 0 -686.61
15 0 686.842 0 -686.842
39 94 687.191 689.493 2.30195
19 0 687.407 0 -687.407
56 71 687.553 689.855 2.30196
13 108 687.743 690.045 2.30195
18 0 687.795 0 -687.795
45 63 688.049 690.351 2.30195
11 101 688.422 690.724 2.30195
17 0 688.488 0 -688.488
53 103 688.547 690.849 2.30195
2 107 689.756 692.058 2.30195
9 0 690.227 0 -690.227
41 69 690.518 692.82 2.30195
20 99 690.972 693.273 2.30195
32 83 691.227 693.529 2.30195
8 0 691.926 0 -691.926
4 107 692.042 694.344 2.30195
10 108 693.1 695.402 2.30195
34 83 693.385 695.687 2.30195
51 62 694.267 696.569 2.30195
29 92 694.644 696.946 2.30195
33 83 696.423 698.724 2.30195
25 99 696.527 698.829 2.30195
14 106 696.855 699.157 2.30196
6 101 697.683 699.985 2.30195
52 96 698.491 700.793 2.30195
40 76 698.588 700.89 2.30195
54 85 699.943 702.245 2.30195
3 0 701.116 0 -701.116
50 87 701.425 703.727 2.30196
37 101 701.458 703.76 2.30195
47 97 702.062 704.364 2.30195
5 108 702.074 704.376 2.30196
36 93 702.28 704.582 2.30196
0 108 702.643 704.945 2.30196
59 88 703.217 705.519 2.30195
26 100 703.666 705.968 2.30195
28 0 703.696 0 -703.696
46 69 704.485 706.787 2.30196
22 107 704.594 706.896 2.30195
16 106 704.594 706.896 2.30195
38 101 705.111 707.413 2.30195
23 106 705.141 707.443 2.30195
44 70 705.294 707.595 2.30195
31 0 705.514 0 -705.514
7 100 705.619 707.921 2.30196
24 99 960.945 961.042 0.0975372
32 83 1057.55 1057.64 0.0975383
1 101 940.792 940.895 0.102658
55 88 961.296 961.399 0.102658
57 71 709.898 712.2 2.30195
58 92 709.767 712.069 2.30195
35 83 1140.58 1140.75 0.174594
30 92 961.841 961.943 0.102658
43 75 962.55 962.653 0.102657
49 77 1014.72 1014.89 0.174595
48 90 713.266 715.568 2.30195
54 85 1066.26 1066.36 0.0975376
5 0 929.968 0 -929.968
52 96 926.384 926.569 0.184834
37 108 929.351 931.653 2.30196
10 108 939.421 939.518 0.097537
59 88 1189.54 1189.64 0.0975367
34 83 939.706 939.808 0.102658
41 69 996.839 996.941 0.102657
51 69 1150.59 1150.69 0.102658
23 106 933.034 935.336 2.30195
50 94 929.318 929.421 0.102659
1 101 712.899 715.201 2.30195
16 106 932.488 934.789 2.30195
53 103 994.868 994.97 0.102657
24 99 930.945 931.047 0.102657
42 76 930.052 930.155 0.102657
47 97 929.956 930.058 0.102658
48 90 941.159 941.776 0.61645
38 0 933.004 0 -933.004
50 94 1007.74 1007.84 0.0975388
1 101 1079.22 1079.32 0.0975381
31 92 933.407 935.709 2.30195
54 85 927.836 927.939 0.102658
3 107 929.009 931.311 2.30195
43 75 992.55 992.653 0.102657
42 76 911.625 911.81 0.184833
35 83 912.151 912.48 0.328706
24 99 912.518 912.702 0.184833
55 88 912.869 912.972 0.102658
30 92 913.414 913.516 0.102658
43 75 914.123 914.226 0.102657
21 0 914.503 0 -914.503
15 0 914.735 0 -914.735
39 94 915.085 915.187 0.102658
19 0 915.301 0 -915.301
56 71 915.447 915.549 0.102659
13 108 915.636 915.739 0.102659
18 0 915.688 0 -915.688
45 63 915.942 916.045 0.102658
11 101 916.316 916.418 0.102657
17 0 916.381 0 -916.381
53 103 916.441 916.543 0.102657
2 107 917.65 919.951 2.30195
9 101 918.12 920.422 2.30195
41 69 918.412 918.514 0.102657
20 99 918.865 918.967 0.102659
32 83 919.12 919.305 0.184834
8 0 919.82 0 -919.82
4 0 919.935 0 -919.935
10 108 920.994 921.096 0.102657
34 83 921.279 921.463 0.184834
51 69 922.161 922.263 0.102658
29 92 922.538 922.723 0.184834
33 83 924.316 926.618 2.30195
7 0 933.512 0 -933.512
46 69 932.378 934.68 2.30196
14 106 924.749 927.051 2.30196
44 70 933.187 933.289 0.102657
40 76 926.481 926.666 0.184833
36 101 930.173 932.475 2.30196
6 101 925.576 927.878 2.30195
0 107 930.536 932.838 2.30195
22 107 932.487 932.59 0.102657
59 88 931.111 931.213 0.102657
25 99 924.421 924.523 0.102658
28 99 931.589 933.891 2.30196
32 83 997.547 997.644 0.0975383
26 100 931.56 931.662 0.102657
30 92 1021.84 1021.94 0.0975383
39 94 933.512 933.614 0.102658
51 69 940.588 940.69 0.102658
29 92 1150.96 1151.06 0.0975382
29 92 1000.96 1001.06 0.0975382
52 96 1154.81 1154.91 0.0975383
53 103 1084.87 1084.97 0.0975372
52 96 1064.81 1064.91 0.102658
53 103 1054.87 1054.97 0.0975372
45 63 994.369 994.472 0.102658
45 63 1144.37 1144.47 0.0975378
25 99 1002.85 1002.95 0.0975383
20 99 997.292 997.394 0.102659
55 88 1141.3 1141.39 0.0975379
56 71 1023.87 1023.98 0.102659
57 71 1016.22 1016.32 0.102658
52 96 1004.81 1004.91 0.102658
42 76 1080.05 1080.15 0.0975366
35 83 1009.78 1010.11 0.328706
56 71 933.874 933.976 0.102659
55 88 991.296 991.399 0.102658
51 69 1000.59 1000.69 0.0975383
11 101 934.743 934.84 0.0975369
41 69 936.839 936.941 0.102657
53 103 934.868 934.97 0.102657
20 100 937.292 937.394 0.102659
45 63 934.369 934.472 0.102658
24 99 1080.94 1081.05 0.102657
22 107 1010.91 1011.01 0.0975366
39 94 1143.51 1143.61 0.0975383
32 83 937.547 937.65 0.102658
40 76 1004.91 1005.01 0.0975371
44 70 1011.61 1011.72 0.102657
58 92 1035.29 1035.47 0.184834
55 88 1021.3 1021.39 0.0975379
35 83 1080.58 1080.75 0.174594
41 69 966.839 966.941 0.102657
20 99 967.292 967.394 0.102659
40 76 1184.91 1185.01 0.0975371
32 83 967.547 967.644 0.0975383
41 69 1056.84 1056.94 0.102657
11 101 994.743 994.84 0.0975369
51 69 970.588 970.685 0.0975383
10 108 969.421 969.518 0.097537
34 83 969.706 969.803 0.0975377
54 85 976.263 976.366 0.102658
48 90 1139.59 1139.76 0.174594
26 100 979.987 980.084 0.0975371
27 100 983.895 983.998 0.102657
49 77 1074.72 1074.89 0.174595
42 76 990.052 990.15 0.0975366
52 96 974.811 974.914 0.102658
49 77 987.13 987.305 0.174595
47 97 978.383 978.48 0.0975381
57 71 986.219 986.321 0.102658
40 76 974.908 975.006 0.0975371
25 99 972.848 972.95 0.102658
58 92 1002.74 1003.07 0.328706
29 92 970.965 971.062 0.0975382
50 94 977.745 977.842 0.0975388
48 90 1002.19 1002.52 0.328706
54 85 1006.26 1006.37 0.102658
1 101 1139.22 1139.32 0.0975381
44 70 981.614 981.716 0.102657
22 107 980.914 981.011 0.0975366
59 88 979.538 979.64 0.102657
45 63 1084.37 1084.47 0.0975378
6 101 1184 1184.11 0.102657
50 94 1067.74 1067.84 0.0975388
13 108 1024.06 1024.16 0.0975387
32 83 1147.55 1147.64 0.0975383
48 90 1099.81 1100 0.184834
33 83 1184.75 1184.94 0.184834
45 63 1024.37 1024.47 0.102658
10 108 1149.42 1149.52 0.097537
23 106 1191.46 1191.56 0.102658
11 101 1024.74 1024.84 0.0975369
53 103 1024.87 1024.97 0.0975372
58 92 1196.09 1196.26 0.174594
34 83 1029.71 1029.8 0.0975377
20 99 1027.29 1027.39 0.0975386
32 83 1027.55 1027.64 0.0975383
40 76 1034.91 1035.01 0.0975371
41 69 1026.84 1026.94 0.102657
51 69 1030.59 1030.69 0.102658
30 92 1141.84 1141.94 0.0975383
47 97 1068.38 1068.49 0.102658
13 108 1054.06 1054.16 0.0975387
56 71 1053.87 1053.97 0.097539
20 99 1057.29 1057.39 0.0975386
41 69 1086.84 1086.94 0.0975374
35 83 1060.62 1060.79 0.174594
10 108 1029.42 1029.52 0.097537
25 99 1062.85 1062.95 0.0975383
52 96 1034.81 1034.91 0.102658
29 92 1030.96 1031.06 0.0975382
54 85 1186.26 1186.36 0.0975376
34 83 1149.71 1149.8 0.0975377
25 99 1032.85 1032.95 0.0975383
29 92 1060.96 1061.06 0.0975382
37 101 1157.24 1159.55 2.30195
27 100 1043.89 1044 0.102657
56 71 1083.87 1083.97 0.097539
30 92 1081.84 1081.94 0.0975383
59 88 1039.54 1039.64 0.0975367
48 90 1067.27 1067.6 0.328706
44 70 1041.61 1041.71 0.0975373
49 77 1044.72 1044.89 0.174595
30 92 1051.84 1051.94 0.0975383
50 94 1037.74 1037.84 0.0975388
24 99 1050.94 1051.05 0.102657
18 106 1143.58 1145.88 2.30195
39 94 1053.51 1053.61 0.0975383
51 69 1060.59 1060.69 0.102658
47 97 1038.38 1038.49 0.102658
32 83 1177.55 1177.64 0.0975383
22 107 1040.91 1041.01 0.0975366
43 75 1052.55 1052.65 0.102657
26 100 1039.99 1040.08 0.0975371
54 85 1036.26 1036.36 0.0975376
26 100 1069.99 1070.08 0.0975371
1 101 1049.22 1049.32 0.0975381
42 76 1050.05 1050.15 0.0975366
45 63 1054.37 1054.47 0.0975378
50 94 1157.74 1157.84 0.0975388
40 76 1124.91 1125.01 0.0975371
49 77 1194.72 1194.89 0.174595
52 96 1094.81 1094.91 0.0975383
34 83 1089.71 1089.8 0.0975377
51 69 1090.59 1090.69 0.102658
47 97 1188.38 1188.48 0.0975381
47 97 1158.38 1158.48 0.0975381
40 76 1094.91 1095.01 0.0975371
40 76 1154.91 1155.01 0.0975371
10 108 1089.42 1089.52 0.097537
47 97 1098.38 1098.48 0.0975381
50 94 1097.74 1097.84 0.0975388
29 92 1090.96 1091.06 0.0975382
25 99 1092.85 1092.95 0.0975383
2 107 1155.71 1155.81 0.102658
5 101 1385.75 1388.06 2.30195
16 106 1190.91 1191.01 0.0975378
54 85 1096.26 1096.36 0.0975376
26 100 1099.99 1100.08 0.0975371
49 77 1104.72 1104.89 0.174595
27 100 1103.89 1104 0.102657
42 76 1110.05 1110.15 0.0975366
22 107 1100.91 1101.01 0.0975366
44 70 1101.61 1101.71 0.0975373
54 85 1156.26 1156.36 0.0975376
48 90 1118.11 1118.29 0.174594
59 88 1099.54 1099.64 0.0975367
27 100 1193.89 1193.99 0.0975367
11 101 1144.74 1144.84 0.0975369
22 107 1190.91 1191.01 0.0975366
31 93 1389.19 1391.5 2.30195
15 0 1142.63 0 -1142.63
20 99 1117.29 1117.39 0.0975386
25 99 1182.85 1182.95 0.0975383
48 90 1199.59 1199.68 0.0975377
8 107 1147.71 1150.01 2.30195
7 0 1161.41 0 -1161.41
35 83 1110.58 1110.75 0.174594
21 0 1142.4 0 -1142.4
17 107 1144.27 1146.58 2.30195
11 101 1114.74 1114.84 0.0975369
43 75 1112.55 1112.65 0.0975373
24 99 1110.94 1111.05 0.102657
57 71 1136.22 1136.32 0.097538
12 100 1168.49 1168.6 0.102656
43 75 1142.55 1142.65 0.0975373
25 99 1152.85 1152.95 0.0975383
13 108 1114.06 1114.16 0.0975387
56 71 1113.87 1113.97 0.097539
1 101 1109.22 1109.32 0.0975381
53 103 1114.87 1114.97 0.0975372
45 63 1114.37 1114.47 0.0975378
4 107 1147.83 1150.13 2.30195
2 107 1145.54 1145.65 0.102658
41 69 1116.84 1116.94 0.0975374
16 106 1160.38 1160.48 0.102658
34 83 1119.71 1119.8 0.0975377
0 108 1158.43 1160.73 2.30196
36 94 1158.07 1160.37 2.30196
9 101 1146.01 1148.32 2.30195
38 0 1160.9 0 -1160.9
19 0 1143.19 0 -1143.19
46 70 1160.27 1160.37 0.102659
23 106 1160.93 1161.03 0.102658
32 83 1117.55 1117.64 0.0975383
39 94 1113.51 1113.61 0.0975383
22 107 1130.91 1131.01 0.0975366
57 71 1106.22 1106.32 0.097538
31 93 1161.3 1163.6 2.30195
57 71 1166.22 1166.32 0.097538
58 92 1106.09 1106.26 0.174594
10 108 1179.42 1179.52 0.097537
38 0 1388.79 0 -1388.79
42 76 1140.05 1140.15 0.0975366
6 101 1163.63 1163.73 0.102657
14 106 1183.18 1183.27 0.097539
51 69 1120.59 1120.69 0.102658
27 100 1133.89 1134 0.102657
44 70 1131.61 1131.71 0.0975373
49 77 1134.72 1134.89 0.174595
37 101 1385.14 1387.44 2.30195
51 69 1180.59 1180.69 0.0975383
28 93 1387.38 1389.68 2.30195
55 88 1111.3 1111.39 0.0975379
26 100 1189.99 1190.08 0.0975371
6 101 1153.47 1153.57 0.102657
14 106 1152.64 1152.74 0.102659
29 92 1180.96 1181.06 0.0975382
52 96 1124.81 1124.91 0.0975383
30 92 1111.84 1111.94 0.0975383
50 94 1127.74 1127.84 0.0975388
44 70 1191.61 1191.71 0.0975373
46 70 1190.8 1190.91 0.102659
29 92 1120.96 1121.06 0.0975382
5 101 1157.86 1160.16 2.30195
28 93 1159.48 1161.78 2.30195
10 108 1119.42 1119.52 0.097537
3 107 1156.9 1159.2 2.30195
25 99 1122.85 1122.95 0.0975383
33 83 1152.21 1152.54 0.328706
54 85 1126.26 1126.36 0.0975376
47 97 1128.38 1128.48 0.0975381
59 88 1129.54 1129.64 0.0975367
49 77 1164.72 1164.89 0.174595
16 106 1170.54 1170.65 0.102658
22 0 1160.91 0 -1160.91
44 70 1161.61 1161.71 0.0975373
59 88 1159.54 1159.64 0.0975367
8 107 1375.61 1377.91 2.30195
52 96 1184.81 1184.91 0.0975383
46 70 1170.43 1170.54 0.102659
12 100 1199.03 1199.13 0.102656
56 71 1173.87 1173.97 0.097539
23 106 1171.09 1171.19 0.102658
53 103 1174.87 1174.97 0.0975372
50 94 1187.74 1187.84 0.0975388
27 100 1163.89 1163.99 0.0975367
4 107 1375.72 1378.02 2.30195
57 71 1196.22 1196.32 0.097538
34 83 1179.71 1179.8 0.0975377
1 101 1169.22 1169.32 0.0975381
2 107 1176.08 1176.17 0.0975384
42 76 1170.05 1170.15 0.0975366
48 90 1169.59 1169.69 0.102658
11 101 1174.74 1174.84 0.0975369
7 108 1389.3 1391.6 2.30196
41 69 1176.84 1176.94 0.0975374
24 99 1170.94 1171.04 0.0975372
1 101 1199.22 1199.32 0.0975381
3 107 1384.8 1384.9 0.102657
55 88 1171.3 1171.39 0.0975379
35 83 1170.58 1170.75 0.174594
9 101 1373.91 1374.09 0.184835
39 94 1173.51 1173.61 0.0975383
18 106 1371.47 1373.78 2.30195
13 108 1174.06 1174.16 0.0975387
17 107 1372.17 1374.47 2.30195
43 75 1172.55 1172.65 0.0975373
45 63 1174.37 1174.47 0.0975378
20 99 1177.29 1177.39 0.0975386
21 0 1370.29 0 -1370.29
58 92 1166.09 1166.26 0.174594
19 99 1371.09 1373.39 2.30195
12 100 1178.66 1178.76 0.102656
15 0 1370.52 0 -1370.52
30 92 1171.84 1171.94 0.0975383
