8 34 0.126837 2.42879 2.30196
2 30 1.19625 3.49821 2.30196
5 34 4.66769 6.96964 2.30195
13 37 5.84396 8.14592 2.30196
19 42 2.73968 5.04163 2.30196
18 42 4.38603 6.68799 2.30196
22 36 5.43641 7.73837 2.30195
22 36 995.436 995.611 0.174595
19 42 1007.88 1008.21 0.328708
22 36 967.849 968.024 0.174595
28 47 1187.13 1187.3 0.174596
1 30 6.85139 9.15335 2.30195
6 34 985.942 986.04 0.0975364
17 42 8.87632 11.1783 2.30196
9 37 9.92244 12.2244 2.30195
26 47 8.61432 10.9163 2.30196
12 0 8.895 0 -8.895
9 33 921.495 923.797 2.30196
0 34 921.831 921.934 0.102659
27 45 9.18515 11.4871 2.30196
22 36 1175.44 1175.61 0.174595
0 34 10.2581 12.5601 2.30196
22 36 917.009 917.338 0.328707
11 33 13.6419 15.9439 2.30196
10 36 11.9314 14.2334 2.30196
29 30 13.3337 15.6356 2.30196
25 42 13.7729 16.0749 2.30196
15 42 14.1651 16.467 2.30195
18 43 915.959 917.274 1.31483
5 34 916.241 916.426 0.184834
17 42 1118.88 1119.05 0.174599
13 37 1373.2 1373.53 0.328708
26 47 968.614 968.717 0.10266
24 32 15.7304 18.0324 2.30195
20 35 14.6274 16.9294 2.30196
9 33 1149.39 1149.49 0.102663
8 34 911.7 914.002 2.30196
2 30 912.769 912.872 0.102659
9 37 1179.92 1180.02 0.0975384
7 34 16.8781 19.1801 2.30196
14 33 23.8225 26.1244 2.30196
28 47 17.127 19.4289 2.30196
23 39 22.2017 24.5037 2.30196
4 34 21.2322 23.5342 2.30195
14 33 935.395 935.724 0.328708
4 34 997.889 998.217 0.328707
21 35 1003.12 1003.45 0.328708
19 42 1172.74 1172.91 0.174596
3 30 25.3925 27.6945 2.30196
21 35 26.4651 28.767 2.30196
6 34 25.9422 28.2441 2.30195
16 42 29.2634 31.5653 2.30195
4 34 249.125 251.427 2.30195
23 39 933.775 936.077 2.30196
16 42 257.157 259.459 2.30195
3 34 936.966 939.267 2.30196
29 30 924.907 927.209 2.30196
6 34 937.515 937.618 0.102656
3 34 253.286 255.588 2.30196
0 34 970.258 970.356 0.0975393
5 34 994.668 994.765 0.0975384
28 47 472.913 475.215 2.30196
2 30 991.196 991.299 0.102659
29 30 1152.8 1152.98 0.184838
8 34 228.02 230.322 2.30196
2 30 229.09 231.391 2.30196
19 42 230.633 232.935 2.30196
18 42 232.279 234.581 2.30196
5 34 232.561 234.863 2.30195
22 36 233.33 235.632 2.30195
13 37 233.737 236.039 2.30196
1 30 234.745 237.047 2.30195
26 47 236.508 238.81 2.30196
17 42 236.77 239.072 2.30196
12 0 236.788 0 -236.788
27 45 237.078 239.38 2.30196
9 37 237.816 240.118 2.30195
0 34 238.151 240.453 2.30196
10 36 239.825 242.127 2.30196
29 30 241.227 243.529 2.30196
11 33 241.535 243.837 2.30196
25 42 241.666 243.968 2.30196
15 42 242.058 244.36 2.30195
20 35 242.521 244.823 2.30196
24 32 243.624 245.926 2.30195
7 34 244.771 247.073 2.30196
28 47 245.02 247.322 2.30196
25 42 1183.77 1183.87 0.0975392
28 47 928.7 929.029 0.328708
26 47 920.187 920.372 0.184836
17 42 920.449 920.634 0.184839
14 33 251.716 254.018 2.30196
23 39 250.095 252.397 2.30196
7 34 928.451 928.554 0.10266
26 47 998.614 998.717 0.10266
24 32 927.303 927.488 0.184834
6 34 253.835 256.137 2.30195
21 35 254.358 256.66 2.30196
4 34 932.805 933.134 0.328707
24 32 945.73 945.833 0.102658
11 37 925.215 927.517 2.30196
12 33 920.468 922.77 2.30196
27 45 920.758 920.861 0.10266
0 30 1000.26 1000.36 0.0975406
13 37 917.417 919.719 2.30196
1 30 918.424 920.726 2.30195
21 35 1196.47 1196.64 0.174596
17 42 968.876 969.051 0.174599
24 32 1125.73 1125.83 0.102658
10 37 923.504 925.806 2.30196
15 42 925.738 925.923 0.184835
24 32 471.517 473.819 2.30195
6 34 955.942 956.04 0.0975364
7 34 472.665 474.967 2.30196
14 33 479.609 481.911 2.30196
4 34 477.019 479.321 2.30195
2 30 961.196 961.299 0.102659
1 30 462.638 464.94 2.30195
10 37 467.718 470.02 2.30196
29 30 469.12 471.422 2.30196
14 33 1000.48 1000.81 0.328708
6 34 481.729 484.031 2.30195
9 37 465.709 468.011 2.30195
25 42 973.773 973.876 0.102659
23 39 477.988 480.29 2.30196
8 34 455.913 458.215 2.30196
2 30 456.983 459.285 2.30196
19 42 458.526 460.828 2.30196
18 42 460.173 462.474 2.30196
5 34 460.454 462.756 2.30195
22 36 461.223 463.525 2.30195
13 37 461.63 463.932 2.30196
15 42 974.165 974.268 0.102659
5 34 964.668 964.765 0.0975384
23 39 1222.7 1223.31 0.616451
27 45 464.972 467.274 2.30196
12 0 464.681 0 -464.681
17 42 464.663 466.965 2.30196
26 47 464.401 466.703 2.30196
0 34 466.045 468.347 2.30196
19 42 914.313 914.929 0.616452
21 35 1053.96 1054.14 0.174596
25 42 925.346 925.449 0.102659
25 43 469.559 471.861 2.30196
20 35 470.414 472.716 2.30196
11 33 469.428 471.73 2.30196
15 38 469.952 472.254 2.30196
16 42 485.05 487.352 2.30195
5 34 934.668 934.77 0.102658
26 47 938.614 938.717 0.10266
14 33 1193.82 1193.92 0.09754
20 35 926.2 928.502 2.30196
21 35 482.252 484.554 2.30196
3 34 481.179 483.481 2.30196
6 34 709.622 711.924 2.30195
21 35 710.145 712.447 2.30196
27 45 1119.19 1119.28 0.0975401
3 30 709.072 711.374 2.30196
20 35 1215.12 1215.45 0.32871
24 32 975.73 975.828 0.0975381
16 42 1001.86 1002.19 0.328705
28 47 993.783 993.968 0.184836
27 45 969.185 969.288 0.10266
7 34 976.878 976.976 0.0975396
14 33 707.502 709.804 2.30196
17 43 1058.88 1059.05 0.1746
16 42 712.943 715.245 2.30195
8 34 683.807 686.109 2.30196
2 30 684.876 687.178 2.30196
19 42 686.419 688.721 2.30196
18 43 688.066 690.368 2.30196
5 34 688.347 690.649 2.30195
22 36 689.116 691.418 2.30195
13 37 689.524 691.826 2.30196
1 30 690.531 692.833 2.30195
26 47 692.294 694.596 2.30196
17 43 692.556 694.858 2.30196
12 0 692.575 0 -692.575
27 45 692.865 695.167 2.30196
9 33 693.602 695.904 2.30196
0 34 693.938 696.24 2.30196
10 37 695.611 697.913 2.30196
29 30 697.013 699.315 2.30196
11 0 697.322 0 -697.322
25 47 697.453 699.755 2.30196
15 38 697.845 700.147 2.30196
20 35 698.307 700.609 2.30196
24 32 699.41 701.712 2.30195
7 34 700.558 702.86 2.30196
28 40 700.807 703.109 2.30196
4 34 704.912 707.214 2.30195
23 39 705.881 708.183 2.30196
28 47 1012.08 1012.26 0.174596
28 47 961.242 961.57 0.328708
14 33 967.937 968.266 0.328708
25 42 1003.77 1003.88 0.102659
15 42 1004.17 1004.26 0.0975388
16 42 1199.26 1199.37 0.102657
0 34 1180.26 1180.36 0.102659
21 35 938.038 938.367 0.328708
7 34 1126.88 1126.98 0.10266
16 42 940.836 941.453 0.616449
17 42 998.876 999.051 0.174599
27 45 1179.19 1179.28 0.0975401
27 45 999.185 999.288 0.10266
24 32 1005.73 1005.83 0.0975381
19 42 975.341 975.67 0.328708
27 45 939.185 939.288 0.10266
17 42 938.876 939.051 0.174599
22 36 949.551 949.736 0.184835
2 30 931.196 931.299 0.102659
7 34 946.878 946.976 0.0975396
7 34 1006.88 1006.98 0.0975396
15 42 1184.17 1184.26 0.0975388
12 33 1148.36 1150.66 2.30196
6 34 1195.94 1196.04 0.0975364
15 42 944.165 944.268 0.102659
0 34 940.258 940.356 0.0975393
4 34 965.347 965.676 0.328707
26 47 1118.61 1118.71 0.09754
21 35 970.58 970.908 0.328708
25 42 943.773 943.876 0.102659
19 42 1040.42 1040.61 0.184836
22 36 1025.44 1025.61 0.174595
21 35 1035.66 1035.85 0.184836
4 34 1030.43 1030.62 0.184835
15 42 1034.17 1034.27 0.102659
2 30 1021.2 1021.29 0.0975393
1 30 1146.32 1146.65 0.328706
1 30 1178.86 1179.04 0.184834
3 34 1195.39 1195.49 0.0975405
17 42 1028.88 1029.05 0.174599
16 42 1034.41 1034.74 0.328705
12 37 1376.25 1378.56 2.30196
27 45 1029.19 1029.29 0.10266
5 34 1024.67 1024.77 0.0975384
18 42 1046.13 1047.44 1.31482
6 34 1015.94 1016.04 0.0975364
14 33 1033.02 1033.21 0.184836
4 34 1191.23 1191.33 0.102659
24 32 1185.73 1185.83 0.102658
11 33 1183.64 1183.82 0.174596
15 42 1064.17 1064.27 0.102659
0 34 1030.26 1030.36 0.0975393
2 30 1051.2 1051.29 0.0975393
28 47 1067.13 1067.3 0.174596
25 42 1033.77 1033.88 0.102659
26 47 1028.61 1028.72 0.10266
27 45 1059.19 1059.28 0.0975401
28 47 1037.13 1037.3 0.174596
25 42 1063.77 1063.88 0.102659
24 32 1035.73 1035.83 0.102658
16 42 1066.95 1067.13 0.184833
24 32 1065.73 1065.83 0.102658
4 34 1048.73 1048.83 0.102659
5 34 1054.67 1054.77 0.0975384
0 34 1060.26 1060.36 0.0975393
6 34 1045.94 1046.04 0.0975364
7 34 1036.88 1036.98 0.10266
14 33 1051.32 1051.49 0.174596
26 47 1058.61 1058.72 0.10266
19 42 1082.74 1082.91 0.174596
26 47 1148.61 1148.71 0.09754
10 37 1151.4 1153.7 2.30196
17 42 1088.88 1089.05 0.174599
19 42 1058.72 1058.9 0.174596
22 36 1055.44 1055.61 0.174595
21 35 1076.47 1076.64 0.174596
7 34 1066.88 1066.98 0.10266
5 34 1084.67 1084.77 0.102658
14 33 1073.82 1074 0.174596
25 42 1093.77 1093.88 0.102659
4 34 1071.23 1071.33 0.0975388
6 34 1075.94 1076.04 0.0975364
8 34 1139.59 1139.7 0.10266
27 45 1089.19 1089.28 0.0975401
15 42 1094.17 1094.27 0.102659
2 30 1081.2 1081.29 0.0975393
22 36 1085.44 1085.61 0.174595
28 47 1097.13 1097.3 0.174596
7 34 1096.88 1096.98 0.10266
16 42 1085.25 1085.35 0.102657
0 34 1090.26 1090.36 0.0975393
24 32 1095.73 1095.83 0.102658
26 47 1088.61 1088.71 0.09754
0 34 1120.26 1120.36 0.0975393
22 36 1115.44 1115.61 0.174595
15 42 1124.17 1124.27 0.102659
14 33 1103.82 1103.93 0.10266
23 39 1161.67 1162.28 0.616451
19 42 1112.74 1112.91 0.174596
11 33 1153.11 1153.29 0.184836
20 35 1154.09 1154.71 0.616454
21 35 1106.47 1106.64 0.174596
6 34 1105.94 1106.04 0.0975364
4 34 1101.23 1101.33 0.0975388
5 34 1114.67 1114.77 0.102658
28 47 1127.13 1127.3 0.174596
22 36 1145.44 1145.61 0.174595
13 37 1145.31 1147.61 2.30196
16 42 1109.26 1109.37 0.102657
2 30 1111.2 1111.29 0.0975393
25 42 1123.77 1123.87 0.0975392
19 42 1142.74 1142.91 0.174596
4 34 1131.23 1131.33 0.102659
17 42 1148.88 1149.05 0.174599
14 33 1133.82 1133.92 0.09754
2 30 1141.2 1141.29 0.0975393
10 37 1379.29 1379.62 0.328708
7 34 1186.88 1186.98 0.10266
27 45 1149.19 1149.28 0.0975401
3 34 1164.86 1165.04 0.184836
25 42 1153.77 1153.87 0.0975392
21 35 1136.47 1136.64 0.174596
6 34 1135.94 1136.04 0.0975364
5 34 1174.67 1174.77 0.102658
2 30 1171.2 1171.29 0.0975393
17 42 1178.88 1179.05 0.174599
29 30 1183.33 1183.51 0.174598
3 34 1183.16 1183.26 0.10266
16 42 1139.26 1139.37 0.102657
8 34 1170.13 1170.22 0.0975398
5 34 1144.67 1144.77 0.102658
15 42 1154.17 1154.27 0.102659
0 34 1150.26 1150.36 0.102659
28 47 1157.13 1157.3 0.174596
26 47 1178.61 1178.71 0.09754
24 32 1155.73 1155.83 0.102658
7 34 1156.88 1156.98 0.10266
21 35 1166.47 1166.64 0.174596
18 42 1176.29 1177.61 1.31482
14 33 1163.82 1163.92 0.09754
6 34 1165.94 1166.04 0.0975364
16 42 1169.26 1169.37 0.102657
4 34 1161.23 1161.33 0.102659
