38 76 0.236773 2.53873 2.30196
44 72 0.439597 2.74155 2.30195
20 80 701.334 703.636 2.30195
6 59 701.519 703.821 2.30195
9 51 702.609 704.911 2.30195
22 80 703.943 706.245 2.30196
13 63 704.08 706.382 2.30196
2 58 705.552 707.854 2.30195
41 87 1034 1034.1 0.0975392
25 73 1109.9 1109.99 0.097539
39 76 0.663392 2.96534 2.30195
27 66 1045.64 1045.74 0.0975378
7 59 708.987 711.289 2.30195
32 83 983.011 983.109 0.0975374
48 97 0.702337 3.00429 2.30195
40 88 1028.02 1028.12 0.0975384
0 58 695.023 697.325 2.30195
36 68 695.511 697.813 2.30196
33 90 695.919 698.221 2.30196
3 57 696.068 698.37 2.30196
11 59 696.808 699.11 2.30196
18 70 697.183 699.485 2.30195
30 82 0.817144 3.1191 2.30195
12 70 986.925 987.027 0.102658
30 82 930.817 930.92 0.102658
45 86 915.848 915.951 0.102659
40 88 919.596 919.781 0.184834
47 68 1.11046 3.41241 2.30195
40 88 691.703 694.005 2.30195
31 89 691.825 694.127 2.30195
49 52 692.394 694.696 2.30195
4 51 692.468 694.77 2.30195
17 70 693.791 696.093 2.30196
23 73 694.397 696.699 2.30195
11 52 468.914 471.216 2.30195
15 70 2.61268 4.91464 2.30195
27 66 481.426 483.728 2.30195
16 69 928.141 928.243 0.102657
45 86 4.27548 6.57743 2.30195
26 72 5.16937 7.47132 2.30196
43 87 3.95494 6.2569 2.30195
19 62 5.89004 8.192 2.30196
47 68 229.004 231.306 2.30195
29 90 5.07145 7.37341 2.30195
33 83 1092.24 1092.34 0.097538
32 83 1013.01 1013.11 0.102657
49 52 8.71442 11.0164 2.30195
40 88 8.02346 10.3254 2.30195
31 90 8.14532 10.4473 2.30195
28 82 7.33317 9.63513 2.30195
4 51 8.78858 11.0905 2.30195
43 87 1023.95 1024.05 0.0975387
9 58 930.502 932.804 2.30196
26 79 965.169 965.272 0.102659
17 70 10.1116 12.4136 2.30196
9 51 474.716 477.018 2.30195
0 58 11.3432 13.6452 2.30195
23 73 10.717 13.019 2.30195
3 59 12.3885 14.6904 2.30195
36 68 11.8311 14.1331 2.30196
34 82 959.274 959.377 0.102658
7 59 481.094 483.396 2.30195
35 76 479.888 482.19 2.30195
33 83 12.2396 14.5415 2.30195
34 82 712.954 715.256 2.30195
46 67 1046.09 1046.19 0.097538
14 70 928.948 929.05 0.102658
10 52 14.139 16.441 2.30195
11 52 13.1278 15.4298 2.30195
18 70 13.503 15.8049 2.30195
41 87 14.0035 16.3054 2.30196
3 59 923.961 926.263 2.30195
18 70 925.076 925.179 0.102657
46 67 986.091 986.194 0.102658
1 51 15.6187 17.9207 2.30195
16 69 16.5678 18.8698 2.30195
5 0 16.8063 0 -16.8063
44 72 684.119 686.421 2.30195
39 76 684.343 686.645 2.30195
48 97 684.382 686.684 2.30195
30 82 684.497 686.799 2.30195
47 68 684.79 687.092 2.30195
15 70 686.292 688.594 2.30195
6 0 17.8396 0 -17.8396
20 80 17.6546 19.9566 2.30195
14 70 17.3745 19.6765 2.30195
5 59 472.593 474.895 2.30195
30 82 912.39 912.493 0.102658
41 87 469.79 472.092 2.30196
8 52 706.183 708.485 2.30195
21 80 706.516 708.818 2.30195
32 83 706.691 708.993 2.30195
9 51 18.9295 21.2315 2.30195
13 70 20.3998 22.7018 2.30195
2 58 21.8724 24.1743 2.30195
22 80 20.2635 22.5655 2.30196
8 52 22.5029 24.8049 2.30195
32 83 23.0111 25.313 2.30195
27 66 709.319 711.621 2.30195
12 70 710.604 712.906 2.30195
38 75 911.81 911.912 0.102659
24 80 938.708 941.01 2.30195
39 76 1020.66 1020.76 0.0975367
48 97 912.275 912.378 0.102657
21 80 22.8367 25.1387 2.30195
29 90 916.644 916.829 0.184833
43 87 231.848 234.15 2.30195
15 70 230.506 232.808 2.30195
46 67 481.878 484.18 2.30195
35 76 24.1019 26.4039 2.30195
45 86 232.169 234.471 2.30195
43 87 963.955 964.058 0.102659
7 59 25.3075 27.6094 2.30195
46 67 26.0913 28.3933 2.30195
27 66 25.6396 27.9416 2.30195
37 76 25.4624 27.7643 2.30195
42 79 710.294 712.596 2.30196
19 62 917.463 919.765 2.30196
38 75 683.917 686.218 2.30195
26 79 916.742 916.845 0.102659
42 80 26.6139 28.9158 2.30195
24 0 27.1351 0 -27.1351
12 70 26.9247 29.2266 2.30195
3 59 468.175 470.477 2.30195
13 70 476.186 478.488 2.30195
30 82 228.71 231.012 2.30195
25 73 29.897 32.199 2.30195
34 82 29.274 31.576 2.30195
9 51 246.823 249.125 2.30195
22 80 248.157 250.459 2.30196
18 70 973.503 973.606 0.102657
12 70 254.818 257.12 2.30195
24 80 255.028 257.33 2.30195
13 70 248.293 250.595 2.30195
35 76 251.995 254.297 2.30195
34 82 257.167 259.469 2.30195
38 76 228.13 230.432 2.30196
44 72 228.333 230.635 2.30195
39 76 228.557 230.859 2.30195
48 97 228.596 230.898 2.30195
29 90 232.965 235.267 2.30195
26 72 233.063 235.365 2.30196
19 62 233.783 236.085 2.30196
28 82 235.226 237.528 2.30195
40 88 235.917 238.219 2.30195
31 90 236.039 238.341 2.30195
49 52 236.608 238.91 2.30195
4 51 236.682 238.984 2.30195
17 70 238.005 240.307 2.30196
23 73 238.61 240.912 2.30195
0 58 239.236 241.538 2.30195
36 68 239.724 242.026 2.30196
33 83 240.133 242.435 2.30195
3 59 240.282 242.584 2.30195
11 59 241.021 243.323 2.30196
18 70 241.396 243.698 2.30195
41 87 241.897 244.199 2.30196
10 53 242.032 244.334 2.30196
1 51 243.512 245.814 2.30195
16 69 244.461 246.763 2.30195
5 59 244.7 247.002 2.30195
14 70 245.268 247.57 2.30195
20 80 245.548 247.85 2.30195
6 59 245.733 248.035 2.30195
35 76 707.782 710.084 2.30195
24 86 710.815 713.117 2.30196
16 69 472.354 474.656 2.30195
6 59 929.413 931.715 2.30195
39 76 930.663 930.766 0.102657
44 72 912.013 912.115 0.102657
25 73 485.683 487.985 2.30195
34 82 940.847 941.032 0.184834
33 83 468.026 470.328 2.30195
32 83 250.904 253.206 2.30195
8 52 250.396 252.698 2.30195
21 80 250.73 253.032 2.30195
2 58 249.766 252.068 2.30195
46 67 253.985 256.287 2.30195
37 76 253.356 255.658 2.30195
25 73 257.79 260.092 2.30195
7 59 253.201 255.503 2.30195
27 66 253.533 255.835 2.30195
46 67 1016.09 1016.19 0.097538
49 52 920.287 920.39 0.102658
42 80 254.507 256.809 2.30195
20 80 1007.65 1007.75 0.0975386
37 75 709.142 711.444 2.30196
17 70 970.112 970.214 0.102659
15 70 914.186 914.288 0.102658
1 51 471.405 473.707 2.30195
23 73 922.29 922.393 0.102657
31 90 919.718 922.02 2.30195
17 70 940.112 940.214 0.102659
43 87 1113.95 1114.05 0.0975387
20 80 977.655 977.752 0.0975386
19 62 1145.36 1145.54 0.184835
35 76 984.102 984.205 0.102657
41 87 697.683 699.985 2.30196
10 52 697.819 700.121 2.30195
1 51 699.298 701.6 2.30195
16 69 700.248 702.55 2.30195
5 52 700.486 702.788 2.30196
14 70 701.054 703.356 2.30195
0 58 922.916 925.218 2.30195
8 52 478.289 480.591 2.30195
39 76 912.236 912.339 0.102657
18 70 469.289 471.591 2.30195
22 80 476.05 478.352 2.30196
34 82 485.061 487.362 2.30195
14 70 473.161 475.463 2.30195
43 87 687.635 689.937 2.30195
45 85 687.955 690.257 2.30196
29 90 688.751 691.053 2.30195
26 72 688.849 691.151 2.30196
19 62 689.57 691.872 2.30196
28 82 691.013 693.315 2.30195
44 72 1110.44 1110.54 0.0975373
6 59 473.626 475.928 2.30195
33 83 972.24 972.337 0.097538
10 52 469.926 472.227 2.30195
4 51 920.362 920.464 0.102657
47 68 912.683 912.786 0.102659
37 76 1175.09 1175.19 0.102658
29 90 935.071 935.174 0.102657
28 82 918.906 921.208 2.30195
46 67 709.771 712.073 2.30195
0 58 467.13 469.432 2.30195
23 73 466.504 468.805 2.30195
41 87 925.576 925.761 0.184835
47 68 931.11 931.213 0.102659
23 73 970.717 970.82 0.102657
25 73 941.47 941.655 0.184835
10 52 925.712 925.815 0.102658
43 87 915.528 915.631 0.102659
34 82 989.274 989.372 0.0975378
10 52 974.139 974.237 0.0975381
49 52 464.501 466.803 2.30195
13 70 1040.4 1040.5 0.102657
12 70 482.711 485.013 2.30195
31 90 463.932 466.234 2.30195
1 51 927.192 929.494 2.30195
21 80 478.623 480.925 2.30195
11 52 924.701 924.803 0.102658
40 88 463.81 466.112 2.30195
36 68 467.618 469.92 2.30196
20 80 473.441 475.743 2.30195
2 58 477.659 479.961 2.30195
24 80 482.922 485.224 2.30195
28 82 463.12 465.422 2.30195
48 97 1020.7 1020.8 0.102657
32 83 478.798 481.1 2.30195
37 76 481.249 483.551 2.30195
42 80 482.4 484.702 2.30195
27 66 985.64 985.742 0.102658
4 51 464.575 466.877 2.30195
17 70 465.898 468.2 2.30196
38 75 456.023 458.325 2.30195
44 72 456.226 458.528 2.30195
39 76 456.45 458.752 2.30195
48 97 456.489 458.791 2.30195
30 82 456.604 458.906 2.30195
47 68 456.897 459.199 2.30195
15 70 458.399 460.701 2.30195
43 87 459.741 462.043 2.30195
45 86 460.062 462.364 2.30195
29 90 460.858 463.16 2.30195
26 79 460.956 463.258 2.30195
19 62 461.677 463.978 2.30196
44 72 930.44 930.542 0.102657
25 73 713.577 715.879 2.30195
33 83 923.813 923.915 0.102658
38 75 1110.24 1110.33 0.0975388
36 68 923.404 925.706 2.30196
4 51 938.789 938.891 0.102657
45 86 934.275 934.378 0.102659
7 59 985.307 985.41 0.102658
25 73 989.897 989.995 0.097539
49 52 1118.71 1118.81 0.0975382
15 70 1022.61 1022.72 0.102658
34 82 1019.27 1019.37 0.0975378
12 70 1016.92 1017.03 0.102658
43 87 933.955 934.058 0.102659
48 97 960.702 960.805 0.102657
17 70 921.685 921.787 0.102659
27 66 937.213 937.315 0.102658
16 69 976.568 976.665 0.0975366
41 87 974.003 974.106 0.102659
32 83 1103.01 1103.11 0.0975374
32 83 934.584 934.769 0.184833
49 52 968.714 968.817 0.102658
20 80 929.228 929.412 0.184835
26 79 1085.17 1085.27 0.0975387
14 70 977.375 977.477 0.102658
15 70 932.613 932.715 0.102658
8 52 1042.5 1042.61 0.102658
26 79 935.169 935.272 0.102659
26 79 1025.17 1025.27 0.0975387
7 59 1045.31 1045.41 0.102658
17 70 1030.11 1030.21 0.102659
40 88 938.023 938.126 0.102658
12 70 938.498 938.6 0.102658
23 73 1090.72 1090.81 0.0975368
34 82 1109.27 1109.37 0.0975378
35 76 1044.1 1044.2 0.0975368
26 79 1115.17 1115.27 0.0975387
49 52 938.714 938.817 0.102658
4 51 1028.79 1028.89 0.0975371
14 70 1157.37 1157.47 0.0975385
38 75 930.237 930.339 0.102659
30 82 960.817 960.915 0.0975377
13 70 931.973 932.302 0.328705
22 80 931.837 934.138 2.30196
5 52 928.379 930.681 2.30196
48 97 930.702 930.805 0.102657
14 70 1037.37 1037.47 0.0975385
18 70 1033.5 1033.61 0.102657
38 75 990.237 990.334 0.0975388
13 70 997.056 997.241 0.184833
8 52 982.503 982.606 0.102658
49 52 1028.71 1028.81 0.0975382
2 58 933.445 935.747 2.30195
40 88 968.023 968.126 0.102658
16 69 1036.57 1036.67 0.0975366
11 52 1033.13 1033.23 0.102658
8 52 934.076 934.179 0.102658
21 80 934.41 936.712 2.30195
35 76 935.675 935.778 0.102657
7 59 936.88 936.983 0.102658
37 76 937.035 939.337 2.30195
42 80 938.187 940.489 2.30195
46 67 937.664 937.767 0.102658
32 83 1043.01 1043.11 0.0975374
23 73 1030.72 1030.82 0.102657
39 76 1050.66 1050.76 0.0975367
44 72 1050.44 1050.54 0.102657
30 82 1110.82 1110.91 0.0975377
44 72 1020.44 1020.54 0.102657
48 97 1110.7 1110.8 0.0975374
27 66 1015.64 1015.74 0.0975378
7 59 1015.31 1015.41 0.102658
38 75 1020.24 1020.34 0.102659
23 73 940.717 940.82 0.102657
39 76 990.663 990.761 0.0975367
29 90 1025.07 1025.17 0.102657
29 90 965.071 965.174 0.102657
4 51 968.789 968.886 0.0975371
15 70 962.613 962.715 0.102658
12 70 1046.92 1047.03 0.102658
4 51 1088.79 1088.89 0.0975371
11 52 973.128 973.225 0.0975378
33 83 942.24 942.337 0.097538
34 82 1049.27 1049.37 0.0975378
17 70 1090.11 1090.21 0.0975392
44 72 990.44 990.542 0.102657
41 87 944.003 944.178 0.174595
20 80 947.655 947.757 0.102659
16 69 946.568 946.67 0.102657
39 76 960.663 960.766 0.102657
11 52 943.128 943.225 0.0975378
14 70 947.375 947.477 0.102658
28 82 1146.8 1146.9 0.102657
35 76 954.102 954.205 0.102657
10 52 944.139 944.242 0.102658
18 70 943.503 943.606 0.102657
12 70 1166.92 1167.02 0.097538
31 90 1147.61 1147.71 0.102659
44 72 960.44 960.542 0.102657
32 83 953.011 953.114 0.102657
48 97 1080.7 1080.8 0.0975374
38 75 960.237 960.339 0.102659
27 66 955.64 955.742 0.102658
46 67 956.091 956.194 0.102658
11 52 1123.13 1123.23 0.102658
23 73 1120.72 1120.81 0.0975368
25 73 959.897 960 0.102659
7 59 955.307 955.41 0.102658
8 52 952.503 952.606 0.102658
13 70 964.515 964.843 0.328705
45 86 964.275 964.378 0.102659
47 68 961.11 961.208 0.0975386
12 70 956.925 957.027 0.102658
48 97 990.702 990.805 0.102657
30 82 1170.82 1170.91 0.0975377
27 66 1165.64 1165.74 0.0975378
30 82 990.817 990.915 0.0975377
11 52 1093.13 1093.23 0.102658
25 73 1049.9 1049.99 0.097539
43 87 993.955 994.058 0.102659
33 83 1002.24 1002.34 0.102658
10 52 1004.14 1004.24 0.0975381
47 68 1021.11 1021.21 0.0975386
16 69 1006.57 1006.67 0.0975366
45 86 994.275 994.378 0.102659
15 70 992.613 992.715 0.102658
4 51 998.789 998.886 0.0975371
41 87 1004 1004.1 0.0975392
40 88 998.023 998.126 0.102658
47 68 991.11 991.213 0.102659
10 52 1034.14 1034.24 0.0975381
45 86 1024.28 1024.37 0.0975389
30 82 1080.82 1080.91 0.0975377
15 70 1112.61 1112.71 0.0975381
39 76 1080.66 1080.76 0.0975367
12 70 1106.92 1107.02 0.097538
35 76 1104.1 1104.2 0.0975368
47 68 1081.11 1081.21 0.0975386
33 83 1032.24 1032.34 0.097538
45 86 1114.28 1114.37 0.0975389
11 52 1003.13 1003.23 0.0975378
17 70 1000.11 1000.21 0.102659
29 90 995.071 995.174 0.102657
26 79 995.169 995.267 0.0975387
18 70 1003.5 1003.61 0.102657
35 76 1014.1 1014.2 0.102657
8 52 1012.5 1012.61 0.102658
13 70 1015.35 1015.53 0.174593
13 70 1100.4 1100.5 0.102657
38 75 1050.24 1050.33 0.0975388
29 90 1085.07 1085.17 0.102657
49 52 998.714 998.817 0.102658
25 73 1019.9 1019.99 0.097539
7 59 1165.31 1165.41 0.0975384
23 73 1000.72 1000.82 0.102657
10 53 1094.14 1094.24 0.0975399
14 70 1007.37 1007.47 0.0975385
16 69 1096.57 1096.67 0.0975366
20 80 1037.65 1037.75 0.0975386
30 82 1020.82 1020.91 0.0975377
5 59 1174.57 1174.67 0.102658
48 97 1050.7 1050.8 0.0975374
40 88 1118.02 1118.12 0.0975384
26 79 1055.17 1055.27 0.0975387
30 82 1050.82 1050.91 0.0975377
20 80 1097.65 1097.75 0.0975386
8 52 1102.5 1102.6 0.0975384
29 90 1055.07 1055.17 0.102657
45 86 1054.28 1054.37 0.0975389
43 87 1053.95 1054.05 0.0975387
15 70 1052.61 1052.72 0.102658
47 68 1051.11 1051.21 0.0975386
47 68 1111.11 1111.21 0.0975386
49 52 1088.71 1088.81 0.0975382
17 70 1120.11 1120.21 0.0975392
7 59 1105.31 1105.41 0.0975384
27 66 1105.64 1105.74 0.0975378
40 88 1088.02 1088.12 0.0975384
49 52 1058.71 1058.81 0.0975382
23 73 1060.72 1060.81 0.0975368
17 70 1060.11 1060.21 0.102659
11 52 1063.13 1063.23 0.102658
4 51 1058.79 1058.89 0.0975371
33 83 1062.24 1062.34 0.097538
25 73 1079.9 1079.99 0.097539
41 87 1064 1064.1 0.0975392
40 88 1058.02 1058.13 0.102658
44 72 1080.44 1080.54 0.102657
43 87 1083.95 1084.05 0.0975387
38 75 1080.24 1080.33 0.0975388
4 51 1118.79 1118.89 0.0975371
29 90 1115.07 1115.17 0.102657
18 70 1063.5 1063.6 0.0975372
20 80 1067.65 1067.75 0.0975386
32 83 1073.01 1073.11 0.0975374
14 70 1067.37 1067.47 0.0975385
10 53 1064.14 1064.24 0.0975399
45 86 1084.28 1084.37 0.0975389
18 70 1093.5 1093.6 0.0975372
35 76 1164.1 1164.2 0.0975368
14 70 1097.37 1097.47 0.0975385
34 82 1079.27 1079.37 0.0975378
46 67 1076.09 1076.19 0.097538
8 52 1162.5 1162.6 0.0975384
39 76 1170.66 1170.76 0.0975367
35 76 1074.1 1074.2 0.0975368
8 52 1072.5 1072.61 0.102658
16 69 1066.57 1066.67 0.0975366
15 70 1082.61 1082.72 0.102658
41 87 1094 1094.11 0.102659
27 66 1075.64 1075.74 0.0975378
13 70 1070.4 1070.5 0.0975374
12 70 1076.92 1077.02 0.097538
7 59 1075.31 1075.41 0.0975384
38 75 1170.24 1170.33 0.0975388
39 76 1110.66 1110.76 0.0975367
46 67 1106.09 1106.19 0.097538
3 59 1151.85 1151.96 0.102658
16 69 1126.57 1126.67 0.0975366
0 58 1150.81 1150.91 0.102658
46 67 1166.09 1166.19 0.097538
21 80 1162.3 1164.6 2.30195
10 53 1124.14 1124.24 0.0975399
20 80 1127.65 1127.75 0.0975386
14 70 1127.37 1127.47 0.0975385
36 68 1151.3 1151.4 0.102659
33 83 1122.24 1122.34 0.097538
41 87 1124 1124.11 0.102659
1 51 1155.08 1155.19 0.102658
43 87 1143.95 1144.05 0.0975387
5 59 1156.27 1156.46 0.184834
34 82 1139.27 1139.37 0.0975378
29 90 1145.07 1145.17 0.097537
18 70 1123.5 1123.6 0.0975372
2 58 1171.5 1171.6 0.102657
25 73 1139.9 1139.99 0.097539
8 52 1132.5 1132.6 0.0975384
2 58 1161.34 1161.44 0.102657
6 59 1157.31 1157.92 0.61645
45 86 1174.28 1174.37 0.0975389
32 83 1133.01 1133.11 0.0975374
9 51 1158.4 1158.5 0.102658
22 80 1159.73 1160.06 0.328707
13 70 1130.4 1130.5 0.102657
30 82 1140.82 1140.91 0.0975377
27 66 1135.64 1135.74 0.0975378
35 76 1134.1 1134.2 0.0975368
48 97 1140.7 1140.8 0.0975374
9 51 1168.56 1168.66 0.102658
39 76 1140.66 1140.76 0.0975367
38 75 1140.24 1140.33 0.0975388
12 70 1136.92 1137.02 0.097538
45 86 1144.28 1144.37 0.0975389
42 80 1166.08 1166.41 0.328706
24 80 1166.6 1166.93 0.328707
3 59 1162.02 1162.12 0.102658
19 62 1163.65 1163.76 0.102659
26 79 1145.17 1145.27 0.0975387
7 59 1135.31 1135.41 0.0975384
37 76 1164.93 1165.03 0.102658
46 67 1136.09 1136.19 0.097538
28 82 1156.96 1157.07 0.102657
32 83 1163.01 1163.11 0.0975374
0 58 1160.97 1161.08 0.102658
31 90 1157.77 1157.88 0.102659
49 52 1148.71 1148.81 0.0975382
1 51 1165.25 1165.35 0.102658
11 52 1153.13 1153.23 0.102658
15 70 1142.61 1142.71 0.0975381
44 72 1140.44 1140.54 0.0975373
47 68 1141.11 1141.21 0.0975386
13 70 1160.4 1160.5 0.102657
34 82 1169.27 1169.37 0.0975378
17 70 1150.11 1150.21 0.0975392
10 53 1154.14 1154.24 0.0975399
23 73 1150.72 1150.81 0.0975368
33 83 1152.24 1152.34 0.097538
4 51 1148.79 1148.89 0.0975371
15 70 1172.61 1172.71 0.0975381
16 69 1156.57 1156.67 0.0975366
41 87 1154 1154.1 0.0975392
40 88 1148.02 1148.12 0.0975384
5 59 1186.81 1186.9 0.0975383
20 80 1157.65 1157.75 0.0975386
36 68 1161.46 1161.56 0.102659
25 73 1169.9 1169.99 0.097539
18 70 1153.5 1153.6 0.0975372
47 68 1171.11 1171.21 0.0975386
43 87 1173.95 1174.05 0.0975387
48 97 1170.7 1170.8 0.0975374
44 72 1170.44 1170.54 0.0975373
41 87 1184 1184.1 0.0975392
3 59 1182.39 1182.49 0.0975375
0 58 1181.34 1181.45 0.102658
28 82 1177.33 1177.44 0.102657
31 90 1178.15 1178.25 0.102659
20 80 1187.65 1187.75 0.0975386
17 70 1180.11 1180.21 0.0975392
13 70 1190.4 1190.5 0.102657
33 83 1182.24 1182.34 0.097538
29 90 1175.07 1175.17 0.097537
19 62 1175.89 1175.99 0.0975391
26 79 1175.17 1175.27 0.0975387
8 52 1192.5 1192.6 0.0975384
34 82 1199.27 1199.37 0.0975378
36 68 1181.83 1181.93 0.0975392
6 59 1218.33 1218.66 0.328706
1 51 1185.62 1185.72 0.102658
40 88 1178.02 1178.12 0.0975384
23 73 1180.72 1180.81 0.0975368
10 52 1184.14 1184.24 0.0975381
4 51 1178.79 1178.89 0.0975371
49 52 1178.71 1178.81 0.0975382
16 69 1186.57 1186.67 0.0975366
27 66 1195.64 1195.74 0.0975378
18 70 1183.5 1183.6 0.0975372
14 70 1187.37 1187.47 0.0975385
11 52 1183.13 1183.23 0.102658
21 80 1390.2 1390.38 0.184834
35 76 1194.1 1194.2 0.0975368
46 67 1196.09 1196.19 0.102658
22 80 1192.27 1192.46 0.184835
32 83 1193.01 1193.11 0.0975374
42 80 1198.62 1198.81 0.184834
24 80 1199.14 1199.47 0.328707
12 70 1196.92 1197.02 0.097538
2 58 1191.87 1191.98 0.102657
9 51 1188.93 1189.03 0.0975376
7 59 1195.31 1195.41 0.0975384
37 76 1195.46 1195.57 0.102658
25 73 1199.9 1199.99 0.097539
