9 26 2.41157 4.71353 2.30196
8 25 23.3704 25.6724 2.30196
17 36 23.8875 26.1895 2.30195
1 25 8.95266 11.2546 2.30195
5 36 11.0045 13.3064 2.30195
2 25 12.9408 15.2427 2.30195
18 21 7.95206 10.254 2.30196
19 38 21.8654 24.1673 2.30195
5 36 1091 1091.11 0.102657
15 23 988.272 988.369 0.0975382
4 25 959.542 959.64 0.0975377
12 39 23.8958 26.1977 2.30195
3 25 1168.12 1170.42 2.30196
10 30 25.9485 28.2504 2.30196
16 26 24.5995 26.9014 2.30196
7 29 26.1725 28.4744 2.30196
0 25 25.3466 27.6486 2.30196
10 26 709.628 711.93 2.30196
19 38 1011.87 1011.97 0.102657
17 36 983.888 983.99 0.102659
14 23 27.6386 29.9405 2.30196
11 30 27.6777 29.9796 2.30195
15 23 28.2716 30.5736 2.30195
6 25 1169.37 1169.56 0.184835
3 0 28.6536 0 -28.6536
6 0 29.9067 0 -29.9067
13 39 29.7157 32.0177 2.30196
4 25 29.542 31.8439 2.30195
8 25 1162.84 1164.15 1.31482
18 21 1117.95 1118.05 0.0975396
11 30 255.571 257.873 2.30195
7 29 254.066 256.368 2.30196
6 25 485.693 487.995 2.30195
19 38 249.759 252.061 2.30195
13 30 485.502 487.804 2.30195
9 26 230.305 232.607 2.30196
18 21 235.845 238.147 2.30196
1 25 236.846 239.148 2.30195
5 36 238.898 241.2 2.30195
2 25 240.834 243.136 2.30195
18 21 967.952 968.05 0.0975396
16 26 252.493 254.795 2.30196
13 30 992.129 992.231 0.102658
17 36 251.781 254.083 2.30195
7 29 1106.17 1106.27 0.0975408
14 23 255.532 257.834 2.30196
10 0 253.842 0 -253.842
15 23 256.165 258.467 2.30195
3 25 256.547 258.849 2.30196
8 25 251.264 253.566 2.30196
0 25 253.24 255.542 2.30196
12 39 251.789 254.091 2.30195
5 36 1151 1151.1 0.0975369
6 25 257.8 260.102 2.30195
13 39 257.609 259.911 2.30196
4 25 257.435 259.737 2.30195
12 39 1163.9 1164 0.102659
7 29 1016.17 1016.27 0.0975408
0 25 1045.35 1045.44 0.0975398
7 29 1136.17 1136.27 0.0975408
19 38 477.652 479.954 2.30195
4 25 485.328 487.63 2.30195
1 25 464.739 467.041 2.30195
7 29 1076.17 1076.27 0.0975408
13 30 973.83 974.015 0.184834
11 30 971.792 971.977 0.184833
4 25 989.542 989.645 0.102658
15 23 1078.27 1078.37 0.0975382
9 26 458.198 460.5 2.30196
18 21 463.739 466.041 2.30196
17 36 1013.89 1013.99 0.102659
12 39 1013.9 1014 0.102659
2 25 468.727 471.029 2.30195
5 36 466.791 469.093 2.30195
17 36 479.674 481.976 2.30195
0 25 481.133 483.435 2.30196
12 39 479.682 481.984 2.30195
0 25 709.026 711.328 2.30196
10 30 1165.41 1167.72 2.30196
16 26 708.279 710.581 2.30196
17 36 1133.89 1133.99 0.097539
14 27 483.425 485.727 2.30196
8 25 479.157 481.459 2.30196
10 30 481.735 484.037 2.30196
7 29 481.959 484.261 2.30196
16 26 480.386 482.688 2.30196
15 23 484.058 486.36 2.30195
11 30 483.464 485.766 2.30195
3 25 484.44 486.742 2.30196
0 25 985.347 985.449 0.10266
7 29 986.172 986.27 0.0975408
2 25 1176.74 1177.07 0.328707
4 25 1139.54 1139.64 0.0975377
12 39 983.896 983.998 0.102659
15 23 711.951 714.253 2.30195
11 34 711.357 713.659 2.30196
14 0 711.318 0 -711.318
7 30 709.852 712.154 2.30196
9 26 686.091 688.393 2.30196
18 21 691.632 693.934 2.30196
1 25 692.632 694.934 2.30195
5 36 694.684 696.986 2.30195
2 24 696.621 698.922 2.30196
19 38 705.545 707.847 2.30195
8 25 707.05 709.352 2.30196
17 36 707.567 709.869 2.30195
12 39 707.576 709.877 2.30195
8 25 934.943 937.245 2.30196
3 25 712.333 714.635 2.30196
4 25 713.222 715.524 2.30195
6 25 713.586 715.888 2.30195
13 39 713.395 715.697 2.30196
11 30 1137.68 1137.78 0.102657
18 21 1147.95 1148.05 0.0975396
11 30 1167.68 1167.78 0.102657
2 25 1115.71 1116.33 0.616451
5 36 973.418 973.52 0.102657
0 25 1105.35 1105.44 0.0975398
11 30 1107.68 1107.78 0.102657
7 29 1166.17 1166.27 0.0975408
1 25 1103.61 1103.94 0.328705
16 26 1164.07 1164.17 0.10266
0 25 1015.35 1015.45 0.10266
18 21 997.952 998.055 0.10266
5 36 1001 1001.11 0.102657
19 38 981.865 981.968 0.102657
11 30 990.091 990.265 0.174593
1 25 1136.15 1136.48 0.328705
19 38 1161.87 1161.96 0.0975367
19 38 1071.87 1071.96 0.0975367
18 21 937.952 938.05 0.0975396
14 23 1177.27 1177.37 0.102661
0 25 955.347 955.449 0.10266
13 30 1109.72 1109.82 0.102658
17 36 1163.89 1163.99 0.097539
6 25 941.48 943.782 2.30195
0 25 936.92 937.022 0.10266
5 36 1121 1121.1 0.0975369
12 39 1073.9 1074 0.102659
19 38 951.865 951.968 0.102657
11 30 1077.68 1077.78 0.0975374
7 29 956.172 956.275 0.102661
15 23 958.272 958.374 0.102658
9 26 913.985 915.299 1.31482
18 21 919.525 919.628 0.10266
1 25 920.526 921.142 0.616449
5 36 922.577 922.906 0.328705
2 25 924.514 925.829 1.31482
7 29 937.745 937.93 0.184837
12 39 935.469 935.571 0.102659
19 38 933.438 933.623 0.184833
17 36 935.461 935.563 0.102659
10 25 937.521 939.823 2.30196
16 26 936.172 938.474 2.30196
5 36 955.119 955.304 0.184833
15 23 939.845 939.947 0.102658
13 30 941.289 941.617 0.328706
1 25 981.554 982.17 0.616449
11 30 939.251 939.579 0.328705
4 25 941.115 941.218 0.102658
13 30 1139.72 1139.82 0.102658
14 27 939.212 941.514 2.30196
3 36 940.227 942.529 2.30196
17 36 953.888 953.99 0.102659
12 39 953.896 953.998 0.102659
7 29 1046.17 1046.27 0.0975408
17 36 1043.89 1043.99 0.102659
5 36 1031 1031.11 0.102657
13 30 1019.72 1019.81 0.097538
15 23 1018.27 1018.37 0.0975382
11 30 1017.68 1017.85 0.174593
14 23 1167.1 1167.21 0.102661
15 23 1108.27 1108.37 0.0975382
13 30 1079.72 1079.82 0.102658
12 39 1043.9 1044 0.102659
4 25 1019.54 1019.64 0.0975377
9 26 1044.15 1045.47 1.31482
1 25 1042.58 1043.2 0.616449
5 36 1061 1061.11 0.102657
12 39 1103.9 1103.99 0.0975388
18 21 1027.95 1028.05 0.0975396
4 25 1079.54 1079.64 0.102658
0 25 1135.35 1135.45 0.10266
11 30 1047.68 1047.78 0.102657
19 38 1041.87 1041.97 0.102657
2 25 1054.68 1055.3 0.616451
4 25 1109.54 1109.64 0.102658
19 38 1131.87 1131.96 0.0975367
12 39 1133.9 1133.99 0.0975388
1 25 1168.69 1169.02 0.328705
18 21 1057.95 1058.05 0.0975396
0 25 1075.35 1075.44 0.0975398
19 38 1101.87 1101.96 0.0975367
17 36 1103.89 1103.99 0.102659
4 25 1049.54 1049.64 0.102658
13 30 1049.72 1049.81 0.097538
17 36 1073.89 1073.99 0.102659
15 23 1138.27 1138.37 0.0975382
0 25 1165.35 1165.44 0.0975398
18 21 1087.95 1088.05 0.0975396
15 23 1048.27 1048.37 0.0975382
4 25 1169.54 1169.64 0.0975377
0 25 1195.35 1195.44 0.0975398
15 23 1168.27 1168.37 0.0975382
13 0 1169.72 0 -1169.72
17 36 1193.89 1193.99 0.097539
9 26 1174.32 1175.63 1.31482
1 25 1201.24 1201.56 0.328705
15 23 1198.27 1198.37 0.0975382
16 26 1194.6 1194.7 0.09754
2 25 1209.28 1209.61 0.328707
6 25 1187.67 1187.77 0.102659
12 39 1193.9 1194 0.102659
10 30 1393.31 1393.64 0.328708
5 36 1181 1181.1 0.0975369
19 38 1191.87 1191.96 0.0975367
7 29 1196.17 1196.27 0.0975408
18 21 1177.95 1178.05 0.0975396
8 25 1293 1294.32 1.31482
3 25 1396.01 1396.34 0.328708
6 25 1199.91 1200 0.0975387
13 30 1199.72 1199.81 0.097538
14 23 1197.64 1197.74 0.102661
11 30 1197.68 1197.78 0.102657
4 25 1199.54 1199.64 0.0975377
