16 32 2.48823 4.79019 2.30196
11 21 2.80307 5.10503 2.30196
16 32 992.488 992.586 0.0975399
11 21 992.803 992.906 0.10266
3 33 2.84858 5.15053 2.30196
0 30 3.37372 5.67568 2.30196
9 30 3.96916 6.27112 2.30195
6 33 5.44495 7.74691 2.30196
17 28 7.20004 9.502 2.30195
4 33 12.7905 15.0925 2.30196
1 34 17.2772 19.5792 2.30196
15 23 15.7294 18.0313 2.30196
2 34 993.105 993.29 0.184837
2 34 16.4483 18.7503 2.30196
7 33 21.0192 23.3212 2.30195
10 33 992.056 992.23 0.174596
3 33 992.849 992.946 0.0975397
12 20 989.432 989.535 0.102658
13 27 21.8853 24.1872 2.30196
5 33 20.8201 23.1221 2.30196
14 33 984.979 985.077 0.0975385
18 20 27.2024 29.5043 2.30196
19 34 25.9145 28.2165 2.30195
14 33 24.979 27.281 2.30195
9 30 963.969 964.067 0.0975373
8 33 28.8092 31.1112 2.30196
12 20 29.432 31.734 2.30195
7 33 951.019 951.122 0.102659
11 21 962.803 962.906 0.10266
5 33 248.713 251.015 2.30196
10 33 29.6427 31.9446 2.30196
14 33 252.872 255.174 2.30195
13 27 249.779 252.08 2.30196
16 32 932.488 932.591 0.10266
7 33 248.912 251.214 2.30195
16 32 230.381 232.683 2.30196
11 21 230.696 232.998 2.30196
3 33 230.742 233.044 2.30196
0 34 231.267 233.569 2.30196
9 30 231.862 234.164 2.30195
6 33 233.338 235.64 2.30196
17 28 235.093 237.395 2.30195
4 33 240.684 242.986 2.30196
15 23 243.623 245.925 2.30196
2 34 244.342 246.644 2.30196
1 34 245.17 247.472 2.30196
7 33 981.019 981.122 0.102659
18 20 255.096 257.398 2.30196
12 20 257.325 259.627 2.30195
19 34 253.808 256.11 2.30195
10 33 257.536 259.838 2.30196
8 0 256.702 0 -256.702
5 34 476.607 478.909 2.30196
8 33 484.596 486.898 2.30196
13 27 477.672 479.974 2.30196
19 34 481.701 484.003 2.30195
12 20 485.219 487.52 2.30195
11 21 932.803 932.906 0.10266
18 28 710.882 713.184 2.30196
18 20 482.989 485.291 2.30196
10 33 485.429 487.731 2.30196
14 33 954.979 955.077 0.0975385
1 34 989.879 990.207 0.328708
16 32 458.275 460.577 2.30196
11 21 458.59 460.892 2.30196
3 33 458.635 460.937 2.30196
0 30 459.16 461.462 2.30196
9 30 459.756 462.058 2.30195
6 33 461.231 463.533 2.30196
17 28 462.987 465.288 2.30195
10 33 973.757 973.942 0.184836
15 23 471.516 473.818 2.30196
4 33 468.577 470.879 2.30196
1 34 473.064 475.366 2.30196
2 34 472.235 474.537 2.30196
7 33 476.806 479.108 2.30195
6 33 982.101 982.286 0.184835
17 28 969.613 969.788 0.174595
14 33 480.766 483.067 2.30195
12 20 959.432 959.535 0.102658
8 33 940.382 942.684 2.30196
13 27 998.542 998.726 0.184836
8 30 712.489 714.791 2.30196
12 28 713.112 715.414 2.30196
16 32 686.168 688.47 2.30196
11 21 686.483 688.785 2.30196
3 33 686.528 688.83 2.30196
0 34 687.053 689.355 2.30196
9 30 687.649 689.951 2.30195
6 27 689.125 691.427 2.30196
17 28 690.88 693.182 2.30195
4 33 696.47 698.772 2.30196
15 23 699.409 701.711 2.30196
2 34 700.128 702.43 2.30196
1 34 700.957 703.259 2.30196
5 34 704.5 706.802 2.30196
7 33 704.699 707.001 2.30195
13 27 705.565 707.867 2.30196
14 33 708.659 710.961 2.30195
19 34 709.594 711.896 2.30195
15 23 975.729 975.827 0.0975408
5 33 932.393 934.695 2.30196
10 30 713.322 715.624 2.30196
1 34 928.85 929.467 0.616452
10 33 1049.64 1049.82 0.174596
13 27 966 966.329 0.328708
16 32 962.488 962.591 0.10266
7 33 932.592 932.777 0.184835
19 34 937.488 939.789 2.30195
9 30 933.969 934.072 0.102657
2 34 960.563 960.892 0.328709
14 33 936.552 936.655 0.102658
3 33 1142.85 1142.95 0.0975397
3 33 962.849 962.946 0.0975397
12 20 941.005 941.108 0.102658
15 23 945.729 945.832 0.102661
10 33 941.216 941.544 0.328708
17 28 951.315 951.5 0.184835
13 27 933.458 933.787 0.328708
16 32 914.061 914.164 0.10266
11 21 914.376 914.479 0.10266
3 33 914.422 914.524 0.10266
0 34 914.947 917.249 2.30196
9 30 915.542 915.645 0.102657
6 33 917.018 917.347 0.328707
17 28 918.773 919.102 0.328707
4 33 924.364 926.665 2.30196
6 33 949.56 949.888 0.328707
15 23 927.302 927.405 0.102661
2 34 928.021 928.35 0.328709
18 20 938.775 941.077 2.30196
11 21 1052.8 1052.9 0.0975399
3 33 932.849 932.946 0.0975397
2 34 1011.4 1011.58 0.174597
6 33 1000.4 1000.57 0.174595
3 33 1022.85 1022.95 0.0975397
12 20 1019.43 1019.53 0.102658
17 28 997.2 997.303 0.102659
13 27 1016.84 1016.94 0.10266
9 30 993.969 994.067 0.0975373
1 34 1022.42 1022.75 0.328708
7 33 1011.02 1011.12 0.0975389
15 23 1005.73 1005.83 0.0975408
11 21 1022.8 1022.9 0.0975399
10 33 1019.64 1019.82 0.174596
14 33 1014.98 1015.08 0.102658
16 32 1022.49 1022.59 0.0975399
13 27 1041.89 1041.99 0.10266
2 34 1066.45 1066.62 0.174597
2 34 1036.45 1036.62 0.174597
2 34 1156.45 1156.62 0.174597
1 34 1054.96 1055.29 0.328708
6 33 1025.44 1025.62 0.174595
6 33 1055.44 1055.62 0.174595
3 33 1052.85 1052.95 0.0975397
17 28 1027.2 1027.3 0.0975386
15 23 1035.73 1035.83 0.102661
9 30 1023.97 1024.07 0.0975373
1 34 1087.5 1087.69 0.184836
14 33 1044.98 1045.08 0.102658
12 20 1049.43 1049.53 0.102658
16 32 1052.49 1052.59 0.0975399
7 33 1041.02 1041.12 0.102659
9 30 1053.97 1054.07 0.0975373
13 27 1071.89 1071.99 0.10266
11 21 1082.8 1082.9 0.0975399
1 34 1105.8 1105.98 0.174596
10 33 1079.64 1079.82 0.174596
3 33 1082.85 1082.95 0.0975397
11 21 1112.8 1112.9 0.0975399
17 28 1057.2 1057.3 0.0975386
12 20 1079.43 1079.53 0.102658
14 33 1074.98 1075.08 0.102658
15 23 1065.73 1065.83 0.102661
2 34 1096.45 1096.62 0.174597
6 33 1085.44 1085.62 0.174595
10 33 1109.64 1109.82 0.174596
7 33 1071.02 1071.12 0.102659
3 33 1112.85 1112.95 0.0975397
16 32 1082.49 1082.59 0.0975399
9 30 1083.97 1084.07 0.0975373
13 27 1101.89 1101.99 0.10266
7 33 1191.02 1191.12 0.0975389
17 28 1087.2 1087.3 0.0975386
0 30 1142.84 1143.02 0.184836
6 33 1115.44 1115.62 0.174595
2 34 1126.45 1126.62 0.174597
9 30 1113.97 1114.07 0.0975373
14 33 1104.98 1105.08 0.0975385
15 23 1095.73 1095.83 0.0975408
11 21 1142.8 1142.9 0.0975399
1 34 1127.28 1127.45 0.174596
7 33 1101.02 1101.12 0.102659
16 32 1112.49 1112.59 0.0975399
13 27 1131.89 1131.99 0.10266
12 20 1109.43 1109.53 0.0975379
15 23 1155.73 1155.83 0.0975408
18 20 1166.67 1167.98 1.31482
17 28 1117.2 1117.3 0.0975386
17 28 1147.2 1147.3 0.0975386
15 23 1125.73 1125.83 0.0975408
4 33 1152.26 1152.87 0.616451
10 33 1139.64 1139.82 0.174596
12 20 1139.43 1139.53 0.0975379
19 34 1197.92 1198.11 0.184834
8 33 1168.28 1168.89 0.616454
14 33 1134.98 1135.08 0.0975385
19 34 1165.38 1165.71 0.328706
6 33 1145.44 1145.62 0.174595
0 30 1173.37 1173.55 0.174596
1 34 1157.28 1157.45 0.174596
16 32 1142.49 1142.59 0.0975399
7 33 1131.02 1131.12 0.102659
5 33 1160.29 1160.62 0.328708
9 30 1143.97 1144.07 0.0975373
14 33 1164.98 1165.08 0.0975385
12 0 1169.43 0 -1169.43
11 21 1172.8 1172.9 0.0975399
10 33 1169.64 1169.82 0.174596
3 33 1172.85 1172.95 0.0975397
1 34 1187.28 1187.45 0.174596
13 27 1161.89 1161.99 0.10266
2 34 1186.45 1186.62 0.174597
7 33 1161.02 1161.12 0.102659
6 33 1175.44 1175.62 0.174595
16 32 1172.49 1172.59 0.0975399
9 30 1173.97 1174.07 0.0975373
17 28 1177.2 1177.3 0.0975386
8 33 1229.3 1229.63 0.32871
15 23 1185.73 1185.83 0.0975408
4 33 1213.29 1213.9 0.616451
14 33 1194.98 1195.08 0.0975385
12 20 1199.43 1199.53 0.0975379
10 33 1199.64 1199.82 0.174596
18 20 1296.84 1297.45 0.616454
13 27 1191.89 1191.98 0.09754
5 33 1192.83 1193.16 0.328708
