2 76 0.726806 3.02876 2.30195
35 65 1.1555 3.45746 2.30195
22 54 2.13065 4.4326 2.30196
20 62 2.4996 4.80156 2.30196
4 76 987.506 987.608 0.102657
36 71 13.9589 16.2609 2.30195
32 55 15.85 18.1519 2.30195
3 76 1188.6 1188.7 0.102657
38 58 1.55446 3.85642 2.30195
29 49 1158.32 1158.42 0.097539
14 68 3.485 5.78695 2.30195
33 63 692.478 694.78 2.30195
21 59 692.63 694.932 2.30196
8 76 697.316 699.618 2.30195
36 71 697.639 699.941 2.30195
32 55 699.53 701.832 2.30195
39 49 699.532 701.834 2.30195
6 69 699.616 701.918 2.30195
9 75 699.948 702.25 2.30195
39 49 15.8523 18.1542 2.30195
16 75 5.75294 8.05489 2.30195
18 68 6.79309 9.09504 2.30195
23 53 5.56205 7.864 2.30196
24 69 6.67608 8.97803 2.30195
11 75 8.02524 10.3272 2.30195
27 48 5.71414 8.01609 2.30196
4 76 939.079 939.181 0.102657
33 63 8.79873 11.1007 2.30195
21 53 8.95 11.252 2.30195
25 69 8.49393 10.7959 2.30195
39 49 992.509 992.837 0.328705
0 76 1187.23 1187.33 0.0975368
8 76 13.6359 15.9379 2.30195
13 75 1388.84 1389.17 0.328706
2 76 960.727 960.829 0.102657
6 69 15.9364 18.2384 2.30195
0 76 17.2345 19.5364 2.30195
37 56 17.244 19.546 2.30196
12 0 16.5514 0 -16.5514
9 0 16.268 0 -16.268
34 42 985.987 986.161 0.174595
17 68 708.851 711.153 2.30195
29 49 18.323 20.625 2.30195
33 63 968.799 968.901 0.102658
24 69 936.676 936.779 0.102659
3 76 18.6003 20.9023 2.30195
7 69 19.9518 22.2537 2.30195
28 48 931.427 931.612 0.184835
10 75 19.5033 21.8053 2.30195
28 48 19.8541 22.156 2.30195
23 53 689.242 691.544 2.30196
27 48 689.394 691.696 2.30196
16 75 689.433 691.735 2.30195
24 69 690.356 692.658 2.30195
18 76 690.473 692.775 2.30196
11 0 691.705 0 -691.705
25 77 692.174 694.476 2.30196
27 54 1145.71 1145.81 0.0975393
26 69 20.6511 22.9531 2.30195
13 75 21.4828 23.7847 2.30195
2 76 684.407 686.709 2.30195
35 65 684.835 687.137 2.30195
38 58 685.234 687.536 2.30195
22 54 685.81 688.112 2.30196
20 68 686.179 688.481 2.30196
14 68 687.165 689.467 2.30195
37 56 1187.24 1187.34 0.0975396
30 42 25.2602 27.5622 2.30195
34 42 23.5735 25.8754 2.30196
17 68 25.1714 27.4733 2.30195
5 69 25.6499 27.9519 2.30195
1 77 27.0194 29.3213 2.30195
19 62 25.0935 27.3955 2.30195
15 75 24.354 26.6559 2.30196
31 65 25.2761 27.578 2.30195
4 76 483.292 485.594 2.30195
31 65 1075.28 1075.37 0.0975381
0 76 1007.23 1007.33 0.0975368
22 54 992.131 992.228 0.0975391
28 48 1009.85 1009.95 0.0975389
1 69 482.806 485.108 2.30196
25 69 1088.49 1088.59 0.0975369
4 76 27.5057 29.8077 2.30195
25 69 464.28 466.582 2.30195
10 75 247.397 249.699 2.30195
33 63 464.585 466.887 2.30195
26 69 248.544 250.846 2.30195
7 77 247.845 250.147 2.30196
13 75 249.376 251.678 2.30195
4 76 255.399 257.701 2.30195
19 62 252.987 255.289 2.30195
28 48 247.747 250.049 2.30195
30 42 253.153 255.455 2.30195
30 42 1195.26 1195.36 0.0975388
2 76 228.62 230.922 2.30195
35 65 229.049 231.351 2.30195
38 58 229.448 231.75 2.30195
22 54 230.024 232.326 2.30196
20 68 230.393 232.695 2.30196
14 68 231.378 233.68 2.30195
23 53 233.455 235.757 2.30196
27 48 233.607 235.909 2.30196
16 75 233.646 235.948 2.30195
24 69 234.569 236.871 2.30195
18 68 234.686 236.988 2.30195
11 75 235.918 238.22 2.30195
25 69 236.387 238.689 2.30195
33 63 236.692 238.994 2.30195
21 53 236.843 239.145 2.30195
8 76 241.529 243.831 2.30195
36 71 241.852 244.154 2.30195
32 55 243.743 246.045 2.30195
39 49 243.746 246.047 2.30195
6 69 243.83 246.132 2.30195
9 75 244.161 246.463 2.30195
12 75 244.445 246.747 2.30195
0 76 245.128 247.43 2.30195
37 56 245.137 247.439 2.30196
29 49 246.216 248.518 2.30195
3 0 246.494 0 -246.494
17 68 480.958 483.26 2.30195
31 65 985.276 985.374 0.0975381
4 76 711.185 713.487 2.30195
31 65 1015.28 1015.38 0.102658
15 68 252.247 254.549 2.30196
34 42 251.467 253.769 2.30196
31 65 253.169 255.471 2.30195
1 69 254.913 257.215 2.30196
17 68 253.065 255.367 2.30195
35 65 1141.16 1141.26 0.102658
1 77 1176.65 1176.75 0.102659
22 54 1142.13 1142.23 0.0975391
5 69 253.543 255.845 2.30195
15 68 480.14 482.442 2.30196
36 71 973.959 974.062 0.102657
30 42 985.26 985.363 0.102659
10 75 979.503 979.601 0.0975378
26 69 1070.65 1070.75 0.0975376
31 65 481.063 483.365 2.30195
18 68 1156.42 1156.52 0.102657
10 75 931.076 931.179 0.102658
25 69 968.494 968.591 0.0975369
19 62 708.773 711.075 2.30195
30 42 481.047 483.349 2.30195
12 75 700.231 702.533 2.30195
0 76 700.914 703.216 2.30195
37 62 700.924 703.226 2.30196
29 48 702.003 704.305 2.30196
3 76 702.28 704.582 2.30195
10 75 703.183 705.485 2.30195
28 48 703.534 705.836 2.30195
7 77 703.631 705.933 2.30196
5 69 481.436 483.738 2.30195
30 43 708.94 711.242 2.30196
31 65 708.956 711.258 2.30195
10 75 475.29 477.592 2.30195
28 48 475.641 477.943 2.30195
38 58 1141.55 1141.65 0.0975368
26 69 983.064 983.239 0.174594
26 63 704.331 706.633 2.30196
13 75 705.163 707.464 2.30195
34 42 707.253 709.555 2.30196
15 68 708.034 710.336 2.30196
28 48 979.854 979.957 0.102659
29 49 1038.32 1038.43 0.102659
38 58 991.554 991.652 0.0975368
36 71 469.745 472.047 2.30195
3 76 474.387 476.689 2.30195
11 74 463.812 466.114 2.30196
18 68 462.58 464.882 2.30195
24 69 462.463 464.765 2.30195
17 68 1195.17 1195.27 0.0975364
2 76 456.513 458.815 2.30195
35 65 456.942 459.244 2.30195
38 58 457.341 459.643 2.30195
22 54 457.917 460.219 2.30196
20 62 458.286 460.588 2.30196
14 68 459.271 461.573 2.30195
23 53 461.349 463.65 2.30196
27 54 461.501 463.803 2.30196
16 75 461.539 463.841 2.30195
29 49 978.323 978.426 0.102659
7 69 1189.95 1190.05 0.0975384
19 62 480.88 483.182 2.30195
1 77 710.699 713.001 2.30195
7 69 979.952 980.054 0.102658
21 53 464.737 467.038 2.30195
8 76 469.422 471.724 2.30195
16 75 995.753 995.85 0.0975368
38 58 931.554 931.657 0.102657
5 69 709.33 711.632 2.30195
6 69 471.723 474.025 2.30195
0 76 977.234 977.332 0.0975368
32 55 471.636 473.938 2.30195
9 75 472.055 474.356 2.30195
39 49 471.639 473.941 2.30195
12 75 472.338 474.64 2.30195
37 56 473.031 475.332 2.30196
32 55 992.506 992.691 0.184833
29 49 474.11 476.411 2.30195
0 76 473.021 475.323 2.30195
13 75 477.269 479.571 2.30195
26 69 476.438 478.74 2.30195
7 69 475.738 478.04 2.30195
34 48 479.36 481.662 2.30196
33 63 938.799 938.901 0.102658
39 49 1025.05 1025.24 0.184833
7 69 1039.95 1040.05 0.102658
2 76 1080.73 1080.83 0.102657
27 54 995.714 995.812 0.0975393
39 49 959.967 960.296 0.328705
36 71 1003.96 1004.06 0.102657
6 69 975.936 976.039 0.102658
17 68 985.171 985.269 0.0975364
14 68 1161.25 1161.35 0.102658
34 42 1193.57 1193.68 0.102659
35 65 991.156 991.33 0.174594
30 42 955.26 955.363 0.102659
31 65 936.849 936.952 0.102658
16 75 935.753 935.856 0.102657
2 76 930.727 930.829 0.102657
25 69 938.494 938.597 0.102657
5 69 937.223 939.525 2.30195
37 56 928.817 928.92 0.10266
32 55 1010.8 1010.91 0.102657
2 76 990.727 990.824 0.0975375
27 54 1085.71 1085.81 0.0975393
24 69 996.676 996.774 0.0975387
20 68 992.5 992.597 0.0975395
4 76 1167.51 1167.6 0.0975368
33 63 1088.8 1088.9 0.0975376
21 53 981.551 982.168 0.616451
26 69 932.224 932.553 0.328706
30 42 936.833 937.018 0.184835
0 76 928.807 928.91 0.102657
2 76 912.3 912.485 0.184833
35 65 912.728 913.057 0.328706
38 58 913.127 913.23 0.102657
22 54 913.704 913.888 0.184835
20 68 914.073 914.257 0.184835
14 75 915.058 917.36 2.30196
23 53 917.135 917.32 0.184835
27 54 917.287 917.472 0.184835
16 75 917.326 917.429 0.102657
24 69 918.249 918.352 0.102659
18 68 918.366 920.668 2.30195
11 75 919.598 921.9 2.30195
25 69 920.067 920.17 0.102657
33 63 920.372 920.474 0.102658
21 53 920.523 921.139 0.616451
12 0 928.124 0 -928.124
36 71 925.532 925.861 0.328705
15 75 935.927 938.229 2.30196
13 75 933.056 935.358 2.30195
8 76 925.209 927.511 2.30195
1 77 938.592 940.894 2.30195
6 69 927.509 927.612 0.102658
9 0 927.841 0 -927.841
16 75 965.753 965.85 0.0975368
32 55 927.423 927.752 0.328705
39 49 927.425 927.754 0.328705
3 76 930.173 932.475 2.30195
7 69 931.525 931.627 0.102658
29 49 929.896 929.999 0.102659
35 65 963.569 963.743 0.174594
19 62 936.667 938.968 2.30195
17 68 936.744 936.847 0.102656
34 42 935.146 935.475 0.328707
35 65 945.27 945.455 0.184834
27 54 935.714 935.817 0.102659
22 54 932.131 932.233 0.102659
20 68 932.5 932.602 0.102659
23 53 935.562 935.737 0.174595
23 53 995.562 995.737 0.174595
37 56 1007.24 1007.35 0.10266
6 69 945.936 946.039 0.102658
32 55 959.965 960.293 0.328705
36 71 958.074 958.176 0.102657
28 48 949.854 949.957 0.102659
0 76 947.234 947.332 0.0975368
2 76 1020.73 1020.82 0.0975375
29 49 948.323 948.421 0.097539
37 56 947.244 947.347 0.10266
7 69 949.952 950.054 0.102658
31 65 955.276 955.379 0.102658
10 75 949.503 949.606 0.102658
26 69 964.766 964.951 0.184834
17 68 1165.17 1165.27 0.0975364
24 69 966.676 966.779 0.102659
34 42 967.688 967.873 0.184835
17 68 955.171 955.269 0.0975364
20 68 962.5 962.602 0.102659
37 56 977.244 977.347 0.10266
6 69 1155.94 1156.03 0.0975378
38 58 1081.55 1081.65 0.0975368
23 53 965.562 965.737 0.174595
4 76 957.506 957.603 0.0975368
22 54 962.131 962.228 0.0975391
38 58 961.554 961.657 0.102657
27 54 965.714 965.812 0.0975393
25 69 998.494 998.591 0.0975369
33 63 998.799 998.901 0.102658
6 69 1005.94 1006.03 0.0975378
28 48 1039.85 1039.95 0.0975389
10 75 1189.5 1189.61 0.102658
36 71 1093.96 1094.06 0.102657
3 76 1168.23 1168.33 0.102657
29 49 1008.32 1008.43 0.102659
7 69 1009.95 1010.05 0.102658
30 42 1075.26 1075.36 0.102659
26 69 1010.65 1010.83 0.174594
10 75 1009.5 1009.6 0.0975378
15 68 1194.35 1194.45 0.0975393
22 54 1082.13 1082.23 0.0975391
37 56 1157.24 1157.34 0.0975396
33 63 1148.8 1148.9 0.0975376
21 53 1103.61 1104.22 0.616451
32 55 1155.85 1155.95 0.102657
34 42 1013.57 1013.75 0.174595
17 68 1075.17 1075.27 0.0975364
37 56 1037.24 1037.34 0.0975396
27 54 1025.71 1025.81 0.0975393
35 65 1021.16 1021.26 0.102658
16 75 1025.75 1025.85 0.0975368
38 58 1021.55 1021.65 0.0975368
10 75 1099.5 1099.6 0.0975378
30 42 1015.26 1015.36 0.0975388
23 53 1025.56 1025.66 0.102659
17 68 1015.17 1015.27 0.0975364
4 76 1017.51 1017.61 0.102657
26 69 1040.65 1040.75 0.102658
36 71 1033.96 1034.06 0.102657
25 69 1028.49 1028.59 0.0975369
32 55 1035.85 1035.95 0.102657
6 69 1065.94 1066.03 0.0975378
39 49 1155.85 1155.95 0.102657
20 68 1082.5 1082.6 0.0975395
20 68 1142.5 1142.6 0.0975395
21 53 1164.64 1164.97 0.328707
16 75 1085.75 1085.85 0.0975368
28 48 1099.85 1099.95 0.0975389
22 54 1022.13 1022.23 0.0975391
33 63 1028.8 1028.9 0.0975376
36 71 1063.96 1064.06 0.102657
17 68 1045.17 1045.27 0.0975364
20 68 1022.5 1022.6 0.0975395
23 53 1085.56 1085.66 0.0975395
4 76 1077.51 1077.6 0.0975368
10 75 1039.5 1039.6 0.0975378
21 53 1042.58 1043.2 0.616451
24 69 1026.68 1026.77 0.0975387
6 69 1035.94 1036.03 0.0975378
34 42 1043.57 1043.75 0.174595
39 49 1043.35 1043.45 0.102657
36 71 1153.96 1154.06 0.0975372
23 53 1055.56 1055.66 0.0975395
2 76 1050.73 1050.82 0.0975375
0 76 1037.23 1037.33 0.0975368
35 65 1051.16 1051.25 0.0975384
38 58 1051.55 1051.65 0.0975368
10 75 1069.5 1069.6 0.0975378
4 76 1047.51 1047.61 0.102657
31 65 1045.28 1045.37 0.0975381
29 49 1068.32 1068.43 0.102659
30 42 1045.26 1045.36 0.102659
7 69 1069.95 1070.05 0.0975384
33 63 1058.8 1058.9 0.0975376
27 54 1115.71 1115.81 0.0975393
27 54 1055.71 1055.81 0.0975393
22 54 1052.13 1052.23 0.0975391
35 65 1081.16 1081.26 0.102658
25 69 1058.49 1058.59 0.0975369
37 56 1067.24 1067.35 0.10266
16 75 1055.75 1055.85 0.0975368
28 48 1069.85 1069.95 0.0975389
32 55 1065.85 1065.95 0.102657
39 49 1065.85 1065.95 0.102657
34 42 1073.57 1073.68 0.102659
20 68 1052.5 1052.6 0.0975395
24 69 1086.68 1086.78 0.102659
24 69 1056.68 1056.77 0.0975387
0 76 1067.23 1067.33 0.0975368
23 53 1145.56 1145.66 0.0975395
29 49 1098.32 1098.43 0.102659
7 69 1099.95 1100.05 0.0975384
37 56 1097.24 1097.35 0.10266
0 76 1097.23 1097.33 0.0975368
32 55 1125.85 1125.95 0.0975372
18 68 1146.26 1146.36 0.102657
6 69 1095.94 1096.03 0.0975378
39 49 1095.85 1095.95 0.0975375
32 55 1095.85 1095.95 0.102657
10 74 1159.5 1159.6 0.0975406
1 77 1197.02 1197.12 0.097539
31 65 1165.28 1165.37 0.0975381
26 69 1100.65 1100.75 0.0975376
39 49 1125.85 1125.95 0.102657
35 65 1111.16 1111.26 0.102658
34 42 1103.57 1103.67 0.0975393
25 69 1148.49 1148.59 0.0975369
0 77 1157.23 1157.33 0.0975408
24 69 1146.68 1146.77 0.0975387
10 75 1129.5 1129.6 0.0975378
38 58 1111.55 1111.65 0.0975368
29 49 1128.32 1128.43 0.102659
37 56 1127.24 1127.35 0.10266
36 71 1123.96 1124.06 0.102657
9 75 1155.73 1158.04 2.30195
6 69 1125.94 1126.03 0.0975378
3 76 1158.07 1158.17 0.102657
4 76 1107.51 1107.6 0.0975368
25 69 1178.49 1178.59 0.0975369
33 63 1118.8 1118.9 0.0975376
1 77 1166.49 1166.59 0.102659
17 68 1105.17 1105.27 0.0975364
12 75 1156.02 1158.32 2.30195
22 54 1112.13 1112.23 0.0975391
2 76 1110.73 1110.83 0.102657
34 42 1133.57 1133.67 0.0975393
29 49 1188.32 1188.42 0.097539
11 75 1147.49 1147.68 0.184834
31 65 1105.28 1105.38 0.102658
30 42 1105.26 1105.36 0.102659
14 68 1142.95 1143.14 0.184834
26 69 1130.65 1130.75 0.102658
0 76 1127.23 1127.33 0.0975368
7 69 1129.95 1130.05 0.0975384
8 76 1153.1 1155.4 2.30195
23 53 1115.56 1115.66 0.0975395
31 65 1135.28 1135.37 0.0975381
16 75 1145.75 1145.85 0.0975368
4 76 1197.51 1197.6 0.0975368
28 48 1159.85 1159.95 0.0975389
16 75 1115.75 1115.85 0.0975368
25 69 1118.49 1118.59 0.0975369
20 68 1112.5 1112.6 0.0975395
2 76 1140.73 1140.83 0.102657
5 69 1165.12 1165.22 0.102657
24 69 1116.68 1116.77 0.0975387
28 48 1129.85 1129.95 0.0975389
13 75 1160.95 1163.25 2.30195
7 69 1159.95 1160.05 0.0975384
39 49 1185.85 1185.95 0.0975375
5 69 1195.65 1195.75 0.0975374
4 76 1137.51 1137.6 0.0975368
15 68 1163.82 1164.01 0.184835
17 68 1135.17 1135.27 0.0975364
30 42 1135.26 1135.36 0.102659
19 62 1164.56 1164.66 0.102659
26 69 1160.65 1160.75 0.102658
31 65 1195.28 1195.37 0.0975381
34 42 1163.57 1163.67 0.0975393
26 69 1190.65 1190.75 0.102658
12 75 1383.91 1384.01 0.102659
19 62 1195.09 1195.2 0.102659
19 62 1174.72 1174.83 0.102659
15 68 1182.12 1182.22 0.102659
30 42 1165.26 1165.36 0.0975388
22 54 1172.13 1172.23 0.0975391
38 58 1171.55 1171.65 0.0975368
2 77 1170.73 1170.82 0.0975394
35 65 1171.16 1171.26 0.102658
21 53 1197.18 1197.51 0.328707
27 54 1175.71 1175.81 0.0975393
18 68 1176.79 1176.89 0.0975369
23 53 1175.56 1175.66 0.0975395
14 68 1173.48 1173.58 0.0975383
28 48 1189.85 1189.95 0.0975389
16 75 1175.75 1175.85 0.0975368
8 76 1381 1381.32 0.328705
9 75 1383.63 1383.73 0.102658
36 71 1183.96 1184.06 0.0975372
33 63 1178.8 1178.9 0.0975376
32 55 1185.85 1185.95 0.102657
20 68 1172.5 1172.6 0.0975395
11 75 1178.03 1178.2 0.174594
6 69 1185.94 1186.03 0.0975378
24 69 1176.68 1176.77 0.0975387
