24 38 1.97419 4.27615 2.30196
22 50 1.4901 3.79205 2.30196
4 36 10.9224 13.2243 2.30196
18 44 1067.39 1067.48 0.0975393
10 41 2.3229 4.62486 2.30196
27 47 2.46949 4.77145 2.30196
17 43 2.58432 4.88628 2.30196
25 39 6.23713 8.53909 2.30196
12 41 7.22064 9.52259 2.30196
5 50 7.54981 9.85177 2.30195
26 34 6.90525 9.20721 2.30196
14 41 1192.14 1192.24 0.0975396
19 43 922.034 922.651 0.616452
8 35 11.6809 13.9828 2.30196
28 31 9.54247 11.8444 2.30196
19 43 10.4615 12.7634 2.30196
0 36 10.1361 12.438 2.30195
11 41 13.9364 16.2383 2.30196
7 50 13.8785 16.1804 2.30195
18 44 17.3874 19.6894 2.30196
21 31 18.1839 20.4858 2.30196
15 37 1099.88 1100.21 0.328708
16 41 14.8651 17.167 2.30196
17 43 1112.58 1112.69 0.10266
12 41 918.794 919.122 0.328707
13 41 19.9477 22.2497 2.30196
25 38 917.81 920.112 2.30196
1 52 20.6177 22.9197 2.30196
16 41 926.438 928.74 2.30196
29 34 20.9747 23.2766 2.30195
2 35 21.1896 23.4915 2.30196
14 41 22.139 24.4409 2.30196
5 50 1147.02 1147.2 0.184834
18 44 1097.39 1097.48 0.0975393
20 44 23.3507 25.6527 2.30195
3 50 22.9793 25.2813 2.30195
27 47 914.042 914.371 0.328708
14 41 1012.14 1012.24 0.0975396
9 50 24.9899 27.2918 2.30195
6 35 28.212 30.514 2.30196
15 37 25.6008 27.9027 2.30196
23 31 26.7803 29.0823 2.30196
20 44 1073.35 1073.45 0.102658
23 31 254.674 256.976 2.30196
0 36 921.709 922.326 0.616451
6 35 256.105 258.407 2.30196
1 0 248.511 0 -248.511
9 50 252.883 255.185 2.30195
15 37 253.494 255.796 2.30196
26 38 918.478 918.807 0.328708
2 35 249.083 251.385 2.30196
13 41 247.841 250.143 2.30196
14 41 250.032 252.334 2.30196
19 43 1090.46 1090.64 0.174596
9 50 936.563 936.892 0.328707
10 41 1141.69 1142.02 0.32871
3 50 934.552 936.854 2.30195
21 31 929.757 932.059 2.30196
29 34 248.868 251.17 2.30195
13 41 475.734 478.036 2.30196
22 50 229.383 231.685 2.30196
24 38 229.867 232.169 2.30196
10 41 230.216 232.518 2.30196
27 47 230.363 232.665 2.30196
17 43 230.478 232.78 2.30196
25 38 234.13 236.432 2.30196
26 38 234.798 237.1 2.30196
12 41 235.114 237.416 2.30196
5 50 235.443 237.745 2.30195
28 31 237.436 239.738 2.30196
0 36 238.029 240.331 2.30195
19 43 238.355 240.657 2.30196
4 36 238.816 241.118 2.30196
8 35 239.574 241.876 2.30196
7 50 241.772 244.074 2.30195
11 0 241.83 0 -241.83
16 0 242.758 0 -242.758
18 44 245.281 247.583 2.30196
21 31 246.077 248.379 2.30196
0 36 1108.85 1109.18 0.328707
21 31 1218.68 1219.01 0.328708
10 41 1109.15 1109.47 0.32871
15 37 1132.42 1132.75 0.328708
14 41 1072.14 1072.24 0.0975396
2 35 932.763 935.065 2.30196
17 43 932.584 932.687 0.10266
3 50 250.873 253.175 2.30195
20 44 251.244 253.546 2.30195
1 52 932.191 934.493 2.30196
14 41 933.712 933.815 0.10266
12 41 951.335 951.52 0.184835
18 44 1012.34 1012.52 0.174595
13 41 931.521 933.823 2.30196
28 31 921.115 921.218 0.10266
8 35 923.254 925.556 2.30196
18 44 928.96 929.289 0.328707
4 36 922.495 922.598 0.10266
17 43 1022.58 1022.68 0.0975399
17 43 914.157 914.26 0.10266
18 44 1187.39 1187.49 0.102659
5 50 919.123 921.425 2.30195
10 41 913.896 914.225 0.32871
11 41 925.509 927.811 2.30196
29 34 476.761 479.063 2.30195
16 41 470.652 472.954 2.30196
0 36 465.923 468.225 2.30195
28 31 465.329 467.631 2.30196
7 50 469.665 471.967 2.30195
9 50 1074.99 1075.09 0.097539
21 31 473.97 476.272 2.30196
6 35 483.999 486.3 2.30196
2 35 476.976 479.278 2.30196
5 50 463.336 465.638 2.30195
14 41 477.925 480.227 2.30196
23 31 482.567 484.869 2.30196
22 50 457.277 459.579 2.30196
24 38 457.761 460.063 2.30196
10 41 458.109 460.411 2.30196
27 47 458.256 460.558 2.30196
17 43 458.371 460.673 2.30196
25 38 462.024 464.326 2.30196
26 38 462.692 464.994 2.30196
12 41 463.007 465.309 2.30196
24 38 913.547 913.732 0.184836
7 50 925.451 925.78 0.328706
28 31 1059.54 1059.65 0.10266
14 41 1102.14 1102.24 0.0975396
19 43 466.248 468.55 2.30196
4 36 466.709 469.011 2.30196
8 50 467.467 469.769 2.30196
11 41 469.723 472.025 2.30196
18 44 961.502 961.831 0.328707
24 38 1021.97 1022.07 0.0975404
10 41 1044.06 1044.39 0.32871
18 44 473.174 475.476 2.30196
1 0 476.404 0 -476.404
3 50 478.766 481.068 2.30195
23 31 1076.78 1076.88 0.0975391
9 50 480.776 483.078 2.30195
20 44 479.137 481.439 2.30195
15 37 481.387 483.689 2.30196
29 38 932.548 934.85 2.30196
7 50 1093.88 1093.98 0.102658
22 50 913.063 913.166 0.102659
23 31 710.46 712.762 2.30196
24 38 1111.97 1112.07 0.0975404
15 37 709.281 711.582 2.30196
6 35 711.892 714.194 2.30196
23 31 956.78 956.955 0.174595
22 50 685.17 687.472 2.30196
24 38 685.654 687.956 2.30196
10 41 686.003 688.305 2.30196
27 47 686.149 688.451 2.30196
17 43 686.264 688.566 2.30196
25 39 689.917 692.219 2.30196
26 38 690.585 692.887 2.30196
12 41 690.9 693.202 2.30196
5 50 691.23 693.532 2.30195
28 31 693.222 695.524 2.30196
0 50 693.816 696.118 2.30196
19 43 694.141 696.443 2.30196
4 50 694.602 696.904 2.30196
8 35 695.361 697.663 2.30196
7 50 697.558 699.86 2.30195
11 41 697.616 699.918 2.30196
16 41 698.545 700.847 2.30196
18 44 701.067 703.369 2.30196
21 31 701.864 704.166 2.30196
13 41 703.627 705.929 2.30196
1 52 704.297 706.599 2.30196
29 34 704.654 706.956 2.30195
2 35 704.869 707.171 2.30196
14 41 705.819 708.121 2.30196
3 50 706.659 708.961 2.30195
20 44 707.03 709.332 2.30195
9 50 708.67 710.972 2.30195
12 41 1087.22 1087.4 0.174595
27 47 1082.47 1082.57 0.10266
7 50 957.993 958.178 0.184834
26 38 1116.91 1117 0.0975404
12 41 1027.22 1027.4 0.174595
20 44 1103.35 1103.45 0.0975378
9 50 1019.94 1020.05 0.102659
10 41 946.438 946.766 0.32871
15 37 937.174 937.502 0.328708
23 31 938.353 938.538 0.184835
6 35 939.785 942.087 2.30196
24 38 931.974 932.149 0.174596
20 44 934.924 935.252 0.328706
27 47 946.584 946.769 0.184836
24 38 1081.97 1082.07 0.0975404
23 31 1106.78 1106.88 0.102659
4 36 1120.92 1121.03 0.10266
26 38 1026.91 1027.08 0.174596
8 50 1181.68 1181.78 0.0975393
28 31 1089.54 1089.65 0.10266
7 50 1003.88 1003.98 0.0975379
22 50 1081.49 1081.59 0.102659
22 50 931.49 931.588 0.0975391
6 35 1228.71 1229.32 0.616451
4 36 1060.92 1061.02 0.0975397
23 31 1016.78 1016.95 0.174595
13 41 1189.95 1190.12 0.174597
26 38 1086.91 1087.01 0.10266
4 36 1090.92 1091.03 0.10266
15 37 1034.8 1035.13 0.328708
22 50 1021.49 1021.59 0.102659
27 47 1022.47 1022.57 0.10266
7 50 1063.88 1063.98 0.102658
17 43 1082.58 1082.68 0.0975399
26 38 951.02 951.349 0.328708
4 36 940.922 941.025 0.10266
24 38 961.974 962.077 0.10266
28 31 939.542 939.645 0.10266
20 44 967.465 967.65 0.184834
14 41 952.139 952.237 0.0975396
28 31 969.542 969.645 0.10266
15 37 969.715 970.044 0.328708
9 50 969.105 969.433 0.328707
27 47 964.883 965.057 0.174596
10 41 978.979 979.308 0.32871
17 43 962.584 962.687 0.10266
0 36 982.737 983.354 0.616451
26 38 983.562 983.746 0.184836
4 36 970.922 971.02 0.0975397
22 50 961.49 961.588 0.0975391
12 41 969.634 969.808 0.174595
23 31 986.78 986.955 0.174595
4 36 1000.92 1001.02 0.0975397
20 44 1163.35 1163.45 0.102658
18 44 994.044 994.229 0.184835
7 50 976.292 976.394 0.102658
19 43 983.063 983.392 0.328708
28 31 999.542 999.645 0.10266
27 47 992.469 992.572 0.10266
20 44 985.764 985.938 0.174594
14 41 982.139 982.237 0.0975396
24 38 991.974 992.072 0.0975404
10 41 1011.52 1011.85 0.32871
22 50 991.49 991.588 0.0975391
15 37 1002.26 1002.59 0.328708
17 43 992.584 992.687 0.10266
9 50 1001.65 1001.83 0.184835
19 43 1015.6 1015.93 0.328708
20 51 1013.35 1013.53 0.174598
26 38 1001.86 1002.03 0.174596
12 41 997.221 997.395 0.174595
19 43 1048.15 1048.33 0.184836
0 36 1043.77 1044.09 0.328707
4 36 1030.92 1031.02 0.0975397
28 31 1029.54 1029.64 0.0975402
9 50 1104.99 1105.09 0.102659
19 43 1120.46 1120.64 0.174596
7 50 1033.88 1033.98 0.0975379
10 41 1076.6 1076.93 0.32871
26 38 1056.91 1057.08 0.174596
18 44 1037.39 1037.49 0.102659
20 44 1043.35 1043.53 0.174594
20 44 1193.35 1193.45 0.102658
27 47 1052.47 1052.57 0.10266
14 41 1042.14 1042.24 0.10266
17 43 1052.58 1052.68 0.0975399
2 35 1388.55 1388.65 0.102659
0 36 1076.31 1076.64 0.328707
9 50 1044.99 1045.09 0.097539
7 50 1153.88 1153.98 0.0975379
12 41 1057.22 1057.4 0.174595
24 38 1051.97 1052.07 0.0975404
23 31 1046.78 1046.88 0.102659
22 50 1111.49 1111.59 0.102659
27 47 1112.47 1112.57 0.10266
15 37 1067.34 1067.67 0.328708
19 43 1066.44 1066.62 0.174596
22 50 1051.49 1051.59 0.102659
0 36 1141.39 1141.58 0.184835
15 37 1164.97 1165.29 0.328708
28 31 1119.54 1119.65 0.10266
25 38 1145.7 1147.02 1.31482
12 41 1117.22 1117.4 0.174595
11 41 1153.4 1154.02 0.616452
27 47 1142.47 1142.57 0.10266
24 38 1141.97 1142.07 0.0975404
9 50 1134.99 1135.09 0.102659
21 31 1157.65 1158.27 0.616452
16 41 1154.33 1154.95 0.616452
3 50 1162.45 1162.63 0.184835
8 50 1151.15 1151.25 0.102659
7 50 1123.88 1123.98 0.102658
18 44 1127.39 1127.48 0.0975393
20 44 1133.35 1133.45 0.0975378
13 41 1159.41 1159.6 0.184837
14 41 1132.14 1132.24 0.0975396
29 34 1160.44 1161.06 0.616449
2 35 1160.66 1162.96 2.30196
1 0 1160.08 0 -1160.08
6 35 1167.68 1168.29 0.616451
22 50 1141.49 1141.59 0.102659
23 31 1136.78 1136.88 0.102659
23 31 1196.78 1196.88 0.102659
9 50 1194.99 1195.09 0.097539
26 38 1146.91 1147 0.0975404
17 43 1142.58 1142.68 0.0975399
12 41 1147.22 1147.4 0.174595
3 50 1180.74 1180.85 0.102659
0 36 1159.69 1159.86 0.174595
18 44 1157.39 1157.49 0.102659
4 36 1150.92 1151.03 0.10266
24 38 1171.97 1172.07 0.0975404
28 31 1149.54 1149.64 0.0975402
25 38 1275.87 1276.49 0.616454
19 43 1150.46 1150.64 0.174596
17 43 1172.58 1172.68 0.0975399
27 47 1172.47 1172.57 0.10266
12 41 1177.22 1177.4 0.174595
7 50 1183.88 1183.98 0.0975379
14 41 1162.14 1162.24 0.0975396
10 41 1174.23 1174.56 0.32871
15 37 1197.51 1197.84 0.328708
28 31 1179.54 1179.64 0.0975402
1 52 1387.98 1390.28 2.30196
11 41 1214.43 1214.76 0.328708
9 50 1164.99 1165.09 0.097539
5 50 1177.55 1177.72 0.174594
29 34 1221.47 1221.8 0.328705
0 36 1180.14 1180.31 0.174595
23 31 1166.78 1166.88 0.102659
19 43 1180.46 1180.64 0.174596
4 36 1180.92 1181.03 0.10266
3 50 1192.98 1193.08 0.102659
16 41 1215.36 1215.98 0.616452
22 50 1171.49 1171.59 0.102659
26 38 1176.91 1177 0.0975404
