38 40 1.14001 3.44197 2.30196
20 0 1.17033 0 -1.17033
4 41 9.31146 11.6134 2.30196
26 0 7.42313 0 -7.42313
23 40 7.21135 9.5133 2.30195
0 0 8.3945 0 -8.3945
12 41 689.221 691.523 2.30196
39 0 1.48129 0 -1.48129
19 44 1180.85 1180.95 0.097539
36 0 1.65575 0 -1.65575
7 41 941.126 943.428 2.30195
18 0 2.06265 0 -2.06265
1 41 939.903 942.205 2.30196
35 43 2.15367 4.45562 2.30195
9 41 927.058 928.373 1.31482
8 41 2.74844 5.0504 2.30196
16 42 934.077 934.179 0.102658
8 40 1370.11 1372.41 2.30197
37 42 3.40448 5.70644 2.30196
24 40 929.228 929.413 0.184835
31 44 930.471 932.773 2.30196
11 0 1388.56 0 -1388.56
23 40 997.211 997.309 0.0975374
16 42 4.07653 6.37848 2.30195
3 0 4.33841 0 -4.33841
22 0 5.07247 0 -5.07247
6 0 932.904 0 -932.904
36 41 1369.02 1371.32 2.30196
12 41 5.54146 7.84342 2.30196
18 0 685.742 0 -685.742
7 41 1187.32 1187.42 0.102658
5 0 6.90599 0 -6.90599
13 41 5.90667 8.20863 2.30196
28 41 704.084 706.386 2.30196
17 40 934.648 934.751 0.102666
15 42 10.0822 12.3842 2.30196
32 44 10.0503 12.3522 2.30196
30 40 10.5483 12.8503 2.30196
20 0 1368.53 0 -1368.53
10 41 10.7534 13.0554 2.30196
19 44 10.8512 13.1531 2.30196
9 41 15.4849 17.7869 2.30196
25 0 20.0215 0 -20.0215
24 40 17.6553 19.9573 2.30195
37 42 1053.4 1053.5 0.0975421
25 0 931.594 0 -931.594
31 44 18.898 21.1999 2.30196
28 40 20.4039 22.7058 2.30196
25 0 703.701 0 -703.701
2 41 1198.95 1199.28 0.328711
34 0 21.1755 0 -21.1755
11 41 21.2009 23.5028 2.30196
6 41 21.3308 23.6328 2.30196
36 0 685.335 0 -685.335
16 42 1144.08 1144.17 0.0975381
37 42 993.404 993.502 0.0975421
17 42 23.0751 25.377 2.30195
35 43 932.154 932.251 0.0975369
27 40 24.5123 26.8142 2.30196
14 41 24.5756 26.8776 2.30196
29 40 24.7643 27.0662 2.30196
29 40 936.337 938.639 2.30196
10 41 940.753 940.856 0.102661
33 42 27.9575 30.2594 2.30196
2 0 26.9461 0 -26.9461
13 41 935.907 936.009 0.102661
31 44 702.578 704.88 2.30196
21 44 29.0672 31.3691 2.30196
1 0 28.3296 0 -28.3296
7 41 29.5531 31.8551 2.30195
38 40 1171.14 1171.24 0.102661
28 41 931.977 932.306 0.328711
17 42 1193.08 1193.17 0.0975379
26 0 1374.78 0 -1374.78
38 40 1141.14 1141.24 0.102661
25 0 247.915 0 -247.915
34 0 249.069 0 -249.069
28 41 248.297 250.599 2.30196
4 41 465.098 467.4 2.30196
1 0 256.223 0 -256.223
0 0 1375.75 0 -1375.75
6 0 249.224 0 -249.224
24 40 1187.66 1187.75 0.0975389
29 40 252.658 254.959 2.30196
2 41 254.839 257.141 2.30196
33 42 255.851 258.153 2.30196
32 44 465.837 468.139 2.30196
16 42 1174.08 1174.17 0.0975381
35 43 992.154 992.251 0.0975369
17 42 250.968 253.27 2.30195
39 0 685.161 0 -685.161
14 0 252.469 0 -252.469
21 44 484.854 487.156 2.30196
21 44 256.96 259.262 2.30196
7 41 257.446 259.748 2.30195
11 0 249.094 0 -249.094
24 40 701.335 703.637 2.30195
10 42 694.433 696.735 2.30197
30 0 694.228 0 -694.228
32 44 693.73 696.032 2.30196
9 41 471.271 473.573 2.30196
34 0 476.962 0 -476.962
26 0 691.103 0 -691.103
29 40 480.551 482.853 2.30196
23 40 690.891 693.193 2.30195
27 0 252.406 0 -252.406
19 44 694.531 696.833 2.30196
15 42 693.762 696.064 2.30196
4 0 692.991 0 -692.991
0 0 692.074 0 -692.074
9 41 699.165 701.467 2.30196
38 40 229.033 231.335 2.30196
20 0 229.064 0 -229.064
39 0 229.375 0 -229.375
36 0 229.549 0 -229.549
18 42 229.956 232.258 2.30196
35 43 230.047 232.349 2.30195
8 41 230.642 232.944 2.30196
37 42 231.298 233.6 2.30196
16 42 231.97 234.272 2.30195
3 0 232.232 0 -232.232
22 40 232.966 235.268 2.30195
29 40 708.444 710.746 2.30196
12 41 233.435 235.737 2.30196
14 0 708.255 0 -708.255
13 41 233.8 236.102 2.30196
5 41 234.799 237.101 2.30196
23 40 235.105 237.407 2.30195
27 0 708.192 0 -708.192
26 0 235.316 0 -235.316
0 0 236.288 0 -236.288
4 41 237.205 239.507 2.30196
32 44 237.944 240.245 2.30196
15 42 237.975 240.277 2.30196
17 42 706.755 709.057 2.30195
30 40 238.442 240.744 2.30196
10 41 238.647 240.949 2.30196
19 44 238.744 241.046 2.30196
6 0 705.011 0 -705.011
9 41 243.378 245.68 2.30196
24 40 245.549 247.851 2.30195
31 44 246.791 249.093 2.30196
11 0 704.881 0 -704.881
35 43 1172.15 1172.25 0.0975369
16 42 994.077 994.174 0.0975381
13 41 995.907 996.009 0.102661
18 42 1369.42 1369.52 0.102659
4 41 1179.31 1179.41 0.102662
33 42 939.53 939.633 0.102662
38 40 931.14 931.243 0.102661
24 40 1007.66 1007.76 0.102659
22 0 688.752 0 -688.752
35 43 685.833 688.135 2.30195
34 0 704.855 0 -704.855
21 44 940.64 940.969 0.32871
14 40 936.149 938.451 2.30197
33 42 1197.96 1198.06 0.0975418
26 0 463.21 0 -463.21
0 41 464.181 466.483 2.30196
3 0 688.018 0 -688.018
16 42 687.756 690.058 2.30195
20 0 684.85 0 -684.85
32 44 1150.05 1150.22 0.1746
5 0 1374.27 0 -1374.27
30 40 1180.55 1180.65 0.0975397
19 44 1160.48 1160.58 0.102659
22 40 1372.43 1372.53 0.102659
14 41 480.362 482.664 2.30196
17 42 478.862 481.164 2.30195
1 0 712.009 0 -712.009
10 41 466.54 468.842 2.30196
25 0 475.808 0 -475.808
31 44 474.684 476.986 2.30196
6 41 477.117 479.419 2.30196
34 0 1388.54 0 -1388.54
15 42 465.869 468.171 2.30196
17 42 1013.08 1013.18 0.102658
19 44 466.638 468.94 2.30196
2 41 710.626 712.928 2.30196
2 41 482.733 485.035 2.30196
32 44 1000.05 1000.22 0.1746
27 40 480.299 482.601 2.30196
33 42 483.744 486.046 2.30196
5 0 690.586 0 -690.586
28 41 1010.4 1010.58 0.174599
28 40 476.19 478.492 2.30196
11 41 476.987 479.289 2.30196
7 41 485.34 487.642 2.30195
23 40 462.998 465.3 2.30195
13 41 689.586 691.888 2.30196
30 40 466.335 468.637 2.30196
24 40 473.442 475.744 2.30195
10 41 1000.75 1000.85 0.0975406
8 0 686.428 0 -686.428
1 0 484.116 0 -484.116
29 40 1194.76 1194.86 0.0975413
27 40 936.085 938.387 2.30196
38 40 456.927 459.228 2.30196
20 0 456.957 0 -456.957
39 41 457.268 459.57 2.30196
36 41 457.442 459.744 2.30196
18 42 457.849 460.151 2.30196
35 43 457.94 460.242 2.30195
8 0 458.535 0 -458.535
37 42 459.191 461.493 2.30196
16 42 459.863 462.165 2.30195
3 0 460.125 0 -460.125
22 40 460.859 463.161 2.30195
12 41 461.328 463.63 2.30196
13 41 461.693 463.995 2.30196
5 0 462.692 0 -462.692
11 41 932.774 935.076 2.30196
15 42 1000.08 1000.18 0.102659
37 42 687.084 689.386 2.30196
28 41 1190.4 1190.58 0.174599
9 41 1211.82 1212.15 0.328711
38 40 684.82 687.122 2.30196
3 0 1371.7 0 -1371.7
21 44 712.747 715.049 2.30196
33 42 711.637 713.939 2.30196
7 41 713.233 715.535 2.30195
23 40 1147.21 1147.31 0.0975374
2 40 938.519 940.821 2.30197
14 41 1391.94 1392.55 0.616456
32 44 940.05 940.225 0.1746
37 42 933.404 933.507 0.102662
10 41 1180.75 1180.86 0.102661
23 40 937.211 937.314 0.102657
38 40 912.713 912.816 0.102661
20 44 912.743 915.045 2.30196
39 41 913.054 915.356 2.30196
36 41 913.229 915.531 2.30196
18 42 913.636 915.938 2.30196
35 43 913.727 913.829 0.102657
8 0 914.321 0 -914.321
37 42 914.977 915.162 0.184838
16 42 915.65 915.752 0.102658
3 0 915.911 0 -915.911
22 40 916.645 918.947 2.30195
12 0 917.114 0 -917.114
13 41 917.48 917.582 0.102661
5 44 918.479 920.781 2.30198
23 40 918.784 918.887 0.102657
26 0 918.996 0 -918.996
0 41 919.967 922.269 2.30196
4 41 920.884 923.186 2.30196
32 44 921.623 921.808 0.18484
15 42 921.655 921.758 0.102659
30 40 922.121 924.423 2.30196
10 41 922.326 922.429 0.102661
19 44 922.424 924.726 2.30196
27 40 1391.87 1393.19 1.31483
32 44 1180.05 1180.22 0.1746
7 41 1199.55 1199.65 0.0975379
23 40 1027.21 1027.31 0.0975374
34 0 932.749 0 -932.749
31 44 1190.91 1191.23 0.328711
21 44 1200.97 1201.3 0.32871
23 40 1177.21 1177.31 0.0975374
13 41 1175.91 1176 0.0975414
15 40 940.082 940.18 0.0975449
33 42 957.957 958.055 0.0975418
38 40 961.14 961.243 0.102661
24 40 947.655 947.758 0.102659
28 41 964.519 964.703 0.184839
21 44 973.182 973.511 0.32871
17 42 953.075 953.173 0.0975379
35 43 962.154 962.251 0.0975369
16 42 964.077 964.174 0.0975381
23 40 1087.21 1087.31 0.0975374
37 42 963.404 963.502 0.0975421
23 40 967.211 967.309 0.0975374
32 44 970.05 970.225 0.1746
10 41 970.753 970.851 0.0975406
15 42 970.082 970.18 0.0975392
13 41 965.907 966.009 0.102661
17 42 983.075 983.173 0.0975379
33 42 987.957 988.055 0.0975418
24 40 977.655 977.758 0.102659
28 41 982.817 982.992 0.174599
38 40 991.14 991.243 0.102661
21 44 1005.72 1006.05 0.32871
33 42 1017.96 1018.06 0.0975418
33 42 1167.96 1168.06 0.0975418
35 43 1022.15 1022.25 0.0975369
16 42 1024.08 1024.17 0.0975381
21 44 1038.27 1038.59 0.32871
37 42 1173.4 1173.5 0.0975421
13 41 1025.91 1026 0.0975414
38 40 1021.14 1021.24 0.102661
37 42 1023.4 1023.5 0.0975421
28 41 1160.4 1160.58 0.174599
35 43 1142.15 1142.25 0.0975369
10 41 1030.75 1030.86 0.102661
32 44 1030.05 1030.22 0.1746
15 42 1030.08 1030.18 0.102659
17 42 1043.08 1043.18 0.102658
15 42 1180.08 1180.18 0.0975392
33 42 1047.96 1048.06 0.0975418
21 44 1070.81 1071.14 0.32871
16 42 1054.08 1054.17 0.0975381
24 40 1037.66 1037.76 0.102659
9 41 1057.22 1057.84 0.616455
35 43 1052.15 1052.25 0.0975369
21 44 1103.35 1103.68 0.32871
28 41 1040.4 1040.58 0.174599
10 41 1060.75 1060.86 0.102661
38 40 1051.14 1051.24 0.102661
4 41 1158.94 1159.04 0.102662
28 41 1070.4 1070.58 0.174599
23 40 1057.21 1057.31 0.0975374
13 41 1055.91 1056.01 0.102661
37 42 1083.4 1083.5 0.0975421
32 44 1060.05 1060.22 0.1746
24 40 1067.66 1067.76 0.102659
15 42 1060.08 1060.18 0.102659
17 42 1163.08 1163.17 0.0975379
33 42 1077.96 1078.06 0.0975418
35 43 1082.15 1082.25 0.0975369
16 42 1084.08 1084.17 0.0975381
17 42 1073.08 1073.18 0.102658
32 44 1090.05 1090.22 0.1746
10 41 1090.75 1090.86 0.102661
13 41 1085.91 1086.01 0.102661
15 42 1090.08 1090.18 0.102659
38 40 1081.14 1081.24 0.0975412
39 41 1368.84 1371.14 2.30196
22 40 1144.54 1146.84 2.30195
35 43 1112.15 1112.25 0.0975369
9 41 1179.28 1179.61 0.328711
28 41 1100.4 1100.58 0.174599
17 42 1103.08 1103.17 0.0975379
9 41 1118.25 1118.87 0.616455
10 41 1120.75 1120.85 0.0975406
26 0 1146.89 0 -1146.89
24 40 1097.66 1097.75 0.0975389
18 42 1141.53 1143.83 2.30196
21 44 1135.89 1136.22 0.32871
8 41 1142.21 1144.52 2.30196
16 42 1114.08 1114.17 0.0975381
3 41 1143.8 1146.11 2.30196
36 0 1141.12 0 -1141.12
34 0 1160.64 0 -1160.64
33 42 1107.96 1108.06 0.0975418
39 0 1140.95 0 -1140.95
1 42 1167.8 1170.1 2.30197
38 40 1111.14 1111.24 0.102661
1 41 1395.69 1397.99 2.30196
6 41 1388.69 1390.99 2.30196
37 42 1113.4 1113.5 0.0975421
20 44 1140.64 1142.94 2.30196
23 40 1117.21 1117.31 0.0975374
27 40 1163.98 1166.28 2.30196
0 0 1147.86 0 -1147.86
4 41 1148.78 1148.88 0.102662
24 40 1127.66 1127.75 0.0975389
13 41 1145.91 1146 0.0975414
33 42 1137.96 1138.06 0.0975418
28 41 1130.4 1130.58 0.174599
11 0 1160.67 0 -1160.67
12 41 1145.01 1147.31 2.30196
13 41 1115.91 1116.01 0.102661
5 0 1146.37 0 -1146.37
31 44 1158.36 1158.69 0.328711
10 41 1150.75 1150.85 0.0975406
30 40 1150.01 1150.12 0.10266
15 42 1120.08 1120.18 0.102659
32 44 1120.05 1120.22 0.1746
19 44 1150.32 1150.42 0.102659
30 40 1160.18 1160.28 0.10266
21 44 1168.43 1168.76 0.32871
17 42 1133.08 1133.17 0.0975379
14 41 1164.04 1166.34 2.30196
25 0 1159.49 0 -1159.49
6 0 1160.8 0 -1160.8
37 42 1143.4 1143.5 0.0975421
2 41 1166.41 1166.74 0.328711
29 40 1164.23 1164.33 0.102661
12 41 1372.9 1375.2 2.30196
15 42 1150.08 1150.18 0.0975392
7 41 1169.02 1169.2 0.184834
25 0 1387.38 0 -1387.38
24 40 1157.66 1157.75 0.0975389
