41 53 0.625865 2.92782 2.30196
35 59 0.993608 3.29557 2.30196
33 0 11.8414 0 -11.8414
48 53 1146.76 1149.06 2.30196
11 0 1160.05 0 -1160.05
4 51 1159.67 1161.97 2.30196
31 59 1.65102 3.95298 2.30196
5 51 1124.8 1124.89 0.0975389
7 52 2.38058 4.68254 2.30196
21 54 1158.69 1158.79 0.0975396
34 55 1102.9 1103.01 0.10266
46 53 6.26044 8.56239 2.30195
18 52 3.49158 5.79354 2.30196
6 51 1168.34 1170.64 2.30196
25 51 4.48395 6.78591 2.30195
10 0 1150.85 0 -1150.85
12 52 1150.95 1153.25 2.30196
16 0 6.12972 0 -6.12972
14 51 5.02769 7.32965 2.30195
21 54 1128.69 1128.79 0.10266
14 51 1085.03 1085.13 0.102659
16 51 1145.6 1147.9 2.30196
17 51 7.55202 9.85398 2.30196
48 0 7.2939 0 -7.2939
47 51 9.79004 12.092 2.30196
3 52 10.8721 13.174 2.30195
43 55 10.9499 13.2518 2.30196
28 50 10.7922 13.0941 2.30196
12 0 11.484 0 -11.484
10 0 11.3852 0 -11.3852
47 52 1119.79 1119.89 0.0975393
31 55 978.307 978.636 0.328708
14 51 1025.03 1025.2 0.174595
0 53 1167.34 1169.64 2.30196
39 58 1387.45 1387.63 0.184838
33 59 1151.31 1153.61 2.30196
17 52 1147.02 1149.32 2.30196
41 55 1080.63 1080.8 0.174596
41 55 1009.82 1010.01 0.184836
15 0 12.2811 0 -12.2811
9 0 12.5603 0 -12.5603
34 55 1012.9 1013.01 0.10266
23 50 13.4649 15.7668 2.30195
49 58 14.2744 16.5764 2.30195
19 51 14.435 16.7369 2.30195
5 51 1094.8 1094.89 0.0975389
45 54 14.4639 16.7659 2.30196
5 52 14.7962 17.0982 2.30196
32 0 15.7841 0 -15.7841
40 58 15.9026 18.2045 2.30196
13 0 16.5477 0 -16.5477
23 50 1123.46 1123.56 0.097538
28 50 1150.26 1150.36 0.10266
14 51 995.028 995.202 0.174595
36 59 1106.08 1106.19 0.10266
47 52 969.79 969.888 0.0975393
1 0 16.9018 0 -16.9018
21 54 18.69 20.9919 2.30196
49 58 1004.27 1004.37 0.0975389
2 0 19.0152 0 -19.0152
39 59 20.0892 22.3912 2.30196
15 0 1151.75 0 -1151.75
24 54 980.129 980.303 0.174596
24 54 20.1285 22.4305 2.30196
25 51 1084.48 1084.58 0.0975378
4 51 20.2026 22.5045 2.30196
11 0 20.5864 0 -20.5864
31 53 1111.65 1111.83 0.1746
37 59 23.1551 25.4571 2.30196
38 59 23.2305 25.5325 2.30196
34 55 22.9048 25.2068 2.30196
5 51 977.209 977.384 0.174595
24 54 1010.13 1010.3 0.174596
26 51 23.8656 26.1676 2.30196
20 51 25.0316 27.3335 2.30195
42 53 29.0646 31.3665 2.30195
36 59 26.084 28.386 2.30196
8 0 26.035 0 -26.035
20 51 1135.03 1135.13 0.0975385
46 53 1086.26 1086.36 0.0975378
49 58 1124.27 1124.37 0.0975389
43 55 1160.58 1160.68 0.102659
25 51 1144.48 1144.58 0.0975378
27 50 28.2951 30.5971 2.30195
44 0 28.1733 0 -28.1733
29 0 26.1798 0 -26.1798
21 54 1008.69 1008.79 0.10266
42 53 1169.06 1169.16 0.0975376
42 53 1079.06 1079.16 0.0975376
23 50 1093.46 1093.56 0.097538
0 51 27.8725 30.1745 2.30196
22 51 27.3096 29.6115 2.30195
20 51 955.032 955.129 0.0975385
42 53 959.065 959.162 0.0975376
42 53 1019.06 1019.16 0.0975376
34 55 1132.9 1133.01 0.10266
45 54 1172.23 1172.33 0.102661
6 0 28.8732 0 -28.8732
30 59 29.1237 31.4257 2.30196
34 55 982.905 983.002 0.0975401
36 59 986.084 986.187 0.10266
24 54 248.022 250.324 2.30196
39 59 247.982 250.284 2.30196
2 52 246.908 249.21 2.30196
4 51 475.989 478.291 2.30196
41 55 977.282 977.611 0.328708
11 0 248.48 0 -248.48
34 55 250.798 253.1 2.30196
17 0 463.339 0 -463.339
4 0 248.096 0 -248.096
38 59 251.124 253.426 2.30196
13 0 1156.01 0 -1156.01
21 54 246.583 248.885 2.30196
37 59 251.048 253.35 2.30196
42 53 256.958 259.26 2.30195
36 59 253.977 256.279 2.30196
20 51 252.925 255.227 2.30195
29 59 254.073 256.375 2.30196
30 59 257.017 259.319 2.30196
25 51 964.484 964.581 0.0975378
41 55 228.519 230.821 2.30196
35 0 228.887 0 -228.887
31 55 229.544 231.846 2.30196
7 52 230.274 232.576 2.30196
18 52 231.385 233.687 2.30196
25 51 232.377 234.679 2.30195
14 51 232.921 235.223 2.30195
16 51 234.023 236.325 2.30196
46 53 234.154 236.456 2.30195
48 53 235.187 237.489 2.30196
17 0 235.445 0 -235.445
47 52 237.683 239.985 2.30196
28 50 238.685 240.987 2.30196
3 52 238.765 241.067 2.30195
43 55 238.843 241.145 2.30196
10 0 239.278 0 -239.278
12 0 239.377 0 -239.377
33 55 239.735 242.037 2.30196
15 0 240.174 0 -240.174
9 52 240.454 242.755 2.30196
23 50 241.358 243.66 2.30195
49 58 242.168 244.47 2.30195
19 51 242.328 244.63 2.30195
45 54 242.357 244.659 2.30196
5 51 242.689 244.991 2.30195
32 0 243.677 0 -243.677
40 58 243.796 246.098 2.30196
13 0 244.441 0 -244.441
1 0 244.795 0 -244.795
9 52 1152.03 1154.33 2.30196
32 55 1155.25 1157.55 2.30196
21 54 1098.69 1098.79 0.10266
36 59 1136.08 1136.19 0.10266
20 51 1105.03 1105.13 0.0975385
8 0 253.928 0 -253.928
26 54 251.759 254.061 2.30196
46 53 1116.26 1116.36 0.0975378
27 50 1168.3 1168.39 0.0975369
46 0 1026.26 0 -1026.26
1 0 1156.37 0 -1156.37
40 58 1155.37 1155.47 0.10266
43 55 1150.42 1150.52 0.102659
2 52 1158.48 1158.81 0.328711
20 51 1015.03 1015.13 0.102659
22 51 255.203 257.505 2.30195
27 50 256.188 258.49 2.30195
44 50 256.067 258.369 2.30196
0 52 255.766 258.068 2.30196
6 0 256.766 0 -256.766
8 52 1165.5 1167.8 2.30196
49 58 1154.27 1154.37 0.0975389
5 52 1154.8 1154.9 0.102661
27 50 1018.3 1018.39 0.0975369
36 59 1016.08 1016.19 0.10266
31 53 1081.65 1081.83 0.1746
18 52 1142.96 1143.06 0.10266
41 55 1028.12 1028.3 0.174596
47 52 1029.79 1029.89 0.102659
42 53 989.065 989.162 0.0975376
42 53 1109.06 1109.16 0.0975376
27 50 1078.3 1078.39 0.0975369
36 59 1076.08 1076.18 0.0975396
14 51 1115.03 1115.13 0.0975388
20 51 1075.03 1075.13 0.0975385
27 50 988.295 988.393 0.0975369
46 0 996.26 0 -996.26
36 59 956.084 956.182 0.0975396
31 55 1043.39 1043.58 0.184836
27 50 1138.3 1138.39 0.0975369
47 52 1149.79 1149.89 0.0975393
3 52 1150.34 1152.64 2.30195
34 55 478.691 480.993 2.30196
42 53 1139.06 1139.16 0.0975376
27 50 958.295 958.393 0.0975369
30 59 1168.59 1168.92 0.328711
38 0 1162.7 0 -1162.7
23 50 1003.46 1003.56 0.097538
20 51 985.032 985.134 0.102659
22 51 1166.78 1166.88 0.102657
47 52 999.79 999.893 0.102659
25 51 994.484 994.587 0.102658
49 58 974.274 974.372 0.0975389
8 51 481.821 484.123 2.30196
19 50 1153.9 1154 0.102661
49 58 1094.27 1094.37 0.0975389
42 53 484.851 487.153 2.30195
32 0 471.571 0 -471.571
1 0 472.688 0 -472.688
44 50 711.853 714.155 2.30196
20 51 480.818 483.12 2.30195
24 54 475.915 478.217 2.30196
8 0 709.715 0 -709.715
36 59 709.764 712.066 2.30196
10 0 467.172 0 -467.172
33 0 467.628 0 -467.628
13 0 472.334 0 -472.334
39 59 475.876 478.178 2.30196
36 59 481.871 484.173 2.30196
30 59 484.91 487.212 2.30196
11 0 476.373 0 -476.373
44 50 483.96 486.262 2.30196
37 0 1162.62 0 -1162.62
31 55 1010.85 1011.18 0.328708
28 50 466.579 468.881 2.30196
43 55 466.736 469.038 2.30196
9 0 468.347 0 -468.347
23 50 469.251 471.553 2.30195
45 0 470.25 0 -470.25
38 0 479.017 0 -479.017
12 52 467.271 469.572 2.30196
21 54 474.476 476.778 2.30196
2 52 474.802 477.104 2.30196
26 51 479.652 481.954 2.30196
27 50 484.082 486.384 2.30195
41 55 1140.63 1140.8 0.174596
20 51 708.711 711.013 2.30195
6 52 484.66 486.962 2.30196
48 53 463.08 465.382 2.30196
19 51 470.221 472.523 2.30195
23 50 973.465 973.562 0.097538
5 51 1004.8 1004.97 0.174595
37 0 478.942 0 -478.942
22 51 483.096 485.398 2.30195
46 53 966.26 966.363 0.102658
47 52 465.577 467.878 2.30196
29 59 1165.65 1167.95 2.30196
29 59 481.966 484.268 2.30196
25 51 1024.48 1024.58 0.0975378
0 51 483.659 485.961 2.30196
41 55 456.412 458.714 2.30196
35 0 456.78 0 -456.78
31 55 457.438 459.739 2.30196
7 51 458.167 460.469 2.30196
18 52 459.278 461.58 2.30196
25 51 460.27 462.572 2.30195
14 51 460.814 463.116 2.30195
16 0 461.916 0 -461.916
46 53 462.047 464.349 2.30195
3 52 466.659 468.961 2.30195
15 0 468.068 0 -468.068
5 51 470.583 472.885 2.30195
49 58 470.061 472.363 2.30195
40 0 471.689 0 -471.689
44 50 939.746 942.048 2.30196
0 0 711.552 0 -711.552
36 59 937.657 937.76 0.10266
8 51 937.608 939.91 2.30196
21 54 978.69 978.793 0.10266
26 51 935.439 937.741 2.30196
29 0 709.86 0 -709.86
22 52 710.989 713.291 2.30196
38 59 934.804 937.105 2.30196
37 0 934.728 0 -934.728
40 58 927.476 929.778 2.30196
5 51 958.911 959.096 0.184835
41 55 684.306 686.608 2.30196
35 59 684.673 686.975 2.30196
31 53 685.331 687.633 2.30196
7 52 686.06 688.362 2.30196
18 51 687.171 689.473 2.30196
25 51 688.164 690.466 2.30195
14 50 688.707 691.009 2.30196
16 0 689.809 0 -689.809
46 53 689.94 692.242 2.30195
48 53 690.974 693.276 2.30196
17 0 691.232 0 -691.232
47 51 693.47 695.772 2.30196
28 50 694.472 696.774 2.30196
3 52 694.552 696.854 2.30195
43 55 694.63 696.932 2.30196
10 0 695.065 0 -695.065
12 52 695.164 697.466 2.30196
33 0 695.521 0 -695.521
15 0 695.961 0 -695.961
9 0 696.24 0 -696.24
23 50 697.145 699.447 2.30195
49 58 697.954 700.256 2.30195
19 50 698.115 700.417 2.30196
45 54 698.144 700.446 2.30196
5 53 698.476 700.778 2.30196
32 59 699.464 701.766 2.30196
40 59 699.582 701.884 2.30196
13 0 700.227 0 -700.227
1 0 700.582 0 -700.582
21 54 702.37 704.672 2.30196
2 52 702.695 704.997 2.30196
39 59 703.769 706.071 2.30196
24 51 703.808 706.11 2.30196
4 51 703.882 706.184 2.30196
11 53 704.266 706.568 2.30196
34 55 706.585 708.887 2.30196
37 0 706.835 0 -706.835
38 59 706.91 709.212 2.30196
26 0 707.545 0 -707.545
6 0 712.553 0 -712.553
42 53 712.744 715.046 2.30195
27 50 711.975 714.277 2.30195
30 0 712.803 0 -712.803
39 59 1159.56 1161.86 2.30196
24 54 1130.13 1130.3 0.174596
32 55 927.357 929.659 2.30196
13 52 928.121 930.423 2.30196
35 59 1140.46 1142.76 2.30196
2 52 930.588 932.89 2.30196
25 51 934.484 934.587 0.102658
30 59 940.697 942.999 2.30196
29 55 937.753 940.055 2.30196
41 55 944.741 945.069 0.328708
47 52 939.79 939.888 0.0975393
21 50 930.263 930.366 0.102662
11 0 932.159 0 -932.159
27 50 939.868 939.971 0.102657
22 51 938.883 941.185 2.30195
42 53 940.638 940.74 0.102658
14 51 935.028 935.202 0.174595
23 50 943.465 943.562 0.097538
39 58 931.662 933.964 2.30196
0 0 939.445 0 -939.445
15 51 923.854 926.156 2.30196
1 52 928.475 930.777 2.30196
4 51 931.776 934.078 2.30196
20 51 936.605 936.707 0.102659
6 52 940.446 942.748 2.30196
45 54 926.037 928.339 2.30196
14 51 965.028 965.202 0.174595
46 53 936.26 936.363 0.102658
49 58 944.274 944.377 0.102659
41 55 912.199 912.528 0.328708
35 59 912.567 914.869 2.30196
31 55 913.224 913.553 0.328708
7 0 913.954 0 -913.954
18 52 915.065 917.367 2.30196
25 51 916.057 916.16 0.102658
14 51 916.601 916.786 0.184835
16 51 917.703 920.005 2.30196
46 53 917.833 917.936 0.102658
48 51 918.867 921.169 2.30197
17 50 919.125 921.427 2.30197
47 52 921.363 921.466 0.102659
28 50 922.365 924.667 2.30196
3 52 922.445 924.747 2.30195
43 55 922.523 924.825 2.30196
10 0 922.958 0 -922.958
12 52 923.057 925.359 2.30196
33 51 923.414 925.716 2.30197
24 54 931.702 931.886 0.184836
19 51 926.008 928.31 2.30195
23 50 925.038 925.141 0.102658
9 0 924.133 0 -924.133
49 58 925.847 925.95 0.102659
5 51 926.369 926.698 0.328707
31 55 945.766 946.094 0.328708
34 55 934.478 934.58 0.10266
22 51 1176.94 1177.04 0.102657
24 54 950.129 950.303 0.174596
34 55 952.905 953.008 0.10266
21 54 948.69 948.793 0.10266
41 55 1050.63 1050.8 0.174596
49 58 1034.27 1034.37 0.0975389
5 51 1034.8 1034.97 0.174595
36 59 1046.08 1046.18 0.0975396
14 51 1055.03 1055.2 0.174595
23 50 1033.46 1033.56 0.097538
24 54 1040.13 1040.3 0.174596
23 50 1153.46 1153.56 0.097538
25 51 1114.48 1114.58 0.0975378
45 54 1153.93 1154.11 0.184837
28 50 1160.42 1160.52 0.10266
46 53 1146.26 1146.36 0.0975378
21 54 1038.69 1038.79 0.0975396
34 55 1162.9 1163 0.0975401
27 50 1048.3 1048.39 0.0975369
26 54 1163.33 1165.63 2.30196
47 52 1089.79 1089.89 0.0975393
23 50 1183.46 1183.56 0.097538
24 54 1100.13 1100.3 0.174596
14 51 1145.03 1145.13 0.0975388
34 55 1072.9 1073 0.0975401
31 53 1141.65 1141.83 0.1746
42 53 1049.06 1049.16 0.0975376
34 55 1042.9 1043 0.0975401
31 55 1061.69 1061.86 0.174596
27 50 1108.3 1108.39 0.0975369
20 51 1045.03 1045.13 0.102659
41 55 1110.63 1110.8 0.174596
44 0 1167.64 0 -1167.64
3 52 1378.23 1378.33 0.102658
7 52 1141.85 1144.15 2.30196
46 53 1056.26 1056.36 0.0975378
47 52 1059.79 1059.89 0.102659
21 54 1068.69 1068.79 0.10266
23 50 1063.46 1063.56 0.097538
49 58 1064.27 1064.37 0.0975389
24 54 1070.13 1070.3 0.174596
5 51 1064.8 1064.9 0.102659
25 51 1054.48 1054.58 0.0975378
24 54 1160.13 1160.3 0.174596
4 51 1387.56 1387.66 0.102661
30 59 1201.13 1201.32 0.184839
40 58 1165.53 1165.63 0.10266
45 54 1184.46 1184.56 0.0975412
28 50 1180.79 1180.89 0.10266
20 50 1165.03 1165.13 0.0975415
7 52 1369.74 1372.04 2.30196
31 55 1171.65 1171.83 0.174596
13 52 1383.91 1386.21 2.30196
37 59 1390.51 1392.82 2.30196
14 51 1175.03 1175.13 0.0975388
35 59 1368.35 1369.67 1.31483
25 51 1174.48 1174.58 0.0975378
41 55 1170.63 1170.8 0.174596
36 59 1166.08 1166.18 0.0975396
46 53 1176.26 1176.36 0.0975378
43 55 1180.95 1181.05 0.0975392
38 59 1390.59 1392.89 2.30196
16 51 1373.49 1375.79 2.30196
18 52 1173.49 1173.59 0.0975397
9 0 1379.92 0 -1379.92
24 54 1190.13 1190.3 0.174596
10 0 1378.74 0 -1378.74
47 52 1179.79 1179.89 0.0975393
21 54 1188.69 1188.79 0.0975396
12 52 1378.84 1378.95 0.102659
19 51 1184.43 1184.53 0.0975376
44 52 1395.53 1397.83 2.30196
5 51 1184.8 1184.9 0.102659
26 51 1391.23 1391.33 0.102661
15 0 1379.64 0 -1379.64
11 52 1387.95 1390.25 2.30196
17 0 1374.91 0 -1374.91
48 53 1374.65 1375.97 1.31482
33 55 1379.2 1381.5 2.30196
49 58 1184.27 1184.37 0.0975389
0 51 1395.23 1395.42 0.184835
36 59 1196.08 1196.18 0.0975396
8 51 1393.39 1395.7 2.30196
40 58 1185.9 1186 0.0975402
32 59 1383.14 1385.45 2.30196
29 59 1393.54 1394.16 0.616456
22 51 1197.31 1197.41 0.102657
2 52 1191.02 1191.35 0.328711
1 52 1384.26 1386.56 2.30196
42 53 1199.06 1199.16 0.0975376
20 51 1195.03 1195.13 0.0975385
27 50 1198.3 1198.39 0.0975369
6 52 1396.23 1398.53 2.30196
34 55 1192.9 1193 0.0975401
