9 72 0.148666 2.45062 2.30196
48 61 0.551947 2.8539 2.30195
54 86 1118.6 1118.7 0.0975389
10 71 6.26462 8.56657 2.30195
41 73 0.907415 3.20937 2.30196
42 68 1152.91 1153.01 0.097537
6 72 1024.99 1025.08 0.0975378
59 80 1.29822 3.60017 2.30196
21 71 1150.88 1153.18 2.30195
43 67 1.51653 3.81848 2.30196
20 0 924.824 0 -924.824
36 68 1029.91 1030.02 0.102657
15 66 1.63332 3.93527 2.30195
37 74 967.69 967.793 0.102658
2 65 4.93136 7.23331 2.30195
13 72 3.45829 5.76025 2.30196
29 77 3.4738 5.77575 2.30195
58 88 1030.5 1030.59 0.0975373
27 78 5.51722 7.81917 2.30196
13 72 915.031 917.333 2.30196
34 78 5.11168 7.41363 2.30195
6 72 4.98689 7.28884 2.30195
1 71 5.91051 8.21246 2.30195
35 83 5.79809 8.10004 2.30195
12 72 927.774 930.076 2.30195
40 68 927.913 928.015 0.102659
5 66 6.85836 9.16032 2.30196
25 0 7.20153 0 -7.20153
48 61 912.125 912.228 0.102658
15 66 1141.1 1143.4 2.30195
37 74 7.69018 9.99213 2.30195
52 62 8.1502 10.4522 2.30196
53 85 1123.76 1123.86 0.102659
54 86 8.60432 10.9063 2.30195
28 83 8.9045 11.2064 2.30195
16 65 8.82205 11.124 2.30195
32 77 8.73597 11.0379 2.30195
27 84 917.09 919.392 2.30196
9 66 911.722 911.906 0.184835
50 62 938.755 938.857 0.102659
29 77 915.047 915.149 0.102658
33 84 925.816 928.118 2.30196
0 66 10.2656 12.5675 2.30195
36 68 9.91417 12.2161 2.30195
42 68 1122.91 1123.01 0.097537
58 88 10.4974 12.7993 2.30195
35 83 233.691 235.993 2.30195
4 0 924.432 0 -924.432
1 71 233.804 236.106 2.30195
36 68 921.487 921.59 0.102657
51 67 11.2037 13.5057 2.30195
21 71 11.4088 13.7107 2.30195
42 68 12.9075 15.2095 2.30195
4 72 12.859 15.1609 2.30195
32 77 920.309 922.611 2.30195
24 65 1109.96 1110.06 0.102657
33 84 14.243 16.5449 2.30196
20 0 13.2507 0 -13.2507
35 83 1145.26 1147.57 2.30195
34 78 916.685 916.787 0.102657
56 78 14.2269 16.5289 2.30195
26 83 13.6378 15.9397 2.30195
52 62 919.723 922.025 2.30196
5 66 1146.32 1146.43 0.102659
37 74 919.263 919.366 0.102658
53 85 13.7607 16.0627 2.30195
45 61 13.7541 16.056 2.30195
45 61 973.754 973.852 0.0975376
15 66 913.206 915.508 2.30195
23 72 1018.88 1018.97 0.0975385
36 68 969.914 970.017 0.102657
17 0 15.1316 0 -15.1316
19 0 14.5616 0 -14.5616
18 71 15.8895 18.1914 2.30195
55 77 16.0173 18.3192 2.30195
39 0 14.8287 0 -14.8287
26 83 925.211 927.513 2.30195
53 85 925.334 925.436 0.102659
43 67 913.09 913.192 0.10266
29 77 1023.47 1023.57 0.0975382
0 66 1149.73 1149.83 0.102658
19 0 1154.03 0 -1154.03
46 66 929.337 931.638 2.30195
8 65 17.0323 19.3343 2.30195
12 72 16.2015 18.5034 2.30195
47 60 1159.23 1159.33 0.0975375
40 68 16.3396 18.6415 2.30195
9 66 1110.15 1110.25 0.0975394
38 67 17.8936 20.1955 2.30196
30 88 17.9726 20.2746 2.30196
11 66 17.9255 20.2274 2.30195
46 66 17.7635 20.0655 2.30195
10 71 1116.26 1116.36 0.0975387
24 65 1199.96 1200.06 0.097537
3 71 931.313 931.416 0.102658
24 65 485.749 488.051 2.30195
44 60 475.286 477.587 2.30195
22 65 483.655 485.957 2.30195
47 60 19.2276 21.5296 2.30195
7 71 24.0996 26.4016 2.30195
3 71 19.74 22.042 2.30195
44 0 19.499 0 -19.499
42 68 972.908 973.01 0.102657
43 67 1021.52 1021.61 0.0975396
10 71 917.838 917.94 0.102659
48 61 930.552 930.649 0.0975383
58 88 922.07 922.173 0.102657
51 67 922.777 925.079 2.30195
49 63 1294.04 1294.66 0.61645
57 85 24.9101 27.212 2.30196
49 63 24.4084 26.7103 2.30195
14 66 25.1383 27.4402 2.30195
31 83 24.4742 26.7762 2.30195
49 63 252.302 254.604 2.30195
5 66 918.431 920.733 2.30196
28 83 920.477 920.58 0.102657
55 77 927.59 929.892 2.30195
34 78 965.112 965.209 0.097537
56 78 1124.23 1124.32 0.0975387
50 62 27.1816 29.4835 2.30195
22 65 27.869 30.171 2.30195
47 60 247.121 249.423 2.30195
24 65 29.9623 32.2643 2.30195
3 71 247.633 249.935 2.30195
44 60 247.392 249.694 2.30195
23 72 28.8751 31.177 2.30195
39 73 1154.29 1156.6 2.30195
10 71 234.158 236.46 2.30195
57 85 252.803 255.105 2.30196
22 65 255.762 258.064 2.30195
1 71 1025.91 1026.01 0.0975378
23 72 484.662 486.964 2.30195
45 61 469.541 471.843 2.30195
22 65 1197.87 1197.97 0.0975382
28 88 1148.9 1149 0.0975412
50 62 255.075 257.377 2.30195
1 71 917.484 917.586 0.102658
5 66 462.645 464.947 2.30196
37 74 463.477 465.779 2.30195
4 72 1152.33 1154.63 2.30195
25 0 462.988 0 -462.988
38 67 473.68 475.982 2.30196
34 78 1115.11 1115.21 0.097537
9 72 228.042 230.344 2.30196
48 61 228.445 230.747 2.30195
41 0 228.801 0 -228.801
59 80 229.191 231.493 2.30196
43 68 229.41 231.712 2.30196
15 66 229.527 231.829 2.30195
13 72 231.352 233.653 2.30196
29 77 231.367 233.669 2.30195
2 65 232.825 235.127 2.30195
6 72 232.88 235.182 2.30195
34 78 233.005 235.307 2.30195
27 84 233.41 235.712 2.30196
5 66 234.752 237.054 2.30196
25 0 235.095 0 -235.095
37 74 235.583 237.885 2.30195
52 62 236.043 238.345 2.30196
54 86 236.498 238.8 2.30195
32 77 236.629 238.931 2.30195
16 65 236.715 239.017 2.30195
28 83 236.798 239.1 2.30195
36 68 237.807 240.109 2.30195
0 66 238.159 240.461 2.30195
58 88 238.391 240.693 2.30195
51 67 239.097 241.399 2.30195
21 71 239.302 241.604 2.30195
4 72 240.752 243.054 2.30195
42 68 240.801 243.103 2.30195
20 72 241.144 243.446 2.30196
26 83 241.531 243.833 2.30195
45 61 241.647 243.949 2.30195
53 85 241.654 243.956 2.30195
56 78 242.12 244.422 2.30195
33 83 242.136 244.438 2.30195
19 0 242.455 0 -242.455
39 0 242.722 0 -242.722
17 0 243.025 0 -243.025
18 71 243.783 246.085 2.30195
55 77 243.91 246.212 2.30195
12 72 244.095 246.397 2.30195
40 68 244.233 246.535 2.30195
8 65 244.926 247.228 2.30195
46 66 245.657 247.959 2.30195
38 67 245.787 248.089 2.30196
11 66 245.819 248.121 2.30195
30 82 245.866 248.168 2.30196
35 83 917.371 919.673 2.30195
3 71 1159.74 1159.84 0.0975381
38 67 929.467 929.569 0.102659
32 77 1158.37 1158.47 0.102658
28 83 968.904 969.002 0.0975369
1 71 1115.91 1116.01 0.0975378
51 62 1160.83 1160.94 0.102661
16 65 920.395 922.697 2.30195
17 72 926.705 929.007 2.30196
6 72 1114.99 1115.08 0.0975378
25 0 918.775 0 -918.775
48 61 1020.55 1020.65 0.102658
8 65 1157.03 1157.13 0.0975373
14 66 253.032 255.333 2.30195
31 83 252.367 254.669 2.30195
7 71 251.993 254.295 2.30195
42 68 1032.91 1033.01 0.097537
6 72 916.56 916.663 0.102658
59 80 912.871 912.974 0.102659
45 61 1033.75 1033.85 0.0975376
31 83 1194.47 1194.57 0.0975387
0 65 921.839 924.141 2.30196
47 60 1039.23 1039.33 0.0975375
57 85 1194.91 1195.01 0.0975394
56 78 1034.23 1034.32 0.0975387
28 83 1118.9 1119 0.0975369
41 73 912.48 914.782 2.30196
2 0 916.504 0 -916.504
23 72 256.768 259.07 2.30195
24 65 257.856 260.158 2.30195
7 71 1194.1 1194.2 0.0975384
31 83 1044.47 1044.57 0.0975387
39 73 926.402 928.704 2.30195
18 0 927.462 0 -927.462
3 71 1039.74 1039.84 0.0975381
40 68 1036.34 1036.44 0.0975387
1 71 965.911 966.008 0.0975378
23 72 940.448 940.551 0.102658
50 62 1197.18 1197.28 0.0975389
36 68 939.914 940.017 0.102657
21 65 922.982 925.284 2.30196
58 88 970.497 970.595 0.0975373
29 77 963.474 963.576 0.102658
33 83 1153.71 1156.01 2.30195
27 84 1144.98 1145.09 0.102659
26 83 1153.1 1153.21 0.102657
6 72 964.987 965.084 0.0975378
54 86 968.604 968.707 0.102659
54 86 920.177 920.28 0.102659
59 80 1021.3 1021.4 0.0975395
49 63 935.981 938.283 2.30195
40 68 976.34 976.442 0.102659
58 88 1120.5 1120.59 0.0975373
21 71 467.195 469.497 2.30195
11 0 473.712 0 -473.712
17 0 470.918 0 -470.918
40 68 472.126 474.428 2.30195
8 65 472.819 475.121 2.30195
7 71 479.886 482.188 2.30195
55 77 471.804 474.106 2.30195
31 83 708.154 710.456 2.30195
0 66 466.052 468.354 2.30195
30 82 473.759 476.061 2.30196
14 66 708.818 711.12 2.30195
36 68 465.701 468.003 2.30195
18 0 471.676 0 -471.676
26 83 469.424 471.726 2.30195
39 0 470.615 0 -470.615
14 66 480.925 483.227 2.30195
49 63 480.195 482.497 2.30195
52 62 463.937 466.239 2.30196
46 66 473.55 475.852 2.30195
56 78 470.013 472.315 2.30195
57 85 480.697 482.999 2.30196
10 71 462.051 464.353 2.30195
51 67 466.99 469.292 2.30195
19 0 470.348 0 -470.348
42 68 468.694 470.996 2.30195
12 72 471.988 474.29 2.30195
3 71 475.527 477.828 2.30195
50 62 482.968 485.27 2.30195
56 78 1154.23 1154.32 0.0975387
33 83 470.029 472.331 2.30195
4 72 468.645 470.947 2.30195
20 0 469.037 0 -469.037
53 85 469.547 471.849 2.30195
47 60 475.014 477.316 2.30195
31 83 480.261 482.563 2.30195
42 68 924.48 924.583 0.102657
9 66 455.935 458.237 2.30196
48 61 456.338 458.64 2.30195
41 0 456.694 0 -456.694
59 80 457.085 459.387 2.30196
43 67 457.303 459.605 2.30196
15 66 457.42 459.722 2.30195
13 0 459.245 0 -459.245
29 77 459.26 461.562 2.30195
2 65 460.718 463.02 2.30195
6 72 460.773 463.075 2.30195
34 78 460.898 463.2 2.30195
27 84 461.304 463.606 2.30196
35 83 461.585 463.887 2.30195
1 71 461.697 463.999 2.30195
58 88 466.284 468.586 2.30195
32 77 464.522 466.824 2.30195
28 83 464.691 466.993 2.30195
16 65 464.609 466.91 2.30195
54 86 464.391 466.693 2.30195
50 62 1107.18 1107.28 0.0975389
38 67 1037.89 1037.99 0.097539
9 66 930.149 930.251 0.102659
57 85 708.59 710.892 2.30196
24 65 941.535 941.72 0.184833
57 85 1104.91 1105.01 0.0975394
59 80 1111.3 1111.4 0.0975395
45 61 1123.75 1123.85 0.0975376
49 63 708.088 710.39 2.30195
48 61 1110.55 1110.65 0.102658
22 65 939.442 939.545 0.102658
24 65 713.642 715.944 2.30195
57 85 936.483 936.586 0.102659
7 65 707.779 710.081 2.30196
53 85 1153.76 1153.86 0.097539
54 86 1028.6 1028.7 0.0975389
50 62 710.861 713.163 2.30195
9 66 683.828 686.13 2.30196
48 61 684.232 686.534 2.30195
41 73 684.587 686.889 2.30196
59 80 684.978 687.28 2.30196
43 67 685.196 687.498 2.30196
15 60 685.313 687.615 2.30196
13 0 687.138 0 -687.138
29 77 687.154 689.455 2.30195
2 65 688.611 690.913 2.30195
6 72 688.667 690.969 2.30195
34 78 688.791 691.093 2.30195
27 0 689.197 0 -689.197
35 83 689.478 691.78 2.30195
1 71 689.59 691.892 2.30195
10 71 689.944 692.246 2.30195
5 71 690.538 692.84 2.30196
25 0 690.881 0 -690.881
37 74 691.37 693.672 2.30195
52 62 691.83 694.132 2.30196
54 86 692.284 694.586 2.30195
32 77 692.416 694.718 2.30195
16 0 692.502 0 -692.502
28 88 692.584 694.886 2.30196
36 68 693.594 695.896 2.30195
0 66 693.945 696.247 2.30195
58 83 694.177 696.479 2.30196
51 67 694.883 697.185 2.30195
21 65 695.089 697.39 2.30196
4 72 696.539 698.841 2.30195
42 63 696.587 698.889 2.30196
20 72 696.93 699.232 2.30196
26 83 697.318 699.619 2.30195
45 61 697.434 699.736 2.30195
53 85 697.44 699.742 2.30195
56 78 697.907 700.209 2.30195
33 0 697.923 0 -697.923
19 0 698.241 0 -698.241
39 0 698.508 0 -698.508
17 0 698.811 0 -698.811
18 0 699.569 0 -699.569
55 77 699.697 701.999 2.30195
12 0 699.881 0 -699.881
40 74 700.019 702.321 2.30196
8 65 700.712 703.014 2.30195
46 0 701.443 0 -701.443
38 67 701.573 703.875 2.30196
11 67 701.605 703.907 2.30196
30 0 701.652 0 -701.652
47 60 702.907 705.209 2.30195
44 0 703.179 0 -703.179
3 71 703.42 705.722 2.30195
7 71 1044.1 1044.2 0.0975384
41 73 1140.37 1142.68 2.30196
47 60 930.801 930.903 0.102658
56 78 925.8 925.903 0.102659
37 74 1147.69 1147.79 0.0975377
19 0 926.135 0 -926.135
11 66 929.498 931.8 2.30195
9 66 1020.15 1020.25 0.0975394
13 71 1142.92 1145.23 2.30196
50 62 1017.18 1017.28 0.102659
29 77 1113.47 1113.57 0.0975382
45 61 925.327 925.43 0.102658
57 85 1014.91 1015.01 0.102659
25 84 1146.67 1148.97 2.30196
8 65 977.032 977.13 0.0975373
8 65 928.605 928.708 0.102657
23 72 712.555 714.857 2.30195
44 64 931.072 933.374 2.30196
30 78 929.546 931.848 2.30195
22 65 711.549 713.851 2.30195
7 71 935.673 935.775 0.102658
31 83 936.047 936.15 0.102659
14 66 936.711 939.013 2.30195
29 77 933.474 933.576 0.102658
43 67 931.517 931.619 0.10266
23 72 1108.88 1108.97 0.0975385
37 74 1117.69 1117.79 0.0975377
57 85 1044.91 1045.01 0.102659
10 71 1026.26 1026.36 0.0975387
59 80 931.298 931.401 0.102659
53 85 973.761 973.863 0.102659
56 78 974.227 974.324 0.0975387
28 83 1028.9 1029 0.0975369
24 65 1019.96 1020.06 0.102657
34 78 935.112 935.214 0.102657
1 71 935.911 936.013 0.102658
8 65 1037.03 1037.13 0.0975373
10 71 966.265 966.367 0.102659
37 74 1027.69 1027.79 0.102658
20 72 1152.72 1155.02 2.30196
10 71 936.265 936.362 0.0975387
6 72 934.987 935.09 0.102658
37 74 937.69 937.793 0.102658
28 83 938.904 939.007 0.102657
54 86 938.604 938.707 0.102659
58 88 940.497 940.6 0.102657
45 61 1153.75 1153.85 0.0975376
45 61 943.754 943.857 0.102658
38 67 1007.89 1007.99 0.097539
3 71 949.74 949.838 0.0975381
56 78 944.227 944.33 0.102659
47 60 949.228 949.33 0.102658
8 65 947.032 947.135 0.102657
42 68 942.908 943.01 0.102657
43 67 961.517 961.619 0.10266
38 67 947.894 947.996 0.102659
40 68 946.34 946.442 0.102659
31 83 954.474 954.572 0.0975387
53 85 943.761 943.863 0.102659
50 62 957.182 957.284 0.102659
57 85 954.91 955.008 0.0975394
48 61 960.552 960.655 0.102658
7 71 954.1 954.202 0.102658
22 65 957.869 957.972 0.102658
9 66 960.149 960.246 0.0975394
23 72 958.875 958.973 0.0975385
1 71 1145.91 1146.01 0.0975378
24 65 959.962 960.137 0.174593
59 80 961.298 961.401 0.102659
34 78 1025.11 1025.21 0.097537
47 60 979.228 979.325 0.0975375
31 83 984.474 984.572 0.0975387
57 85 984.91 985.013 0.102659
3 71 979.74 979.843 0.102658
38 67 977.894 977.996 0.102659
53 85 1033.76 1033.86 0.097539
22 65 1017.87 1017.97 0.0975382
2 65 1144.4 1146.7 2.30195
23 72 988.875 988.973 0.0975385
48 61 990.552 990.649 0.0975383
3 71 1009.74 1009.84 0.102658
9 66 990.149 990.246 0.0975394
7 71 984.1 984.202 0.102658
36 68 1059.91 1060.01 0.0975374
1 71 995.911 996.008 0.0975378
42 68 1002.91 1003.01 0.102657
22 65 987.869 987.972 0.102658
50 62 987.182 987.284 0.102659
24 65 989.962 990.065 0.102657
43 67 991.517 991.619 0.10266
34 78 995.112 995.209 0.097537
58 88 1000.5 1000.59 0.0975373
37 74 997.69 997.793 0.102658
10 71 996.265 996.367 0.102659
26 83 1163.27 1163.37 0.102657
34 78 1145.11 1145.21 0.097537
47 60 1009.23 1009.33 0.0975375
29 77 993.474 993.576 0.102658
59 80 991.298 991.396 0.0975395
53 85 1003.76 1003.86 0.102659
6 72 994.987 995.084 0.0975378
28 83 998.904 999.002 0.0975369
54 86 998.604 998.707 0.102659
7 71 1014.1 1014.2 0.0975384
36 68 999.914 1000.02 0.102657
56 78 1004.23 1004.32 0.0975387
45 61 1003.75 1003.85 0.0975376
31 83 1014.47 1014.57 0.0975387
40 68 1006.34 1006.44 0.0975387
8 65 1007.03 1007.13 0.0975373
22 65 1047.87 1047.97 0.102658
23 72 1048.88 1048.97 0.0975385
53 85 1093.76 1093.86 0.102659
43 67 1051.52 1051.61 0.0975396
48 61 1050.55 1050.65 0.102658
9 66 1050.15 1050.25 0.0975394
6 72 1054.99 1055.08 0.0975378
34 78 1055.11 1055.21 0.097537
50 62 1047.18 1047.28 0.0975389
22 65 1107.87 1107.97 0.0975382
36 68 1119.91 1120.01 0.0975374
16 66 1148.29 1150.59 2.30196
51 67 1150.67 1150.77 0.102658
43 67 1111.52 1111.62 0.10266
24 65 1049.96 1050.06 0.102657
23 72 1198.88 1198.97 0.0975385
52 62 1147.62 1147.72 0.102659
32 77 1148.2 1148.3 0.102658
29 77 1053.47 1053.57 0.0975382
59 80 1051.3 1051.4 0.0975395
1 71 1055.91 1056.01 0.0975378
54 86 1058.6 1058.7 0.0975389
43 67 1081.52 1081.61 0.0975396
23 72 1078.88 1078.97 0.0975385
52 62 1157.78 1157.88 0.102659
0 66 1159.89 1160 0.102658
40 68 1096.34 1096.44 0.0975387
10 71 1056.26 1056.36 0.0975387
45 61 1063.75 1063.85 0.0975376
53 85 1063.76 1063.86 0.097539
58 88 1060.5 1060.59 0.0975373
37 74 1057.69 1057.79 0.0975377
28 83 1058.9 1059 0.0975369
42 68 1062.91 1063.01 0.097537
8 65 1067.03 1067.13 0.0975373
56 78 1064.23 1064.33 0.102659
57 85 1074.91 1075.01 0.102659
3 71 1069.74 1069.84 0.0975381
38 67 1067.89 1067.99 0.097539
40 68 1066.34 1066.44 0.0975387
58 88 1090.5 1090.59 0.0975373
47 60 1069.23 1069.33 0.0975375
22 65 1077.87 1077.97 0.102658
31 83 1074.47 1074.57 0.0975387
48 61 1080.55 1080.65 0.102658
38 67 1157.89 1157.99 0.097539
54 86 1088.6 1088.71 0.102659
24 65 1079.96 1080.06 0.102657
9 66 1080.15 1080.25 0.0975394
7 71 1074.1 1074.2 0.0975384
10 71 1086.26 1086.36 0.0975387
42 68 1092.91 1093.01 0.097537
50 62 1077.18 1077.28 0.0975389
43 67 1141.52 1141.61 0.0975396
7 71 1104.1 1104.2 0.0975384
34 78 1085.11 1085.21 0.097537
6 72 1084.99 1085.08 0.0975378
8 65 1097.03 1097.13 0.0975373
1 71 1085.91 1086.01 0.0975378
45 61 1093.75 1093.85 0.0975376
54 86 1148.6 1148.7 0.0975389
36 68 1089.91 1090.01 0.0975374
37 74 1087.69 1087.79 0.0975377
58 88 1150.5 1150.59 0.0975373
28 83 1088.9 1089 0.0975369
47 60 1099.23 1099.33 0.0975375
3 71 1099.74 1099.84 0.0975381
56 78 1094.23 1094.32 0.0975387
38 67 1097.89 1097.99 0.097539
31 83 1104.47 1104.57 0.0975387
29 77 1083.47 1083.57 0.0975382
59 80 1081.3 1081.4 0.102659
44 60 1158.97 1161.27 2.30195
9 66 1140.15 1140.25 0.0975394
57 85 1134.91 1135.01 0.0975394
55 77 1155.48 1157.79 2.30195
14 66 1164.6 1164.79 0.184834
3 71 1129.74 1129.84 0.0975381
11 66 1157.39 1159.69 2.30195
49 63 1163.87 1165.19 1.31482
8 65 1127.03 1127.13 0.0975373
30 78 1157.44 1157.77 0.328707
40 68 1126.34 1126.44 0.0975387
38 67 1127.89 1127.99 0.097539
46 66 1157.23 1157.33 0.102658
47 60 1129.23 1129.33 0.0975375
31 83 1134.47 1134.57 0.0975387
18 71 1155.36 1157.66 2.30195
23 72 1138.88 1138.97 0.0975385
12 71 1155.67 1155.77 0.102661
17 66 1154.6 1156.9 2.30195
47 60 1189.23 1189.33 0.0975375
31 83 1164.47 1164.57 0.0975387
24 65 1139.96 1140.06 0.102657
29 77 1143.47 1143.57 0.0975382
46 66 1187.76 1187.86 0.097538
6 72 1144.99 1145.08 0.0975378
7 71 1134.1 1134.2 0.0975384
10 0 1146.26 0 -1146.26
22 65 1137.87 1137.97 0.0975382
57 85 1164.91 1165.01 0.0975394
50 62 1137.18 1137.28 0.102659
36 68 1149.91 1150.01 0.0975374
27 84 1155.15 1155.25 0.102659
48 61 1140.55 1140.65 0.102658
14 66 1195.14 1195.24 0.0975376
46 66 1167.39 1167.5 0.102658
5 66 1156.49 1156.59 0.102659
7 71 1164.1 1164.2 0.0975384
59 80 1141.3 1141.4 0.0975395
40 68 1156.34 1156.44 0.0975387
14 66 1182.9 1183.01 0.102658
27 84 1175.52 1175.61 0.0975395
41 73 1368.27 1368.37 0.102659
48 61 1170.55 1170.65 0.0975383
24 65 1169.96 1170.06 0.102657
43 67 1171.52 1171.61 0.0975396
23 72 1168.88 1168.97 0.0975385
15 66 1368.99 1369.1 0.102657
22 65 1167.87 1167.97 0.0975382
50 62 1167.18 1167.28 0.0975389
3 71 1189.74 1189.84 0.0975381
1 71 1175.91 1176.01 0.0975378
34 78 1175.11 1175.21 0.097537
32 77 1178.74 1178.83 0.0975375
52 62 1178.15 1178.25 0.102659
37 74 1177.69 1177.79 0.0975377
58 88 1180.5 1180.59 0.0975373
9 66 1170.15 1170.25 0.0975394
30 78 1189.98 1190.17 0.184835
44 60 1386.86 1386.96 0.102658
35 83 1373.16 1375.46 2.30195
5 66 1176.86 1176.96 0.0975391
59 80 1171.3 1171.4 0.0975395
42 68 1182.91 1183.01 0.097537
2 65 1372.29 1372.39 0.102658
25 84 1374.56 1376.86 2.30196
10 71 1176.26 1176.36 0.0975387
26 83 1183.64 1183.74 0.097537
11 66 1385.28 1385.39 0.102659
0 66 1180.27 1180.37 0.102658
28 83 1178.9 1179 0.0975369
38 67 1187.89 1187.99 0.097539
29 77 1173.47 1173.57 0.0975382
13 72 1370.82 1373.12 2.30196
51 67 1181.2 1181.3 0.0975377
20 72 1380.61 1382.91 2.30196
40 68 1186.34 1186.44 0.0975387
6 72 1174.99 1175.08 0.0975378
36 68 1179.91 1180.01 0.0975374
21 71 1378.77 1381.07 2.30195
54 86 1178.6 1178.7 0.0975389
53 85 1183.76 1183.86 0.097539
16 65 1376.18 1378.48 2.30195
18 71 1383.25 1385.55 2.30195
4 72 1380.22 1380.32 0.102657
17 66 1382.49 1384.79 2.30195
45 61 1183.75 1183.85 0.0975376
39 73 1382.19 1384.49 2.30195
19 65 1381.92 1384.22 2.30196
8 65 1187.03 1187.13 0.0975373
55 77 1383.38 1383.48 0.102657
12 72 1186.2 1186.3 0.097538
56 78 1184.23 1184.32 0.0975387
33 83 1381.6 1381.71 0.102659
