28 0 1.1277 0 -1.1277
24 66 1.92695 4.22891 2.30196
4 0 3.86603 0 -3.86603
16 61 3.00702 5.30897 2.30196
26 66 1106.34 1106.44 0.102661
43 64 3.58326 5.88522 2.30196
36 0 1166.75 0 -1166.75
14 61 1.21293 3.51489 2.30196
20 66 1.33269 3.63465 2.30195
5 61 485.717 488.019 2.30196
13 60 4.66858 6.97054 2.30196
15 60 4.6912 6.99316 2.30196
15 60 994.691 994.794 0.10266
7 60 1069.78 1069.88 0.0975414
9 60 1122.95 1123.04 0.0975381
32 62 6.35801 8.65996 2.30195
51 62 9.97123 12.2732 2.30196
59 60 7.77688 10.0788 2.30196
2 60 7.22188 9.52384 2.30196
27 67 468.059 470.361 2.30196
3 69 1035.13 1035.23 0.0975409
3 69 1125.13 1125.23 0.0975409
9 60 468.732 471.034 2.30195
50 63 8.3082 10.6102 2.30195
27 67 12.2725 14.5745 2.30196
33 62 11.2426 13.5445 2.30196
58 61 11.6776 13.9796 2.30196
41 64 12.7702 15.0722 2.30195
12 0 11.854 0 -11.854
9 60 12.9453 15.2472 2.30195
3 69 1005.13 1005.23 0.0975409
47 64 1157 1157.11 0.102659
10 60 924.15 926.452 2.30196
22 66 1003.96 1004.06 0.0975414
14 62 1140.68 1142.98 2.30197
55 72 1006.58 1006.68 0.10266
41 0 468.557 0 -468.557
15 60 1114.69 1114.79 0.0975402
10 0 12.577 0 -12.577
32 62 1026.36 1026.46 0.0975376
4 0 915.439 0 -915.439
13 0 916.242 0 -916.242
47 64 473.324 475.626 2.30195
22 66 13.9588 16.2608 2.30196
40 64 13.4766 15.7786 2.30195
9 60 942.945 943.043 0.0975381
42 64 1157.2 1157.29 0.09754
32 62 996.358 996.461 0.102658
13 60 1144.13 1146.44 2.30196
34 62 14.2993 16.6013 2.30196
23 66 14.0471 16.3491 2.30196
28 71 912.701 915.003 2.30196
14 0 912.786 0 -912.786
30 67 15.7084 18.0104 2.30196
3 69 15.1327 17.4347 2.30196
59 60 997.777 997.874 0.0975413
51 62 1019.17 1019.35 0.184836
55 72 16.5757 18.8777 2.30196
42 71 17.1965 19.4985 2.30196
47 64 17.5376 19.8396 2.30195
32 62 462.145 464.446 2.30195
48 63 1078.62 1078.72 0.0975404
26 66 1076.34 1076.43 0.0975412
7 60 19.7783 22.0802 2.30196
25 67 18.4934 20.7954 2.30196
29 66 18.4557 20.7577 2.30196
25 66 930.066 932.368 2.30196
31 62 19.1939 21.4958 2.30195
20 66 912.906 913.008 0.102659
24 67 913.5 915.802 2.30196
34 62 1094.3 1094.4 0.0975417
23 71 925.62 927.922 2.30196
34 62 1034.3 1034.4 0.102662
29 0 474.242 0 -474.242
11 61 21.5599 23.8619 2.30196
52 62 21.4715 23.7735 2.30196
50 63 998.308 998.411 0.102658
49 63 985.025 985.123 0.0975386
12 0 923.427 0 -923.427
27 67 923.846 926.147 2.30196
53 70 1105.97 1106.08 0.10266
49 63 1135.03 1135.12 0.0975386
1 60 22.5277 24.8297 2.30196
18 66 22.3412 24.6432 2.30196
19 67 22.8936 25.1956 2.30196
39 62 22.1945 24.4965 2.30195
38 0 1164.43 0 -1164.43
10 60 1152.04 1154.35 2.30196
49 63 1015.03 1015.12 0.0975386
23 66 1153.51 1153.62 0.102661
10 60 468.363 470.665 2.30196
48 63 1108.62 1108.72 0.0975404
22 66 1123.96 1124.06 0.0975414
6 60 23.0188 25.3208 2.30196
54 61 1163.39 1165.69 2.30196
44 0 23.7285 0 -23.7285
21 66 24.4518 26.7538 2.30196
54 70 23.9227 26.2246 2.30196
56 70 23.5206 25.8225 2.30196
46 64 23.8464 26.1484 2.30196
15 60 460.478 462.78 2.30196
17 0 24.4844 0 -24.4844
0 60 1185.42 1185.53 0.102661
37 62 1017.87 1017.96 0.0975386
24 66 1141.39 1141.72 0.32871
45 64 24.9838 27.2858 2.30195
49 63 25.0254 27.3273 2.30195
38 0 24.9684 0 -24.9684
13 60 460.455 462.757 2.30196
20 66 991.333 991.43 0.0975388
20 66 1111.33 1111.43 0.0975388
35 0 25.3587 0 -25.3587
4 60 459.653 461.954 2.30196
26 66 26.3354 28.6373 2.30196
53 65 25.9745 28.2765 2.30196
51 62 1037.47 1037.64 0.174596
36 0 27.2855 0 -27.2855
9 60 1032.95 1033.04 0.0975381
30 66 1155.17 1155.28 0.102665
57 60 27.5272 29.8291 2.30196
0 60 27.6601 29.9621 2.30196
33 62 922.816 925.118 2.30196
58 61 923.251 925.553 2.30196
16 61 458.794 461.095 2.30196
37 62 27.8666 30.1685 2.30195
58 61 1151.14 1151.25 0.10266
33 62 1150.71 1150.89 0.184837
28 66 1140.59 1142.9 2.30196
15 60 916.264 916.367 0.10266
32 62 917.931 918.116 0.184834
48 63 28.621 30.9229 2.30196
43 64 459.37 461.672 2.30196
8 61 29.4606 31.7626 2.30196
5 61 29.9309 32.2329 2.30196
48 63 988.621 988.796 0.174596
31 62 247.087 249.389 2.30195
7 60 247.672 249.973 2.30196
18 66 250.234 252.536 2.30196
26 66 710.015 712.317 2.30196
24 0 457.713 0 -457.713
20 66 457.119 459.421 2.30195
35 62 253.252 255.554 2.30195
28 66 456.914 459.216 2.30196
30 67 471.495 473.797 2.30196
37 62 1107.87 1107.96 0.0975386
12 0 467.641 0 -467.641
8 60 485.247 487.549 2.30196
48 63 1018.62 1018.8 0.174596
52 62 249.365 251.667 2.30196
6 61 250.912 253.214 2.30196
54 61 251.816 254.118 2.30196
14 61 456.999 459.301 2.30196
0 60 483.447 485.749 2.30196
1 60 478.314 480.616 2.30196
46 0 251.74 0 -251.74
34 62 470.086 472.388 2.30196
57 69 1166.99 1169.3 2.30196
39 62 250.088 252.39 2.30195
53 65 253.868 256.17 2.30196
36 0 255.179 0 -255.179
59 63 463.563 465.865 2.30196
11 61 249.453 251.755 2.30196
19 67 250.787 253.089 2.30196
26 66 254.229 256.531 2.30196
51 62 465.758 468.06 2.30196
28 66 229.021 231.323 2.30196
14 61 229.106 231.408 2.30196
20 66 229.226 231.528 2.30195
24 67 229.82 232.122 2.30196
16 61 230.9 233.202 2.30196
43 64 231.477 233.778 2.30196
4 0 231.759 0 -231.759
13 0 232.562 0 -232.562
15 60 232.584 234.886 2.30196
32 62 234.251 236.553 2.30195
2 60 235.115 237.417 2.30196
59 60 235.67 237.972 2.30196
50 63 236.201 238.503 2.30195
51 70 237.864 240.166 2.30196
33 0 239.136 0 -239.136
58 61 239.571 241.873 2.30196
12 0 239.747 0 -239.747
27 67 240.166 242.468 2.30196
10 0 240.47 0 -240.47
41 0 240.663 0 -240.663
9 60 240.839 243.14 2.30195
40 64 241.37 243.672 2.30195
22 66 241.852 244.154 2.30196
23 66 241.94 244.242 2.30196
34 62 242.193 244.495 2.30196
3 69 243.026 245.328 2.30196
30 67 243.602 245.904 2.30196
55 72 244.469 246.771 2.30196
42 71 245.09 247.392 2.30196
47 64 245.431 247.733 2.30195
29 0 246.349 0 -246.349
25 0 246.387 0 -246.387
20 66 1021.33 1021.43 0.0975388
35 0 481.145 0 -481.145
55 72 976.576 976.678 0.10266
3 69 926.706 926.808 0.102661
32 62 1116.36 1116.46 0.0975376
2 60 1027.22 1027.32 0.102659
35 0 936.932 0 -936.932
55 72 1066.58 1066.68 0.10266
6 61 1162.49 1164.79 2.30196
57 60 483.314 485.616 2.30196
53 65 481.761 484.063 2.30196
51 62 1089.97 1090.07 0.0975403
38 62 252.862 255.164 2.30195
1 60 250.421 252.723 2.30196
42 64 1007.2 1007.29 0.09754
43 64 1083.58 1083.68 0.0975393
42 64 1067.2 1067.29 0.09754
17 0 480.271 0 -480.271
44 0 251.622 0 -251.622
56 70 251.414 253.716 2.30196
37 62 255.76 258.062 2.30195
21 66 252.345 254.647 2.30196
49 63 252.919 255.221 2.30195
17 0 252.378 0 -252.378
45 64 252.877 255.179 2.30195
42 64 1097.2 1097.29 0.09754
40 64 1152.94 1153.05 0.102657
2 60 918.795 919.124 0.328707
59 60 919.35 919.679 0.328709
50 63 1028.31 1028.41 0.102658
21 0 1163.92 0 -1163.92
15 60 1084.69 1084.79 0.0975402
0 0 255.553 0 -255.553
57 0 255.42 0 -255.42
35 0 1164.82 0 -1164.82
34 62 1004.3 1004.4 0.102662
8 60 257.354 259.656 2.30196
48 63 256.514 258.816 2.30196
5 61 257.824 260.126 2.30196
42 64 1127.2 1127.29 0.09754
16 0 914.58 0 -914.58
43 64 915.156 915.341 0.184835
30 67 927.281 929.583 2.30196
34 62 925.872 925.975 0.102662
40 64 469.263 471.565 2.30195
58 61 467.464 469.766 2.30196
2 60 1087.22 1087.32 0.102659
2 60 997.222 997.319 0.0975394
50 63 919.881 920.066 0.184834
51 62 921.544 921.873 0.328708
52 62 1177.16 1177.49 0.328709
51 62 954.086 954.415 0.328708
53 70 985.975 986.077 0.10266
42 64 1037.2 1037.29 0.09754
26 66 1136.34 1136.43 0.0975412
7 60 1099.78 1099.88 0.102661
42 64 472.983 475.285 2.30196
3 69 1065.13 1065.24 0.102661
16 61 1142.47 1144.78 2.30196
9 60 1092.95 1093.04 0.0975381
55 72 1126.58 1126.68 0.10266
53 70 1015.97 1016.08 0.10266
15 60 1024.69 1024.79 0.0975402
37 62 1137.87 1137.96 0.0975386
50 63 1118.31 1118.41 0.0975378
34 62 1064.3 1064.4 0.0975417
26 66 1016.34 1016.43 0.0975412
8 60 941.034 941.65 0.616453
9 60 1152.95 1153.04 0.0975381
8 60 1109.46 1109.56 0.0975407
50 63 464.095 466.397 2.30195
33 62 467.029 469.331 2.30196
31 62 474.98 477.282 2.30195
45 64 480.77 483.072 2.30195
19 67 478.68 480.982 2.30196
18 66 478.128 480.43 2.30196
46 64 479.633 481.935 2.30196
37 62 483.653 485.955 2.30195
35 62 709.038 711.34 2.30195
2 60 463.008 465.31 2.30196
55 72 472.362 474.664 2.30196
25 0 474.28 0 -474.28
23 66 469.834 472.136 2.30196
3 69 470.919 473.221 2.30196
6 0 478.805 0 -478.805
7 60 475.565 477.867 2.30196
38 0 480.755 0 -480.755
54 70 479.709 482.011 2.30196
22 66 469.745 472.047 2.30196
52 62 477.258 479.56 2.30196
11 60 477.346 479.648 2.30196
44 0 479.515 0 -479.515
39 62 477.981 480.283 2.30195
21 66 480.238 482.54 2.30196
56 70 479.307 481.609 2.30196
49 63 480.812 483.114 2.30195
26 66 482.122 484.424 2.30196
48 63 484.407 486.709 2.30196
36 62 483.072 485.374 2.30196
45 0 708.664 0 -708.664
55 72 1036.58 1036.67 0.0975396
17 0 936.057 0 -936.057
0 69 939.233 941.535 2.30196
7 60 1009.78 1009.88 0.102661
38 62 708.648 710.95 2.30195
49 63 708.705 711.007 2.30195
53 70 709.654 711.956 2.30196
8 60 1139.46 1139.56 0.0975407
11 60 933.133 935.435 2.30196
53 70 1075.97 1076.07 0.0975403
53 0 937.547 0 -937.547
37 62 711.546 713.848 2.30195
17 60 1163.95 1166.25 2.30196
46 0 935.419 0 -935.419
34 62 1124.3 1124.4 0.0975417
22 66 1153.96 1154.06 0.0975414
5 61 713.611 715.913 2.30196
26 67 937.908 938.011 0.102665
56 70 935.094 937.396 2.30196
50 63 938.308 938.411 0.102658
32 62 936.358 936.461 0.102658
28 0 684.807 0 -684.807
14 61 684.893 687.195 2.30196
20 66 685.012 687.314 2.30195
24 66 685.607 687.909 2.30196
16 0 686.687 0 -686.687
43 64 687.263 689.565 2.30196
4 0 687.546 0 -687.546
13 0 688.348 0 -688.348
15 60 688.371 690.673 2.30196
32 62 690.038 692.34 2.30195
2 61 690.902 693.204 2.30196
59 63 691.457 693.759 2.30196
50 63 691.988 694.29 2.30195
51 70 693.651 695.953 2.30196
33 62 694.922 697.224 2.30196
58 0 695.357 0 -695.357
12 60 695.534 697.836 2.30196
27 0 695.952 0 -695.952
10 0 696.257 0 -696.257
41 0 696.45 0 -696.45
9 60 696.625 698.927 2.30195
40 0 697.156 0 -697.156
22 66 697.639 699.941 2.30196
23 66 697.727 700.029 2.30196
34 62 697.979 700.281 2.30196
3 69 698.812 701.114 2.30196
30 67 699.388 701.69 2.30196
55 72 700.255 702.557 2.30196
42 64 700.876 703.178 2.30196
47 64 701.217 703.519 2.30195
29 0 702.135 0 -702.135
25 0 702.173 0 -702.173
31 0 702.874 0 -702.874
7 60 703.458 705.76 2.30196
52 62 705.151 707.453 2.30196
11 61 705.24 707.542 2.30196
39 62 705.874 708.176 2.30195
18 66 706.021 708.323 2.30196
1 60 706.207 708.509 2.30196
19 67 706.573 708.875 2.30196
6 0 706.699 0 -706.699
56 0 707.2 0 -707.2
44 0 707.408 0 -707.408
46 0 707.526 0 -707.526
54 0 707.602 0 -707.602
21 0 708.132 0 -708.132
17 0 708.164 0 -708.164
51 62 1119.97 1120.07 0.10266
22 66 1033.96 1034.06 0.0975414
3 69 1095.13 1095.24 0.102661
8 60 1002.06 1002.68 0.616453
43 64 993.583 993.681 0.0975393
52 62 1116.13 1116.75 0.616453
50 63 1088.31 1088.41 0.0975378
41 64 1380.13 1382.43 2.30195
22 66 943.959 944.061 0.102661
53 70 1135.97 1136.08 0.10266
22 66 1093.96 1094.06 0.0975414
31 62 930.767 933.069 2.30195
9 60 1002.95 1003.04 0.0975381
41 64 1152.24 1154.54 2.30195
12 0 1151.32 0 -1151.32
43 64 1023.58 1023.68 0.0975393
43 64 1113.58 1113.68 0.0975393
45 0 1164.45 0 -1164.45
57 60 711.207 713.509 2.30196
0 61 711.34 713.642 2.30196
36 0 710.965 0 -710.965
49 63 1105.03 1105.12 0.0975386
32 62 1086.36 1086.46 0.102658
22 66 925.532 925.717 0.184837
48 71 712.301 714.603 2.30196
8 60 713.14 715.442 2.30196
29 66 1157.92 1160.22 2.30196
25 67 1157.96 1160.26 2.30196
31 62 1158.66 1158.76 0.102658
7 60 1129.78 1129.88 0.102661
4 60 1143.33 1145.63 2.30196
59 60 1087.78 1087.87 0.0975413
1 60 1161.99 1162.1 0.102659
18 66 1161.81 1161.91 0.102663
19 67 1162.36 1162.46 0.10266
19 67 1172.52 1172.63 0.10266
27 67 1151.74 1154.04 2.30196
59 60 1027.78 1027.87 0.0975413
16 69 1370.37 1372.67 2.30196
54 70 935.496 937.798 2.30196
20 66 931.333 931.435 0.102659
21 0 936.025 0 -936.025
2 60 951.337 951.521 0.184835
40 64 925.05 927.352 2.30195
9 60 924.518 924.621 0.102658
1 60 934.101 936.403 2.30196
26 66 986.335 986.438 0.102661
45 64 936.557 938.859 2.30195
43 64 933.583 933.686 0.102659
49 63 936.598 936.701 0.102659
48 63 940.194 940.379 0.184836
20 66 961.333 961.43 0.0975388
41 0 924.343 0 -924.343
7 60 931.351 931.68 0.328709
18 66 933.914 936.216 2.30196
37 0 939.44 0 -939.44
42 71 928.769 928.872 0.10266
55 68 928.149 928.251 0.102662
52 62 933.045 933.661 0.616453
29 66 930.029 932.331 2.30196
39 0 933.768 0 -933.768
37 62 987.867 987.969 0.102659
47 70 929.111 931.413 2.30196
57 0 939.1 0 -939.1
59 60 1117.78 1117.87 0.0975413
7 60 1039.78 1039.88 0.0975414
48 63 1198.62 1198.72 0.0975404
5 61 941.504 943.806 2.30196
36 65 938.859 941.161 2.30197
6 0 934.592 0 -934.592
19 67 934.467 936.769 2.30196
44 72 935.301 937.603 2.30196
38 0 936.541 0 -936.541
59 60 951.892 952.076 0.184837
34 62 944.299 944.402 0.102662
3 69 945.133 945.235 0.102661
15 60 934.691 934.794 0.10266
53 70 955.975 956.072 0.0975403
42 64 947.196 947.299 0.10266
55 72 946.576 946.678 0.10266
7 60 963.893 964.078 0.184837
49 63 955.025 955.128 0.102659
26 66 956.335 956.433 0.0975412
43 64 963.583 963.681 0.0975393
48 63 958.621 958.796 0.174596
20 66 1141.33 1141.43 0.0975388
37 62 957.867 957.964 0.0975386
15 60 964.691 964.794 0.10266
3 69 975.133 975.235 0.102661
59 60 970.19 970.293 0.102661
22 66 973.959 974.056 0.0975414
51 62 986.628 986.956 0.328708
2 60 1117.22 1117.32 0.102659
34 62 974.299 974.397 0.0975417
9 60 972.945 973.043 0.0975381
50 63 968.308 968.411 0.102658
2 60 969.635 969.738 0.102659
7 60 982.191 982.366 0.174597
32 62 966.358 966.461 0.102658
42 64 977.196 977.294 0.09754
52 62 994.073 994.689 0.616453
55 72 1096.58 1096.68 0.10266
49 63 1045.03 1045.12 0.0975386
53 70 1045.97 1046.07 0.0975403
48 63 1048.62 1048.72 0.10266
26 66 1046.34 1046.43 0.0975412
37 62 1047.87 1047.96 0.0975386
8 60 1063.09 1063.28 0.184837
52 62 1055.1 1055.72 0.616453
39 62 1161.66 1163.96 2.30195
9 60 1062.95 1063.04 0.0975381
44 64 1163.19 1165.5 2.30196
43 64 1053.58 1053.68 0.0975393
20 66 1051.33 1051.43 0.0975388
46 64 1163.31 1165.61 2.30196
0 60 1167.13 1167.31 0.184837
48 63 1138.62 1138.72 0.0975404
56 70 1162.99 1163.09 0.10266
5 61 1169.4 1170.01 0.616453
11 61 1161.03 1163.33 2.30196
22 66 1063.96 1064.06 0.0975414
32 62 1056.36 1056.46 0.102658
8 60 1081.39 1081.49 0.102661
49 63 1075.03 1075.12 0.0975386
51 62 1059.97 1060.07 0.10266
37 62 1077.87 1077.96 0.0975386
59 60 1057.78 1057.88 0.102661
50 63 1058.31 1058.41 0.102658
2 60 1057.22 1057.32 0.102659
15 60 1054.69 1054.79 0.0975402
20 66 1081.33 1081.43 0.0975388
56 70 1193.52 1193.62 0.10266
32 62 1146.36 1146.46 0.0975376
43 64 1143.58 1143.68 0.0975393
51 62 1149.97 1150.07 0.10266
59 60 1147.78 1147.87 0.0975413
50 63 1148.31 1148.41 0.0975378
2 60 1147.22 1147.32 0.102659
34 62 1154.3 1154.4 0.0975417
7 60 1159.78 1159.88 0.102661
15 60 1144.69 1144.79 0.0975402
56 70 1173.15 1173.25 0.10266
23 66 1163.68 1163.78 0.102661
47 64 1167.17 1167.27 0.102659
21 66 1391.81 1394.11 2.30196
3 69 1155.13 1155.23 0.0975409
55 72 1156.58 1156.67 0.0975396
48 63 1168.62 1168.72 0.0975404
53 70 1165.97 1166.07 0.0975403
49 0 1165.03 0 -1165.03
26 67 1166.34 1166.43 0.0975449
31 62 1168.82 1168.93 0.102658
1 60 1192.53 1192.63 0.0975391
37 62 1167.87 1167.96 0.0975386
4 60 1371.23 1373.53 2.30196
43 64 1173.58 1173.68 0.0975393
8 60 1169.46 1169.56 0.102661
1 0 1172.16 0 -1172.16
59 60 1177.78 1177.87 0.0975413
58 61 1181.68 1181.78 0.0975402
13 60 1372.03 1374.33 2.30196
28 66 1368.49 1368.82 0.328708
20 66 1171.33 1171.43 0.0975388
14 61 1368.57 1370.87 2.30196
24 66 1173.93 1174.26 0.32871
50 63 1178.31 1178.41 0.0975378
32 62 1176.36 1176.46 0.0975376
33 62 1181.24 1181.42 0.174597
2 60 1177.22 1177.32 0.102659
27 67 1379.63 1379.96 0.328711
34 62 1184.3 1184.4 0.0975417
12 0 1379.21 0 -1379.21
9 60 1182.95 1183.04 0.0975381
22 66 1183.96 1184.06 0.0975414
23 71 1184.05 1184.15 0.102662
40 64 1183.48 1183.57 0.097537
38 62 1392.33 1394.63 2.30195
10 60 1379.94 1382.24 2.30196
6 0 1390.38 0 -1390.38
3 69 1185.13 1185.23 0.0975409
30 67 1185.71 1185.81 0.0975415
51 62 1179.97 1180.07 0.10266
15 60 1174.69 1174.79 0.0975402
39 62 1389.55 1389.66 0.102657
42 64 1187.2 1187.29 0.09754
19 67 1192.89 1193 0.10266
31 62 1189.19 1189.3 0.102658
18 66 1192.34 1192.44 0.0975431
11 60 1388.92 1391.22 2.30196
52 62 1209.7 1210.03 0.328709
46 64 1391.21 1393.51 2.30196
7 60 1189.78 1189.88 0.102661
53 70 1195.97 1196.07 0.0975403
45 64 1194.98 1195.08 0.0975376
55 72 1186.58 1186.67 0.0975396
47 64 1187.54 1187.64 0.102659
0 60 1197.66 1197.76 0.102661
49 63 1195.03 1195.12 0.0975386
54 70 1391.28 1393.58 2.30196
35 62 1392.72 1395.02 2.30195
25 0 1385.85 0 -1385.85
29 0 1385.82 0 -1385.82
37 62 1197.87 1197.96 0.0975386
17 60 1391.84 1394.15 2.30196
44 64 1391.09 1393.39 2.30196
26 66 1196.34 1196.43 0.0975412
5 61 1230.43 1231.04 0.616453
36 0 1394.65 0 -1394.65
57 60 1394.89 1394.99 0.10266
8 60 1199.46 1199.56 0.102661
