28 50 1.00477 3.30674 2.30197
29 50 1.54406 3.84603 2.30197
17 50 4.80164 7.10361 2.30197
39 0 7.06488 0 -7.06488
49 0 6.2661 0 -6.2661
34 0 7.23164 0 -7.23164
43 0 5.8472 0 -5.8472
19 0 8.08387 0 -8.08387
4 50 8.28338 10.5853 2.30197
2 50 1.82301 4.12498 2.30197
30 0 3.4952 0 -3.4952
23 0 3.77557 0 -3.77557
3 0 3.83996 0 -3.83996
1 0 4.31107 0 -4.31107
38 0 4.5417 0 -4.5417
14 0 4.66166 0 -4.66166
36 0 8.60083 0 -8.60083
15 0 8.87851 0 -8.87851
21 0 8.91712 0 -8.91712
48 0 9.48814 0 -9.48814
27 0 10.3426 0 -10.3426
35 0 10.3878 0 -10.3878
5 0 10.9357 0 -10.9357
42 0 11.1404 0 -11.1404
9 0 11.3697 0 -11.3697
24 0 11.7846 0 -11.7846
6 0 12.8686 0 -12.8686
44 50 12.9687 15.2707 2.30196
32 0 14.712 0 -14.712
7 50 14.8532 17.1552 2.30197
37 50 15.1975 17.4995 2.30196
22 0 17.0273 0 -17.0273
45 0 17.1966 0 -17.1966
11 50 17.4888 19.7908 2.30197
16 50 17.9143 20.2163 2.30197
41 0 17.9883 0 -17.9883
12 0 18.7862 0 -18.7862
13 0 20.1825 0 -20.1825
25 0 21.4374 0 -21.4374
40 50 23.0917 25.3937 2.30196
8 0 24.5133 0 -24.5133
0 0 25.5927 0 -25.5927
46 50 26.582 28.884 2.30196
47 0 27.2136 0 -27.2136
33 0 27.4135 0 -27.4135
26 0 27.4937 0 -27.4937
20 0 28.1519 0 -28.1519
10 0 28.3167 0 -28.3167
31 0 28.4089 0 -28.4089
18 0 28.6656 0 -28.6656
13 50 248.076 250.378 2.30197
25 50 249.331 251.633 2.30197
8 0 252.407 0 -252.407
0 0 253.486 0 -253.486
46 50 254.475 256.777 2.30196
47 0 255.107 0 -255.107
18 0 256.559 0 -256.559
26 0 711.173 0 -711.173
6 0 468.655 0 -468.655
41 0 473.775 0 -473.775
25 0 477.224 0 -477.224
5 0 1378.3 0 -1378.3
20 0 256.045 0 -256.045
31 0 256.302 0 -256.302
4 0 464.07 0 -464.07
27 0 466.129 0 -466.129
47 0 483 0 -483
11 0 929.062 0 -929.062
40 50 1064.83 1065.16 0.328714
10 0 256.21 0 -256.21
24 0 467.571 0 -467.571
48 0 465.275 0 -465.275
31 0 712.089 0 -712.089
34 0 1374.59 0 -1374.59
8 0 936.086 0 -936.086
44 0 468.755 0 -468.755
15 0 464.665 0 -464.665
33 0 483.2 0 -483.2
11 0 473.275 0 -473.275
21 50 464.704 467.006 2.30196
40 50 250.985 253.287 2.30196
42 0 466.927 0 -466.927
37 50 470.984 473.286 2.30196
13 50 475.969 478.271 2.30197
16 0 929.487 0 -929.487
5 0 466.722 0 -466.722
19 0 463.87 0 -463.87
26 0 255.387 0 -255.387
33 0 255.307 0 -255.307
9 0 467.156 0 -467.156
16 0 473.701 0 -473.701
7 0 470.64 0 -470.64
26 0 483.28 0 -483.28
12 0 474.573 0 -474.573
46 0 710.262 0 -710.262
32 50 470.498 472.8 2.30197
35 0 466.174 0 -466.174
10 0 711.996 0 -711.996
28 0 228.898 0 -228.898
29 0 229.437 0 -229.437
2 50 229.716 232.018 2.30197
30 0 231.388 0 -231.388
23 0 231.669 0 -231.669
3 0 231.733 0 -231.733
1 0 232.204 0 -232.204
38 0 232.435 0 -232.435
14 0 232.555 0 -232.555
17 0 232.695 0 -232.695
43 0 233.74 0 -233.74
49 0 234.159 0 -234.159
39 50 234.958 237.26 2.30196
34 0 235.125 0 -235.125
19 0 235.977 0 -235.977
4 0 236.177 0 -236.177
36 0 236.494 0 -236.494
15 0 236.772 0 -236.772
21 0 236.81 0 -236.81
48 0 237.381 0 -237.381
27 0 238.236 0 -238.236
35 0 238.281 0 -238.281
5 0 238.829 0 -238.829
42 0 239.034 0 -239.034
9 0 239.263 0 -239.263
24 0 239.678 0 -239.678
6 0 240.762 0 -240.762
44 0 240.862 0 -240.862
32 0 242.605 0 -242.605
7 0 242.746 0 -242.746
37 50 243.091 245.393 2.30196
22 0 244.921 0 -244.921
45 0 245.09 0 -245.09
11 50 245.382 247.684 2.30197
16 50 245.808 248.11 2.30197
41 0 245.882 0 -245.882
12 0 246.679 0 -246.679
19 0 1375.44 0 -1375.44
31 50 1395.77 1398.07 2.30197
20 0 483.938 0 -483.938
18 0 712.345 0 -712.345
36 0 464.387 0 -464.387
37 50 959.312 959.497 0.184842
22 50 472.814 475.116 2.30197
40 50 967.206 967.535 0.328714
22 50 928.6 930.902 2.30197
40 50 999.748 1000.08 0.328714
47 0 938.787 0 -938.787
45 0 928.77 0 -928.77
46 50 938.155 940.457 2.30196
10 0 484.103 0 -484.103
0 0 709.272 0 -709.272
7 0 926.426 0 -926.426
0 0 937.166 0 -937.166
18 50 940.239 942.541 2.30197
34 0 463.018 0 -463.018
20 0 939.725 0 -939.725
13 50 931.756 934.057 2.30197
31 0 484.195 0 -484.195
44 50 924.542 926.844 2.30196
39 0 462.851 0 -462.851
37 50 1005.2 1005.37 0.174602
25 50 1388.8 1391.1 2.30197
15 0 1376.24 0 -1376.24
47 0 710.893 0 -710.893
46 0 482.369 0 -482.369
8 0 480.3 0 -480.3
0 50 481.379 483.681 2.30197
18 0 484.452 0 -484.452
47 0 1394.57 0 -1394.57
10 0 939.89 0 -939.89
32 0 926.285 0 -926.285
23 0 1371.14 0 -1371.14
33 0 711.093 0 -711.093
45 0 472.983 0 -472.983
40 50 478.878 481.18 2.30196
28 50 456.791 459.093 2.30197
29 0 457.331 0 -457.331
2 0 457.61 0 -457.61
30 0 459.282 0 -459.282
23 0 459.562 0 -459.562
3 0 459.626 0 -459.626
1 0 460.098 0 -460.098
38 0 460.328 0 -460.328
14 0 460.448 0 -460.448
17 0 460.588 0 -460.588
43 0 461.634 0 -461.634
49 0 462.053 0 -462.053
31 0 939.982 0 -939.982
26 0 1394.85 0 -1394.85
32 50 1382.07 1384.37 2.30197
20 0 711.832 0 -711.832
42 0 1378.5 0 -1378.5
37 50 977.611 977.785 0.174602
37 50 926.771 927.099 0.328714
41 0 929.561 0 -929.561
44 50 1380.33 1382.63 2.30196
28 50 684.685 686.986 2.30197
29 50 685.224 687.526 2.30197
2 50 685.503 687.805 2.30197
30 0 687.175 0 -687.175
23 0 687.455 0 -687.455
3 50 687.52 689.822 2.30197
1 0 687.991 0 -687.991
38 0 688.221 0 -688.221
14 0 688.341 0 -688.341
17 0 688.481 0 -688.481
43 0 689.527 0 -689.527
49 0 689.946 0 -689.946
39 0 690.745 0 -690.745
34 0 690.911 0 -690.911
19 0 691.764 0 -691.764
4 0 691.963 0 -691.963
36 0 692.281 0 -692.281
15 0 692.558 0 -692.558
21 50 692.597 694.899 2.30196
48 0 693.168 0 -693.168
27 0 694.022 0 -694.022
35 0 694.068 0 -694.068
5 0 694.615 0 -694.615
42 0 694.82 0 -694.82
9 0 695.049 0 -695.049
24 50 695.464 697.766 2.30197
6 50 696.548 698.85 2.30196
44 50 696.648 698.95 2.30196
32 0 698.392 0 -698.392
7 0 698.533 0 -698.533
37 50 698.877 701.179 2.30196
22 0 700.707 0 -700.707
45 0 700.876 0 -700.876
11 0 701.169 0 -701.169
16 0 701.594 0 -701.594
41 0 701.668 0 -701.668
12 0 702.466 0 -702.466
13 0 703.862 0 -703.862
25 0 705.117 0 -705.117
40 50 706.771 709.073 2.30196
8 50 708.193 710.495 2.30197
11 0 1384.85 0 -1384.85
8 50 1391.87 1394.17 2.30197
10 0 1395.68 0 -1395.68
16 0 1385.27 0 -1385.27
33 0 938.987 0 -938.987
36 0 1375.96 0 -1375.96
41 0 1385.35 0 -1385.35
6 50 924.442 926.744 2.30196
4 50 1375.64 1377.94 2.30197
37 50 1035.2 1035.37 0.174602
9 0 1378.73 0 -1378.73
12 0 930.359 0 -930.359
3 0 1371.2 0 -1371.2
39 0 1374.42 0 -1374.42
33 0 1394.77 0 -1394.77
21 0 1376.28 0 -1376.28
40 50 1032.29 1032.62 0.328714
25 50 933.01 935.312 2.30197
40 50 934.665 934.993 0.328714
35 0 1377.75 0 -1377.75
26 0 939.067 0 -939.067
28 50 912.578 914.88 2.30197
29 0 913.117 0 -913.117
2 0 913.396 0 -913.396
30 0 915.068 0 -915.068
23 0 915.349 0 -915.349
3 0 915.413 0 -915.413
1 0 915.884 0 -915.884
38 50 916.115 918.417 2.30196
14 0 916.235 0 -916.235
17 50 916.375 918.677 2.30197
43 0 917.42 0 -917.42
49 0 917.839 0 -917.839
39 50 918.638 920.94 2.30196
34 0 918.805 0 -918.805
19 0 919.657 0 -919.657
4 50 919.856 922.158 2.30197
36 0 920.174 0 -920.174
15 0 920.452 0 -920.452
21 0 920.49 0 -920.49
48 0 921.061 0 -921.061
27 0 921.916 0 -921.916
35 0 921.961 0 -921.961
5 0 922.509 0 -922.509
42 0 922.713 0 -922.713
9 0 922.943 0 -922.943
24 0 923.358 0 -923.358
20 0 1395.51 0 -1395.51
37 50 1155.2 1155.37 0.174602
18 0 1396.03 0 -1396.03
37 50 1065.2 1065.37 0.174602
7 0 1382.21 0 -1382.21
40 50 1097.37 1097.7 0.328714
28 0 1368.36 0 -1368.36
2 0 1369.18 0 -1369.18
40 50 1195 1195.33 0.328714
38 0 1371.9 0 -1371.9
13 50 1387.54 1388.86 1.31483
14 0 1372.02 0 -1372.02
24 0 1379.14 0 -1379.14
43 0 1373.21 0 -1373.21
48 0 1376.85 0 -1376.85
29 0 1368.9 0 -1368.9
46 50 1393.94 1396.24 2.30196
0 0 1392.95 0 -1392.95
37 50 1095.2 1095.37 0.174602
28 0 1140.47 0 -1140.47
1 0 1143.78 0 -1143.78
1 0 1371.67 0 -1371.67
30 0 1370.85 0 -1370.85
37 50 1185.2 1185.37 0.174602
23 0 1143.24 0 -1143.24
40 50 1129.91 1130.24 0.328714
38 0 1144.01 0 -1144.01
17 50 1372.16 1374.46 2.30197
2 0 1141.29 0 -1141.29
12 50 1386.15 1388.45 2.30197
3 0 1143.31 0 -1143.31
45 0 1384.56 0 -1384.56
14 50 1144.13 1146.43 2.30197
29 0 1141.01 0 -1141.01
27 0 1377.7 0 -1377.7
30 0 1142.96 0 -1142.96
49 0 1373.63 0 -1373.63
22 0 1384.39 0 -1384.39
6 50 1380.23 1382.53 2.30196
17 0 1144.27 0 -1144.27
43 0 1145.31 0 -1145.31
49 0 1145.73 0 -1145.73
39 50 1146.53 1148.83 2.30196
34 0 1146.7 0 -1146.7
19 0 1147.55 0 -1147.55
4 50 1147.75 1150.05 2.30197
36 0 1148.07 0 -1148.07
15 0 1148.34 0 -1148.34
21 0 1148.38 0 -1148.38
48 0 1148.95 0 -1148.95
27 0 1149.81 0 -1149.81
35 0 1149.85 0 -1149.85
5 0 1150.4 0 -1150.4
42 0 1150.61 0 -1150.61
9 0 1150.84 0 -1150.84
24 0 1151.25 0 -1151.25
6 0 1152.33 0 -1152.33
44 50 1152.43 1154.74 2.30196
32 0 1154.18 0 -1154.18
7 0 1154.32 0 -1154.32
37 50 1125.2 1125.37 0.174602
22 0 1156.49 0 -1156.49
13 50 1159.65 1161.95 2.30197
11 0 1156.96 0 -1156.96
41 50 1157.45 1159.76 2.30196
45 0 1156.66 0 -1156.66
16 0 1157.38 0 -1157.38
31 0 1167.88 0 -1167.88
18 0 1168.13 0 -1168.13
46 50 1166.05 1168.35 2.30196
10 0 1167.78 0 -1167.78
26 0 1166.96 0 -1166.96
25 50 1160.9 1163.21 2.30197
8 0 1163.98 0 -1163.98
0 0 1165.06 0 -1165.06
40 50 1162.46 1162.79 0.328714
12 0 1158.25 0 -1158.25
20 0 1167.62 0 -1167.62
47 50 1166.68 1168.98 2.30196
33 0 1166.88 0 -1166.88
