7 26 0.53455 2.83651 2.30196
17 33 2.86881 5.17076 2.30196
13 28 4.66841 6.97036 2.30196
19 24 972.923 973.025 0.10266
10 27 1372.63 1372.96 0.328708
8 26 7.26549 9.56745 2.30196
10 27 5.27325 7.57521 2.30196
14 21 7.24493 9.54688 2.30196
12 27 7.87838 10.1803 2.30196
2 27 1182.11 1182.43 0.328708
14 21 1177.24 1177.34 0.0975402
19 24 1000.51 1000.61 0.0975397
15 25 7.98361 10.2856 2.30196
2 27 10.0975 12.3994 2.30196
19 24 10.5095 12.8115 2.30196
16 29 13.6992 16.0012 2.30195
0 27 14.5709 16.8729 2.30196
4 27 14.4656 16.7675 2.30196
18 21 1159.28 1159.38 0.102658
12 27 1177.88 1177.98 0.0975403
5 26 22.8385 25.1404 2.30195
3 27 23.4292 25.7311 2.30196
6 26 19.8911 22.1931 2.30195
18 21 19.2774 21.5793 2.30195
11 28 17.2906 19.5926 2.30196
14 21 1027.24 1027.34 0.0975402
15 25 1027.98 1028.08 0.0975404
11 28 1127.29 1127.47 0.174595
8 26 967.265 967.363 0.0975393
1 27 25.4448 27.7468 2.30195
6 26 1159.36 1161.66 2.30195
9 26 27.8134 30.1153 2.30196
13 28 1024.67 1024.77 0.0975395
5 26 250.732 253.034 2.30195
13 28 994.668 994.766 0.0975395
6 26 247.784 250.086 2.30195
9 26 255.707 258.009 2.30196
18 21 981.69 981.865 0.174594
3 27 1162.9 1163.51 0.616453
18 21 247.171 249.473 2.30195
13 28 1144.67 1144.77 0.0975395
11 28 993.947 994.132 0.184835
7 26 228.428 230.73 2.30196
17 33 230.762 233.064 2.30196
13 28 232.562 234.864 2.30196
10 27 233.167 235.468 2.30196
14 21 235.138 237.44 2.30196
8 26 235.159 237.461 2.30196
12 27 235.772 238.074 2.30196
15 25 235.877 238.179 2.30196
2 27 237.991 240.293 2.30196
19 24 238.403 240.705 2.30196
16 29 241.592 243.894 2.30195
4 27 242.359 244.661 2.30196
0 27 242.464 244.766 2.30196
11 28 245.184 247.486 2.30196
3 27 251.322 253.624 2.30196
15 25 997.984 998.086 0.10266
1 27 253.338 255.64 2.30195
18 21 1009.28 1009.38 0.102658
7 26 1042.27 1043.59 1.31482
14 21 967.245 967.348 0.10266
15 25 1177.98 1178.08 0.0975404
2 27 1149.56 1149.89 0.328708
15 25 967.984 968.086 0.10266
15 25 463.77 466.072 2.30196
8 26 1177.27 1177.36 0.0975393
19 24 466.296 468.598 2.30196
12 33 463.665 465.967 2.30196
0 27 470.357 472.659 2.30196
8 26 997.265 997.363 0.0975393
8 26 463.052 465.354 2.30196
11 28 473.077 475.379 2.30196
6 26 475.678 477.98 2.30195
0 27 991.227 991.556 0.328709
14 21 463.031 465.333 2.30196
4 27 470.252 472.554 2.30196
5 26 478.625 480.927 2.30195
7 26 456.321 458.623 2.30196
17 33 458.655 460.957 2.30196
13 28 460.455 462.757 2.30196
10 27 461.06 463.362 2.30196
3 27 479.216 481.518 2.30196
2 27 465.884 468.186 2.30196
18 21 475.064 477.366 2.30195
16 29 469.486 471.788 2.30195
14 21 997.245 997.342 0.0975402
17 33 1044.61 1045.92 1.31482
8 26 1027.27 1027.36 0.0975393
19 24 1180.51 1180.61 0.0975397
1 27 481.231 483.533 2.30195
9 26 483.6 485.902 2.30196
5 26 995.44 996.056 0.61645
18 21 1099.28 1099.38 0.102658
0 27 1023.77 1024.1 0.328709
1 27 709.125 711.427 2.30195
7 26 684.214 686.516 2.30196
17 33 686.549 688.851 2.30196
13 28 688.348 690.65 2.30196
10 27 688.953 691.255 2.30196
14 21 690.925 693.227 2.30196
8 26 690.945 693.247 2.30196
12 33 691.558 693.86 2.30196
15 25 691.663 693.965 2.30196
2 27 693.777 696.079 2.30196
19 24 694.189 696.491 2.30196
16 29 697.379 699.681 2.30195
4 27 698.145 700.447 2.30196
0 27 698.251 700.553 2.30196
11 28 700.97 703.272 2.30196
18 21 702.957 705.259 2.30195
6 26 703.571 705.873 2.30195
5 26 706.518 708.82 2.30195
3 26 707.109 709.411 2.30196
11 28 1012.25 1012.42 0.174595
9 27 711.493 713.795 2.30196
9 26 939.386 940.701 1.31482
16 29 1003.7 1003.8 0.097538
16 29 976.112 976.215 0.102658
8 26 1147.27 1147.36 0.0975393
18 21 1129.28 1129.38 0.102658
6 26 931.464 933.766 2.30195
1 33 937.018 939.32 2.30196
13 28 1174.67 1174.77 0.0975395
19 24 1090.51 1090.61 0.10266
5 26 1168.34 1168.44 0.102658
8 26 1117.27 1117.36 0.0975393
12 27 1147.34 1147.53 0.184836
13 28 934.668 934.766 0.0975395
15 25 1117.98 1118.09 0.10266
16 29 1123.7 1123.8 0.097538
7 26 1172.44 1173.76 1.31482
11 28 961.405 961.734 0.328707
18 21 930.85 931.179 0.328706
3 27 935.002 937.304 2.30196
5 26 1150.04 1150.22 0.184834
15 25 937.984 938.086 0.10266
1 27 1164.91 1167.21 2.30195
0 27 1154.57 1154.67 0.102661
14 21 1117.24 1117.35 0.10266
7 26 912.108 913.422 1.31482
17 33 914.442 915.757 1.31482
13 28 916.241 916.344 0.10266
10 27 916.846 919.148 2.30196
14 21 918.818 919.003 0.184836
8 26 918.838 918.941 0.102659
12 33 919.451 921.753 2.30196
15 25 919.557 919.659 0.10266
2 27 921.67 923.972 2.30196
19 24 922.082 922.411 0.328708
16 29 925.272 925.601 0.328706
15 25 1087.98 1088.09 0.10266
19 24 954.624 954.809 0.184836
5 26 934.411 935.028 0.61645
0 27 958.686 959.014 0.328709
5 26 1117.5 1117.83 0.328706
0 27 926.144 926.473 0.328709
4 27 926.039 928.341 2.30196
18 21 963.392 963.577 0.184834
11 28 928.864 929.192 0.328707
8 26 937.265 937.368 0.102659
14 21 937.245 937.348 0.10266
13 28 964.668 964.766 0.0975395
16 29 957.814 957.999 0.184834
0 27 1088.85 1089.04 0.184837
19 24 1030.51 1030.61 0.10266
0 27 1056.31 1056.64 0.328709
16 29 1033.7 1033.8 0.097538
10 27 1144.74 1147.04 2.30196
4 27 1186.47 1186.8 0.328707
16 29 1153.7 1153.8 0.097538
5 26 1056.47 1057.08 0.61645
16 29 1063.7 1063.8 0.097538
13 28 1054.67 1054.77 0.0975395
8 26 1057.27 1057.36 0.0975393
11 28 1037.29 1037.47 0.174595
0 27 1107.15 1107.33 0.174597
19 24 1060.51 1060.61 0.10266
18 21 1039.28 1039.38 0.102658
15 25 1147.98 1148.08 0.0975404
14 21 1147.24 1147.34 0.0975402
9 26 1069.55 1070.87 1.31482
0 27 1124.57 1124.75 0.174597
14 21 1057.24 1057.35 0.10266
19 24 1120.51 1120.61 0.10266
15 25 1057.98 1058.08 0.0975404
11 28 1157.29 1157.47 0.174595
12 27 1165.64 1165.75 0.10266
19 24 1150.51 1150.61 0.10266
13 28 1084.67 1084.77 0.0975395
13 28 1114.67 1114.77 0.0975395
11 28 1067.29 1067.47 0.174595
16 29 1093.7 1093.8 0.097538
18 21 1069.28 1069.38 0.102658
17 33 1174.78 1175.39 0.616456
8 26 1087.27 1087.37 0.102659
14 21 1087.24 1087.35 0.10266
4 27 1153.93 1154.26 0.328707
11 28 1097.29 1097.47 0.174595
1 27 1392.8 1394.12 1.31482
11 28 1187.29 1187.47 0.174595
0 27 1184.57 1184.67 0.0975409
16 29 1183.7 1183.8 0.097538
3 27 1223.92 1224.25 0.328709
9 26 1199.72 1200.34 0.616453
5 26 1192.84 1192.94 0.0975383
18 21 1189.28 1189.37 0.0975376
6 26 1387.25 1387.87 0.61645
