11 53 0.451026 2.75298 2.30195
29 75 1.04815 3.35011 2.30195
40 80 2.63158 4.93353 2.30195
4 0 2.72784 0 -2.72784
14 0 2.64898 0 -2.64898
11 53 990.451 990.554 0.102658
8 53 1.14423 3.44619 2.30195
17 78 688.354 690.656 2.30195
19 79 1068.15 1068.26 0.102657
37 0 1.43063 0 -1.43063
10 54 1.44034 3.74229 2.30195
41 86 938.482 938.584 0.102659
23 72 481.271 483.572 2.30196
1 54 1135.06 1135.16 0.102658
35 61 2.05624 4.35819 2.30196
44 67 1144.34 1144.44 0.0975394
47 84 933.043 933.145 0.102659
18 0 2.12259 0 -2.12259
32 69 1178.82 1178.92 0.102659
19 79 929.726 929.829 0.102657
25 72 939.682 939.785 0.102657
44 67 934.343 934.446 0.102659
48 79 1116.56 1116.65 0.0975383
45 0 2.22596 0 -2.22596
12 61 697.628 699.93 2.30195
46 67 3.35016 5.65211 2.30195
47 84 3.04276 5.34472 2.30196
9 60 4.82236 7.12432 2.30195
46 67 687.03 689.332 2.30195
44 67 688.023 690.325 2.30196
17 78 4.6744 6.97635 2.30195
44 67 4.34323 6.64518 2.30196
15 53 703.844 706.146 2.30196
48 79 6.55658 8.85854 2.30195
22 72 5.47513 7.77709 2.30195
44 67 994.343 994.446 0.102659
38 55 6.75336 9.05531 2.30195
34 75 694.709 697.011 2.30196
27 75 700.284 702.586 2.30195
33 0 8.06046 0 -8.06046
49 82 7.22055 9.5225 2.30195
7 54 8.45286 10.7548 2.30195
41 86 8.4817 10.7837 2.30196
43 62 7.78203 10.084 2.30195
26 73 1037.45 1037.55 0.0975392
32 0 8.81517 0 -8.81517
8 53 684.824 687.126 2.30195
37 54 685.11 687.412 2.30195
30 68 711.218 713.52 2.30195
25 72 9.68193 11.9839 2.30195
44 67 964.343 964.446 0.102659
3 61 10.1626 12.4646 2.30195
24 78 10.893 13.195 2.30195
31 68 10.577 12.879 2.30195
34 75 11.0289 13.3308 2.30196
46 67 933.35 933.453 0.102659
29 75 1141.05 1141.15 0.0975373
10 61 685.12 687.422 2.30196
35 55 685.736 688.038 2.30196
7 54 1178.45 1178.55 0.0975373
36 62 701.123 703.425 2.30196
26 73 701.128 703.43 2.30196
22 72 689.155 691.457 2.30195
48 79 690.236 692.538 2.30195
25 72 1119.68 1119.78 0.0975372
2 53 12.2664 14.5684 2.30195
6 54 1124.84 1124.94 0.0975367
0 53 13.0531 15.3551 2.30196
27 75 928.177 928.28 0.102658
21 79 15.1664 17.4684 2.30195
12 61 13.9481 16.25 2.30195
6 54 14.843 17.145 2.30195
27 75 16.6041 18.906 2.30195
20 79 15.3144 17.6164 2.30196
11 53 684.131 686.433 2.30195
29 75 684.728 687.03 2.30195
2 53 695.946 698.248 2.30195
0 61 696.733 699.035 2.30196
7 54 692.133 694.435 2.30195
41 86 692.161 694.463 2.30196
40 80 1142.63 1142.73 0.0975382
14 0 686.329 0 -686.329
4 0 686.408 0 -686.408
26 73 17.4483 19.7503 2.30196
36 61 17.4435 19.7455 2.30195
5 53 19.7019 22.0039 2.30195
42 62 17.557 19.859 2.30195
5 53 475.488 477.79 2.30195
19 79 18.1533 20.4552 2.30195
10 54 931.44 931.543 0.102659
33 69 691.74 694.042 2.30195
19 79 978.153 978.251 0.0975367
21 0 926.739 0 -926.739
15 54 20.1647 22.4666 2.30195
15 54 248.058 250.36 2.30195
28 75 22.1737 24.4757 2.30195
16 60 22.7294 25.0314 2.30195
49 82 967.221 967.323 0.102658
39 86 25.4315 27.7335 2.30195
13 53 25.1738 27.4757 2.30195
1 54 25.0619 27.3638 2.30195
39 86 709.111 711.413 2.30195
9 60 1144.29 1144.47 0.184835
23 72 25.484 27.786 2.30196
24 78 1150.36 1152.66 2.30195
5 53 1159.7 1159.8 0.102657
25 78 693.362 695.664 2.30196
30 68 27.5386 29.8405 2.30195
28 75 705.853 708.155 2.30195
16 60 706.409 708.711 2.30195
48 79 936.557 936.659 0.102658
7 54 464.239 466.541 2.30195
5 53 247.595 249.897 2.30195
11 53 930.451 930.549 0.0975378
23 72 253.377 255.679 2.30196
13 53 253.067 255.369 2.30195
13 53 480.96 483.262 2.30195
16 60 250.623 252.925 2.30195
1 54 480.848 483.15 2.30195
42 61 929.13 929.315 0.184838
39 86 481.218 483.52 2.30195
39 86 253.325 255.627 2.30195
22 72 995.475 995.578 0.102659
11 53 228.344 230.646 2.30195
29 75 228.941 231.243 2.30195
8 53 229.037 231.339 2.30195
37 55 229.324 231.626 2.30195
10 61 229.334 231.636 2.30196
35 55 229.949 232.251 2.30196
18 0 230.016 0 -230.016
45 0 230.119 0 -230.119
40 80 230.525 232.827 2.30195
14 0 230.542 0 -230.542
4 0 230.621 0 -230.621
47 84 230.936 233.238 2.30196
46 67 231.243 233.545 2.30195
44 67 232.236 234.538 2.30196
17 78 232.568 234.87 2.30195
9 60 232.716 235.018 2.30195
22 72 233.368 235.67 2.30195
48 79 234.45 236.752 2.30195
38 55 234.647 236.949 2.30195
49 82 235.114 237.416 2.30195
43 62 235.675 237.977 2.30195
33 69 235.954 238.256 2.30195
7 54 236.346 238.648 2.30195
41 86 236.375 238.677 2.30196
32 69 236.708 239.01 2.30195
25 72 237.575 239.877 2.30195
3 61 238.056 240.358 2.30195
31 68 238.47 240.772 2.30195
24 78 238.786 241.088 2.30195
34 75 238.922 241.224 2.30196
2 53 240.16 242.462 2.30195
0 60 240.946 243.248 2.30196
12 61 241.841 244.143 2.30195
6 54 242.736 245.038 2.30195
21 79 243.06 245.362 2.30195
20 79 243.208 245.51 2.30196
27 75 244.497 246.799 2.30195
36 61 245.337 247.639 2.30195
26 73 245.342 247.644 2.30196
42 62 245.45 247.752 2.30195
19 79 246.047 248.348 2.30195
38 55 1146.22 1146.32 0.102656
6 54 1184.84 1184.94 0.0975367
40 80 686.311 688.613 2.30195
41 86 998.482 998.584 0.102659
3 61 693.842 696.144 2.30195
31 68 694.257 696.559 2.30195
39 86 1045.43 1045.53 0.102657
32 69 692.495 694.797 2.30195
1 54 985.062 985.165 0.102658
11 53 1170.45 1170.55 0.0975378
23 72 1164.95 1165.57 0.616451
20 0 1154.78 0 -1154.78
48 79 966.557 966.659 0.102658
10 54 991.44 991.538 0.097539
23 72 709.164 711.466 2.30196
28 75 250.067 252.369 2.30195
1 54 708.742 711.044 2.30195
13 53 708.854 711.155 2.30195
20 0 698.994 0 -698.994
0 53 1152.52 1152.62 0.102659
1 54 252.955 255.257 2.30195
30 68 255.432 257.734 2.30195
49 82 690.9 693.202 2.30195
43 62 691.462 693.764 2.30195
29 75 1081.05 1081.15 0.0975373
6 54 926.416 926.519 0.102657
40 80 962.632 962.734 0.102658
42 62 1127.56 1127.66 0.102656
19 79 701.833 704.135 2.30195
5 53 703.382 705.684 2.30195
10 54 1081.44 1081.54 0.097539
46 67 1173.35 1173.45 0.0975388
6 54 974.843 974.946 0.102657
41 86 464.268 466.57 2.30196
36 61 929.016 929.345 0.328706
33 69 463.847 466.149 2.30195
43 62 463.569 465.87 2.30195
7 54 1148.45 1148.55 0.0975373
31 68 466.363 468.665 2.30195
18 72 685.802 688.104 2.30195
45 72 685.906 688.208 2.30195
3 61 1182.17 1182.36 0.184834
6 54 698.523 700.825 2.30195
21 0 698.846 0 -698.846
28 75 984.587 984.761 0.174593
15 54 931.738 931.922 0.184834
24 78 694.573 696.875 2.30195
24 78 1378.25 1378.36 0.102659
38 55 690.433 692.735 2.30195
17 78 994.674 994.777 0.102658
26 73 1187.45 1187.55 0.0975392
7 54 998.453 998.556 0.102657
42 62 701.237 703.539 2.30195
15 54 475.951 478.253 2.30195
3 61 465.949 468.251 2.30195
25 72 465.468 467.77 2.30195
47 84 686.723 689.024 2.30196
49 82 463.007 465.309 2.30195
9 0 688.502 0 -688.502
20 79 471.101 473.403 2.30196
7 53 938.453 938.556 0.102659
31 68 940.577 940.68 0.102659
25 72 1059.68 1059.78 0.102657
15 54 1130.16 1130.27 0.102658
7 54 968.453 968.556 0.102657
6 54 1064.84 1064.94 0.0975367
41 86 968.482 968.584 0.102659
40 80 932.632 932.734 0.102658
36 61 473.23 475.532 2.30195
42 62 473.344 475.645 2.30195
39 86 1135.43 1135.53 0.0975371
2 53 972.266 972.364 0.0975368
2 53 468.053 470.355 2.30195
12 61 469.735 472.037 2.30195
38 55 462.54 464.842 2.30195
34 75 466.815 469.117 2.30196
0 53 468.84 471.142 2.30196
24 78 466.68 468.981 2.30195
40 80 992.632 992.734 0.102658
35 54 932.056 932.159 0.102659
16 60 478.516 480.818 2.30195
27 75 1126.6 1126.7 0.097538
30 68 483.325 485.627 2.30195
48 79 462.343 464.645 2.30195
28 75 477.96 480.262 2.30195
32 69 464.602 466.904 2.30195
19 79 473.94 476.242 2.30195
26 73 473.235 475.537 2.30196
11 53 456.238 458.539 2.30195
29 75 456.835 459.137 2.30195
8 53 456.931 459.233 2.30195
37 54 457.217 459.519 2.30195
10 61 457.227 459.529 2.30196
35 55 457.843 460.145 2.30196
18 72 457.909 460.211 2.30195
45 72 458.012 460.314 2.30195
40 80 458.418 460.72 2.30195
14 52 458.435 460.737 2.30196
4 0 458.514 0 -458.514
47 84 458.829 461.131 2.30196
46 67 459.137 461.439 2.30195
44 67 460.13 462.432 2.30196
17 78 460.461 462.763 2.30195
9 60 460.609 462.911 2.30195
22 72 461.262 463.564 2.30195
22 72 935.475 935.578 0.102659
6 54 470.629 472.931 2.30195
27 75 472.391 474.693 2.30195
21 79 470.953 473.255 2.30195
47 84 1143.04 1143.14 0.0975391
30 68 1000.14 1000.47 0.328707
39 86 985.432 985.534 0.102657
3 61 1149.63 1149.96 0.328706
12 61 1153.41 1153.52 0.102658
2 53 942.266 942.369 0.102657
22 72 1115.48 1115.57 0.097539
35 54 1082.06 1082.15 0.0975392
43 62 1117.78 1117.88 0.097537
26 73 977.448 977.546 0.0975392
43 62 937.782 937.885 0.102657
22 72 965.475 965.573 0.097539
8 53 1171.14 1171.24 0.0975374
25 72 969.682 969.785 0.102657
19 79 1128.15 1128.26 0.102657
6 54 1034.84 1034.94 0.0975367
30 68 939.112 939.728 0.616451
15 54 980.165 980.267 0.102658
1 54 1045.06 1045.16 0.102658
5 53 931.275 931.604 0.328705
30 68 1167.54 1167.64 0.0975386
22 73 1145.48 1145.57 0.0975392
17 78 1174.67 1174.77 0.0975385
36 61 979.857 980.031 0.174594
9 60 1162.59 1162.69 0.102659
15 54 1070.16 1070.27 0.102658
47 84 1113.04 1113.14 0.0975391
43 62 967.782 967.88 0.097537
20 0 1382.67 0 -1382.67
26 73 929.021 929.206 0.184835
5 53 982.115 982.29 0.174593
17 78 934.674 934.777 0.102658
49 82 937.221 937.323 0.102658
0 53 924.626 926.928 2.30196
20 0 926.887 0 -926.887
12 55 925.521 927.823 2.30196
47 84 993.043 993.145 0.102659
30 68 1083.52 1083.7 0.174595
11 53 912.024 912.127 0.102658
29 75 912.621 912.724 0.102657
8 53 912.717 915.019 2.30195
37 56 913.004 915.306 2.30196
10 54 913.013 913.116 0.102659
35 54 913.629 913.732 0.102659
18 0 913.696 0 -913.696
45 66 913.799 916.101 2.30196
40 80 914.205 914.307 0.102658
14 61 914.222 916.524 2.30196
4 54 914.301 916.603 2.30195
47 84 914.616 914.718 0.102659
46 67 914.923 915.026 0.102659
44 67 915.916 916.019 0.102659
17 78 916.247 916.35 0.102658
9 60 916.395 918.697 2.30195
22 72 917.048 917.233 0.184835
48 79 918.13 918.232 0.102658
38 55 918.326 920.628 2.30195
49 82 918.794 918.896 0.102658
43 62 919.355 919.458 0.102657
33 69 919.633 921.935 2.30195
7 54 920.026 920.129 0.102657
41 86 920.055 920.157 0.102659
32 69 920.388 922.69 2.30195
25 72 921.255 921.358 0.102657
3 61 921.736 924.038 2.30195
31 68 922.15 922.253 0.102659
24 78 922.466 924.768 2.30195
34 74 922.602 924.904 2.30196
2 53 923.839 923.942 0.102657
26 73 1067.45 1067.55 0.0975392
16 60 934.302 936.604 2.30195
48 79 1146.56 1146.65 0.0975383
28 75 933.747 934.075 0.328705
46 67 963.35 963.453 0.102659
0 53 1183.05 1183.16 0.102659
29 75 931.048 931.151 0.102657
42 62 977.557 977.66 0.102656
27 75 976.604 976.707 0.102658
43 62 997.782 997.88 0.097537
35 54 1172.06 1172.15 0.0975392
39 86 937.005 937.107 0.102657
13 53 936.747 939.049 2.30195
23 72 937.057 939.359 2.30196
1 54 936.635 936.738 0.102658
17 78 964.674 964.777 0.102658
27 75 946.604 946.707 0.102658
15 54 950.165 950.339 0.174594
6 54 944.843 944.946 0.102657
48 79 996.557 996.659 0.102658
1 54 1075.06 1075.16 0.102658
35 54 992.056 992.154 0.0975392
39 86 955.432 955.534 0.102657
42 62 947.557 947.732 0.174592
19 79 948.153 948.256 0.102657
26 73 947.448 947.551 0.102659
36 61 961.558 961.743 0.184834
10 54 961.44 961.543 0.102659
28 75 1132.17 1132.28 0.102657
29 75 991.048 991.146 0.0975373
12 61 1183.95 1184.05 0.097538
42 62 1187.56 1187.66 0.102656
32 69 1148.28 1148.38 0.102659
29 75 961.048 961.151 0.102657
11 53 960.451 960.554 0.102658
25 72 999.682 999.785 0.102657
5 53 963.817 964.001 0.184833
40 80 1172.63 1172.73 0.0975382
28 75 966.288 966.473 0.184833
1 54 955.062 955.159 0.0975376
47 84 963.043 963.145 0.102659
35 54 962.056 962.154 0.0975392
5 53 1129.7 1129.8 0.102657
30 68 1137.54 1137.64 0.102659
31 68 970.577 970.68 0.102659
46 67 993.35 993.448 0.0975388
5 53 1069.7 1069.8 0.0975375
31 68 1000.58 1000.68 0.102659
49 82 997.221 997.323 0.102658
8 53 1150.77 1150.88 0.102657
19 79 1008.15 1008.26 0.102657
2 53 1002.27 1002.36 0.0975368
42 62 1007.56 1007.65 0.0975363
6 54 1004.84 1004.94 0.0975367
27 75 1006.6 1006.71 0.102658
15 54 1010.16 1010.26 0.0975376
10 54 1021.44 1021.54 0.097539
36 61 1007.44 1007.62 0.174594
26 73 1007.45 1007.55 0.0975392
39 86 1015.43 1015.53 0.102657
13 53 1164.64 1164.82 0.184835
29 75 1171.05 1171.15 0.0975373
41 86 1058.48 1058.58 0.0975394
11 53 1140.45 1140.55 0.0975378
21 0 1382.53 0 -1382.53
2 53 1062.27 1062.36 0.0975368
22 72 1025.48 1025.57 0.097539
29 75 1021.05 1021.15 0.0975373
28 75 1072.17 1072.28 0.102657
30 68 1032.68 1033.01 0.328707
5 53 1009.7 1009.88 0.174593
27 75 1066.6 1066.7 0.097538
22 72 1175.48 1175.57 0.097539
7 54 1118.45 1118.55 0.0975373
17 78 1144.67 1144.77 0.0975385
48 79 1176.56 1176.65 0.0975383
35 54 1142.06 1142.15 0.0975392
28 75 1012.17 1012.28 0.102657
31 68 1120.58 1120.67 0.0975387
11 53 1020.45 1020.55 0.102658
2 53 1122.27 1122.36 0.0975368
1 54 1015.06 1015.16 0.0975376
40 80 1082.63 1082.73 0.0975382
34 75 1150.5 1150.6 0.10266
36 61 1127.44 1127.54 0.0975378
2 53 1182.27 1182.36 0.0975368
34 75 1181.03 1181.13 0.10266
7 54 1058.45 1058.55 0.0975373
40 80 1022.63 1022.73 0.102658
31 68 1060.58 1060.67 0.0975387
17 78 1024.67 1024.77 0.0975385
25 72 1029.68 1029.78 0.102657
44 67 1024.34 1024.44 0.0975394
41 86 1028.48 1028.58 0.102659
46 67 1023.35 1023.45 0.0975388
35 54 1022.06 1022.15 0.0975392
36 61 1037.44 1037.55 0.102658
47 84 1023.04 1023.15 0.102659
16 60 1162.2 1162.81 0.61645
15 54 1160.16 1160.27 0.102658
7 54 1028.45 1028.56 0.102657
43 62 1027.78 1027.88 0.097537
44 67 1054.34 1054.44 0.0975394
36 61 1067.44 1067.54 0.0975378
46 67 1143.35 1143.45 0.0975388
2 53 1032.27 1032.36 0.0975368
48 79 1026.56 1026.65 0.0975383
31 68 1030.58 1030.67 0.0975387
42 62 1037.56 1037.66 0.102656
15 54 1040.16 1040.26 0.0975376
8 53 1140.61 1140.71 0.102657
49 82 1027.22 1027.32 0.0975385
27 75 1036.6 1036.71 0.102658
10 54 1051.44 1051.54 0.097539
17 78 1054.67 1054.77 0.0975385
28 75 1042.17 1042.27 0.0975374
29 75 1051.05 1051.15 0.0975373
19 79 1038.15 1038.26 0.102657
46 67 1053.35 1053.45 0.0975388
11 53 1080.45 1080.55 0.102658
26 73 1127.45 1127.55 0.0975392
39 86 1075.43 1075.53 0.102657
40 80 1052.63 1052.73 0.0975382
43 62 1057.78 1057.88 0.097537
49 82 1057.22 1057.32 0.0975385
5 53 1039.7 1039.8 0.102657
48 79 1056.56 1056.65 0.0975383
47 84 1053.04 1053.15 0.102659
35 54 1052.06 1052.15 0.0975392
42 62 1067.56 1067.66 0.102656
11 53 1050.45 1050.55 0.102658
30 68 1065.22 1065.41 0.184835
22 72 1055.48 1055.57 0.097539
47 84 1083.04 1083.14 0.0975391
46 67 1083.35 1083.45 0.0975388
22 72 1085.48 1085.57 0.097539
36 61 1187.44 1187.55 0.102658
41 86 1118.48 1118.58 0.0975394
41 86 1088.48 1088.58 0.0975394
7 54 1088.45 1088.55 0.0975373
17 78 1084.67 1084.77 0.0975385
49 82 1087.22 1087.32 0.0975385
44 67 1084.34 1084.45 0.102659
48 79 1086.56 1086.65 0.0975383
41 86 1178.48 1178.58 0.0975394
43 62 1087.78 1087.88 0.097537
43 62 1177.78 1177.88 0.097537
39 86 1165.43 1165.53 0.0975371
4 54 1370.09 1372.39 2.30195
10 54 1141.44 1141.54 0.097539
26 73 1097.45 1097.55 0.0975392
6 54 1094.84 1094.94 0.0975367
31 68 1090.58 1090.67 0.0975387
36 61 1097.44 1097.54 0.0975378
14 61 1142.12 1144.42 2.30196
42 62 1097.56 1097.66 0.102656
25 72 1089.68 1089.78 0.0975372
49 82 1117.22 1117.32 0.0975385
33 75 1147.53 1149.83 2.30196
19 79 1188.15 1188.25 0.0975367
1 54 1105.06 1105.16 0.102658
2 53 1092.27 1092.36 0.0975368
49 82 1177.22 1177.32 0.0975385
25 72 1179.68 1179.78 0.0975372
29 75 1111.05 1111.15 0.0975373
39 86 1105.43 1105.53 0.0975371
27 75 1096.6 1096.7 0.097538
37 54 1140.9 1143.2 2.30195
18 72 1141.59 1143.89 2.30195
10 54 1171.44 1171.54 0.097539
19 79 1098.15 1098.26 0.102657
28 75 1102.17 1102.28 0.102657
44 67 1114.34 1114.45 0.102659
21 0 1154.63 0 -1154.63
45 72 1141.69 1143.99 2.30195
38 55 1176.75 1176.86 0.102656
10 54 1111.44 1111.54 0.097539
5 53 1099.7 1099.8 0.102657
4 0 1142.19 0 -1142.19
28 75 1162.17 1162.28 0.102657
46 67 1113.35 1113.45 0.0975388
30 68 1107.54 1107.71 0.174595
40 80 1112.63 1112.73 0.0975382
17 78 1114.67 1114.77 0.0975385
15 54 1100.16 1100.27 0.102658
35 54 1112.06 1112.15 0.0975392
11 53 1110.45 1110.55 0.102658
25 72 1149.68 1149.78 0.0975372
43 62 1147.78 1147.88 0.097537
31 68 1150.58 1150.67 0.0975387
26 73 1157.45 1157.55 0.0975392
32 69 1158.44 1158.55 0.102659
41 86 1148.48 1148.58 0.0975394
38 55 1156.38 1156.49 0.102656
49 82 1147.22 1147.32 0.0975385
18 72 1369.48 1371.78 2.30195
14 61 1370.01 1372.31 2.30196
27 75 1186.6 1186.7 0.097538
42 62 1157.56 1157.66 0.102656
1 54 1165.06 1165.16 0.102658
9 60 1174.82 1174.92 0.0975388
2 53 1152.27 1152.36 0.0975368
0 53 1162.68 1162.78 0.102659
27 75 1156.6 1156.7 0.097538
45 72 1369.59 1369.69 0.102658
34 75 1160.66 1160.76 0.10266
6 54 1154.84 1154.94 0.0975367
44 67 1174.34 1174.44 0.0975394
33 69 1375.42 1375.52 0.102658
37 54 1368.79 1368.89 0.102658
31 68 1180.58 1180.67 0.0975387
47 84 1173.04 1173.14 0.0975391
36 61 1157.44 1157.55 0.102658
12 61 1163.58 1163.68 0.102658
19 79 1158.15 1158.25 0.0975367
1 54 1195.06 1195.16 0.0975376
16 60 1223.22 1223.84 0.61645
5 53 1189.7 1189.8 0.102657
23 72 1225.98 1226.31 0.328707
30 68 1197.54 1197.64 0.0975386
39 86 1195.43 1195.53 0.0975371
13 53 1195.17 1195.35 0.174595
28 75 1192.17 1192.28 0.102657
15 54 1190.16 1190.27 0.102658
