32 62 0.413027 2.71499 2.30196
13 0 7.69454 0 -7.69454
12 0 15.9855 0 -15.9855
25 0 16.7231 0 -16.7231
45 0 8.05829 0 -8.05829
14 62 1.39966 3.70162 2.30196
20 0 1.53772 0 -1.53772
56 61 1.75445 4.05641 2.30196
26 0 1167.55 0 -1167.55
19 0 1168.19 0 -1168.19
1 62 1056.76 1056.94 0.184841
52 0 1392.13 0 -1392.13
54 60 2.2185 4.52047 2.30197
17 0 2.86661 0 -2.86661
55 0 2.97196 0 -2.97196
16 0 3.4696 0 -3.4696
38 0 1152.12 0 -1152.12
3 0 1143.08 0 -1143.08
3 62 3.61473 5.91669 2.30196
28 0 1166.15 0 -1166.15
5 62 1167.08 1169.38 2.30196
33 0 3.7414 0 -3.7414
44 0 4.30203 0 -4.30203
57 60 4.06975 6.37171 2.30196
31 0 5.99288 0 -5.99288
57 60 994.07 994.172 0.102662
14 0 1368.76 0 -1368.76
40 0 6.31915 0 -6.31915
58 62 1199.63 1199.73 0.0975424
24 0 6.83887 0 -6.83887
51 60 6.88993 9.1919 2.30196
23 0 6.97743 0 -6.97743
1 62 1075.05 1075.23 0.174601
25 0 1156.19 0 -1156.19
34 0 7.26851 0 -7.26851
47 60 1152.78 1155.08 2.30196
41 0 1151.89 0 -1151.89
6 0 8.09857 0 -8.09857
43 0 8.74985 0 -8.74985
11 0 927.219 0 -927.219
59 0 8.97323 0 -8.97323
3 62 1370.97 1373.28 2.30196
7 0 8.97496 0 -8.97496
26 0 1395.44 0 -1395.44
35 62 1396.62 1398.92 2.30196
5 0 1394.97 0 -1394.97
46 60 9.0535 11.3555 2.30197
56 61 1010.95 1011.28 0.328711
22 0 9.18318 0 -9.18318
57 60 1084.07 1084.17 0.102662
1 62 1024.21 1024.54 0.328713
36 0 10.7141 0 -10.7141
0 0 11.1463 0 -11.1463
13 0 1375.05 0 -1375.05
37 0 1385.67 0 -1385.67
45 0 1375.42 0 -1375.42
55 0 1370.33 0 -1370.33
57 60 1174.07 1174.17 0.0975416
17 0 1370.23 0 -1370.23
4 0 11.3839 0 -11.3839
53 60 11.509 13.811 2.30196
21 0 12.0598 0 -12.0598
22 0 1376.54 0 -1376.54
1 62 1099.07 1099.25 0.174601
58 62 1109.63 1109.73 0.0975424
15 0 12.3359 0 -12.3359
41 0 12.4271 0 -12.4271
38 0 12.6559 0 -12.6559
50 60 1160.59 1162.89 2.30197
49 0 1393.93 0 -1393.93
58 62 1079.63 1079.73 0.0975424
42 0 12.9191 0 -12.9191
37 0 1157.77 0 -1157.77
2 60 12.9483 15.2503 2.30198
56 61 1108.58 1108.91 0.328711
47 60 13.3127 15.6146 2.30196
42 0 1152.39 0 -1152.39
10 0 712.038 0 -712.038
27 0 14.1605 0 -14.1605
9 0 14.9368 0 -14.9368
54 0 1369.58 0 -1369.58
58 62 1019.63 1019.73 0.102662
8 0 15.5316 0 -15.5316
11 0 15.6462 0 -15.6462
39 0 709.289 0 -709.289
51 60 1374.25 1374.87 0.61646
25 0 1384.08 0 -1384.08
37 62 18.3075 20.6095 2.30196
36 0 1150.18 0 -1150.18
1 62 19.0704 21.3724 2.30196
8 62 1155 1157.3 2.30196
46 0 1376.41 0 -1376.41
1 62 1189.07 1189.25 0.174601
52 60 24.7748 27.0768 2.30197
18 62 23.4706 25.7726 2.30196
50 60 21.1247 23.4267 2.30197
38 62 1380.02 1382.32 2.30196
48 60 23.7933 26.0953 2.30197
56 61 1173.66 1173.99 0.328711
6 0 1147.56 0 -1147.56
0 0 1150.61 0 -1150.61
59 0 1148.44 0 -1148.44
30 0 25.0482 0 -25.0482
31 0 1373.35 0 -1373.35
1 62 1129.07 1129.25 0.174601
26 0 939.652 0 -939.652
39 0 25.6091 0 -25.6091
17 0 1142.33 0 -1142.33
55 61 1142.44 1144.74 2.30197
16 0 1142.94 0 -1142.94
15 0 1379.7 0 -1379.7
29 62 25.9103 28.2122 2.30196
28 0 26.6857 0 -26.6857
49 0 26.5676 0 -26.5676
5 0 27.6127 0 -27.6127
29 0 1165.38 0 -1165.38
20 0 1368.9 0 -1368.9
26 0 28.0793 0 -28.0793
52 0 1164.24 0 -1164.24
30 0 1164.51 0 -1164.51
10 0 1167.82 0 -1167.82
10 0 28.3581 0 -28.3581
19 0 28.7234 0 -28.7234
35 0 29.2601 0 -29.2601
56 61 1043.49 1043.82 0.328711
57 60 1024.07 1024.17 0.0975416
58 61 29.6279 31.9299 2.30196
50 60 1388.48 1390.79 2.30197
27 0 1381.52 0 -1381.52
42 0 1380.28 0 -1380.28
30 0 252.941 0 -252.941
39 62 253.502 255.804 2.30196
13 0 463.481 0 -463.481
22 0 464.97 0 -464.97
7 0 464.761 0 -464.761
8 0 471.318 0 -471.318
49 0 710.247 0 -710.247
49 60 254.461 256.763 2.30197
10 0 256.251 0 -256.251
45 0 463.845 0 -463.845
58 62 257.521 259.823 2.30196
30 0 936.621 0 -936.621
2 0 924.521 0 -924.521
19 0 256.617 0 -256.617
29 0 253.804 0 -253.804
26 0 255.973 0 -255.973
42 0 924.492 0 -924.492
23 0 462.764 0 -462.764
27 0 925.733 0 -925.733
18 0 479.257 0 -479.257
19 0 940.296 0 -940.296
58 62 485.414 487.716 2.30196
1 62 246.964 249.266 2.30196
18 0 251.364 0 -251.364
6 0 463.885 0 -463.885
1 62 930.643 931.26 0.616457
59 0 464.76 0 -464.76
37 62 474.094 476.396 2.30196
1 62 474.857 477.159 2.30196
37 0 246.201 0 -246.201
50 60 249.018 251.32 2.30197
48 60 251.687 253.989 2.30197
52 60 252.668 254.97 2.30197
28 62 254.579 256.881 2.30196
30 0 1392.41 0 -1392.41
35 0 257.153 0 -257.153
4 0 1150.85 0 -1150.85
9 62 1154.4 1156.7 2.30196
25 0 472.51 0 -472.51
42 0 468.706 0 -468.706
30 0 480.835 0 -480.835
56 61 1076.04 1076.36 0.328711
58 62 1169.63 1169.73 0.0975424
5 0 255.506 0 -255.506
58 62 713.308 715.61 2.30196
52 0 708.455 0 -708.455
46 0 464.84 0 -464.84
35 0 712.94 0 -712.94
43 0 464.536 0 -464.536
32 62 228.306 230.608 2.30196
14 62 229.293 231.595 2.30196
20 62 229.431 231.733 2.30197
56 61 229.648 231.95 2.30196
54 0 230.112 0 -230.112
17 0 230.76 0 -230.76
55 0 230.865 0 -230.865
16 0 231.363 0 -231.363
3 0 231.508 0 -231.508
33 0 231.635 0 -231.635
57 60 231.963 234.265 2.30196
44 0 232.195 0 -232.195
31 0 233.886 0 -233.886
40 62 234.212 236.514 2.30196
24 0 234.732 0 -234.732
51 60 234.783 237.085 2.30196
23 0 234.871 0 -234.871
34 0 235.162 0 -235.162
13 0 235.588 0 -235.588
45 0 235.952 0 -235.952
6 0 235.992 0 -235.992
43 0 236.643 0 -236.643
59 0 236.866 0 -236.866
7 0 236.868 0 -236.868
46 0 236.947 0 -236.947
22 0 237.076 0 -237.076
36 0 238.607 0 -238.607
0 0 239.04 0 -239.04
4 0 239.277 0 -239.277
53 60 239.402 241.704 2.30196
21 0 239.953 0 -239.953
15 0 240.229 0 -240.229
41 0 240.32 0 -240.32
38 0 240.549 0 -240.549
42 0 240.812 0 -240.812
2 0 240.842 0 -240.842
47 60 241.206 243.508 2.30196
27 0 242.054 0 -242.054
9 0 242.83 0 -242.83
8 0 243.425 0 -243.425
11 0 243.539 0 -243.539
12 0 243.879 0 -243.879
25 0 244.616 0 -244.616
47 60 1380.67 1381.29 0.616461
21 0 1379.42 0 -1379.42
34 0 1146.73 0 -1146.73
22 0 1148.65 0 -1148.65
2 0 1380.31 0 -1380.31
18 62 1390.83 1393.13 2.30196
11 0 1155.11 0 -1155.11
10 0 1395.72 0 -1395.72
41 0 1379.79 0 -1379.79
34 0 1374.63 0 -1374.63
27 0 1153.63 0 -1153.63
31 62 1145.46 1147.76 2.30196
14 0 1140.87 0 -1140.87
58 62 992.041 992.216 0.174598
7 0 1376.33 0 -1376.33
57 60 1144.07 1144.17 0.0975416
23 0 1374.34 0 -1374.34
12 0 1155.45 0 -1155.45
39 62 1165.08 1167.38 2.30196
11 0 1383.01 0 -1383.01
6 0 1375.46 0 -1375.46
57 60 1054.07 1054.17 0.102662
15 0 1151.8 0 -1151.8
13 0 1147.16 0 -1147.16
23 0 1146.44 0 -1146.44
51 60 1146.36 1148.66 2.30196
32 0 1139.88 0 -1139.88
40 0 1145.79 0 -1145.79
48 0 1163.26 0 -1163.26
58 62 1139.63 1139.73 0.0975424
18 0 1162.94 0 -1162.94
35 0 1168.73 0 -1168.73
43 0 1376.11 0 -1376.11
20 0 1141 0 -1141
21 0 1151.53 0 -1151.53
54 61 1141.68 1143.99 2.30197
56 61 1141.12 1141.45 0.328711
7 0 1148.44 0 -1148.44
33 0 1371.1 0 -1371.1
53 60 1150.98 1151.59 0.616461
57 60 964.07 964.172 0.102662
1 62 1159.07 1159.25 0.174601
16 0 1370.83 0 -1370.83
44 0 1371.66 0 -1371.66
43 0 1148.22 0 -1148.22
45 0 1147.52 0 -1147.52
33 0 1143.21 0 -1143.21
12 0 1383.34 0 -1383.34
5 0 939.186 0 -939.186
18 0 935.044 0 -935.044
52 60 480.561 482.863 2.30197
28 0 710.365 0 -710.365
19 62 712.403 714.705 2.30196
51 0 462.676 0 -462.676
34 0 463.055 0 -463.055
36 0 466.501 0 -466.501
0 62 466.933 469.235 2.30196
47 0 469.099 0 -469.099
35 0 485.047 0 -485.047
19 0 484.51 0 -484.51
26 0 711.759 0 -711.759
10 62 939.931 942.233 2.30196
24 0 462.625 0 -462.625
56 61 945.869 946.198 0.328711
53 0 467.296 0 -467.296
41 0 468.214 0 -468.214
49 0 1166.03 0 -1166.03
1 62 991.672 992 0.328713
48 61 935.366 937.668 2.30197
5 0 483.399 0 -483.399
26 0 483.866 0 -483.866
30 0 708.728 0 -708.728
40 62 462.106 464.408 2.30196
58 62 1049.63 1049.73 0.0975424
4 0 467.17 0 -467.17
15 0 468.122 0 -468.122
38 0 468.442 0 -468.442
27 0 469.947 0 -469.947
11 0 471.433 0 -471.433
50 60 476.911 479.213 2.30197
28 61 482.472 484.774 2.30197
39 0 481.396 0 -481.396
29 62 709.59 711.892 2.30196
5 0 711.292 0 -711.292
59 0 1376.33 0 -1376.33
48 0 1391.15 0 -1391.15
21 0 467.846 0 -467.846
2 0 468.735 0 -468.735
9 0 470.723 0 -470.723
12 62 471.772 474.074 2.30196
48 60 479.58 481.882 2.30197
29 0 481.697 0 -481.697
49 0 482.354 0 -482.354
10 0 484.145 0 -484.145
32 0 456.2 0 -456.2
14 0 457.186 0 -457.186
20 0 457.324 0 -457.324
56 61 457.541 459.843 2.30196
54 0 458.005 0 -458.005
17 0 458.653 0 -458.653
55 61 458.758 461.06 2.30197
16 0 459.256 0 -459.256
3 0 459.401 0 -459.401
33 62 459.528 461.83 2.30196
57 60 459.856 462.158 2.30196
44 62 460.089 462.39 2.30196
31 0 461.779 0 -461.779
58 62 973.743 973.927 0.184838
32 0 684.093 0 -684.093
14 0 685.079 0 -685.079
20 0 685.217 0 -685.217
56 61 685.434 687.736 2.30196
54 0 685.898 0 -685.898
17 0 686.546 0 -686.546
55 0 686.652 0 -686.652
16 62 687.149 689.451 2.30196
3 0 687.294 0 -687.294
33 62 687.421 689.723 2.30196
57 60 687.749 690.051 2.30196
44 0 687.982 0 -687.982
31 0 689.673 0 -689.673
40 0 689.999 0 -689.999
24 0 690.519 0 -690.519
51 0 690.57 0 -690.57
23 0 690.657 0 -690.657
34 0 690.948 0 -690.948
13 0 691.374 0 -691.374
45 0 691.738 0 -691.738
6 0 691.778 0 -691.778
43 0 692.43 0 -692.43
59 0 692.653 0 -692.653
7 0 692.655 0 -692.655
46 0 692.733 0 -692.733
22 0 692.863 0 -692.863
36 0 694.394 0 -694.394
0 0 694.826 0 -694.826
4 0 695.064 0 -695.064
53 60 695.189 697.491 2.30196
21 0 695.74 0 -695.74
15 0 696.016 0 -696.016
41 0 696.107 0 -696.107
38 0 696.336 0 -696.336
42 0 696.599 0 -696.599
2 0 696.628 0 -696.628
47 60 696.992 699.294 2.30196
27 0 697.84 0 -697.84
9 0 698.617 0 -698.617
8 62 699.211 701.513 2.30196
11 0 699.326 0 -699.326
12 0 699.665 0 -699.665
25 0 700.403 0 -700.403
37 0 701.987 0 -701.987
1 62 702.75 705.052 2.30196
50 0 704.804 0 -704.804
18 0 707.15 0 -707.15
48 0 707.473 0 -707.473
24 0 1374.2 0 -1374.2
57 60 1114.07 1114.17 0.102662
44 62 1143.77 1146.07 2.30196
46 0 1148.52 0 -1148.52
24 0 1146.31 0 -1146.31
2 60 1152.41 1154.72 2.30198
4 0 1378.74 0 -1378.74
19 0 1396.08 0 -1396.08
0 0 1378.51 0 -1378.51
53 60 1212 1212.62 0.616461
38 0 924.229 0 -924.229
28 0 938.259 0 -938.259
41 0 924 0 -924
12 60 927.558 929.86 2.30198
37 62 929.881 932.182 2.30196
50 60 932.698 935 2.30197
49 60 938.141 940.443 2.30197
58 62 941.201 941.53 0.32871
57 60 934.07 934.172 0.102662
32 62 1367.77 1370.07 2.30196
15 0 923.909 0 -923.909
8 0 1382.89 0 -1382.89
9 0 926.51 0 -926.51
25 61 928.296 930.598 2.30198
40 0 1373.68 0 -1373.68
39 0 937.182 0 -937.182
35 62 940.833 943.135 2.30196
56 61 978.411 978.74 0.328711
36 0 1378.07 0 -1378.07
21 0 923.633 0 -923.633
47 0 924.886 0 -924.886
52 0 936.348 0 -936.348
29 0 937.483 0 -937.483
9 0 1382.3 0 -1382.3
8 62 927.105 929.407 2.30196
32 0 911.986 0 -911.986
14 0 912.973 0 -912.973
20 0 913.111 0 -913.111
56 61 913.327 913.656 0.328711
54 0 913.791 0 -913.791
17 62 914.44 916.742 2.30196
55 61 914.545 916.847 2.30197
16 0 915.043 0 -915.043
3 62 915.188 917.49 2.30196
33 0 915.314 0 -915.314
57 60 915.643 915.745 0.102662
44 0 915.875 0 -915.875
31 0 917.566 0 -917.566
40 0 917.892 0 -917.892
24 0 918.412 0 -918.412
51 60 918.463 920.765 2.30196
23 0 918.55 0 -918.55
34 0 918.842 0 -918.842
13 0 919.268 0 -919.268
45 0 919.631 0 -919.631
6 0 919.672 0 -919.672
43 0 920.323 0 -920.323
59 62 920.546 922.848 2.30197
7 0 920.548 0 -920.548
46 0 920.626 0 -920.626
22 0 920.756 0 -920.756
36 0 922.287 0 -922.287
0 0 922.719 0 -922.719
4 0 922.957 0 -922.957
53 60 923.082 925.384 2.30196
28 0 1394.05 0 -1394.05
39 0 1392.97 0 -1392.97
29 62 1393.27 1395.57 2.30196
