30 42 1.95164 4.2536 2.30196
22 0 15.1907 0 -15.1907
35 41 15.5512 17.8532 2.30196
13 42 2.10027 4.40223 2.30196
36 41 2.43117 4.73312 2.30195
24 43 3.02625 5.3282 2.30195
18 41 919.013 921.315 2.30196
16 0 919.302 0 -919.302
10 42 1078.5 1078.68 0.174599
28 0 3.17354 0 -3.17354
26 43 918.477 920.779 2.30195
31 43 1101.97 1102.07 0.0975443
23 43 1107.52 1107.62 0.0975396
2 40 3.65321 5.95516 2.30195
24 43 1053.03 1053.12 0.0975376
18 0 7.44014 0 -7.44014
34 0 5.81851 0 -5.81851
33 0 6.77958 0 -6.77958
26 43 6.90361 9.20557 2.30195
3 40 1070.37 1070.47 0.102661
16 0 7.72944 0 -7.72944
15 0 8.10188 0 -8.10188
12 0 8.12771 0 -8.12771
19 0 8.91204 0 -8.91204
20 41 11.3092 13.6111 2.30196
25 43 12.16 14.4619 2.30196
27 43 14.8297 17.1317 2.30195
29 43 15.7823 18.0843 2.30196
25 43 923.733 926.035 2.30196
5 42 16.6643 18.9662 2.30196
24 43 963.026 963.124 0.0975376
39 0 17.3618 0 -17.3618
31 43 933.542 933.871 0.328712
14 42 18.1026 20.4045 2.30196
1 40 18.164 20.466 2.30196
21 41 21.2309 23.5329 2.30196
19 40 920.485 922.787 2.30196
20 40 922.882 925.184 2.30196
3 40 20.3717 22.6737 2.30196
7 40 18.9948 21.2967 2.30196
31 43 966.084 966.412 0.328712
13 43 913.673 915.975 2.30197
36 41 914.004 914.107 0.102657
3 40 1100.37 1100.47 0.102661
10 42 988.504 988.678 0.174599
31 43 21.9689 24.2708 2.30196
11 42 21.6467 23.9486 2.30196
2 40 1083.65 1083.75 0.0975387
34 0 917.392 0 -917.392
33 43 918.353 920.655 2.30196
8 40 23.506 25.8079 2.30196
36 0 932.431 0 -932.431
28 0 914.747 0 -914.747
2 40 915.226 915.329 0.102659
4 40 25.8397 28.1416 2.30196
38 41 24.5597 26.8616 2.30196
32 0 25.9309 0 -25.9309
29 0 927.355 0 -927.355
0 40 26.0186 28.3206 2.30196
10 42 958.504 958.678 0.174599
37 40 26.0291 28.3311 2.30196
17 41 26.14 28.442 2.30196
9 0 26.3887 0 -26.3887
23 43 27.5203 29.8222 2.30196
6 40 28.8827 31.1847 2.30196
10 42 28.5035 30.8055 2.30196
36 41 1082.43 1082.53 0.0975371
11 0 249.54 0 -249.54
3 40 248.265 250.567 2.30196
21 41 249.124 251.426 2.30196
32 43 253.824 256.126 2.30196
4 40 253.733 256.035 2.30196
10 42 256.397 258.699 2.30196
6 40 256.776 259.078 2.30196
37 0 253.922 0 -253.922
1 40 473.951 476.252 2.30196
4 40 709.519 711.821 2.30196
17 41 254.033 256.335 2.30196
31 43 249.862 252.164 2.30196
8 40 251.399 253.701 2.30196
0 40 253.912 256.214 2.30196
23 43 255.414 257.715 2.30196
9 40 254.282 256.584 2.30196
35 41 471.338 473.64 2.30196
23 43 483.307 485.609 2.30196
19 41 464.699 467 2.30196
30 42 229.845 232.147 2.30196
13 42 229.994 232.295 2.30196
36 41 230.324 232.626 2.30195
24 43 230.919 233.221 2.30195
28 0 231.067 0 -231.067
2 40 231.546 233.848 2.30195
34 41 233.712 236.014 2.30196
33 41 234.673 236.975 2.30196
26 43 234.797 237.099 2.30195
18 0 235.333 0 -235.333
16 0 235.623 0 -235.623
15 0 235.995 0 -235.995
12 42 236.021 238.323 2.30196
19 0 236.805 0 -236.805
20 41 239.202 241.504 2.30196
25 43 240.053 242.355 2.30196
27 43 242.723 245.025 2.30195
22 0 243.084 0 -243.084
35 41 243.444 245.746 2.30196
29 43 243.676 245.978 2.30196
5 0 244.558 0 -244.558
39 0 245.255 0 -245.255
14 42 245.996 248.298 2.30196
1 0 246.057 0 -246.057
7 0 246.888 0 -246.888
30 42 946.066 946.251 0.184838
6 0 940.456 0 -940.456
38 41 252.453 254.755 2.30196
2 40 1143.65 1143.75 0.0975387
23 43 939.093 939.196 0.10266
21 41 932.804 935.106 2.30196
2 40 1053.65 1053.75 0.0975387
15 42 919.675 921.977 2.30196
12 0 919.701 0 -919.701
30 42 913.525 913.853 0.32871
8 40 935.079 937.381 2.30196
38 41 936.133 938.435 2.30196
23 43 957.52 957.623 0.10266
24 43 933.026 933.124 0.0975376
11 42 933.22 935.522 2.30196
35 41 1165.18 1165.28 0.102661
0 42 937.592 939.894 2.30197
24 43 1083.03 1083.12 0.0975376
37 0 937.602 0 -937.602
14 42 473.889 476.191 2.30196
22 40 470.977 473.279 2.30196
7 40 474.781 477.083 2.30196
3 40 476.158 478.46 2.30196
31 43 477.755 480.057 2.30196
9 0 482.175 0 -482.175
0 40 481.805 484.107 2.30196
32 43 481.717 484.019 2.30196
20 41 467.096 469.398 2.30196
5 40 472.451 474.753 2.30196
21 41 477.017 479.319 2.30196
23 43 711.2 713.502 2.30196
17 41 481.927 484.228 2.30196
10 42 484.29 486.592 2.30196
12 0 463.914 0 -463.914
8 40 479.292 481.594 2.30196
37 0 481.816 0 -481.816
4 0 937.413 0 -937.413
15 0 463.888 0 -463.888
25 43 467.946 470.248 2.30196
39 42 473.148 475.45 2.30196
29 43 471.569 473.871 2.30196
28 43 1370.53 1372.83 2.30195
38 41 480.346 482.648 2.30196
4 40 481.626 483.928 2.30196
27 43 470.616 472.918 2.30195
36 41 962.431 962.529 0.0975371
11 42 477.433 479.735 2.30196
6 40 484.669 486.971 2.30196
30 42 457.738 460.04 2.30196
13 42 457.887 460.189 2.30196
36 41 458.218 460.52 2.30195
24 43 458.813 461.115 2.30195
28 43 458.96 461.262 2.30195
2 40 459.44 461.742 2.30195
34 41 461.605 463.907 2.30196
33 41 462.566 464.868 2.30196
26 43 462.69 464.992 2.30195
18 40 463.227 465.529 2.30196
16 42 463.516 465.818 2.30196
30 42 964.365 964.539 0.174598
10 42 940.077 940.261 0.184839
31 43 1071.97 1072.07 0.0975443
30 42 1051.95 1052.05 0.102662
30 42 1081.95 1082.05 0.097542
32 43 937.504 939.806 2.30196
12 0 1375.49 0 -1375.49
10 42 1168.5 1168.68 0.174599
31 43 1161.97 1162.07 0.0975443
37 0 709.709 0 -709.709
9 0 710.068 0 -710.068
27 42 926.403 928.705 2.30197
17 41 937.713 940.015 2.30196
0 40 709.698 712 2.30196
10 42 712.183 714.485 2.30196
17 0 709.82 0 -709.82
3 40 931.945 932.13 0.184837
32 43 709.611 711.913 2.30196
6 40 712.562 714.864 2.30196
14 43 929.676 931.978 2.30197
7 40 930.568 932.87 2.30196
16 42 1375.09 1377.39 2.30196
3 40 950.372 950.546 0.174597
5 0 928.237 0 -928.237
30 42 685.631 687.933 2.30196
13 42 685.78 688.082 2.30196
36 41 686.111 688.413 2.30195
24 43 686.706 689.008 2.30195
28 43 686.853 689.155 2.30195
2 40 687.333 689.635 2.30195
34 0 689.498 0 -689.498
33 0 690.459 0 -690.459
26 0 690.583 0 -690.583
18 41 691.12 693.422 2.30196
16 0 691.409 0 -691.409
15 0 691.782 0 -691.782
12 42 691.807 694.109 2.30196
19 41 692.592 694.894 2.30196
20 41 694.989 697.291 2.30196
25 43 695.84 698.142 2.30196
27 0 698.509 0 -698.509
22 0 698.87 0 -698.87
35 0 699.231 0 -699.231
29 0 699.462 0 -699.462
5 40 700.344 702.646 2.30196
39 0 701.042 0 -701.042
14 42 701.782 704.084 2.30196
1 0 701.844 0 -701.844
7 0 702.675 0 -702.675
3 40 704.051 706.353 2.30196
21 41 704.911 707.213 2.30196
11 43 705.326 707.628 2.30197
31 43 705.649 707.951 2.30196
8 0 707.186 0 -707.186
38 0 708.239 0 -708.239
2 40 933.653 933.756 0.102659
24 43 914.599 914.702 0.102658
9 0 937.962 0 -937.962
2 40 963.653 963.751 0.0975387
22 41 926.764 929.066 2.30196
35 41 927.124 929.426 2.30196
10 42 1108.5 1108.68 0.174599
24 43 1113.03 1113.12 0.0975376
3 40 980.372 980.546 0.174597
39 0 928.935 0 -928.935
1 40 929.737 932.039 2.30196
23 43 1077.52 1077.62 0.0975396
27 43 1164.46 1164.56 0.102659
31 43 998.625 998.954 0.328712
36 41 992.431 992.529 0.0975371
23 43 1167.52 1167.62 0.0975396
23 43 987.52 987.623 0.10266
30 42 991.952 992.126 0.174598
24 43 993.026 993.124 0.0975376
3 40 1010.37 1010.55 0.174597
31 43 1031.17 1031.35 0.18484
2 40 993.653 993.751 0.0975387
2 40 1023.65 1023.75 0.0975387
30 42 1171.95 1172.05 0.097542
15 0 1375.46 0 -1375.46
23 43 1017.52 1017.62 0.0975396
10 42 1018.5 1018.68 0.174599
34 41 1373.18 1375.48 2.30196
36 41 1172.43 1172.53 0.0975371
36 41 1022.43 1022.53 0.0975371
30 42 1021.95 1022.13 0.174598
24 43 1023.03 1023.12 0.0975376
33 40 1374.14 1376.44 2.30197
26 43 1176.9 1177 0.0975368
31 43 1049.47 1049.57 0.102664
3 40 1040.37 1040.47 0.102661
36 41 1052.43 1052.53 0.0975371
3 40 1160.37 1160.47 0.102661
23 43 1047.52 1047.62 0.0975396
10 42 1048.5 1048.68 0.174599
13 42 1174.11 1174.29 0.184838
26 43 1146.37 1146.47 0.102657
5 40 1384.02 1386.33 2.30196
34 41 1145.28 1147.59 2.30196
39 42 1156.83 1159.13 2.30196
30 42 1111.95 1112.05 0.097542
19 41 1148.38 1150.68 2.30196
13 42 1141.57 1141.9 0.32871
36 41 1112.43 1112.53 0.0975371
35 41 1155.02 1155.12 0.102661
28 43 1142.64 1144.94 2.30195
31 43 1131.97 1132.07 0.0975443
27 43 1154.3 1154.4 0.102659
14 42 1157.57 1159.87 2.30196
2 40 1113.65 1113.75 0.0975387
8 0 1162.97 0 -1162.97
20 42 1150.78 1153.08 2.30197
25 43 1151.63 1153.93 2.30196
1 40 1157.63 1159.93 2.30196
18 40 1146.91 1149.21 2.30196
21 41 1160.7 1163 2.30196
11 0 1161.11 0 -1161.11
16 42 1147.2 1149.5 2.30196
29 0 1155.25 0 -1155.25
15 0 1147.57 0 -1147.57
33 0 1146.25 0 -1146.25
7 40 1158.46 1160.76 2.30196
3 40 1130.37 1130.47 0.102661
22 40 1154.66 1156.96 2.30196
36 41 1142.43 1142.53 0.0975371
12 0 1147.59 0 -1147.59
5 0 1156.13 0 -1156.13
9 40 1165.85 1168.16 2.30196
38 41 1164.03 1166.33 2.30196
18 41 1374.8 1375.13 0.32871
23 43 1137.52 1137.62 0.0975396
6 40 1168.35 1170.65 2.30196
8 40 1193.51 1193.68 0.174598
4 0 1165.31 0 -1165.31
10 42 1138.5 1138.68 0.174599
24 43 1143.03 1143.12 0.0975376
32 43 1165.4 1167.7 2.30196
0 40 1165.48 1167.79 2.30196
37 0 1165.5 0 -1165.5
17 41 1165.61 1167.91 2.30196
24 43 1173.03 1173.12 0.0975376
14 42 1385.46 1385.79 0.328707
22 40 1382.55 1384.85 2.30196
30 42 1141.95 1142.05 0.097542
2 0 1173.65 0 -1173.65
25 43 1379.52 1381.82 2.30196
35 41 1185.55 1185.65 0.0975415
27 43 1184.83 1184.93 0.0975388
20 41 1378.67 1379.29 0.616457
19 0 1376.27 0 -1376.27
29 42 1383.14 1385.44 2.30196
39 41 1384.72 1387.02 2.30197
31 43 1191.97 1192.07 0.0975443
21 0 1388.59 0 -1388.59
3 40 1190.37 1190.47 0.0975412
38 41 1391.92 1392.02 0.102659
11 42 1389.01 1391.31 2.30196
7 43 1386.35 1388.66 2.30198
1 40 1385.52 1385.63 0.10266
10 42 1198.5 1198.68 0.174599
9 0 1393.75 0 -1393.75
4 40 1393.2 1395.5 2.30196
0 40 1393.38 1393.71 0.328708
6 40 1396.24 1396.43 0.184838
23 43 1197.52 1197.62 0.0975396
32 43 1393.29 1393.48 0.184839
37 0 1393.39 0 -1393.39
17 41 1393.5 1395.8 2.30196
