40 52 0.280752 2.58271 2.30196
43 55 0.744372 3.04633 2.30195
20 57 1171.27 1171.37 0.0975385
48 53 11.6824 13.9843 2.30196
9 54 10.1794 12.4813 2.30196
26 51 1.12177 3.42373 2.30196
20 57 1.27247 3.57442 2.30195
40 52 1170.28 1170.38 0.0975394
17 57 1172.05 1172.15 0.0975414
44 57 1107.76 1107.94 0.174596
19 0 1.73292 0 -1.73292
26 51 1140.59 1140.77 0.184837
40 52 1110.28 1110.38 0.0975394
17 58 2.05126 4.35322 2.30196
12 53 986.088 986.191 0.102658
33 55 1002.99 1003.16 0.174596
24 51 3.44068 5.74264 2.30196
14 54 4.29579 6.59775 2.30196
15 0 5.47596 0 -5.47596
41 56 5.35079 7.65274 2.30196
18 57 1103.84 1103.94 0.0975426
12 53 1106.09 1106.19 0.097538
37 56 7.23991 9.54187 2.30196
5 53 7.07498 9.37693 2.30195
22 57 6.74517 9.04713 2.30196
29 52 6.90852 9.21047 2.30196
30 55 7.86681 10.1688 2.30196
29 52 966.909 967.006 0.0975395
47 56 974.637 974.735 0.0975378
25 51 8.3909 10.6929 2.30196
33 55 12.9857 15.2876 2.30196
2 54 14.631 16.933 2.30196
11 53 14.391 16.6929 2.30195
47 56 14.6371 16.939 2.30195
32 52 13.6398 15.9418 2.30195
10 53 15.2482 17.5502 2.30196
46 50 976.903 977.001 0.0975376
30 55 1087.87 1087.97 0.102661
14 54 994.296 994.393 0.0975406
38 57 15.8529 18.1548 2.30196
46 50 16.9034 19.2054 2.30195
35 55 19.7821 22.084 2.30195
36 56 21.1176 23.4196 2.30195
45 51 19.9292 22.2312 2.30195
28 52 21.2173 23.5193 2.30196
43 55 1170.74 1170.84 0.0975378
44 57 987.764 987.939 0.174596
41 56 1085.35 1085.45 0.0975399
20 57 991.272 991.37 0.0975385
34 55 21.5584 23.8604 2.30196
1 54 21.7203 24.0223 2.30196
8 53 22.9916 25.2935 2.30196
27 0 22.3902 0 -22.3902
42 0 23.2161 0 -23.2161
41 56 1115.35 1115.45 0.0975399
0 53 23.3127 25.6146 2.30195
19 57 1369.09 1371.39 2.30196
47 56 1094.64 1094.73 0.0975378
22 57 996.745 996.848 0.102662
13 53 23.8173 26.1193 2.30195
18 57 23.8395 26.1415 2.30196
25 51 998.391 998.488 0.0975405
43 55 990.744 990.842 0.0975378
41 56 995.351 995.453 0.10266
46 50 1096.9 1097 0.0975376
18 57 983.84 983.942 0.102663
23 51 24.0863 26.3882 2.30195
39 52 24.0407 26.3427 2.30196
5 53 1087.07 1087.17 0.0975367
11 53 974.391 974.489 0.0975371
31 51 25.1668 27.4687 2.30196
4 53 26.3642 28.6662 2.30195
12 53 26.0884 28.3904 2.30195
6 0 26.8639 0 -26.8639
3 0 26.8077 0 -26.8077
7 53 27.3259 29.6278 2.30195
49 51 28.2579 30.5599 2.30196
44 57 27.7641 30.066 2.30196
29 52 1146.91 1147.01 0.0975395
16 56 29.6989 32.0008 2.30196
35 55 247.675 249.977 2.30195
21 57 29.1443 31.4462 2.30196
4 53 254.257 256.559 2.30195
0 53 251.206 253.508 2.30195
25 51 1088.39 1088.49 0.102661
49 51 484.044 486.346 2.30196
8 53 250.885 253.187 2.30196
3 54 254.701 257.003 2.30196
49 51 256.151 258.453 2.30196
34 58 249.452 251.754 2.30196
27 55 250.283 252.585 2.30196
31 51 253.06 255.362 2.30196
5 53 462.861 465.163 2.30195
1 0 249.614 0 -249.614
39 52 251.934 254.236 2.30196
42 56 251.109 253.411 2.30196
7 53 255.219 257.521 2.30195
45 51 247.822 250.124 2.30195
28 54 249.111 251.413 2.30196
36 56 249.011 251.313 2.30195
29 52 462.695 464.997 2.30196
17 57 992.051 992.154 0.102661
49 51 988.258 988.361 0.102661
18 57 251.733 254.035 2.30196
23 51 251.979 254.281 2.30195
13 53 251.711 254.013 2.30195
6 0 254.757 0 -254.757
40 52 990.281 990.378 0.0975394
40 52 228.174 230.476 2.30196
43 55 228.638 230.94 2.30195
26 54 229.015 231.317 2.30196
20 57 229.166 231.468 2.30195
19 0 229.626 0 -229.626
17 58 229.945 232.246 2.30196
24 51 231.334 233.636 2.30196
14 54 232.189 234.491 2.30196
41 56 233.244 235.546 2.30196
15 53 233.369 235.671 2.30195
22 57 234.638 236.94 2.30196
29 52 234.802 237.104 2.30196
5 53 234.968 237.27 2.30195
37 56 235.133 237.435 2.30196
30 55 235.76 238.062 2.30196
25 51 236.284 238.586 2.30196
9 54 238.073 240.375 2.30196
48 50 239.576 241.878 2.30196
33 55 240.879 243.181 2.30196
32 52 241.533 243.835 2.30195
11 53 242.284 244.586 2.30195
2 53 242.524 244.826 2.30196
47 56 242.53 244.832 2.30195
10 53 243.141 245.443 2.30196
38 56 243.746 246.048 2.30196
46 50 244.797 247.099 2.30195
35 55 979.782 979.885 0.102658
5 53 967.075 967.173 0.0975367
12 53 253.982 256.284 2.30195
29 52 996.909 997.011 0.102659
34 55 1179.32 1179.5 0.174599
44 57 255.657 257.959 2.30196
21 57 257.038 259.339 2.30196
24 51 1173.44 1173.54 0.0975396
25 51 968.391 968.488 0.0975405
16 56 257.592 259.894 2.30196
22 57 1176.75 1176.84 0.0975418
30 55 967.867 967.964 0.0975405
32 52 469.426 471.728 2.30195
30 55 997.867 997.964 0.0975405
15 53 1175.48 1175.65 0.174594
38 56 1173.62 1173.72 0.102661
35 55 1099.78 1099.88 0.102658
22 57 1086.75 1086.84 0.0975418
30 55 1177.87 1177.96 0.0975405
45 51 979.929 980.027 0.0975383
33 55 1092.99 1093.16 0.174596
5 53 997.075 997.173 0.0975367
11 53 1094.39 1094.49 0.0975371
26 51 1171.12 1171.3 0.174597
44 57 483.551 485.853 2.30196
21 57 484.931 487.233 2.30196
30 55 463.653 465.955 2.30196
35 55 475.569 477.871 2.30195
1 53 477.507 479.809 2.30196
14 54 1174.3 1174.39 0.0975406
0 53 479.099 481.401 2.30195
13 53 479.604 481.906 2.30195
42 56 479.003 481.305 2.30196
7 50 483.112 485.414 2.30196
16 56 485.485 487.787 2.30196
12 53 709.768 712.07 2.30195
46 50 472.69 474.992 2.30195
33 55 468.772 471.074 2.30196
10 54 471.035 473.337 2.30196
47 56 470.424 472.726 2.30195
34 58 477.345 479.647 2.30196
8 0 478.778 0 -478.778
3 51 710.487 712.789 2.30196
37 56 463.026 465.328 2.30196
48 53 467.469 469.771 2.30196
2 53 470.417 472.719 2.30196
39 0 479.827 0 -479.827
5 53 1177.07 1177.17 0.0975367
4 0 482.151 0 -482.151
6 0 482.65 0 -482.65
16 57 713.379 715.681 2.30196
22 57 462.532 464.834 2.30196
25 51 464.177 466.479 2.30196
27 51 478.177 480.479 2.30196
18 57 479.626 481.928 2.30196
3 54 482.594 484.896 2.30196
9 54 465.966 468.268 2.30196
45 51 475.716 478.018 2.30195
23 51 479.873 482.175 2.30195
36 56 476.904 479.206 2.30195
12 53 481.875 484.177 2.30195
29 52 1086.91 1087.01 0.0975395
40 52 456.067 458.369 2.30196
43 55 456.531 458.833 2.30195
26 51 456.908 459.21 2.30196
20 57 457.059 459.361 2.30195
19 0 457.519 0 -457.519
17 57 457.838 460.14 2.30196
24 51 459.227 461.529 2.30196
14 54 460.082 462.384 2.30196
41 56 461.137 463.439 2.30196
15 54 461.262 463.564 2.30196
33 55 975.399 975.573 0.174596
11 53 470.177 472.479 2.30195
38 56 471.639 473.941 2.30196
28 51 477.004 479.306 2.30196
31 51 480.953 483.255 2.30196
18 57 935.413 935.515 0.102663
31 0 708.846 0 -708.846
6 0 710.544 0 -710.544
23 0 707.766 0 -707.766
4 53 710.044 712.346 2.30195
12 53 937.661 937.764 0.102658
39 0 707.72 0 -707.72
6 56 938.437 940.739 2.30196
27 54 933.963 936.265 2.30196
13 53 935.39 937.692 2.30195
4 56 937.937 940.239 2.30196
40 52 683.96 686.262 2.30196
43 55 684.424 686.726 2.30195
26 51 684.802 687.103 2.30196
20 57 684.952 687.254 2.30195
19 57 685.413 687.715 2.30196
17 57 685.731 688.033 2.30196
24 0 687.12 0 -687.12
14 54 687.976 690.277 2.30196
41 56 689.031 691.332 2.30196
15 53 689.156 691.458 2.30195
22 57 690.425 692.727 2.30196
29 52 690.588 692.89 2.30196
5 53 690.755 693.057 2.30195
37 0 690.92 0 -690.92
30 55 691.547 693.849 2.30196
25 51 692.071 694.373 2.30196
9 54 693.859 696.161 2.30196
48 50 695.362 697.664 2.30196
33 58 696.665 698.967 2.30196
32 52 697.32 699.622 2.30195
11 53 698.071 700.373 2.30195
2 0 698.311 0 -698.311
47 56 698.317 700.619 2.30195
10 0 698.928 0 -698.928
38 56 699.533 701.835 2.30196
46 50 700.583 702.885 2.30195
35 55 703.462 705.764 2.30195
45 51 703.609 705.911 2.30195
36 56 704.797 707.099 2.30195
28 52 704.897 707.199 2.30196
34 55 705.238 707.54 2.30196
1 53 705.4 707.702 2.30196
27 52 706.07 708.372 2.30196
8 0 706.671 0 -706.671
42 56 706.896 709.198 2.30196
0 53 706.992 709.294 2.30195
13 53 707.497 709.799 2.30195
18 57 707.519 709.821 2.30196
7 54 711.006 713.308 2.30196
44 58 711.444 713.746 2.30196
21 0 712.824 0 -712.824
20 57 961.272 961.375 0.102658
49 51 711.938 714.24 2.30196
47 0 926.21 0 -926.21
35 55 931.355 931.458 0.102658
17 57 1112.05 1112.15 0.102661
14 54 934.296 934.398 0.102661
22 57 936.745 936.843 0.0975418
45 51 949.929 950.027 0.0975383
47 56 944.637 944.735 0.0975378
38 56 927.426 929.728 2.30196
11 53 925.964 926.067 0.102657
0 0 934.886 0 -934.886
41 56 935.351 935.453 0.10266
11 53 944.391 944.494 0.102657
30 52 937.867 937.964 0.097542
46 50 946.903 947.006 0.102658
33 55 924.559 924.887 0.328708
10 51 926.821 929.123 2.30197
20 57 931.272 931.375 0.102658
44 57 957.764 957.939 0.174596
16 53 941.272 943.574 2.30197
12 53 956.088 956.186 0.097538
25 51 938.391 938.488 0.0975405
35 55 949.782 949.88 0.0975381
34 55 933.131 935.433 2.30196
21 0 940.717 0 -940.717
30 55 1057.87 1057.96 0.0975405
33 55 957.1 957.285 0.184836
46 50 928.476 928.661 0.184834
28 0 932.79 0 -932.79
17 57 932.051 932.226 0.174597
44 57 939.337 939.522 0.184836
41 56 965.351 965.448 0.0975399
45 0 931.502 0 -931.502
7 50 938.899 941.201 2.30196
36 0 932.691 0 -932.691
49 51 939.831 939.934 0.102661
40 52 930.281 930.383 0.102659
18 57 953.84 953.937 0.0975426
29 52 936.909 937.011 0.102659
40 52 911.854 911.956 0.102659
43 55 912.317 912.42 0.102658
26 51 912.695 914.997 2.30196
20 57 912.845 912.948 0.102658
19 56 913.306 915.608 2.30196
17 57 913.624 913.809 0.184837
24 52 915.014 917.316 2.30196
14 54 915.869 916.054 0.184837
41 56 916.924 917.026 0.10266
15 53 917.049 919.351 2.30195
22 57 918.318 918.421 0.102662
29 51 918.482 918.584 0.102663
5 53 918.648 918.751 0.102657
37 56 918.813 921.115 2.30196
30 55 919.44 919.542 0.102661
25 51 919.964 920.067 0.102661
9 54 921.752 924.054 2.30196
48 50 923.255 925.557 2.30196
2 54 926.204 928.506 2.30196
32 52 925.213 927.515 2.30195
23 51 935.659 937.961 2.30195
1 54 933.293 935.595 2.30196
3 51 938.381 940.683 2.30196
39 0 935.614 0 -935.614
42 56 934.789 937.091 2.30196
8 0 934.565 0 -934.565
43 55 930.744 930.847 0.102658
31 0 936.74 0 -936.74
5 53 937.075 937.173 0.0975367
29 52 1056.91 1057.01 0.0975395
14 54 964.296 964.393 0.0975406
49 51 958.258 958.361 0.102661
22 57 966.745 966.843 0.0975418
40 52 1050.28 1050.38 0.0975394
17 57 962.051 962.226 0.174597
40 52 960.281 960.383 0.102659
43 55 960.744 960.842 0.0975378
12 53 1016.09 1016.19 0.097538
45 51 1009.93 1010.03 0.102658
46 50 1006.9 1007.01 0.102658
47 56 1004.64 1004.73 0.0975378
11 53 1004.39 1004.49 0.0975371
29 52 1176.91 1177.01 0.0975395
24 51 1142.91 1143.09 0.184836
49 51 1108.26 1108.36 0.102661
18 57 1013.84 1013.94 0.0975426
49 51 1168.26 1168.36 0.0975412
49 51 1018.26 1018.36 0.102661
44 57 1017.76 1017.94 0.174596
35 55 1009.78 1009.88 0.0975381
7 53 1166.79 1166.89 0.102659
46 50 1036.9 1037.01 0.102658
23 0 1163.55 0 -1163.55
14 54 1024.3 1024.39 0.0975406
20 57 1021.27 1021.38 0.102658
43 55 1020.74 1020.84 0.0975378
41 56 1025.35 1025.45 0.0975399
17 57 1022.05 1022.15 0.0975414
40 52 1020.28 1020.38 0.0975394
29 52 1026.91 1027.01 0.0975395
30 55 1027.87 1027.96 0.0975405
49 51 1048.26 1048.36 0.0975412
25 51 1028.39 1028.49 0.0975405
12 53 1046.09 1046.19 0.097538
44 57 1047.76 1047.94 0.174596
12 53 1076.09 1076.19 0.097538
22 57 1026.75 1026.84 0.0975418
5 53 1027.07 1027.17 0.0975367
43 55 1050.74 1050.84 0.0975378
33 55 1032.99 1033.16 0.174596
47 56 1034.64 1034.74 0.102658
11 53 1034.39 1034.49 0.0975371
12 53 1166.09 1166.19 0.097538
44 57 1167.76 1167.94 0.174596
4 53 1175.99 1176.1 0.102659
35 55 1039.78 1039.88 0.102658
45 51 1039.93 1040.03 0.0975383
18 57 1043.84 1043.94 0.0975426
41 56 1145.35 1145.45 0.0975399
20 57 1051.27 1051.37 0.0975385
5 53 1057.07 1057.17 0.0975367
17 57 1052.05 1052.15 0.102661
35 55 1159.78 1159.88 0.0975381
41 56 1055.35 1055.45 0.0975399
49 51 1078.26 1078.36 0.102661
14 54 1054.3 1054.4 0.102661
22 57 1056.75 1056.84 0.0975418
35 55 1069.78 1069.88 0.102658
25 51 1058.39 1058.49 0.0975405
46 50 1066.9 1067.01 0.102658
18 57 1073.84 1073.94 0.0975426
20 57 1081.27 1081.37 0.0975385
14 54 1084.3 1084.39 0.0975406
44 57 1077.76 1077.94 0.174596
46 50 1156.9 1157 0.0975376
33 55 1062.99 1063.16 0.174596
1 53 1171.35 1171.45 0.10266
47 56 1064.64 1064.73 0.0975378
11 53 1064.39 1064.49 0.0975371
45 51 1069.93 1070.03 0.0975383
20 57 1111.27 1111.37 0.0975385
19 57 1141.2 1143.5 2.30196
14 54 1114.3 1114.39 0.0975406
45 51 1099.93 1100.03 0.0975383
40 52 1080.28 1080.38 0.0975394
17 57 1082.05 1082.15 0.0975414
43 55 1110.74 1110.84 0.0975378
43 55 1080.74 1080.84 0.0975378
25 51 1118.39 1118.49 0.0975405
8 50 1162.46 1164.76 2.30196
39 0 1163.51 0 -1163.51
3 53 1166.27 1168.58 2.30196
9 54 1149.65 1151.95 2.30196
32 52 1153.11 1153.21 0.102658
46 50 1126.9 1127 0.0975376
0 0 1162.78 0 -1162.78
45 51 1129.93 1130.03 0.0975383
34 55 1161.02 1161.21 0.184839
10 54 1154.71 1157.02 2.30196
38 56 1155.32 1155.5 0.184837
6 53 1166.33 1168.63 2.30196
13 0 1163.28 0 -1163.28
29 52 1116.91 1117.01 0.0975395
37 56 1146.71 1146.89 0.184836
30 55 1117.87 1117.96 0.0975405
15 53 1144.94 1145.13 0.184834
22 57 1116.75 1116.84 0.0975418
5 53 1117.07 1117.17 0.0975367
1 53 1161.19 1161.29 0.10266
41 56 1175.35 1175.45 0.0975399
4 53 1165.83 1165.93 0.102659
27 52 1161.86 1164.16 2.30196
35 55 1129.78 1129.88 0.0975381
12 53 1136.09 1136.19 0.097538
31 52 1164.63 1166.93 2.30196
18 57 1133.84 1133.94 0.0975426
42 0 1162.68 0 -1162.68
28 51 1160.68 1162.99 2.30196
48 53 1151.15 1153.45 2.30196
33 55 1122.99 1123.16 0.174596
49 51 1138.26 1138.36 0.102661
37 56 1177.24 1177.34 0.0975399
2 53 1154.1 1154.28 0.184836
47 56 1124.64 1124.73 0.0975378
11 53 1124.39 1124.49 0.0975371
36 56 1160.58 1162.89 2.30195
44 57 1137.76 1137.94 0.174596
5 53 1147.07 1147.17 0.0975367
20 57 1141.27 1141.37 0.0975385
37 57 1165 1165.11 0.102665
45 51 1159.93 1160.03 0.0975383
17 57 1142.05 1142.15 0.0975414
40 52 1140.28 1140.38 0.0975394
14 54 1144.3 1144.39 0.0975406
24 51 1161.21 1161.31 0.10266
43 55 1140.74 1140.84 0.0975378
16 57 1169.17 1171.47 2.30196
22 57 1146.75 1146.84 0.0975418
21 57 1168.61 1170.91 2.30196
33 55 1152.99 1153.16 0.174596
25 51 1148.39 1148.49 0.0975405
18 57 1163.84 1163.94 0.0975426
30 55 1147.87 1147.96 0.0975405
11 0 1154.39 0 -1154.39
47 56 1154.64 1154.73 0.0975378
32 52 1163.27 1163.37 0.102658
1 53 1191.72 1191.82 0.0975405
18 57 1193.84 1193.94 0.0975426
48 53 1379.04 1379.37 0.32871
42 56 1390.58 1392.88 2.30196
25 51 1178.39 1178.49 0.0975405
34 55 1196.61 1196.71 0.102663
28 51 1388.58 1390.88 2.30196
44 57 1197.76 1197.94 0.174596
23 0 1391.45 0 -1391.45
32 52 1183.64 1183.74 0.102658
0 53 1390.67 1392.97 2.30195
47 56 1184.64 1184.73 0.0975378
7 53 1197.33 1197.42 0.0975387
10 53 1382.61 1382.94 0.328709
46 50 1186.9 1187 0.0975376
35 55 1189.78 1189.88 0.0975381
27 51 1389.75 1389.93 0.184838
38 56 1185.85 1185.96 0.102661
36 56 1388.48 1388.58 0.102657
33 55 1182.99 1183.16 0.174596
12 53 1196.09 1196.19 0.097538
9 54 1377.54 1378.16 0.616453
31 52 1392.53 1392.71 0.184838
6 54 1394.22 1396.53 2.30196
8 0 1390.35 0 -1390.35
2 53 1184.63 1184.81 0.174596
11 53 1184.39 1184.49 0.0975371
3 54 1394.17 1394.5 0.328708
39 52 1391.4 1393.7 2.30196
45 51 1189.93 1190.03 0.0975383
13 53 1391.18 1393.48 2.30195
49 51 1198.26 1198.36 0.0975412
4 53 1196.36 1196.46 0.0975389
21 57 1396.5 1397.12 0.616454
16 57 1397.06 1397.39 0.32871
