26 82 0.940303 3.24226 2.30195
53 62 1.54689 3.84885 2.30196
48 63 2.48294 4.78489 2.30195
45 76 2.52433 4.82629 2.30196
12 95 932.122 932.225 0.102659
2 99 2.64083 4.94278 2.30195
6 0 472.741 0 -472.741
13 88 2.24785 4.5498 2.30195
14 96 930.637 930.739 0.102659
25 88 937.483 939.785 2.30195
36 82 478.329 480.631 2.30195
29 73 1068.49 1068.59 0.0975381
8 98 4.60391 6.90586 2.30196
17 96 5.77863 8.08059 2.30195
56 69 4.93331 7.23527 2.30195
19 88 6.2298 8.53176 2.30195
32 67 971.114 971.217 0.102658
24 83 939.571 939.673 0.102658
46 69 971.681 971.783 0.102657
54 78 479.072 481.374 2.30195
39 77 7.4629 9.76486 2.30195
51 90 942.436 942.539 0.102658
8 98 460.39 462.692 2.30196
49 63 935.364 937.666 2.30195
59 92 936.393 936.495 0.102658
18 96 9.43772 11.7397 2.30195
58 91 9.3173 11.6192 2.30195
42 81 8.6185 10.9205 2.30195
4 98 933.425 933.527 0.10266
58 91 969.317 969.42 0.102657
16 96 1154.64 1154.73 0.097538
38 76 10.8186 13.1205 2.30195
2 99 458.427 460.729 2.30195
32 67 11.1139 13.4159 2.30195
46 69 941.681 941.783 0.102657
46 69 11.6808 13.9827 2.30195
0 91 934.444 934.547 0.10266
34 67 481.711 484.013 2.30195
22 88 11.7792 14.0811 2.30195
22 88 923.352 925.654 2.30195
52 84 480.615 482.917 2.30196
9 91 977.352 977.455 0.102659
23 82 13.7028 16.0048 2.30196
51 90 12.4364 14.7383 2.30195
5 99 13.7856 16.0876 2.30195
48 63 1142.48 1142.58 0.0975367
27 66 1018.76 1018.86 0.102658
47 75 476.704 479.006 2.30195
11 88 14.291 16.593 2.30196
16 96 14.6369 16.9389 2.30195
50 63 1096.05 1096.15 0.097537
55 96 15.4588 17.7607 2.30196
44 76 15.2696 17.5716 2.30195
14 96 1009.06 1009.16 0.097539
52 84 1164.3 1164.48 0.184835
35 83 16.2377 18.5396 2.30195
6 99 16.955 19.2569 2.30196
9 91 17.3521 19.654 2.30196
28 66 16.6811 18.9831 2.30195
50 63 16.0548 18.3568 2.30195
44 75 926.843 926.945 0.10266
20 88 936.742 939.044 2.30195
41 81 1009.04 1009.14 0.0975382
55 96 945.459 945.561 0.102659
11 95 974.291 974.389 0.0975383
33 66 17.2436 19.5455 2.30195
37 0 17.5138 0 -17.5138
41 81 19.0446 21.3466 2.30195
14 96 19.0638 21.3657 2.30195
29 73 18.4919 20.7938 2.30195
40 0 19.2025 0 -19.2025
59 92 24.8197 27.1217 2.30195
50 63 927.628 927.73 0.102657
47 75 1010.92 1011.02 0.102658
26 82 977.597 977.925 0.328706
59 92 1014.82 1014.92 0.0975382
16 96 944.637 944.74 0.102658
0 90 478.658 480.96 2.30195
16 96 470.423 472.725 2.30195
30 72 931.81 931.912 0.10266
33 66 928.817 931.118 2.30195
6 99 1166.58 1166.69 0.102659
1 91 19.2934 21.5954 2.30195
33 0 473.03 0 -473.03
30 66 20.2367 22.5386 2.30196
12 95 20.549 22.851 2.30195
9 98 473.139 475.441 2.30196
52 84 936.402 938.704 2.30196
36 82 22.5428 24.8447 2.30195
47 75 20.9176 23.2195 2.30195
5 99 1033.79 1033.88 0.0975385
31 67 941.328 941.43 0.102658
42 81 1088.62 1088.79 0.174594
57 65 22.293 24.5949 2.30195
49 63 23.7914 26.0934 2.30195
4 98 21.8517 24.1537 2.30196
19 88 462.016 464.318 2.30195
15 96 940.148 940.251 0.102657
23 82 469.489 471.791 2.30196
43 82 485.236 487.538 2.30196
50 63 471.841 474.143 2.30195
0 90 22.8712 25.1731 2.30195
24 83 1018 1018.1 0.0975377
52 84 24.8289 27.1308 2.30196
54 78 23.286 25.5879 2.30195
22 88 467.566 469.868 2.30195
16 96 926.21 926.313 0.102658
54 78 983.286 983.389 0.102658
3 98 24.3472 26.6491 2.30195
2 99 1022.64 1022.74 0.0975374
27 66 1078.76 1078.86 0.0975384
10 96 485.739 488.041 2.30195
26 82 456.727 459.029 2.30195
48 63 1022.48 1022.59 0.102657
20 88 25.1687 27.4707 2.30195
0 90 1012.87 1012.97 0.102658
45 76 962.524 962.627 0.10266
34 67 25.9242 28.2261 2.30195
25 82 25.9096 28.2116 2.30196
53 62 961.547 961.65 0.10266
23 82 1033.7 1033.8 0.0975391
27 66 28.7621 31.064 2.30195
24 83 27.9976 30.2995 2.30195
15 96 28.5753 30.8772 2.30195
7 99 28.421 30.7229 2.30195
21 89 28.3656 30.6675 2.30195
1 91 475.08 477.382 2.30195
39 77 919.036 919.365 0.328707
57 65 1012.29 1012.4 0.102658
28 0 472.468 0 -472.468
38 76 466.605 468.907 2.30195
29 73 1128.49 1128.59 0.0975381
31 67 29.7547 32.0566 2.30195
43 82 29.45 31.7519 2.30196
10 96 29.9521 32.2541 2.30195
49 63 479.578 481.88 2.30195
24 83 483.784 486.086 2.30195
27 66 484.549 486.851 2.30195
34 67 937.497 939.799 2.30195
11 95 1034.29 1034.39 0.102658
55 96 927.032 927.134 0.102659
46 69 467.467 469.769 2.30195
1 91 247.187 249.489 2.30195
47 75 248.811 251.113 2.30195
12 95 248.442 250.744 2.30195
21 89 256.259 258.561 2.30195
29 73 1008.49 1008.59 0.0975381
40 76 247.096 249.398 2.30196
30 66 248.13 250.432 2.30196
54 78 251.179 253.481 2.30195
34 67 253.817 256.119 2.30195
27 66 256.655 258.957 2.30195
23 82 943.703 943.805 0.102659
14 96 246.957 249.259 2.30195
4 98 249.745 252.047 2.30196
15 96 256.469 258.77 2.30195
41 81 246.938 249.24 2.30195
0 90 250.764 253.066 2.30195
13 88 458.034 460.336 2.30195
10 96 257.845 260.147 2.30195
53 62 457.333 459.635 2.30196
54 78 934.859 934.962 0.102658
48 63 962.483 962.586 0.102657
26 82 912.513 912.842 0.328706
28 66 1156.15 1156.25 0.102658
45 76 458.311 460.613 2.30196
48 63 458.269 460.571 2.30195
59 92 252.713 255.015 2.30195
24 83 255.891 258.193 2.30195
46 69 923.254 923.439 0.184833
15 96 1078.58 1078.67 0.0975366
26 82 228.834 231.136 2.30195
53 70 229.44 231.742 2.30196
13 88 230.141 232.443 2.30195
48 63 230.376 232.678 2.30195
45 76 230.418 232.72 2.30196
2 99 230.534 232.836 2.30195
17 96 461.565 463.867 2.30195
8 98 232.497 234.799 2.30196
56 69 232.827 235.129 2.30195
17 96 233.672 235.974 2.30195
19 88 234.123 236.425 2.30195
39 77 235.356 237.658 2.30195
42 81 236.512 238.814 2.30195
58 91 237.211 239.512 2.30195
18 96 237.331 239.633 2.30195
38 76 238.712 241.014 2.30195
32 67 239.007 241.309 2.30195
46 69 239.574 241.876 2.30195
22 88 239.672 241.974 2.30195
51 90 240.33 242.632 2.30195
23 82 241.596 243.898 2.30196
5 99 241.679 243.981 2.30195
11 88 242.184 244.486 2.30196
16 96 242.53 244.832 2.30195
44 76 243.163 245.465 2.30195
55 96 243.352 245.654 2.30196
50 63 243.948 246.25 2.30195
35 83 244.131 246.433 2.30195
28 66 244.574 246.876 2.30195
6 99 244.848 247.15 2.30196
33 66 245.137 247.439 2.30195
9 91 245.245 247.547 2.30196
37 70 245.407 247.709 2.30196
29 73 246.385 248.687 2.30195
12 95 1070.55 1070.65 0.0975388
45 76 1022.52 1022.62 0.0975396
21 89 1078.37 1078.46 0.0975371
54 78 1073.29 1073.38 0.0975382
44 76 975.27 975.372 0.102658
43 82 257.343 259.645 2.30196
3 98 252.24 254.542 2.30195
57 65 250.186 252.488 2.30195
36 82 250.436 252.738 2.30195
52 84 252.722 255.024 2.30196
20 88 253.062 255.364 2.30195
49 63 251.685 253.987 2.30195
3 98 935.92 936.023 0.102657
25 82 253.803 256.105 2.30196
51 90 468.223 470.525 2.30195
7 99 256.314 258.616 2.30195
25 88 481.696 483.998 2.30195
39 77 984.119 984.448 0.328707
5 99 973.786 973.883 0.0975385
3 98 480.134 482.436 2.30195
15 96 484.362 486.664 2.30195
59 92 480.606 482.908 2.30195
44 76 945.27 945.372 0.102658
31 67 257.648 259.95 2.30195
30 66 1010.24 1010.33 0.0975392
57 65 478.079 480.381 2.30195
21 89 484.152 486.454 2.30195
4 98 477.638 479.94 2.30196
8 98 934.604 934.707 0.102659
44 76 471.056 473.358 2.30195
57 65 933.866 933.969 0.102658
42 81 464.405 466.707 2.30195
55 96 471.245 473.547 2.30196
32 67 922.687 922.79 0.102658
32 67 466.9 469.202 2.30195
46 69 1151.68 1151.78 0.0975374
29 73 930.065 930.168 0.102658
38 76 922.392 924.694 2.30195
14 96 474.85 477.152 2.30195
51 90 924.009 924.112 0.102658
51 90 1092.44 1092.53 0.0975377
35 83 946.238 946.335 0.0975381
56 69 460.72 463.022 2.30195
10 96 1019.95 1020.05 0.102658
9 91 1007.35 1007.45 0.0975391
41 81 979.045 979.147 0.102658
29 73 474.278 476.58 2.30195
5 99 469.572 471.874 2.30195
21 89 939.939 940.041 0.102657
30 66 980.237 980.334 0.0975392
9 91 928.925 929.028 0.102659
2 99 962.641 962.743 0.102657
40 75 474.989 477.291 2.30195
39 77 463.249 465.551 2.30195
31 67 485.541 487.843 2.30195
58 91 465.104 467.406 2.30195
35 83 472.024 474.326 2.30195
7 99 484.207 486.509 2.30195
18 96 465.224 467.526 2.30195
11 95 470.078 472.379 2.30195
37 70 473.3 475.602 2.30196
41 81 474.831 477.133 2.30195
30 66 476.023 478.325 2.30196
12 95 476.336 478.637 2.30195
20 88 480.955 483.257 2.30195
10 95 713.632 715.934 2.30195
10 96 1079.95 1080.05 0.0975381
18 96 921.011 923.313 2.30195
55 96 1005.46 1005.56 0.0975392
11 95 944.291 944.389 0.0975383
8 98 1024.6 1024.71 0.102659
24 83 1168 1168.1 0.0975377
47 75 932.491 932.593 0.102658
5 99 1093.79 1093.88 0.0975385
47 75 980.918 981.015 0.0975377
14 96 979.064 979.166 0.102659
50 63 1006.05 1006.16 0.102657
42 81 1028.62 1028.79 0.174594
16 96 974.637 974.734 0.097538
17 96 1025.78 1025.88 0.0975375
40 75 930.776 933.077 2.30195
23 82 973.703 973.805 0.102659
6 99 928.528 930.83 2.30196
47 75 1070.92 1071.02 0.102658
28 66 928.254 930.556 2.30195
1 91 930.866 933.168 2.30195
20 88 708.848 711.15 2.30195
19 88 917.803 920.105 2.30195
37 76 929.087 931.389 2.30195
12 95 1010.55 1010.65 0.0975388
52 84 708.509 710.811 2.30196
34 67 709.604 711.906 2.30195
23 82 925.276 925.378 0.102659
5 99 925.359 925.461 0.102658
59 92 708.499 710.801 2.30195
25 88 709.589 711.891 2.30195
17 96 917.352 917.454 0.102657
56 69 916.506 916.835 0.328707
8 98 916.177 916.28 0.102659
2 99 914.214 914.316 0.102657
45 76 914.097 914.282 0.184836
48 63 914.056 914.159 0.102657
13 88 913.821 914.006 0.184834
53 62 913.12 913.223 0.10266
10 96 941.525 941.628 0.102658
42 81 920.191 920.376 0.184834
31 67 1019.75 1019.86 0.102658
54 78 1013.29 1013.38 0.0975382
26 82 684.62 686.922 2.30195
53 62 685.227 687.529 2.30196
13 88 685.928 688.23 2.30195
48 63 686.163 688.465 2.30195
45 76 686.204 688.506 2.30196
2 99 686.321 688.623 2.30195
8 98 688.284 690.586 2.30196
56 69 688.613 690.915 2.30195
17 96 689.458 691.76 2.30195
19 89 689.91 692.212 2.30196
39 77 691.143 693.445 2.30195
42 81 692.298 694.6 2.30195
58 91 692.997 695.299 2.30195
18 0 693.117 0 -693.117
38 76 694.498 696.8 2.30195
32 67 694.794 697.096 2.30195
46 69 695.361 697.662 2.30195
22 88 695.459 697.761 2.30195
51 90 696.116 698.418 2.30195
23 82 697.383 699.685 2.30196
5 99 697.465 699.767 2.30195
11 95 697.971 700.273 2.30195
16 96 698.317 700.619 2.30195
44 75 698.949 701.251 2.30196
55 97 699.139 701.44 2.30196
50 63 699.735 702.037 2.30195
35 83 699.917 702.219 2.30195
28 66 700.361 702.663 2.30195
6 91 700.635 702.937 2.30196
33 66 700.923 703.225 2.30195
9 98 701.032 703.334 2.30196
37 76 701.194 703.495 2.30195
29 73 702.172 704.474 2.30195
41 81 702.724 705.026 2.30195
14 95 702.744 705.045 2.30196
40 76 702.882 705.184 2.30196
1 91 702.973 705.275 2.30195
30 66 703.916 706.218 2.30196
12 95 704.229 706.531 2.30195
47 75 704.597 706.899 2.30195
4 91 705.531 707.833 2.30196
57 65 705.973 708.275 2.30195
36 82 706.223 708.524 2.30195
0 90 706.551 708.853 2.30195
54 78 706.966 709.268 2.30195
49 63 707.471 709.773 2.30195
3 98 708.027 710.329 2.30195
44 76 1005.27 1005.37 0.102658
7 99 939.994 940.097 0.102656
4 98 1011.85 1011.95 0.10266
29 73 978.492 978.589 0.0975381
10 96 1169.95 1170.05 0.0975381
50 63 946.055 946.157 0.102657
56 69 1174.93 1175.03 0.0975389
21 89 712.045 714.347 2.30195
7 98 712.101 714.403 2.30196
58 91 939.317 939.42 0.102657
24 83 711.677 713.979 2.30195
43 82 713.13 715.432 2.30196
26 82 945.055 945.384 0.328706
32 67 941.114 941.217 0.102658
27 66 712.442 714.744 2.30195
15 96 712.255 714.557 2.30195
7 99 1078.42 1078.52 0.0975363
43 82 941.023 941.208 0.184835
27 66 940.335 940.438 0.102658
58 91 920.89 920.993 0.102657
35 77 927.811 927.913 0.10266
13 88 1082.25 1082.35 0.102658
31 67 713.434 715.736 2.30195
11 95 925.864 925.967 0.102658
35 83 976.238 976.335 0.0975381
36 76 934.116 936.418 2.30196
41 81 930.618 930.72 0.102658
45 76 932.524 932.627 0.10266
17 96 965.779 965.876 0.0975375
12 95 980.549 980.647 0.0975388
11 95 1004.29 1004.39 0.0975383
59 92 1134.82 1134.92 0.0975382
55 96 975.459 975.561 0.102659
25 88 1165.38 1165.56 0.184834
8 98 1084.6 1084.71 0.102659
53 62 931.547 931.65 0.10266
1 91 1158.76 1158.86 0.102658
35 83 1006.24 1006.34 0.0975381
51 90 972.436 972.539 0.102658
43 82 1079.45 1079.55 0.0975393
13 88 932.248 932.422 0.174594
0 90 982.871 982.974 0.102658
38 76 1150.28 1150.39 0.102658
13 88 1022.25 1022.35 0.0975376
43 82 1019.45 1019.55 0.0975393
57 65 982.293 982.396 0.102658
56 69 967.346 967.449 0.102659
8 98 964.604 964.701 0.0975391
26 82 1028.44 1028.61 0.174594
44 76 1095.27 1095.37 0.0975381
56 69 1024.93 1025.03 0.0975389
56 69 1084.93 1085.03 0.0975389
15 96 1018.58 1018.67 0.0975366
42 81 968.619 968.793 0.174594
48 63 932.483 932.586 0.102657
2 98 932.641 932.743 0.102659
24 83 1138 1138.1 0.0975377
44 76 1125.27 1125.37 0.0975381
13 88 962.248 962.351 0.102658
34 67 1175.55 1175.66 0.102659
6 99 1156.42 1156.52 0.102659
17 96 935.779 935.881 0.102657
4 98 1071.85 1071.95 0.10266
3 98 1014.35 1014.45 0.102657
56 69 949.048 949.233 0.184835
42 81 938.619 938.793 0.174594
7 99 958.421 958.524 0.102656
50 63 976.055 976.157 0.102657
5 99 943.786 943.888 0.102658
39 77 951.578 951.906 0.328707
41 81 949.045 949.147 0.102658
29 73 948.492 948.595 0.102658
3 98 954.347 954.45 0.102657
12 95 950.549 950.652 0.102659
55 96 1155.46 1155.56 0.0975392
9 91 947.352 947.455 0.102659
47 75 950.918 951.015 0.0975377
4 98 981.852 981.954 0.10266
16 96 1034.64 1034.73 0.097538
59 92 954.82 954.922 0.102658
27 66 958.762 958.865 0.102658
14 96 949.064 949.166 0.102659
0 90 952.871 952.974 0.102658
56 69 1144.93 1145.03 0.0975389
55 96 1095.46 1095.56 0.0975392
53 62 1081.55 1081.64 0.0975397
32 67 1031.11 1031.21 0.0975376
41 81 1069.04 1069.14 0.0975382
39 77 1049.2 1049.53 0.328707
2 99 1082.64 1082.74 0.0975374
44 76 1035.27 1035.37 0.0975381
53 62 1021.55 1021.64 0.0975397
55 96 1035.46 1035.56 0.0975392
31 67 959.755 959.857 0.102658
4 98 951.852 951.954 0.10266
5 99 1003.79 1003.88 0.0975385
30 66 950.237 950.339 0.102659
21 89 958.366 958.468 0.102657
24 83 957.998 958.1 0.102658
10 96 959.952 960.055 0.102658
15 96 958.575 958.678 0.102657
57 65 952.293 952.396 0.102658
43 82 959.45 959.553 0.102659
54 78 953.286 953.389 0.102658
17 96 1085.78 1085.88 0.0975375
53 62 1141.55 1141.64 0.0975397
15 96 988.575 988.673 0.0975366
45 76 1082.52 1082.62 0.0975396
47 75 1130.92 1131.02 0.0975377
7 99 988.421 988.519 0.0975363
59 92 984.82 984.917 0.0975382
3 98 984.347 984.45 0.102657
32 67 1091.11 1091.21 0.0975376
50 63 1036.05 1036.15 0.097537
46 69 1031.68 1031.78 0.0975374
58 91 1029.32 1029.41 0.0975371
30 66 1130.24 1130.33 0.0975392
21 89 988.366 988.463 0.0975371
27 66 988.762 988.865 0.102658
24 83 987.998 988.1 0.102658
48 63 1082.48 1082.58 0.0975367
31 67 1079.75 1079.85 0.0975376
26 82 1080.94 1081.11 0.174594
43 82 989.45 989.547 0.0975393
36 82 1162.01 1164.31 2.30195
21 89 1138.37 1138.46 0.0975371
31 67 989.755 989.857 0.102658
45 76 992.524 992.622 0.0975396
53 62 991.547 991.644 0.0975397
2 99 992.641 992.738 0.0975374
52 84 1182.59 1182.7 0.102659
49 63 1163.26 1163.36 0.102657
9 91 1127.35 1127.45 0.0975391
34 67 1165.39 1165.49 0.102659
48 63 1052.48 1052.58 0.0975367
26 82 1010.14 1010.32 0.184834
48 63 992.483 992.586 0.102657
10 96 989.952 990.055 0.102658
39 77 1016.66 1016.99 0.328707
13 88 992.248 992.345 0.0975376
51 90 1032.44 1032.53 0.0975377
7 99 1018.42 1018.52 0.0975363
21 89 1018.37 1018.46 0.0975371
46 69 1181.68 1181.78 0.0975374
16 96 1004.64 1004.73 0.097538
8 98 994.604 994.707 0.102659
46 69 1091.68 1091.78 0.0975374
23 82 1003.7 1003.81 0.102659
42 81 998.619 998.793 0.174594
58 91 999.317 999.42 0.102657
37 76 1156.98 1157.08 0.102657
4 98 1131.85 1131.95 0.0975396
18 96 1159.07 1159.17 0.102657
3 98 1074.35 1074.44 0.0975373
23 82 1093.7 1093.8 0.0975391
46 69 1001.68 1001.78 0.102657
51 90 1002.44 1002.53 0.0975377
35 83 1036.24 1036.34 0.0975381
32 67 1001.11 1001.22 0.102658
17 96 995.779 995.876 0.0975375
56 69 994.933 995.036 0.102659
17 96 1145.78 1145.88 0.0975375
3 98 1044.35 1044.44 0.0975373
30 66 1040.24 1040.33 0.0975392
12 95 1040.55 1040.65 0.0975388
29 73 1038.49 1038.59 0.0975381
14 96 1039.06 1039.16 0.097539
14 96 1159.06 1159.16 0.097539
11 95 1094.29 1094.39 0.102658
21 89 1048.37 1048.46 0.0975371
47 75 1040.92 1041.02 0.102658
0 90 1042.87 1042.97 0.0975384
59 92 1044.82 1044.92 0.0975382
9 91 1037.35 1037.45 0.0975391
7 99 1048.42 1048.52 0.0975363
41 81 1039.04 1039.14 0.0975382
15 96 1048.58 1048.67 0.0975366
50 63 1156.05 1156.15 0.097537
30 66 1070.24 1070.34 0.102659
13 88 1112.25 1112.35 0.102658
11 95 1124.29 1124.39 0.102658
39 77 1114.29 1114.61 0.328707
19 88 1145.7 1145.88 0.184833
3 98 1134.35 1134.44 0.0975373
16 96 1094.64 1094.73 0.097538
57 65 1072.29 1072.39 0.0975375
24 83 1078 1078.1 0.0975377
35 83 1126.24 1126.34 0.0975381
58 91 1149.32 1149.41 0.0975371
23 82 1153.7 1153.8 0.0975391
7 99 1138.42 1138.52 0.0975363
24 83 1048 1048.1 0.0975377
54 78 1043.29 1043.38 0.0975382
4 98 1041.85 1041.95 0.10266
27 66 1048.76 1048.86 0.102658
57 65 1042.29 1042.39 0.0975375
57 65 1132.29 1132.39 0.0975375
35 83 1096.24 1096.34 0.0975381
31 67 1139.75 1139.85 0.0975376
54 78 1133.29 1133.38 0.0975382
58 91 1119.32 1119.41 0.0975371
9 91 1067.35 1067.45 0.0975391
2 99 1112.64 1112.74 0.0975374
44 76 1155.27 1155.37 0.0975381
18 96 1179.44 1179.54 0.102657
0 90 1132.87 1132.97 0.0975384
32 67 1151.11 1151.21 0.0975376
31 67 1169.75 1169.85 0.0975376
10 96 1139.95 1140.05 0.0975381
59 92 1074.82 1074.92 0.0975382
26 82 1050.94 1051.11 0.174594
31 67 1049.75 1049.85 0.0975376
53 62 1051.55 1051.64 0.0975397
43 82 1049.45 1049.55 0.0975393
17 96 1115.78 1115.88 0.0975375
16 96 1124.64 1124.73 0.097538
12 95 1130.55 1130.65 0.0975388
56 69 1114.93 1115.03 0.0975389
27 66 1138.76 1138.86 0.0975384
43 82 1139.45 1139.55 0.0975393
15 96 1168.58 1168.67 0.0975366
20 88 1164.63 1164.74 0.102657
2 99 1052.64 1052.74 0.0975374
10 96 1049.95 1050.05 0.0975381
17 96 1055.78 1055.88 0.0975375
45 76 1052.52 1052.62 0.0975396
11 95 1064.29 1064.39 0.102658
42 81 1058.62 1058.79 0.174594
8 98 1054.6 1054.71 0.102659
39 77 1081.74 1082.07 0.328707
5 99 1063.79 1063.88 0.0975385
56 69 1054.93 1055.03 0.0975389
32 67 1061.11 1061.21 0.0975376
50 63 1066.05 1066.15 0.097537
23 82 1063.7 1063.8 0.0975391
46 69 1061.68 1061.78 0.0975374
58 91 1059.32 1059.41 0.0975371
22 88 1151.25 1151.57 0.328707
16 96 1064.64 1064.73 0.097538
14 96 1069.06 1069.16 0.097539
51 90 1062.44 1062.53 0.0975377
44 76 1065.27 1065.37 0.0975381
8 98 1114.6 1114.7 0.0975391
13 88 1052.25 1052.35 0.102658
35 83 1066.24 1066.34 0.0975381
0 90 1072.87 1072.97 0.0975384
55 96 1065.46 1065.56 0.0975392
58 91 1089.32 1089.41 0.0975371
44 76 1185.27 1185.37 0.0975381
30 66 1100.24 1100.34 0.102659
14 96 1099.06 1099.16 0.097539
29 73 1098.49 1098.59 0.0975381
12 95 1100.55 1100.65 0.0975388
0 90 1102.87 1102.97 0.0975384
47 75 1100.92 1101.02 0.0975377
41 81 1099.04 1099.14 0.0975382
9 91 1097.35 1097.45 0.0975391
53 62 1171.55 1171.64 0.0975397
39 77 1179.37 1179.7 0.328707
18 96 1148.9 1149.01 0.102657
32 67 1181.11 1181.21 0.0975376
5 99 1153.79 1153.88 0.0975385
19 88 1163.99 1164.1 0.102657
8 98 1144.6 1144.7 0.0975391
2 99 1142.64 1142.74 0.0975374
15 96 1138.58 1138.67 0.0975366
59 92 1104.82 1104.92 0.0975382
43 82 1109.45 1109.55 0.0975393
21 89 1108.37 1108.46 0.0975371
27 66 1108.76 1108.86 0.0975384
45 76 1112.52 1112.62 0.0975396
4 98 1101.85 1101.95 0.10266
57 65 1102.29 1102.39 0.0975375
39 77 1146.83 1147.16 0.328707
8 98 1174.6 1174.71 0.102659
26 82 1140.94 1141.11 0.174594
45 76 1142.52 1142.62 0.0975396
51 90 1122.44 1122.53 0.0975377
40 75 1158.67 1158.77 0.102659
7 99 1108.42 1108.52 0.0975363
31 67 1109.75 1109.85 0.0975376
48 63 1112.48 1112.58 0.0975367
24 83 1108 1108.1 0.0975377
3 98 1104.35 1104.44 0.0975373
15 96 1108.58 1108.67 0.0975366
54 78 1103.29 1103.38 0.0975382
13 88 1142.25 1142.35 0.102658
58 91 1179.32 1179.41 0.0975371
26 82 1170.94 1171.11 0.174594
53 62 1111.55 1111.64 0.0975397
51 90 1152.44 1152.53 0.0975377
46 69 1121.68 1121.78 0.0975374
26 82 1110.94 1111.11 0.174594
32 67 1121.11 1121.21 0.0975376
10 96 1109.95 1110.05 0.0975381
42 81 1118.62 1118.79 0.174594
23 82 1123.7 1123.8 0.0975391
5 99 1123.79 1123.88 0.0975385
33 66 1156.71 1156.81 0.102658
50 63 1126.05 1126.15 0.097537
55 96 1125.46 1125.56 0.0975392
41 81 1129.04 1129.14 0.0975382
54 78 1163.29 1163.38 0.0975382
14 96 1129.06 1129.16 0.097539
42 81 1148.62 1148.79 0.174594
38 76 1160.45 1160.55 0.102658
11 95 1154.29 1154.39 0.102658
19 88 1176.23 1176.33 0.0975373
48 63 1172.48 1172.58 0.0975367
50 63 1186.05 1186.15 0.097537
5 99 1183.79 1183.88 0.0975385
23 82 1183.7 1183.8 0.0975391
42 81 1178.62 1178.79 0.174594
55 96 1185.46 1185.56 0.0975392
35 83 1156.24 1156.34 0.0975381
29 73 1158.49 1158.59 0.0975381
33 66 1166.87 1166.98 0.102658
35 83 1186.24 1186.34 0.0975381
17 96 1175.78 1175.88 0.0975375
43 82 1169.45 1169.55 0.0975393
9 91 1157.35 1157.45 0.0975391
16 96 1184.64 1184.73 0.097538
41 81 1159.04 1159.14 0.0975382
11 95 1184.29 1184.39 0.102658
45 76 1172.52 1172.62 0.0975396
2 99 1172.64 1172.74 0.0975374
1 91 1168.92 1169.03 0.102658
12 95 1160.55 1160.65 0.0975388
47 75 1160.92 1161.02 0.0975377
30 66 1160.24 1160.33 0.0975392
0 90 1162.87 1162.97 0.0975384
3 98 1164.35 1164.44 0.0975373
57 65 1162.29 1162.39 0.0975375
49 63 1173.42 1173.52 0.102657
7 99 1168.42 1168.52 0.0975363
51 90 1182.44 1182.53 0.0975377
21 89 1168.37 1168.46 0.0975371
27 66 1168.76 1168.86 0.0975384
4 98 1161.85 1161.95 0.0975396
59 92 1164.82 1164.92 0.0975382
13 88 1172.25 1172.35 0.0975376
22 88 1183.79 1183.97 0.184835
38 76 1180.82 1180.92 0.097538
20 88 1174.8 1174.9 0.102657
33 66 1187.24 1187.35 0.102658
6 99 1186.95 1187.06 0.102659
37 76 1187.51 1187.61 0.0975373
43 82 1199.45 1199.55 0.0975393
9 91 1187.35 1187.45 0.0975391
28 66 1186.68 1186.78 0.0975383
1 91 1189.29 1189.4 0.102658
40 75 1189.2 1189.3 0.0975388
0 90 1192.87 1192.97 0.0975384
12 95 1190.55 1190.65 0.0975388
29 73 1188.49 1188.59 0.0975381
14 96 1189.06 1189.16 0.097539
7 99 1198.42 1198.52 0.0975363
41 81 1189.04 1189.14 0.0975382
59 92 1194.82 1194.92 0.0975382
36 82 1389.9 1390.23 0.328705
30 66 1190.24 1190.33 0.0975392
47 75 1190.92 1191.02 0.0975377
52 84 1194.83 1194.93 0.102659
20 88 1195.17 1195.27 0.097537
49 63 1193.79 1193.89 0.102657
25 88 1195.91 1196.08 0.174594
3 98 1194.35 1194.44 0.0975373
21 89 1198.37 1198.46 0.0975371
54 78 1193.29 1193.38 0.0975382
34 67 1195.92 1196.03 0.102659
57 65 1192.29 1192.39 0.0975375
27 66 1198.76 1198.86 0.0975384
31 67 1199.75 1199.85 0.0975376
4 98 1191.85 1191.95 0.0975396
10 96 1199.95 1200.05 0.0975381
15 96 1198.58 1198.67 0.0975366
24 83 1198 1198.1 0.0975377
