17 20 0.384378 2.68633 2.30196
10 29 2.50266 4.80462 2.30196
4 29 12.0293 14.3312 2.30195
11 30 5.94644 8.24839 2.30196
9 25 11.6451 13.9471 2.30196
13 23 10.5412 12.8432 2.30196
6 29 8.23748 10.5394 2.30195
9 25 1151.65 1151.82 0.174596
14 26 9.23956 11.5415 2.30196
1 25 11.7014 14.0034 2.30195
15 31 9.89031 12.1923 2.30195
3 25 1107.78 1107.96 0.174595
3 25 1022.74 1022.91 0.174595
12 37 11.2262 13.5282 2.30195
8 25 10.6863 12.9882 2.30196
7 29 989.313 989.487 0.174596
19 35 14.9727 17.2747 2.30195
16 21 22.7827 25.0847 2.30195
5 29 22.9769 25.2788 2.30195
18 32 19.8395 22.1415 2.30196
2 29 22.4668 24.7687 2.30196
10 29 1036.13 1036.75 0.616453
4 29 1152.03 1152.13 0.0975382
0 25 23.5506 25.8526 2.30196
7 29 26.8995 29.2015 2.30196
3 25 27.7828 30.0848 2.30195
13 23 1090.54 1090.64 0.0975394
10 29 1194.79 1195.11 0.328709
2 29 250.36 252.662 2.30196
13 23 1150.54 1150.64 0.0975394
18 32 247.733 250.035 2.30196
3 25 1167.78 1167.96 0.174595
15 31 465.677 467.979 2.30195
17 20 228.278 230.58 2.30196
10 29 230.396 232.698 2.30196
11 30 233.84 236.142 2.30196
6 29 236.131 238.433 2.30195
14 26 237.133 239.435 2.30196
15 31 237.784 240.086 2.30195
13 23 238.434 240.736 2.30196
8 25 238.58 240.881 2.30196
12 37 239.119 241.421 2.30195
9 25 239.538 241.84 2.30196
1 25 239.595 241.897 2.30195
4 29 239.923 242.224 2.30195
19 35 242.866 245.168 2.30195
12 37 1031.23 1031.33 0.102658
19 35 1004.97 1005.08 0.102657
5 29 250.87 253.172 2.30195
0 24 251.444 253.746 2.30196
16 21 250.676 252.978 2.30195
3 25 255.676 257.978 2.30195
7 29 254.793 257.095 2.30196
13 23 466.328 468.63 2.30196
14 26 465.026 467.328 2.30196
3 25 1077.78 1077.96 0.174595
15 31 1029.89 1029.99 0.0975367
11 30 1133.15 1133.47 0.328707
1 25 1161.33 1161.43 0.102659
4 29 467.816 470.118 2.30195
5 29 1102.98 1103.08 0.102658
5 29 982.977 983.074 0.0975377
12 37 1001.23 1001.33 0.102658
10 29 1162.24 1162.57 0.328709
19 35 1094.97 1095.08 0.102657
5 29 478.763 481.065 2.30195
5 29 1162.98 1163.07 0.0975377
8 0 466.473 0 -466.473
18 32 475.626 477.928 2.30196
7 29 1166.9 1167.07 0.174596
7 29 482.686 484.988 2.30196
3 25 1137.78 1137.96 0.174595
16 21 1132.78 1132.88 0.0975368
6 29 464.024 466.326 2.30195
16 21 478.569 480.871 2.30195
2 29 1161.93 1162.55 0.616453
17 20 456.171 458.473 2.30196
10 29 458.289 460.591 2.30196
11 30 461.733 464.035 2.30196
9 25 1091.65 1091.82 0.174596
15 31 999.89 999.988 0.0975367
4 29 1002.03 1002.13 0.0975382
3 25 483.569 485.871 2.30195
9 25 467.432 469.734 2.30196
1 25 467.488 469.79 2.30195
12 37 467.013 469.315 2.30195
19 35 470.759 473.061 2.30195
0 0 479.337 0 -479.337
7 28 710.579 712.881 2.30196
2 0 478.253 0 -478.253
9 25 1001.65 1001.82 0.174596
11 30 1165.69 1165.87 0.184835
13 23 1030.54 1030.64 0.102659
17 20 684.064 686.366 2.30196
10 29 686.182 688.484 2.30196
11 30 689.626 691.928 2.30196
6 29 691.917 694.219 2.30195
14 27 692.919 695.221 2.30196
15 31 693.57 695.872 2.30195
13 23 694.221 696.523 2.30196
8 0 694.366 0 -694.366
12 37 694.906 697.208 2.30195
9 29 695.325 697.627 2.30196
1 0 695.381 0 -695.381
4 29 695.709 698.011 2.30195
19 35 698.652 700.954 2.30195
18 32 703.519 705.821 2.30196
2 29 706.147 708.448 2.30196
16 21 706.462 708.764 2.30195
5 29 706.657 708.959 2.30195
0 24 707.23 709.532 2.30196
19 35 977.386 977.488 0.102657
10 29 1129.7 1130.03 0.328709
7 29 1016.9 1017.07 0.174596
4 29 1092.03 1092.13 0.0975382
19 35 926.546 926.874 0.328705
2 29 934.04 936.342 2.30196
16 21 934.356 934.458 0.102657
3 25 711.463 713.764 2.30195
15 31 1119.89 1119.99 0.0975367
6 29 1147.7 1148.03 0.328705
17 20 1042.12 1042.74 0.616451
5 29 1012.98 1013.07 0.0975377
16 21 1012.78 1012.89 0.102657
3 25 1004.44 1004.62 0.184835
12 37 1121.23 1121.32 0.0975378
5 29 1132.98 1133.08 0.102658
13 23 1000.54 1000.64 0.102659
17 20 1164.18 1164.51 0.328707
19 35 1154.97 1155.07 0.0975372
12 37 1151.23 1151.32 0.0975378
15 31 1149.89 1149.99 0.0975367
14 26 1148.71 1148.81 0.102661
8 24 1150.15 1152.45 2.30196
16 21 982.783 982.885 0.102657
0 25 935.124 937.426 2.30196
4 32 923.602 923.705 0.102663
11 30 1039.58 1040.19 0.616451
7 29 1136.9 1137.07 0.174596
5 29 934.55 934.653 0.102658
3 25 939.356 939.684 0.328707
17 20 911.957 913.272 1.31482
10 29 914.076 914.692 0.616453
11 30 917.519 918.136 0.616451
6 29 919.81 922.112 2.30195
14 26 920.813 923.115 2.30196
15 31 921.463 921.566 0.102657
13 23 922.114 922.217 0.102659
8 25 922.259 924.561 2.30196
12 37 922.799 922.902 0.102658
9 25 923.218 923.403 0.184836
1 25 923.274 925.576 2.30195
7 29 938.473 938.801 0.328708
13 23 970.541 970.644 0.102659
4 29 942.029 942.127 0.0975382
13 23 940.541 940.644 0.102659
9 25 941.645 941.82 0.174596
5 29 952.977 953.074 0.0975377
18 32 931.412 932.727 1.31482
15 31 939.89 939.993 0.102657
9 25 971.645 971.82 0.174596
12 37 971.226 971.329 0.102658
16 21 952.783 952.885 0.102657
12 37 941.226 941.329 0.102658
19 35 959.087 959.272 0.184833
7 29 971.014 971.199 0.184836
3 25 971.897 972.226 0.328707
4 29 972.029 972.127 0.0975382
11 30 978.548 979.164 0.616451
15 31 969.89 969.993 0.102657
10 29 975.104 975.72 0.616453
9 25 1031.65 1031.82 0.174596
4 29 1032.03 1032.13 0.0975382
5 29 1042.98 1043.07 0.0975377
16 21 1042.78 1042.88 0.0975368
16 21 1162.78 1162.88 0.0975368
12 37 1061.23 1061.32 0.0975378
19 35 1034.97 1035.08 0.102657
7 29 1076.9 1077.07 0.174596
3 25 1047.78 1047.96 0.174595
1 25 1151.17 1151.27 0.102659
9 25 1061.65 1061.82 0.174596
7 29 1046.9 1047.07 0.174596
13 23 1120.54 1120.64 0.0975394
10 29 1097.16 1097.49 0.328709
4 29 1062.03 1062.13 0.0975382
13 23 1060.54 1060.64 0.0975394
19 35 1064.97 1065.08 0.102657
5 29 1072.98 1073.08 0.102658
18 32 1061.58 1062.89 1.31482
16 21 1102.78 1102.88 0.0975368
9 25 1121.65 1121.82 0.174596
15 31 1089.89 1089.99 0.0975367
11 30 1100.6 1100.93 0.328707
7 29 1106.9 1107.07 0.174596
0 25 1163.02 1163.35 0.328709
19 35 1124.97 1125.07 0.0975372
12 37 1091.23 1091.32 0.0975378
16 21 1072.78 1072.88 0.0975368
15 31 1059.89 1059.99 0.0975367
4 29 1122.03 1122.13 0.0975382
17 20 1103.15 1103.77 0.616451
9 25 1181.65 1181.82 0.174596
19 35 1184.97 1185.07 0.0975372
3 25 1197.78 1197.96 0.174595
12 37 1181.23 1181.32 0.0975378
13 23 1180.54 1180.64 0.0975394
4 29 1182.03 1182.13 0.0975382
8 25 1378.05 1378.37 0.328708
1 25 1181.7 1181.8 0.102659
15 31 1179.89 1179.99 0.0975367
14 26 1179.24 1179.34 0.097541
11 30 1183.99 1184.16 0.174595
17 20 1196.72 1196.91 0.184835
6 29 1180.25 1180.57 0.328705
18 32 1191.75 1193.06 1.31482
0 25 1195.56 1195.74 0.184837
7 29 1196.9 1197.07 0.174596
2 29 1222.96 1223.58 0.616453
16 21 1192.78 1192.88 0.0975368
5 29 1192.98 1193.07 0.0975377
