2 10 0.692307 2.99428 2.30197
8 10 2.34055 4.64252 2.30197
6 10 16.1004 18.4024 2.30197
4 10 15.6815 17.9835 2.30197
5 10 16.7268 19.0287 2.30196
1 10 20.4314 22.7333 2.30197
3 10 21.6743 23.9763 2.30197
0 10 23.6598 25.9618 2.30196
7 0 25.8241 0 -25.8241
9 10 26.0434 28.3453 2.30196
1 10 248.325 250.627 2.30197
7 0 253.717 0 -253.717
3 0 477.461 0 -477.461
9 10 709.723 712.025 2.30196
0 10 479.446 481.748 2.30196
3 0 249.568 0 -249.568
4 0 927.255 0 -927.255
0 10 251.553 253.855 2.30196
2 10 228.586 230.888 2.30197
8 10 230.234 232.536 2.30197
4 10 243.575 245.877 2.30197
6 0 243.994 0 -243.994
5 10 244.62 246.922 2.30196
9 10 253.937 256.239 2.30196
1 10 476.218 478.52 2.30197
0 0 935.233 0 -935.233
4 0 471.468 0 -471.468
6 10 471.887 474.189 2.30197
7 10 481.611 483.913 2.30197
9 10 481.83 484.132 2.30196
6 10 1383.46 1385.76 2.30197
2 10 456.479 458.781 2.30197
8 10 458.127 460.429 2.30197
5 10 472.513 474.815 2.30196
5 10 989.328 989.945 0.61646
7 10 709.504 711.806 2.30197
7 0 1393.18 0 -1393.18
7 0 937.397 0 -937.397
8 10 1044.08 1045.4 1.31483
2 10 684.372 686.674 2.30197
8 10 686.02 688.322 2.30197
4 0 699.361 0 -699.361
6 0 699.78 0 -699.78
5 10 700.406 702.708 2.30196
1 0 704.111 0 -704.111
3 0 705.354 0 -705.354
0 10 707.34 709.642 2.30196
1 10 932.004 934.306 2.30197
5 10 1050.36 1050.97 0.61646
1 10 1387.79 1389.11 1.31483
8 10 1174.25 1175.56 1.31483
9 10 1196.04 1196.14 0.0975443
2 10 912.265 914.567 2.30197
8 10 913.914 915.228 1.31483
6 0 927.673 0 -927.673
5 10 928.3 928.916 0.61646
3 0 933.247 0 -933.247
9 10 937.616 939.918 2.30196
2 10 1368.05 1370.35 2.30197
9 10 1183.81 1183.91 0.102664
3 0 1389.03 0 -1389.03
5 10 1111.38 1112 0.61646
0 10 1391.02 1393.32 2.30196
2 10 1140.16 1142.46 2.30197
9 10 1165.51 1165.69 0.18484
4 10 1383.04 1385.34 2.30197
4 0 1155.15 0 -1155.15
5 10 1172.41 1173.03 0.61646
3 0 1161.14 0 -1161.14
6 0 1155.57 0 -1155.57
1 10 1159.9 1162.2 2.30197
5 10 1233.44 1234.06 0.61646
0 0 1163.13 0 -1163.13
7 10 1165.29 1167.59 2.30197
