22 0 1.4901 0 -1.4901
24 31 1.97419 4.27615 2.30196
10 35 2.3229 4.62486 2.30195
27 34 2.46949 4.77145 2.30196
17 0 2.58432 0 -2.58432
5 34 7.54981 9.85177 2.30196
12 35 7.22064 9.52259 2.30196
26 0 6.90525 0 -6.90525
25 31 6.23713 8.53909 2.30195
28 30 9.54247 11.8444 2.30196
19 32 10.4615 12.7634 2.30196
0 33 10.1361 12.438 2.30196
8 30 11.6809 13.9828 2.30196
4 33 10.9224 13.2243 2.30196
7 34 13.8785 16.1804 2.30196
11 35 13.9364 16.2383 2.30196
16 35 14.8651 17.167 2.30196
18 36 17.3874 19.6894 2.30196
29 30 20.9747 23.2766 2.30196
21 30 18.1839 20.4859 2.30196
13 35 19.9477 22.2497 2.30196
1 33 20.6177 22.9197 2.30196
2 33 21.1896 23.4915 2.30196
14 35 22.139 24.4409 2.30196
3 34 22.9793 25.2813 2.30196
20 32 23.3507 25.6527 2.30197
23 30 26.7803 29.0823 2.30196
15 35 25.6008 27.9027 2.30196
9 33 24.9899 27.2918 2.30196
6 33 28.212 30.514 2.30196
15 35 253.494 255.796 2.30196
13 0 247.841 0 -247.841
1 0 248.511 0 -248.511
14 35 477.925 480.227 2.30196
3 34 250.873 253.175 2.30196
14 35 250.032 252.334 2.30196
6 33 256.105 258.407 2.30196
2 0 249.083 0 -249.083
20 36 251.244 253.546 2.30196
21 30 473.97 476.272 2.30196
29 30 248.868 251.17 2.30196
2 0 476.976 0 -476.976
23 30 254.674 256.976 2.30196
22 0 229.383 0 -229.383
24 31 229.867 232.169 2.30196
10 35 230.216 232.518 2.30195
27 34 230.363 232.665 2.30196
17 32 230.478 232.78 2.30196
25 31 234.13 236.432 2.30195
26 31 234.798 237.1 2.30196
12 35 235.114 237.416 2.30196
5 34 235.443 237.745 2.30196
28 30 237.436 239.738 2.30196
0 33 238.029 240.331 2.30196
19 32 238.355 240.657 2.30196
4 0 238.816 0 -238.816
8 0 239.574 0 -239.574
7 34 241.772 244.074 2.30196
11 0 241.83 0 -241.83
16 0 242.758 0 -242.758
18 36 245.281 247.583 2.30196
21 30 246.077 248.379 2.30196
9 33 252.883 255.185 2.30196
28 30 465.329 467.631 2.30196
6 33 483.999 486.3 2.30196
29 30 476.761 479.063 2.30196
16 35 470.652 472.954 2.30196
3 34 478.766 481.068 2.30196
18 36 473.174 475.476 2.30196
9 33 480.776 483.078 2.30196
23 30 482.567 484.869 2.30196
0 33 465.923 468.225 2.30196
20 36 479.137 481.439 2.30196
5 34 463.336 465.638 2.30196
1 0 476.404 0 -476.404
23 30 710.46 712.762 2.30196
22 34 457.277 459.579 2.30196
24 31 457.761 460.063 2.30196
10 35 458.109 460.411 2.30195
27 34 458.256 460.558 2.30196
17 0 458.371 0 -458.371
25 31 462.024 464.326 2.30195
26 31 462.692 464.994 2.30196
12 35 463.007 465.309 2.30196
19 32 466.248 468.55 2.30196
15 35 481.387 483.689 2.30196
11 36 469.723 472.025 2.30196
4 0 466.709 0 -466.709
7 34 469.665 471.967 2.30196
8 0 467.467 0 -467.467
13 35 475.734 478.036 2.30196
6 31 711.892 714.194 2.30196
6 33 939.785 940.114 0.328708
15 35 1020.56 1020.73 0.174598
11 35 925.509 927.811 2.30196
15 35 709.281 711.582 2.30196
20 36 934.924 935.54 0.616456
22 30 685.17 687.472 2.30196
24 31 685.654 687.956 2.30196
10 35 686.003 688.305 2.30195
27 34 686.149 688.451 2.30196
17 0 686.264 0 -686.264
25 32 689.917 692.219 2.30196
26 31 690.585 692.887 2.30196
12 35 690.9 693.202 2.30196
5 34 691.23 693.532 2.30196
28 30 693.222 695.524 2.30196
0 33 693.816 696.118 2.30196
19 0 694.141 0 -694.141
4 33 694.602 696.904 2.30196
8 31 695.361 697.663 2.30196
7 34 697.558 699.86 2.30196
11 36 697.616 699.918 2.30196
16 35 698.545 700.847 2.30196
18 36 701.067 703.369 2.30196
21 30 701.864 704.166 2.30196
13 35 703.627 705.929 2.30196
1 33 704.297 706.599 2.30196
29 31 704.654 706.956 2.30196
2 33 704.869 707.171 2.30196
14 35 705.819 708.121 2.30196
3 34 706.659 708.961 2.30196
20 36 707.03 709.332 2.30196
9 33 708.67 710.972 2.30196
27 34 964.883 965.057 0.174598
3 35 934.552 936.854 2.30196
27 34 946.584 946.769 0.184838
16 35 926.438 928.74 2.30196
13 35 931.521 933.823 2.30196
10 35 932.323 932.426 0.102658
14 35 933.712 933.815 0.102661
23 30 938.353 940.655 2.30196
12 35 969.634 969.808 0.174598
5 34 951.665 951.849 0.184839
0 33 954.251 954.579 0.32871
29 30 932.548 932.876 0.32871
7 34 925.451 925.78 0.328711
9 33 936.563 936.892 0.328711
15 35 937.174 937.502 0.32871
28 30 939.542 939.645 0.102663
22 34 913.063 915.365 2.30196
24 31 913.547 915.849 2.30196
10 35 913.896 913.999 0.102658
27 34 914.042 914.371 0.32871
17 32 914.157 916.459 2.30196
25 32 917.81 920.112 2.30196
26 31 918.478 920.78 2.30196
12 35 918.794 919.122 0.32871
5 34 919.123 919.452 0.328711
28 30 921.115 921.218 0.102663
0 33 921.709 922.038 0.32871
19 0 922.034 0 -922.034
4 33 922.495 924.797 2.30196
8 33 923.254 925.556 2.30196
18 36 928.96 929.577 0.616455
21 30 929.757 930.373 0.616457
1 33 932.191 934.493 2.30196
2 33 932.763 935.065 2.30196
12 35 951.335 951.52 0.184838
7 34 957.993 958.322 0.328711
14 35 952.139 952.237 0.097541
9 33 969.105 969.433 0.328711
29 30 965.089 965.418 0.32871
10 35 1142.32 1142.42 0.097538
5 34 969.963 970.137 0.174599
14 35 1162.14 1162.24 0.097541
28 30 969.542 969.645 0.102663
10 35 962.323 962.42 0.097538
15 35 969.715 970.044 0.32871
6 33 972.327 972.512 0.184836
0 33 986.792 987.121 0.32871
14 35 982.139 982.237 0.097541
27 34 992.469 992.572 0.102662
10 35 992.323 992.426 0.102658
9 33 1001.65 1001.97 0.328711
15 35 1002.26 1002.44 0.184838
7 34 990.535 990.864 0.328711
20 36 995.952 996.569 0.616456
18 36 989.989 990.605 0.616455
29 30 997.631 997.96 0.32871
5 34 997.55 997.724 0.174599
21 30 990.785 991.402 0.616457
26 31 1178.91 1179.1 0.184838
12 35 997.221 997.395 0.174598
6 33 990.625 990.8 0.174596
0 33 1019.33 1019.52 0.184838
28 30 999.542 999.64 0.0975427
29 30 1030.17 1030.5 0.32871
7 34 1023.08 1023.41 0.328711
28 30 1029.54 1029.64 0.0975427
6 33 1018.21 1018.39 0.174596
9 33 1034.19 1034.37 0.184839
27 34 1022.47 1022.57 0.102662
5 34 1027.55 1027.72 0.174599
14 35 1012.14 1012.24 0.097541
16 35 1382.22 1384.53 2.30196
10 35 1022.32 1022.42 0.097538
12 35 1027.22 1027.4 0.174598
15 35 1045.6 1045.78 0.174598
9 33 1052.49 1052.66 0.174599
21 30 1051.81 1052.43 0.616457
10 35 1052.32 1052.42 0.097538
0 33 1037.63 1037.81 0.174598
7 33 1055.62 1055.8 0.18484
20 36 1179.04 1179.65 0.616456
20 36 1056.98 1057.6 0.616456
6 33 1048.21 1048.39 0.174596
7 34 1073.92 1074.09 0.174599
18 36 1051.02 1051.35 0.328711
29 30 1062.71 1063.04 0.32871
14 35 1042.14 1042.24 0.097541
27 34 1052.47 1052.57 0.102662
5 34 1057.55 1057.72 0.174599
18 36 1083.56 1083.89 0.328711
12 35 1057.22 1057.4 0.174598
29 30 1095.26 1095.58 0.32871
28 30 1059.54 1059.64 0.0975427
0 33 1060.14 1060.31 0.174598
18 36 1116.1 1116.43 0.328711
29 30 1127.8 1128.13 0.32871
15 35 1075.6 1075.78 0.174598
9 33 1074.99 1075.16 0.174599
14 35 1072.14 1072.24 0.097541
18 36 1181.18 1181.51 0.328711
27 34 1082.47 1082.57 0.102662
26 31 1146.37 1146.7 0.32871
15 35 1165.6 1165.78 0.174598
6 33 1108.21 1108.39 0.174596
6 33 1078.21 1078.39 0.174596
9 33 1134.99 1135.16 0.174599
12 35 1147.22 1147.4 0.174598
5 34 1087.55 1087.72 0.174599
12 35 1087.22 1087.4 0.174598
21 30 1112.84 1113.46 0.616457
18 36 1148.64 1148.97 0.328711
14 35 1102.14 1102.24 0.097541
10 35 1082.32 1082.42 0.097538
9 33 1164.99 1165.16 0.174599
28 30 1089.54 1089.64 0.0975427
0 33 1090.14 1090.31 0.174598
20 36 1118.01 1118.63 0.616456
0 33 1120.14 1120.24 0.102662
15 35 1105.6 1105.78 0.174598
16 34 1154.33 1156.63 2.30196
27 34 1112.47 1112.57 0.102662
7 34 1093.88 1094.05 0.174599
9 33 1104.99 1105.16 0.174599
12 35 1117.22 1117.4 0.174598
19 32 1149.93 1152.23 2.30196
17 32 1142.05 1144.35 2.30196
15 35 1135.6 1135.78 0.174598
5 34 1117.55 1117.72 0.174599
14 35 1132.14 1132.24 0.097541
25 32 1145.7 1146.32 0.616455
3 34 1162.45 1162.77 0.32871
22 34 1140.96 1143.26 2.30196
24 31 1141.44 1143.74 2.30196
29 30 1160.34 1160.67 0.32871
13 35 1159.41 1159.74 0.32871
10 35 1112.32 1112.42 0.097538
4 33 1150.39 1152.69 2.30196
6 33 1138.21 1138.39 0.174596
28 30 1149.54 1149.64 0.0975427
28 30 1119.54 1119.64 0.0975427
0 33 1150.14 1150.23 0.0975416
8 33 1151.15 1153.45 2.30196
7 34 1123.88 1124.05 0.174599
11 35 1153.4 1154.02 0.616456
1 0 1160.08 0 -1160.08
2 0 1160.66 0 -1160.66
5 34 1147.55 1147.72 0.174599
23 30 1166.25 1166.58 0.328711
7 34 1153.88 1154.05 0.174599
27 34 1142.47 1142.57 0.0975415
27 34 1172.47 1172.57 0.0975415
17 32 1369.94 1372.25 2.30196
21 30 1173.87 1174.49 0.616457
5 34 1177.55 1177.72 0.174599
0 33 1180.14 1180.23 0.0975416
19 32 1377.82 1379.14 1.31483
6 33 1168.21 1168.39 0.174596
25 31 1206.73 1207.06 0.328707
12 35 1177.22 1177.4 0.174598
11 35 1214.43 1214.76 0.328712
22 34 1368.85 1369.47 0.616457
24 31 1369.33 1369.66 0.328711
20 36 1240.07 1240.68 0.616456
28 30 1179.54 1179.64 0.0975427
10 35 1172.32 1172.42 0.097538
4 33 1378.28 1378.61 0.32871
8 33 1379.04 1379.37 0.328711
15 35 1195.6 1195.78 0.174598
3 34 1194.99 1195.17 0.184838
7 34 1183.88 1184.05 0.174599
21 30 1234.9 1235.52 0.616457
13 35 1191.96 1192.28 0.32871
18 36 1213.73 1214.05 0.328711
29 30 1192.88 1193.21 0.32871
14 35 1192.14 1192.24 0.097541
1 33 1387.98 1390.28 2.30196
2 33 1388.55 1390.85 2.30196
9 33 1194.99 1195.16 0.174599
23 30 1198.79 1199.12 0.328711
6 33 1198.21 1198.39 0.174596
