11 58 0.165402 2.46736 2.30195
20 0 0.492337 0 -0.492337
38 52 939.598 939.701 0.102657
18 55 10.0461 12.3481 2.30196
27 55 930.951 933.253 2.30196
17 58 10.2389 12.5408 2.30195
21 57 928.16 930.462 2.30196
33 0 1.59268 0 -1.59268
7 0 1.70768 0 -1.70768
12 0 1.76282 0 -1.76282
11 0 911.738 0 -911.738
22 0 1.8157 0 -1.8157
44 51 920.638 920.741 0.102661
43 54 2.02012 4.32207 2.30195
12 58 913.336 915.638 2.30195
22 58 913.389 915.691 2.30196
35 50 2.4335 4.73546 2.30196
36 50 2.98845 5.2904 2.30195
48 53 3.63389 5.93585 2.30196
29 55 5.56736 7.86932 2.30196
7 0 1171.71 0 -1171.71
5 54 8.04008 10.342 2.30196
30 52 6.77391 9.07587 2.30196
3 58 6.06579 8.36774 2.30196
23 58 930.582 930.684 0.102658
49 52 7.75998 10.0619 2.30195
37 50 9.22927 11.5312 2.30195
44 51 9.06523 11.3672 2.30196
3 58 1146.07 1146.17 0.102659
16 55 11.7527 14.0547 2.30196
10 57 11.0154 13.3173 2.30196
2 0 11.429 0 -11.429
25 55 11.6527 13.9546 2.30196
39 52 12.2968 14.5987 2.30196
41 52 1043.51 1043.61 0.102662
18 55 921.619 921.722 0.10266
7 58 913.281 915.583 2.30195
30 58 918.347 920.649 2.30197
6 58 15.8651 18.167 2.30195
4 0 14.344 0 -14.344
26 55 15.2147 17.5167 2.30195
13 54 15.4085 17.7105 2.30196
8 0 15.8721 0 -15.8721
28 55 16.1641 18.466 2.30196
21 0 16.5874 0 -16.5874
46 57 19.3232 21.6251 2.30195
14 57 19.3872 21.6892 2.30196
45 0 19.246 0 -19.246
23 58 19.0086 21.3105 2.30195
27 52 19.3783 21.6803 2.30196
15 58 21.3267 23.6286 2.30196
42 54 20.1971 22.4991 2.30195
47 57 25.2812 27.5831 2.30196
41 52 23.5101 25.812 2.30196
34 50 25.4767 27.7786 2.30196
1 58 24.8679 27.1698 2.30195
19 0 25.8206 0 -25.8206
0 58 23.8827 26.1847 2.30196
38 52 1048.03 1048.12 0.0975365
43 54 1052.02 1052.12 0.0975379
9 0 25.477 0 -25.477
29 55 1145.57 1145.67 0.102659
29 55 917.14 917.757 0.616451
31 0 25.9772 0 -25.9772
38 52 28.0251 30.3271 2.30195
39 52 1032.3 1032.39 0.0975426
3 55 917.639 917.967 0.328711
24 55 28.0267 30.3286 2.30196
40 52 28.4835 30.7854 2.30196
0 0 935.456 0 -935.456
32 55 28.9079 31.2099 2.30195
23 58 246.902 249.204 2.30195
48 53 933.634 933.737 0.102661
23 58 1039.01 1039.11 0.097538
48 53 915.207 915.392 0.184837
35 50 914.006 916.308 2.30196
14 0 247.28 0 -247.28
31 55 253.87 256.172 2.30196
49 52 919.333 919.436 0.102657
27 0 247.272 0 -247.272
9 58 253.37 255.672 2.30196
41 52 251.403 253.705 2.30196
19 54 253.714 256.016 2.30196
1 58 252.761 255.063 2.30195
5 54 463.827 466.129 2.30196
3 58 950.18 950.365 0.184835
44 51 939.065 939.168 0.102661
47 57 481.068 483.37 2.30196
46 57 247.216 249.518 2.30195
34 50 253.37 255.672 2.30196
15 58 249.22 251.522 2.30196
47 57 253.174 255.476 2.30196
24 55 255.92 258.222 2.30196
40 0 256.377 0 -256.377
30 52 462.56 464.862 2.30196
45 0 247.139 0 -247.139
42 54 248.09 250.392 2.30195
0 54 251.776 254.078 2.30196
4 54 470.13 472.432 2.30196
26 55 471.001 473.303 2.30195
15 58 932.9 935.202 2.30196
32 55 256.801 259.103 2.30195
49 52 463.546 465.848 2.30195
20 54 912.065 914.367 2.30196
37 50 1029.23 1029.33 0.0975386
3 58 1026.07 1026.16 0.0975394
11 0 228.059 0 -228.059
20 55 228.386 230.688 2.30196
33 50 229.486 231.788 2.30195
7 58 229.601 231.903 2.30195
12 58 229.656 231.958 2.30195
22 0 229.709 0 -229.709
43 54 229.913 232.215 2.30195
35 0 230.327 0 -230.327
36 50 230.882 233.184 2.30195
48 53 231.527 233.829 2.30196
29 55 233.461 235.763 2.30196
3 58 233.959 236.261 2.30196
30 0 234.667 0 -234.667
49 52 235.653 237.955 2.30195
5 54 235.933 238.235 2.30196
44 51 236.958 239.26 2.30196
37 50 237.123 239.424 2.30195
18 55 237.939 240.241 2.30196
17 58 238.132 240.434 2.30195
10 57 238.909 241.211 2.30196
2 58 239.322 241.624 2.30196
25 0 239.546 0 -239.546
16 55 239.646 241.948 2.30196
39 52 240.19 242.492 2.30196
4 0 242.237 0 -242.237
26 55 243.108 245.41 2.30195
13 54 243.302 245.604 2.30196
6 58 243.758 246.06 2.30195
8 0 243.765 0 -243.765
28 55 244.057 246.359 2.30196
21 0 244.481 0 -244.481
46 57 930.896 933.198 2.30195
28 55 927.737 930.039 2.30196
29 55 1029.01 1029.11 0.102659
37 50 920.802 920.905 0.102659
33 50 913.166 915.468 2.30195
49 52 1027.76 1027.86 0.0975372
38 52 255.918 258.22 2.30195
43 54 913.593 913.696 0.102658
10 57 1031.02 1031.11 0.0975417
34 50 1045.48 1045.57 0.0975416
42 54 1040.2 1040.29 0.0975389
45 56 930.819 933.121 2.30196
43 54 932.02 932.118 0.0975379
36 50 914.561 916.863 2.30195
18 55 1060.05 1060.14 0.0975397
14 0 475.174 0 -475.174
17 58 466.025 468.327 2.30195
5 54 919.613 921.915 2.30196
44 51 1029.07 1029.16 0.0975412
13 0 471.195 0 -471.195
23 58 474.795 477.097 2.30195
0 0 479.669 0 -479.669
31 55 709.657 711.959 2.30196
15 58 477.113 479.415 2.30196
45 0 475.032 0 -475.032
2 0 467.215 0 -467.215
42 54 475.984 478.286 2.30195
19 54 709.5 711.802 2.30196
1 58 708.548 710.85 2.30195
38 52 483.812 486.114 2.30195
32 55 940.481 940.584 0.102657
47 57 708.961 711.263 2.30196
18 55 465.833 468.135 2.30196
16 0 467.539 0 -467.539
21 57 472.374 474.676 2.30196
27 55 475.165 477.467 2.30196
46 57 475.11 477.412 2.30195
1 58 480.654 482.956 2.30195
34 50 709.156 711.458 2.30196
34 50 481.263 483.565 2.30196
19 54 481.607 483.909 2.30196
31 55 481.764 484.066 2.30196
3 58 461.852 464.154 2.30196
8 0 471.659 0 -471.659
44 51 464.852 467.154 2.30196
9 58 709.157 711.459 2.30196
40 0 484.27 0 -484.27
9 58 481.264 483.565 2.30196
41 52 935.083 935.186 0.102662
24 55 483.813 486.115 2.30196
1 58 936.441 936.544 0.102659
10 57 466.802 469.104 2.30196
39 52 468.083 470.385 2.30196
37 50 465.016 467.318 2.30195
25 0 467.439 0 -467.439
6 58 471.652 473.954 2.30195
28 55 471.951 474.253 2.30196
32 55 484.694 486.996 2.30195
41 52 479.297 481.599 2.30196
11 58 455.952 458.254 2.30195
20 55 456.279 458.581 2.30196
33 0 457.379 0 -457.379
7 58 457.494 459.796 2.30195
12 58 457.549 459.851 2.30195
22 57 457.602 459.904 2.30196
25 0 923.226 0 -923.226
43 54 457.807 460.109 2.30195
35 50 458.22 460.522 2.30196
2 58 923.002 925.304 2.30196
36 0 458.775 0 -458.775
10 57 922.588 922.773 0.184838
48 53 459.42 461.722 2.30196
17 58 921.812 924.114 2.30195
29 55 461.354 463.656 2.30196
32 55 712.588 714.89 2.30195
24 55 939.6 941.902 2.30196
16 58 923.326 925.628 2.30196
6 58 927.438 929.74 2.30195
31 55 937.55 939.852 2.30196
49 0 937.76 0 -937.76
40 52 940.056 942.358 2.30196
42 54 931.77 931.955 0.184835
9 0 937.05 0 -937.05
0 0 707.562 0 -707.562
38 51 711.705 714.007 2.30196
26 55 926.788 929.09 2.30195
24 0 711.706 0 -711.706
4 0 925.917 0 -925.917
40 51 712.163 714.465 2.30196
47 57 936.854 939.156 2.30196
14 57 930.96 933.262 2.30196
11 58 683.845 686.147 2.30195
20 55 684.172 686.474 2.30196
33 50 685.272 687.574 2.30195
7 58 685.387 687.689 2.30195
12 58 685.443 687.745 2.30195
22 57 685.495 687.797 2.30196
43 54 685.7 688.002 2.30195
35 50 686.113 688.415 2.30196
36 50 686.668 688.97 2.30195
48 53 687.314 689.616 2.30196
29 55 689.247 691.549 2.30196
3 58 689.746 692.047 2.30196
30 0 690.454 0 -690.454
49 52 691.44 693.742 2.30195
5 54 691.72 694.022 2.30196
44 51 692.745 695.047 2.30196
37 50 692.909 695.211 2.30195
18 55 693.726 696.028 2.30196
17 0 693.919 0 -693.919
10 58 694.695 696.997 2.30196
2 58 695.109 697.411 2.30196
25 0 695.332 0 -695.332
16 0 695.432 0 -695.432
39 52 695.977 698.278 2.30196
4 0 698.024 0 -698.024
26 0 698.894 0 -698.894
13 0 699.088 0 -699.088
6 0 699.545 0 -699.545
8 0 699.552 0 -699.552
28 55 699.844 702.146 2.30196
21 58 700.267 702.569 2.30196
23 58 702.688 704.99 2.30195
45 0 702.926 0 -702.926
46 57 703.003 705.305 2.30195
27 55 703.058 705.36 2.30196
14 57 703.067 705.369 2.30196
42 54 703.877 706.179 2.30195
15 58 705.006 707.308 2.30196
41 52 707.19 709.492 2.30196
13 0 926.982 0 -926.982
39 52 923.87 923.972 0.102663
34 50 937.05 937.152 0.102662
19 0 937.394 0 -937.394
8 54 927.445 929.747 2.30196
10 58 941.015 941.118 0.102663
1 58 1044.87 1044.97 0.0975386
18 55 1150.05 1150.14 0.0975397
37 0 939.229 0 -939.229
18 55 940.046 940.149 0.10266
23 58 949.009 949.106 0.097538
34 50 1075.48 1075.58 0.102662
42 54 950.197 950.3 0.102659
32 55 1078.91 1079.01 0.0975372
39 52 942.297 942.394 0.0975426
41 52 953.51 953.613 0.102662
1 58 954.868 954.965 0.0975386
48 53 963.634 963.731 0.0975406
23 58 1159.01 1159.11 0.097538
12 57 1141.23 1143.53 2.30196
34 50 1165.48 1165.57 0.0975416
20 54 1170.49 1170.59 0.102662
34 50 955.477 955.579 0.102662
38 52 958.025 958.123 0.0975365
32 55 958.908 959.005 0.0975372
3 58 968.479 968.653 0.174595
42 54 1160.2 1160.3 0.102659
10 57 971.015 971.113 0.0975417
29 55 978.169 978.497 0.328707
44 51 969.065 969.168 0.102661
37 50 969.229 969.327 0.0975386
49 52 967.76 967.858 0.0975372
47 57 1183.05 1183.15 0.102662
18 55 970.046 970.149 0.10266
43 54 962.02 962.118 0.0975379
48 53 1113.63 1113.73 0.0975406
39 52 972.297 972.394 0.0975426
32 55 1108.91 1109.01 0.0975372
23 58 979.009 979.106 0.097538
1 58 984.868 984.971 0.102659
19 54 1165.29 1167.59 2.30196
27 52 1158.84 1159.03 0.184842
34 50 985.477 985.579 0.102662
38 52 988.025 988.123 0.0975365
32 55 988.908 989.011 0.102657
35 50 1172.43 1172.53 0.0975427
42 54 980.197 980.3 0.102659
48 53 993.634 993.731 0.0975406
41 52 983.51 983.613 0.102662
37 50 999.229 999.332 0.102659
18 55 1000.05 1000.14 0.0975397
43 54 1142.02 1142.12 0.0975379
43 54 992.02 992.118 0.0975379
49 52 1147.76 1147.86 0.0975372
29 55 1010.71 1010.9 0.184835
3 58 996.066 996.168 0.102659
49 52 997.76 997.858 0.0975372
44 51 999.065 999.163 0.0975412
10 57 1001.02 1001.12 0.102662
42 54 1010.2 1010.3 0.102659
23 58 1009.01 1009.11 0.102658
39 52 1002.3 1002.4 0.102663
1 58 1014.87 1014.97 0.0975386
20 55 1150.12 1150.22 0.102662
38 52 1018.03 1018.12 0.0975365
34 50 1105.48 1105.58 0.102662
41 52 1013.51 1013.61 0.0975416
34 50 1015.48 1015.58 0.102662
32 55 1018.91 1019.01 0.102657
18 55 1030.05 1030.14 0.0975397
43 54 1022.02 1022.12 0.0975379
48 53 1023.63 1023.73 0.0975406
37 50 1059.23 1059.33 0.0975386
32 55 1048.91 1049.01 0.0975372
3 58 1056.07 1056.17 0.102659
48 53 1143.63 1143.73 0.0975406
39 52 1062.3 1062.39 0.0975426
48 53 1053.63 1053.74 0.102661
44 51 1059.07 1059.16 0.0975412
10 57 1061.02 1061.11 0.0975417
23 58 1069.01 1069.11 0.097538
41 52 1073.51 1073.61 0.102662
42 54 1070.2 1070.3 0.102659
29 55 1055.57 1055.66 0.0975391
49 52 1057.76 1057.86 0.0975372
3 58 1086.07 1086.17 0.102659
38 52 1168.03 1168.12 0.0975365
1 58 1074.87 1074.97 0.0975386
38 52 1078.03 1078.12 0.0975365
44 51 1089.07 1089.16 0.0975412
49 52 1087.76 1087.86 0.0975372
48 53 1083.63 1083.73 0.0975406
42 54 1100.2 1100.3 0.102659
43 54 1082.02 1082.12 0.0975379
37 50 1089.23 1089.33 0.0975386
41 52 1103.51 1103.61 0.0975416
39 52 1092.3 1092.39 0.0975426
18 55 1090.05 1090.14 0.0975397
38 52 1108.03 1108.12 0.0975365
29 55 1085.57 1085.67 0.102659
11 52 1139.63 1141.93 2.30197
10 57 1091.02 1091.11 0.0975417
36 50 1142.45 1142.56 0.102658
35 50 1141.9 1142.08 0.184839
0 57 1163.35 1165.65 2.30196
23 58 1099.01 1099.11 0.097538
7 58 1141.17 1141.28 0.102658
28 0 1155.63 0 -1155.63
1 58 1104.87 1104.97 0.0975386
37 50 1119.23 1119.33 0.0975386
8 54 1155.34 1157.64 2.30196
26 55 1154.68 1156.98 2.30195
3 58 1116.07 1116.17 0.102659
20 55 1139.96 1140.06 0.102662
1 58 1134.87 1134.97 0.0975386
33 53 1141.06 1143.36 2.30196
41 52 1133.51 1133.61 0.0975416
44 51 1119.07 1119.16 0.0975412
22 57 1141.28 1143.58 2.30196
43 54 1112.02 1112.12 0.0975379
45 56 1158.71 1161.01 2.30196
9 0 1164.94 0 -1164.94
38 52 1138.03 1138.12 0.0975365
18 55 1120.05 1120.14 0.0975397
23 58 1129.01 1129.11 0.097538
2 57 1150.9 1153.2 2.30196
42 54 1130.2 1130.3 0.102659
40 52 1167.95 1170.25 2.30196
16 0 1151.22 0 -1151.22
25 0 1151.12 0 -1151.12
29 55 1115.57 1115.67 0.102659
30 52 1146.24 1148.54 2.30196
32 55 1138.91 1139.01 0.0975372
14 54 1158.85 1161.16 2.30196
49 52 1117.76 1117.86 0.0975372
5 54 1147.51 1149.81 2.30196
46 57 1158.79 1158.89 0.102659
5 54 1375.4 1377.7 2.30196
37 50 1149.23 1149.33 0.0975386
17 58 1149.71 1149.81 0.102658
10 57 1121.02 1121.11 0.0975417
47 57 1164.75 1164.93 0.184838
4 0 1153.81 0 -1153.81
24 58 1167.49 1169.79 2.30197
39 52 1122.3 1122.39 0.0975426
13 0 1154.87 0 -1154.87
6 58 1155.33 1155.43 0.102656
21 57 1156.05 1158.36 2.30196
34 50 1135.48 1135.58 0.102662
31 55 1165.44 1167.75 2.30196
7 58 1151.34 1151.44 0.102658
15 58 1160.79 1163.09 2.30196
35 50 1160.2 1160.3 0.102663
44 51 1179.07 1179.17 0.102661
41 52 1163.51 1163.61 0.102662
44 51 1149.07 1149.16 0.0975412
10 57 1151.02 1151.11 0.0975417
1 58 1164.87 1164.97 0.0975386
12 58 1369.12 1369.22 0.102658
43 54 1172.02 1172.12 0.0975379
22 58 1369.18 1369.28 0.10266
39 52 1152.3 1152.39 0.0975426
32 55 1168.91 1169.01 0.0975372
11 58 1367.52 1369.83 2.30195
2 58 1378.79 1381.09 2.30196
33 50 1368.95 1369.05 0.102658
36 50 1172.99 1173.09 0.0975379
48 53 1173.63 1173.73 0.0975406
41 52 1193.51 1193.61 0.102662
23 58 1189.01 1189.11 0.097538
13 54 1382.77 1385.07 2.30196
37 50 1179.23 1179.33 0.0975386
10 57 1181.02 1181.11 0.0975417
29 55 1175.57 1175.67 0.102659
42 54 1190.2 1190.29 0.0975389
14 58 1386.75 1387.36 0.616455
17 58 1180.24 1180.34 0.0975376
18 55 1180.05 1180.14 0.0975397
27 55 1189.38 1189.55 0.174598
45 53 1386.61 1388.91 2.30197
15 58 1388.69 1388.79 0.102659
46 57 1189.32 1189.42 0.0975387
38 52 1198.03 1198.12 0.0975365
4 55 1381.7 1384.01 2.30196
6 58 1185.87 1185.96 0.0975365
26 55 1382.57 1382.68 0.102658
25 0 1379.01 0 -1379.01
21 57 1383.95 1384.13 0.184838
30 55 1374.13 1374.75 0.616455
49 52 1177.76 1177.86 0.0975372
28 55 1383.52 1385.83 2.30196
3 58 1176.07 1176.17 0.102659
8 0 1383.23 0 -1383.23
9 58 1392.84 1395.14 2.30196
39 52 1182.3 1182.39 0.0975426
40 52 1395.84 1398.14 2.30196
47 57 1195.28 1195.38 0.0975416
16 55 1379.11 1381.41 2.30196
19 55 1393.18 1395.48 2.30196
34 50 1195.48 1195.57 0.0975416
24 55 1395.39 1395.57 0.184835
32 55 1198.91 1199.01 0.0975372
31 55 1393.34 1393.44 0.10266
0 55 1391.24 1393.54 2.30196
1 58 1194.87 1194.97 0.0975386
