7 42 0.0316059 2.33357 2.30196
34 42 0.0530227 2.35498 2.30195
17 43 7.59066 9.89262 2.30196
34 42 1110.05 1110.15 0.0975374
13 45 0.598075 2.90004 2.30196
39 45 0.726422 3.02838 2.30196
18 43 1081.74 1081.84 0.0975384
30 45 1102.2 1102.3 0.0975401
18 43 1.73921 4.04116 2.30195
13 0 1140.06 0 -1140.06
3 45 1142.92 1145.22 2.30196
15 45 3.20834 5.51031 2.30196
1 42 2.75729 5.05925 2.30196
19 43 3.94207 6.24402 2.30195
32 43 5.00989 7.31184 2.30196
3 45 3.45278 5.75474 2.30196
24 40 4.4803 6.78225 2.30196
18 43 1141.74 1141.84 0.0975384
39 45 1172.73 1173.06 0.328713
10 42 1160.72 1163.02 2.30196
5 42 11.3988 13.7008 2.30196
9 42 10.4246 12.7265 2.30196
22 40 13.5424 15.8444 2.30196
29 45 11.0346 13.3366 2.30196
23 40 11.2322 13.5341 2.30196
22 40 1153.01 1153.11 0.102661
20 43 1121.42 1122.04 0.616457
6 42 14.8576 17.1596 2.30196
28 44 13.7442 16.0461 2.30196
37 42 14.012 16.314 2.30196
26 40 1168.76 1168.87 0.102659
14 45 1156.73 1158.05 1.31483
14 45 17.2668 19.5688 2.30196
0 42 19.0024 21.3044 2.30196
16 43 18.0883 20.3902 2.30196
25 40 18.1884 20.4903 2.30196
35 40 1134.96 1135.05 0.0975383
27 44 19.9546 22.2565 2.30195
38 45 19.6375 21.9394 2.30196
27 44 1159.42 1159.52 0.102659
31 44 20.5516 22.8536 2.30195
10 42 21.2532 23.5551 2.30196
25 40 1068.19 1068.29 0.10266
30 45 22.2026 24.5045 2.30196
18 43 1111.74 1111.84 0.0975384
30 45 1072.2 1072.3 0.0975401
35 40 24.9558 27.2578 2.30195
4 45 25.1445 27.4465 2.30196
36 40 22.4196 24.7215 2.30196
21 43 22.9266 25.2286 2.30196
12 0 24.7533 0 -24.7533
2 45 25.483 27.7849 2.30196
20 43 26.7655 29.0674 2.30196
8 42 27.8135 30.1155 2.30196
33 42 28.967 31.2689 2.30196
16 43 245.982 248.283 2.30196
11 45 29.3901 31.692 2.30196
26 40 29.2969 31.5988 2.30196
23 40 1121.23 1121.41 0.174598
39 45 1140.19 1140.52 0.328713
27 44 247.848 250.15 2.30195
21 43 250.82 253.122 2.30196
38 45 247.531 249.833 2.30196
26 40 257.19 259.492 2.30196
27 44 475.741 478.043 2.30195
0 42 246.896 249.198 2.30196
31 44 248.445 250.747 2.30195
35 40 252.849 255.151 2.30195
12 0 252.647 0 -252.647
30 45 1132.2 1132.3 0.0975401
33 42 1108.97 1109.06 0.0975416
25 40 1158.19 1158.29 0.10266
19 43 1143.94 1144.04 0.0975384
15 45 1142.67 1144.98 2.30196
36 0 250.313 0 -250.313
20 43 254.659 256.961 2.30196
4 45 253.038 255.34 2.30196
37 42 1153.48 1153.81 0.328712
25 40 246.082 248.384 2.30196
10 42 249.146 251.448 2.30196
30 45 250.096 252.398 2.30196
11 45 257.283 259.585 2.30196
38 45 1159.1 1161.41 2.30196
35 40 1194.96 1195.05 0.0975383
9 42 1149.89 1152.19 2.30196
35 40 1104.96 1105.05 0.0975383
35 40 480.742 483.044 2.30195
7 42 227.925 230.227 2.30196
34 42 227.946 230.248 2.30195
13 0 228.491 0 -228.491
39 45 228.62 230.922 2.30196
18 43 229.632 231.934 2.30195
1 0 230.651 0 -230.651
15 45 231.102 233.404 2.30196
3 45 231.346 233.648 2.30196
19 43 231.835 234.137 2.30195
24 40 232.374 234.676 2.30196
32 44 232.903 235.205 2.30196
17 43 235.484 237.786 2.30196
9 42 238.318 240.62 2.30196
29 45 238.928 241.23 2.30196
23 40 239.125 241.427 2.30196
5 42 239.292 241.594 2.30196
22 40 241.436 243.738 2.30196
28 44 241.637 243.939 2.30196
37 42 241.905 244.207 2.30196
6 42 242.751 245.053 2.30196
14 45 245.16 247.462 2.30196
12 42 1164.22 1166.52 2.30196
28 44 1063.74 1063.84 0.0975395
2 45 253.376 255.678 2.30196
28 44 1123.74 1123.84 0.0975395
33 42 256.86 259.162 2.30196
8 45 255.707 258.009 2.30196
34 42 1140.05 1140.15 0.0975374
36 0 1161.89 0 -1161.89
19 43 1083.94 1084.04 0.0975384
24 40 1143.85 1144.17 0.328712
33 42 1138.97 1139.06 0.0975416
32 43 1085.01 1085.18 0.174598
29 45 1121.03 1121.14 0.102661
24 40 1111.3 1111.63 0.328712
23 40 1091.23 1091.41 0.174598
16 43 473.875 476.177 2.30196
25 40 473.975 476.277 2.30196
22 40 469.329 471.631 2.30196
14 45 473.053 475.355 2.30196
36 40 478.206 480.508 2.30196
12 0 708.433 0 -708.433
32 43 1115.01 1115.18 0.174598
6 42 1154.32 1156.63 2.30196
5 42 1150.87 1153.17 2.30196
28 44 1093.74 1093.84 0.0975395
0 42 474.789 477.091 2.30196
30 45 477.989 480.291 2.30196
25 40 1128.19 1128.29 0.0975404
20 43 482.552 484.854 2.30196
19 0 933.942 0 -933.942
26 40 485.083 487.385 2.30196
27 44 1189.95 1190.05 0.0975389
6 0 470.644 0 -470.644
9 42 466.211 468.513 2.30196
29 45 466.821 469.123 2.30196
23 40 467.019 469.321 2.30196
2 45 1164.95 1165.13 0.184839
25 40 1098.19 1098.29 0.0975404
4 45 480.931 483.233 2.30196
17 43 463.377 465.679 2.30196
37 41 469.798 472.1 2.30196
5 42 467.185 469.487 2.30196
21 43 1132.93 1133.02 0.0975407
21 43 1102.93 1103.02 0.0975407
33 42 484.753 487.055 2.30196
19 43 1113.94 1114.04 0.0975384
28 44 469.531 471.833 2.30196
21 43 478.713 481.015 2.30196
12 42 480.54 482.842 2.30196
2 45 481.269 483.571 2.30196
8 42 483.6 485.902 2.30196
11 45 485.177 487.479 2.30196
11 45 1229.88 1230.5 0.616454
7 42 455.818 458.12 2.30196
34 42 455.84 458.141 2.30195
13 0 456.385 0 -456.385
39 45 456.513 458.815 2.30196
18 43 457.526 459.828 2.30195
1 0 458.544 0 -458.544
15 0 458.995 0 -458.995
3 0 459.239 0 -459.239
19 43 459.729 462.031 2.30195
24 40 460.267 462.569 2.30196
32 44 460.796 463.098 2.30196
4 45 1392.5 1394.81 2.30196
31 44 1160.02 1162.32 2.30195
11 45 1168.86 1169.47 0.616454
34 42 1080.05 1080.15 0.0975374
8 42 1167.28 1169.58 2.30196
38 45 475.424 477.726 2.30196
29 45 1091.03 1091.14 0.102661
21 43 1072.93 1073.02 0.0975407
31 44 476.338 478.64 2.30195
10 42 477.04 479.342 2.30196
20 44 710.445 712.747 2.30196
26 40 712.977 715.279 2.30196
2 0 709.163 0 -709.163
38 0 931.21 0 -931.21
25 40 948.188 948.291 0.10266
4 0 708.824 0 -708.824
33 42 712.647 714.949 2.30196
11 45 713.07 715.372 2.30196
35 40 708.636 710.938 2.30195
8 42 711.493 713.795 2.30196
24 40 948.595 948.924 0.328712
18 43 931.739 931.842 0.102658
7 0 683.711 0 -683.711
34 42 683.733 686.035 2.30195
13 0 684.278 0 -684.278
39 45 684.406 686.708 2.30196
18 43 685.419 687.721 2.30195
1 0 686.437 0 -686.437
15 0 686.888 0 -686.888
3 0 687.133 0 -687.133
19 44 687.622 689.924 2.30196
24 40 688.16 690.462 2.30196
32 40 688.69 690.992 2.30196
17 43 691.27 693.572 2.30196
9 42 694.104 696.406 2.30196
29 45 694.714 697.016 2.30196
23 40 694.912 697.214 2.30196
5 42 695.079 697.381 2.30196
22 40 697.222 699.524 2.30196
28 44 697.424 699.726 2.30196
37 41 697.692 699.994 2.30196
6 0 698.537 0 -698.537
14 45 700.947 703.249 2.30196
16 43 701.768 704.07 2.30196
25 40 701.868 704.17 2.30196
0 42 702.682 704.984 2.30196
38 45 703.317 705.619 2.30196
27 44 703.634 705.936 2.30195
31 44 704.231 706.533 2.30195
10 42 704.933 707.235 2.30196
30 45 705.882 708.184 2.30196
36 0 706.099 0 -706.099
21 43 706.606 708.908 2.30196
4 0 936.718 0 -936.718
26 40 940.87 943.172 2.30196
27 44 931.528 933.83 2.30195
32 43 949.125 949.309 0.184838
22 40 1163.17 1163.27 0.102661
21 44 934.5 934.602 0.102663
30 44 933.776 933.878 0.10266
8 42 939.386 941.688 2.30196
30 45 952.203 952.3 0.0975401
20 43 938.338 938.955 0.616457
11 45 940.963 943.265 2.30196
6 42 926.431 928.733 2.30196
37 42 925.585 927.887 2.30196
0 45 1158.47 1160.77 2.30196
13 45 1367.96 1370.26 2.30196
35 40 1074.96 1075.06 0.102658
23 40 941.232 941.407 0.174598
33 42 1078.97 1079.07 0.102662
33 42 973.082 973.41 0.32871
28 44 925.317 925.42 0.102659
14 45 928.84 931.142 2.30196
36 40 933.993 936.295 2.30196
32 43 1055.01 1055.18 0.174598
33 42 940.54 940.869 0.32871
2 45 937.056 939.358 2.30196
28 44 943.744 943.847 0.102659
29 45 941.035 941.209 0.174597
29 45 1151.03 1151.14 0.102661
7 41 911.605 913.907 2.30197
34 42 911.626 911.729 0.102657
13 0 912.171 0 -912.171
39 45 912.299 914.601 2.30196
18 43 913.312 913.415 0.102658
1 0 914.33 0 -914.33
15 42 914.781 917.083 2.30196
3 0 915.026 0 -915.026
19 43 915.515 915.618 0.102658
24 40 916.053 916.382 0.328712
32 43 916.583 916.912 0.32871
17 43 919.164 921.466 2.30196
9 0 921.998 0 -921.998
29 45 922.608 922.792 0.184837
23 40 922.805 922.99 0.184838
5 0 922.972 0 -922.972
22 40 925.115 927.417 2.30196
34 0 930.053 0 -930.053
7 42 1139.5 1141.8 2.30196
1 0 1142.22 0 -1142.22
4 45 1164.61 1166.91 2.30196
17 43 1147.06 1148.37 1.31482
25 40 929.761 929.864 0.10266
21 43 952.927 953.024 0.0975407
35 40 936.529 936.631 0.102658
10 42 932.826 935.128 2.30196
0 45 930.575 932.877 2.30196
31 44 932.125 934.427 2.30195
16 43 929.661 931.963 2.30196
35 0 1164.96 0 -1164.96
12 0 936.326 0 -936.326
16 43 1157.55 1159.86 2.30196
18 43 961.739 961.842 0.102658
35 40 954.956 955.053 0.0975383
34 42 960.053 960.151 0.0975374
32 43 967.423 967.598 0.174598
24 41 981.137 981.465 0.32872
19 43 963.942 964.04 0.0975384
23 40 971.232 971.407 0.174598
25 40 978.188 978.286 0.0975404
29 45 971.035 971.209 0.174597
28 44 973.744 973.842 0.0975395
21 43 982.927 983.029 0.102661
30 45 982.203 982.305 0.10266
33 42 1005.62 1005.95 0.32871
35 40 1014.96 1015.05 0.0975383
29 45 1001.03 1001.14 0.102661
20 43 999.367 999.983 0.616457
18 43 991.739 991.837 0.0975384
33 42 1168.97 1169.06 0.0975416
19 0 993.942 0 -993.942
34 42 990.053 990.156 0.102657
35 40 984.956 985.058 0.102658
7 42 1367.39 1369.69 2.30196
30 45 1012.2 1012.31 0.10266
23 40 1001.23 1001.41 0.174598
24 40 1013.68 1014.01 0.328712
32 43 995.01 995.184 0.174598
21 43 1012.93 1013.02 0.0975407
25 40 1008.19 1008.29 0.10266
23 40 1151.23 1151.41 0.174598
28 44 1003.74 1003.85 0.102659
18 43 1021.74 1021.84 0.102658
33 42 1038.17 1038.35 0.184838
34 42 1020.05 1020.15 0.0975374
32 43 1025.01 1025.18 0.174598
24 40 1046.22 1046.55 0.328712
19 43 1023.94 1024.04 0.0975384
28 44 1033.74 1033.85 0.102659
23 40 1031.23 1031.41 0.174598
25 40 1038.19 1038.29 0.10266
21 43 1042.93 1043.03 0.102661
29 45 1031.03 1031.14 0.102661
30 45 1042.2 1042.31 0.10266
24 40 1078.76 1079.09 0.328712
29 45 1061.03 1061.14 0.102661
24 40 1176.39 1176.72 0.328712
33 42 1056.46 1056.64 0.174598
20 43 1060.4 1061.01 0.616457
34 42 1170.05 1170.15 0.0975374
32 43 1145.01 1145.18 0.174598
18 43 1051.74 1051.84 0.0975384
19 43 1053.94 1054.04 0.0975384
35 40 1044.96 1045.05 0.0975383
34 42 1050.05 1050.15 0.0975374
5 42 1378.76 1381.06 2.30196
23 40 1061.23 1061.41 0.174598
30 45 1162.2 1162.31 0.10266
28 44 1153.74 1153.84 0.0975395
21 44 1162.93 1163.02 0.097543
3 45 1370.81 1373.11 2.30196
20 43 1182.45 1182.78 0.328713
15 45 1370.57 1371.88 1.31483
18 43 1171.74 1171.84 0.0975384
37 42 1186.02 1186.35 0.328712
19 43 1173.94 1174.04 0.0975384
1 0 1370.12 0 -1370.12
2 45 1195.48 1195.66 0.174599
8 42 1395.17 1397.47 2.30196
28 44 1183.74 1183.84 0.0975395
32 43 1175.01 1175.18 0.174598
22 40 1183.54 1183.65 0.102661
12 41 1392.11 1394.41 2.30197
23 40 1181.23 1181.41 0.174598
25 40 1188.19 1188.29 0.10266
36 43 1389.78 1392.08 2.30196
10 42 1388.61 1390.91 2.30196
21 43 1192.93 1193.02 0.0975407
9 42 1377.78 1378.11 0.32871
29 45 1181.03 1181.13 0.0975408
16 43 1385.45 1385.55 0.102661
30 45 1192.2 1192.3 0.0975401
6 42 1382.22 1382.83 0.616458
14 45 1286.9 1288.21 1.31483
38 45 1387 1389.3 2.30196
31 44 1387.91 1388.01 0.102658
17 43 1277.22 1277.84 0.616452
0 42 1386.36 1387.68 1.31482
20 43 1214.99 1215.32 0.328713
33 42 1198.97 1199.06 0.0975416
26 40 1199.3 1199.39 0.0975393
