25 42 0.632408 2.93436 2.30196
21 47 1.11392 3.41588 2.30196
8 52 4.39342 6.69537 2.30196
3 56 4.63362 6.93558 2.30196
7 52 693.073 695.375 2.30195
5 40 5.40838 7.71033 2.30195
2 40 1177.43 1177.53 0.0975376
32 46 1.73047 4.03243 2.30195
39 44 1.73281 4.03477 2.30196
33 43 961.736 961.921 0.184835
28 50 2.62374 4.9257 2.30195
22 47 942.249 942.352 0.102657
0 40 4.85863 7.16059 2.30195
2 40 7.43391 9.73587 2.30195
10 58 7.25341 9.55537 2.30195
29 46 693.021 695.323 2.30195
29 46 9.34088 11.6428 2.30195
7 52 9.39357 11.6955 2.30195
19 51 934.727 934.912 0.184837
34 45 8.21647 10.5184 2.30196
11 52 8.47103 10.773 2.30195
16 55 9.40584 11.7078 2.30195
19 51 1043.15 1043.25 0.0975413
31 46 712.027 714.328 2.30195
31 46 939.92 940.536 0.61645
12 52 949.137 949.24 0.102658
37 59 939.869 939.966 0.0975398
2 40 997.434 997.531 0.0975376
14 0 710.692 0 -710.692
27 50 1046.03 1046.13 0.0975408
21 47 1171.11 1171.29 0.174595
37 59 9.86869 12.1706 2.30196
20 46 12.6385 14.9404 2.30196
18 55 12.1706 14.4725 2.30195
22 47 12.249 14.551 2.30195
4 40 14.0338 16.3357 2.30196
12 52 1039.14 1039.24 0.102658
24 41 705.727 708.029 2.30196
26 50 1190.13 1190.23 0.0975391
36 54 14.7344 17.0363 2.30196
35 56 14.5531 16.855 2.30196
29 46 1179.34 1179.44 0.0975389
3 56 964.634 964.731 0.0975393
1 40 16.8538 19.1557 2.30195
30 46 16.6635 18.9655 2.30196
36 54 1184.73 1184.83 0.097539
26 50 20.1318 22.4337 2.30196
13 52 17.6762 19.9782 2.30195
33 43 17.621 19.9229 2.30195
12 52 19.1375 21.4394 2.30195
35 56 944.553 944.656 0.10266
38 61 708.654 710.956 2.30196
31 46 1000.95 1001.28 0.328706
33 43 1037.62 1037.72 0.102659
9 52 27.1717 29.4736 2.30195
15 55 22.3736 24.6756 2.30195
24 41 22.047 24.349 2.30196
8 52 994.393 994.496 0.102659
32 46 1171.73 1171.83 0.102658
12 52 702.817 705.119 2.30195
19 51 23.1542 25.4562 2.30196
27 50 709.711 712.013 2.30196
38 61 24.9741 27.2761 2.30196
26 50 703.812 706.113 2.30196
6 56 23.4885 25.7905 2.30195
37 59 1029.87 1029.97 0.0975398
32 46 1051.73 1051.83 0.102658
27 50 26.0316 28.3335 2.30196
23 60 25.8711 28.1731 2.30196
25 42 1005.78 1006.1 0.328707
14 55 27.012 29.3139 2.30195
11 53 692.151 694.453 2.30196
17 55 28.2365 30.5385 2.30195
34 45 691.896 694.198 2.30196
31 46 28.3468 30.6487 2.30195
14 0 254.905 0 -254.905
12 52 247.031 249.333 2.30195
6 56 935.062 935.246 0.184834
15 55 250.267 252.569 2.30195
30 57 928.237 928.565 0.328708
32 46 685.41 687.712 2.30195
2 40 691.114 693.416 2.30195
10 58 690.933 693.235 2.30195
5 40 689.088 691.39 2.30195
17 55 256.13 258.432 2.30195
3 56 688.313 690.615 2.30196
30 46 700.343 702.645 2.30196
26 50 248.025 250.327 2.30196
9 52 710.851 713.153 2.30195
9 52 255.065 257.367 2.30195
27 50 253.925 256.227 2.30196
31 46 256.24 258.542 2.30195
11 58 464.258 466.559 2.30196
24 41 1192.05 1192.14 0.0975403
13 52 1187.68 1187.77 0.0975376
28 50 1172.62 1172.72 0.0975377
23 60 253.764 256.066 2.30196
1 40 700.534 702.835 2.30195
25 42 228.526 230.828 2.30196
21 47 229.007 231.309 2.30196
32 46 229.624 231.926 2.30195
39 44 229.626 231.928 2.30196
28 50 230.517 232.819 2.30195
8 52 232.287 234.589 2.30196
3 56 232.527 234.829 2.30196
0 0 232.752 0 -232.752
5 0 233.302 0 -233.302
10 58 235.147 237.449 2.30195
2 40 235.327 237.629 2.30195
34 45 236.11 238.412 2.30196
19 51 706.834 709.136 2.30196
11 58 236.364 238.666 2.30196
29 46 237.234 239.536 2.30195
35 56 698.233 700.535 2.30196
7 52 237.287 239.589 2.30195
16 55 237.299 239.601 2.30195
37 59 237.762 240.064 2.30196
15 55 706.053 708.355 2.30195
18 55 240.064 242.366 2.30195
22 47 240.142 242.444 2.30195
20 46 240.532 242.834 2.30196
4 40 241.927 244.229 2.30196
35 45 242.446 244.748 2.30196
36 54 242.628 244.93 2.30196
30 46 244.557 246.859 2.30196
1 40 244.747 247.049 2.30195
33 43 245.514 247.816 2.30195
13 52 245.569 247.871 2.30195
16 55 1029.41 1029.5 0.0975366
2 40 1057.43 1057.53 0.0975376
25 42 1070.86 1071.04 0.184835
24 41 1162.05 1162.14 0.0975403
0 40 1176.87 1177.05 0.184834
38 61 252.867 255.169 2.30196
6 56 251.382 253.684 2.30195
24 41 249.94 252.242 2.30196
13 52 701.356 703.658 2.30195
23 60 1165.87 1165.97 0.0975393
19 51 251.047 253.349 2.30196
32 46 991.73 991.833 0.102658
34 45 1003.17 1003.35 0.174596
33 43 701.301 703.603 2.30195
14 55 938.585 940.887 2.30195
28 50 992.624 992.726 0.102658
34 45 1178.22 1178.39 0.174596
0 40 688.538 690.84 2.30195
36 54 698.414 700.716 2.30196
21 47 991.114 991.289 0.174595
23 60 709.551 711.853 2.30196
8 52 688.073 690.375 2.30196
8 52 1054.39 1054.5 0.102659
3 56 1054.63 1054.74 0.102659
35 45 470.34 472.642 2.30196
28 50 686.303 688.605 2.30195
22 47 1032.25 1032.35 0.0975372
4 40 697.714 700.015 2.30196
39 44 685.413 687.715 2.30196
34 45 1058.22 1058.39 0.174596
24 41 1132.05 1132.14 0.0975403
6 56 707.168 709.47 2.30195
19 51 1163.15 1163.25 0.0975413
17 55 711.916 714.218 2.30195
20 47 696.318 698.62 2.30196
27 50 988.445 988.547 0.102661
35 56 1034.55 1034.65 0.0975402
34 45 464.003 466.305 2.30196
26 50 475.918 478.22 2.30196
7 52 465.18 467.482 2.30195
29 46 465.127 467.429 2.30195
10 58 997.253 997.351 0.0975383
21 47 684.794 687.096 2.30196
25 42 684.312 686.614 2.30196
16 55 693.086 695.388 2.30195
2 40 463.22 465.522 2.30195
16 55 465.192 467.494 2.30195
10 58 1177.25 1177.36 0.102658
31 46 484.133 486.435 2.30195
10 58 463.04 465.342 2.30195
6 56 479.275 481.577 2.30195
36 54 470.521 472.823 2.30196
17 55 484.023 486.325 2.30195
15 55 478.16 480.462 2.30195
38 61 480.761 483.063 2.30196
23 60 985.871 985.974 0.102659
30 46 472.45 474.752 2.30196
25 42 456.419 458.721 2.30196
21 47 456.9 459.202 2.30196
32 46 457.517 459.819 2.30195
39 44 457.519 459.821 2.30196
28 50 458.41 460.712 2.30195
8 52 460.18 462.482 2.30196
3 56 460.42 462.722 2.30196
0 40 460.645 462.947 2.30195
5 40 461.195 463.497 2.30195
22 47 695.929 698.231 2.30195
18 0 695.85 0 -695.85
11 52 1178.47 1178.57 0.0975389
10 58 1057.25 1057.36 0.102658
9 52 1047.17 1047.27 0.0975366
37 59 693.548 695.85 2.30196
28 50 1052.62 1052.73 0.102658
23 60 1015.87 1015.97 0.102659
3 56 994.634 994.736 0.102659
18 55 467.957 470.259 2.30195
37 59 465.655 467.957 2.30196
4 40 1034.03 1034.14 0.10266
22 47 468.036 470.337 2.30195
13 52 473.463 475.765 2.30195
20 47 468.425 470.727 2.30196
4 40 469.82 472.122 2.30196
31 46 1051.79 1051.96 0.174594
35 56 1184.55 1184.65 0.0975402
17 55 988.237 988.339 0.102657
36 54 958.849 959.034 0.184835
3 56 1174.63 1174.73 0.0975393
26 50 1040.13 1040.23 0.0975391
1 40 472.64 474.942 2.30195
33 43 473.407 475.709 2.30195
24 41 477.834 480.135 2.30196
12 52 474.924 477.226 2.30195
19 51 478.941 481.243 2.30196
6 56 1043.49 1043.59 0.0975385
8 52 1174.39 1174.49 0.0975391
14 55 482.798 485.1 2.30195
9 52 482.958 485.26 2.30195
23 60 481.658 483.96 2.30196
27 50 481.818 484.12 2.30196
13 52 947.676 947.779 0.102658
37 59 999.869 999.966 0.0975398
17 55 1048.24 1048.33 0.0975368
13 52 929.249 929.352 0.102658
1 40 1217.35 1217.68 0.328705
30 46 960.778 960.963 0.184835
4 40 944.034 944.136 0.10266
13 52 1037.68 1037.77 0.0975376
12 52 930.71 930.895 0.184834
11 52 1028.47 1028.57 0.102659
26 50 964.246 964.431 0.184835
7 52 1179.39 1179.49 0.0975374
27 50 937.605 937.933 0.328709
23 60 937.444 937.629 0.184835
23 60 1045.87 1045.97 0.0975393
32 46 931.73 931.828 0.097538
8 52 934.393 934.496 0.102659
20 46 924.211 926.513 2.30196
7 52 939.394 939.496 0.102657
22 47 923.822 923.925 0.102657
29 46 939.341 939.444 0.102659
33 43 929.194 929.523 0.328707
9 52 938.745 938.847 0.102657
36 54 1034.73 1034.84 0.102659
21 47 931.114 931.289 0.174595
11 52 938.471 938.574 0.102659
25 42 912.205 912.822 0.616451
21 47 912.687 912.872 0.184835
32 46 913.303 913.406 0.102658
39 44 913.306 915.608 2.30196
28 50 914.197 914.299 0.102658
8 52 915.966 916.151 0.184835
3 56 916.207 916.309 0.102659
0 40 916.432 918.734 2.30195
5 40 916.981 919.283 2.30195
10 58 918.826 919.155 0.328706
2 40 919.007 919.11 0.102658
34 45 919.789 920.118 0.328708
11 52 920.044 920.229 0.184835
29 46 920.914 921.017 0.102659
7 52 920.967 921.069 0.102657
16 55 920.979 921.081 0.102657
37 59 921.442 921.544 0.10266
18 55 923.744 926.046 2.30195
5 40 1175.41 1175.51 0.0975376
16 55 999.406 999.503 0.0975366
4 40 925.607 925.709 0.10266
26 50 931.705 932.033 0.328707
24 41 933.62 933.949 0.328708
35 56 926.126 926.311 0.184836
36 54 926.307 926.636 0.328707
38 61 936.547 938.849 2.30196
15 55 933.947 934.049 0.102658
1 40 928.427 930.729 2.30195
34 45 952.331 952.66 0.328708
17 55 939.81 939.912 0.102657
16 55 939.406 939.503 0.0975366
2 40 937.434 937.537 0.102658
28 50 932.624 932.721 0.0975377
10 58 969.666 969.769 0.102658
10 58 951.368 951.553 0.184834
3 56 934.634 934.736 0.102659
23 60 955.871 956.046 0.174595
15 55 952.374 952.476 0.102658
24 41 966.162 966.49 0.328708
26 50 982.545 982.719 0.174595
31 46 1168.35 1168.44 0.0975376
21 47 961.114 961.289 0.174595
32 46 961.73 961.828 0.097538
22 47 1152.25 1152.35 0.0975372
20 47 1182.64 1182.81 0.174598
27 50 970.146 970.331 0.184837
6 56 953.489 953.663 0.174594
36 54 977.147 977.25 0.102659
19 51 953.154 953.329 0.174597
28 50 962.624 962.726 0.102658
29 46 969.341 969.438 0.0975389
11 52 968.471 968.574 0.102659
34 45 984.873 985.058 0.184836
16 55 969.406 969.503 0.0975366
17 55 958.237 958.339 0.102657
37 59 969.869 969.971 0.10266
8 52 1024.39 1024.5 0.102659
9 52 957.172 957.274 0.102657
7 52 969.394 969.491 0.0975374
2 40 967.434 967.531 0.0975376
25 42 973.234 973.562 0.328707
3 56 1024.63 1024.74 0.102659
8 52 964.393 964.496 0.102659
22 47 972.249 972.347 0.0975372
35 56 974.553 974.651 0.0975402
33 43 980.034 980.209 0.174595
15 55 982.374 982.471 0.0975382
4 40 974.034 974.136 0.10266
7 52 999.394 999.491 0.0975374
24 41 998.703 998.888 0.184836
19 51 983.154 983.257 0.102661
29 46 1029.34 1029.44 0.102659
12 52 979.137 979.24 0.102658
13 52 977.676 977.779 0.102658
30 46 979.077 979.251 0.174595
6 56 983.489 983.663 0.174594
29 46 999.341 999.444 0.102659
13 52 1157.68 1157.77 0.0975376
34 45 1028.22 1028.39 0.174596
11 52 998.471 998.574 0.102659
9 52 987.172 987.269 0.0975366
36 54 1004.73 1004.84 0.102659
4 40 1004.03 1004.14 0.10266
31 46 1033.49 1033.67 0.184834
22 47 1002.25 1002.35 0.0975372
29 46 1059.34 1059.44 0.102659
19 51 1133.15 1133.25 0.0975413
37 59 1089.87 1089.97 0.0975398
30 46 1006.66 1006.77 0.102659
12 52 1009.14 1009.24 0.102658
27 50 1016.03 1016.13 0.0975408
6 56 1013.49 1013.59 0.102658
26 50 1010.13 1010.23 0.102659
32 46 1021.73 1021.83 0.097538
11 52 1058.47 1058.57 0.102659
39 44 1173.74 1174.07 0.328709
23 60 1135.87 1135.97 0.102659
30 46 1036.66 1036.76 0.0975391
7 52 1029.39 1029.49 0.0975374
35 56 1004.55 1004.65 0.0975402
21 47 1051.11 1051.29 0.174595
38 61 1164.44 1164.63 0.184836
15 55 1042.37 1042.47 0.0975382
12 52 1129.14 1129.24 0.097538
25 42 1170.63 1170.81 0.174595
13 52 1007.68 1007.78 0.102658
33 43 1007.62 1007.72 0.102659
24 41 1042.05 1042.22 0.174596
22 47 1182.25 1182.35 0.0975372
19 51 1013.15 1013.25 0.0975413
10 58 1027.25 1027.36 0.102658
24 41 1017 1017.18 0.174596
15 55 1012.37 1012.47 0.0975382
21 47 1021.11 1021.29 0.174595
17 55 1018.24 1018.34 0.102657
25 42 1038.32 1038.65 0.328707
9 52 1017.17 1017.27 0.0975366
2 40 1027.43 1027.53 0.0975376
28 50 1022.62 1022.73 0.102658
16 55 1089.41 1089.5 0.0975366
16 55 1059.41 1059.5 0.0975366
37 59 1059.87 1059.97 0.0975398
7 52 1059.39 1059.49 0.0975374
30 46 1186.66 1186.76 0.0975391
4 40 1184.03 1184.13 0.0975402
18 55 1182.17 1182.27 0.102658
12 52 1189.14 1189.24 0.097538
26 50 1070.13 1070.23 0.0975391
32 46 1081.73 1081.83 0.102658
18 55 1161.8 1161.9 0.102658
35 56 1064.55 1064.65 0.0975402
33 43 1067.62 1067.72 0.102659
36 54 1064.73 1064.84 0.102659
19 51 1073.15 1073.25 0.0975413
4 40 1064.03 1064.13 0.0975402
22 47 1062.25 1062.35 0.0975372
37 59 1179.87 1179.97 0.0975398
16 55 1179.41 1179.5 0.0975366
33 43 1187.62 1187.72 0.102659
30 46 1126.66 1126.77 0.102659
15 55 1162.37 1162.47 0.0975382
12 52 1069.14 1069.24 0.102658
13 52 1067.68 1067.77 0.0975376
6 56 1073.49 1073.59 0.102658
34 45 1088.22 1088.39 0.174596
27 50 1076.03 1076.13 0.0975408
15 55 1072.37 1072.47 0.0975382
30 46 1066.66 1066.76 0.0975391
6 56 1133.49 1133.59 0.102658
27 50 1166.03 1166.13 0.0975408
23 60 1075.87 1075.97 0.102659
36 54 1094.73 1094.84 0.102659
12 52 1159.14 1159.24 0.097538
3 56 1084.63 1084.74 0.102659
15 55 1132.37 1132.47 0.0975382
31 46 1078.35 1078.52 0.174594
10 58 1087.25 1087.36 0.102658
24 41 1072.05 1072.15 0.10266
29 46 1089.34 1089.44 0.102659
2 40 1087.43 1087.53 0.0975376
9 52 1077.17 1077.27 0.0975366
17 55 1078.24 1078.33 0.0975368
11 52 1088.47 1088.57 0.102659
30 46 1096.66 1096.77 0.102659
8 52 1084.39 1084.5 0.102659
28 50 1082.62 1082.73 0.102658
25 42 1089.16 1089.33 0.174595
27 50 1106.03 1106.13 0.0975408
11 52 1118.47 1118.57 0.0975389
21 47 1081.11 1081.29 0.174595
1 40 1156.32 1156.94 0.616449
4 40 1094.03 1094.13 0.0975402
27 50 1136.03 1136.13 0.0975408
13 52 1097.68 1097.77 0.0975376
35 56 1094.55 1094.65 0.0975402
30 46 1156.66 1156.77 0.102659
22 47 1092.25 1092.35 0.0975372
19 51 1103.15 1103.25 0.0975413
26 50 1100.13 1100.23 0.0975391
29 46 1119.34 1119.44 0.0975389
12 52 1099.14 1099.24 0.097538
21 47 1111.11 1111.29 0.174595
34 45 1118.22 1118.39 0.174596
33 43 1097.62 1097.72 0.102659
7 52 1089.39 1089.49 0.0975374
15 55 1102.37 1102.47 0.0975382
0 40 1144.32 1144.65 0.328706
31 46 1108.35 1108.52 0.174594
39 44 1141.2 1141.53 0.328709
6 56 1103.49 1103.59 0.102658
32 46 1111.73 1111.83 0.102658
23 60 1105.87 1105.97 0.102659
24 41 1102.05 1102.14 0.0975403
5 40 1144.87 1144.98 0.102658
35 56 1124.55 1124.65 0.0975402
36 54 1124.73 1124.84 0.102659
4 40 1124.03 1124.13 0.0975402
9 52 1107.17 1107.27 0.0975366
17 55 1108.24 1108.33 0.0975368
10 58 1117.25 1117.36 0.102658
2 40 1117.43 1117.53 0.0975376
16 55 1119.41 1119.5 0.0975366
7 52 1119.39 1119.49 0.0975374
33 43 1127.62 1127.72 0.102659
25 42 1110.63 1110.81 0.174595
28 50 1112.62 1112.73 0.102658
8 52 1114.39 1114.5 0.102659
3 56 1114.63 1114.74 0.102659
37 59 1119.87 1119.97 0.0975398
17 55 1168.24 1168.33 0.0975368
26 50 1130.13 1130.23 0.0975391
22 47 1122.25 1122.35 0.0975372
20 47 1152.1 1152.29 0.184838
18 55 1151.64 1151.74 0.102658
13 52 1127.68 1127.77 0.0975376
32 46 1141.73 1141.83 0.102658
29 46 1149.34 1149.44 0.0975389
31 46 1138.35 1138.45 0.102658
3 56 1144.63 1144.73 0.0975393
28 50 1142.62 1142.72 0.0975377
35 56 1154.55 1154.65 0.0975402
5 40 1155.04 1155.14 0.102658
21 47 1141.11 1141.29 0.174595
11 52 1148.47 1148.57 0.0975389
14 55 1166.48 1168.78 2.30195
26 50 1160.13 1160.23 0.0975391
10 58 1147.25 1147.36 0.102658
34 45 1148.22 1148.39 0.174596
9 52 1137.17 1137.27 0.0975366
17 55 1138.24 1138.33 0.0975368
4 40 1154.03 1154.14 0.10266
37 59 1149.87 1149.97 0.0975398
8 52 1144.39 1144.49 0.0975391
15 55 1192.37 1192.47 0.0975382
6 56 1163.49 1163.59 0.102658
2 40 1147.43 1147.53 0.0975376
36 54 1154.73 1154.84 0.102659
25 42 1140.63 1140.81 0.174595
9 52 1167.17 1167.27 0.0975366
7 52 1149.39 1149.49 0.0975374
16 55 1149.41 1149.5 0.0975366
33 43 1157.62 1157.72 0.102659
27 50 1196.03 1196.13 0.0975408
38 61 1194.97 1195.15 0.174596
23 60 1195.87 1195.97 0.0975393
31 46 1198.35 1198.44 0.0975376
6 56 1193.49 1193.59 0.0975385
19 51 1193.15 1193.25 0.0975413
14 55 1394.37 1394.47 0.102659
9 52 1197.17 1197.27 0.0975366
17 55 1198.24 1198.33 0.0975368
