26 61 0.940303 3.24227 2.30196
53 60 1.54689 3.84886 2.30196
23 60 13.7028 16.0048 2.30196
5 0 13.7856 0 -13.7856
39 61 1177.46 1177.56 0.0975443
13 0 2.24785 0 -2.24785
43 60 1079.45 1079.55 0.0975392
48 0 2.48294 0 -2.48294
45 60 2.52433 4.82629 2.30196
2 0 2.64083 0 -2.64083
56 60 4.93331 7.23527 2.30196
8 0 4.60391 0 -4.60391
17 0 5.77863 0 -5.77863
30 0 1387.6 0 -1387.6
19 60 6.2298 8.53177 2.30196
9 0 1156.82 0 -1156.82
41 60 1129.04 1129.14 0.0975373
47 60 1160.38 1160.49 0.102661
42 60 8.6185 10.9205 2.30195
44 0 1382.63 0 -1382.63
39 61 7.4629 9.76486 2.30196
58 0 9.3173 0 -9.3173
55 0 1382.82 0 -1382.82
57 0 1161.76 0 -1161.76
18 0 9.43772 0 -9.43772
38 0 1150.28 0 -1150.28
28 0 1156.15 0 -1156.15
41 60 1069.04 1069.14 0.0975373
26 60 1140.94 1141.11 0.1746
32 0 11.1139 0 -11.1139
38 0 10.8186 0 -10.8186
46 60 11.6808 13.9827 2.30196
32 61 1378.47 1380.78 2.30197
22 60 11.7792 14.0811 2.30196
16 0 1382 0 -1382
51 61 12.4364 14.7383 2.30196
11 0 14.291 0 -14.291
16 0 14.6369 0 -14.6369
44 60 15.2696 17.5716 2.30196
55 0 15.4588 0 -15.4588
35 61 1126.24 1126.34 0.0975416
14 0 1158.53 0 -1158.53
34 0 1393.28 0 -1393.28
35 61 16.2377 18.5396 2.30196
50 0 16.0548 0 -16.0548
28 0 16.6811 0 -16.6811
25 60 1393.27 1395.57 2.30196
41 60 1099.04 1099.14 0.0975373
42 60 1088.62 1088.72 0.0975376
6 0 16.955 0 -16.955
52 61 1392.19 1392.29 0.102662
33 0 17.2436 0 -17.2436
9 0 17.3521 0 -17.3521
43 60 1109.45 1109.55 0.0975392
37 0 17.5138 0 -17.5138
6 0 1156.42 0 -1156.42
12 60 1160.02 1162.32 2.30197
51 61 1151.9 1154.2 2.30196
42 60 1058.62 1058.72 0.0975376
29 61 18.4919 20.7938 2.30196
41 60 19.0446 21.3466 2.30195
14 0 19.0638 0 -19.0638
40 0 19.2025 0 -19.2025
13 60 1369.61 1371.91 2.30196
56 60 1144.4 1146.7 2.30196
17 0 1145.24 0 -1145.24
39 61 1117.46 1117.56 0.0975443
27 0 1396.12 0 -1396.12
35 61 1096.24 1096.34 0.0975416
1 0 19.2934 0 -19.2934
30 0 20.2367 0 -20.2367
12 60 20.549 22.851 2.30197
39 61 1147.46 1147.56 0.0975443
47 60 20.9176 23.2195 2.30196
4 61 21.8517 24.1537 2.30196
57 0 22.293 0 -22.293
36 0 22.5428 0 -22.5428
3 0 1391.71 0 -1391.71
4 0 1161.32 0 -1161.32
40 60 1158.67 1160.97 2.30195
0 0 22.8712 0 -22.8712
54 61 23.286 25.5879 2.30196
26 60 1110.94 1111.11 0.1746
49 0 23.7914 0 -23.7914
39 61 1087.46 1087.56 0.0975443
3 0 24.3472 0 -24.3472
59 0 24.8197 0 -24.8197
52 0 24.8289 0 -24.8289
18 61 1148.9 1151.21 2.30197
26 60 1080.94 1081.11 0.1746
23 60 1153.17 1153.5 0.328713
33 0 1384.6 0 -1384.6
20 0 25.1687 0 -25.1687
25 0 25.9096 0 -25.9096
34 0 25.9242 0 -25.9242
24 0 27.9976 0 -27.9976
21 0 28.3656 0 -28.3656
48 0 1369.84 0 -1369.84
29 0 1157.96 0 -1157.96
48 0 1141.95 0 -1141.95
45 60 1141.99 1142.09 0.102662
7 0 28.421 0 -28.421
25 0 1165.38 0 -1165.38
1 0 1386.65 0 -1386.65
15 0 28.5753 0 -28.5753
27 0 28.7621 0 -28.7621
43 60 29.45 31.7519 2.30196
31 0 29.7547 0 -29.7547
22 60 1379.14 1381.44 2.30196
10 0 29.9521 0 -29.9521
4 0 249.745 0 -249.745
57 0 250.186 0 -250.186
47 0 248.811 0 -248.811
36 60 250.436 252.738 2.30196
3 0 252.24 0 -252.24
34 0 253.817 0 -253.817
31 0 257.648 0 -257.648
32 0 466.9 0 -466.9
58 0 465.104 0 -465.104
52 0 708.509 0 -708.509
12 0 476.336 0 -476.336
0 0 478.658 0 -478.658
1 0 247.187 0 -247.187
12 0 248.442 0 -248.442
49 0 251.685 0 -251.685
25 0 253.803 0 -253.803
15 0 256.469 0 -256.469
22 60 467.566 469.868 2.30196
18 0 465.224 0 -465.224
0 61 934.444 936.746 2.30196
49 0 935.364 0 -935.364
21 0 712.045 0 -712.045
40 60 247.096 249.398 2.30195
2 0 1142.11 0 -1142.11
8 61 1144.07 1146.37 2.30196
9 0 928.925 0 -928.925
31 0 485.541 0 -485.541
14 0 246.957 0 -246.957
54 61 251.179 253.481 2.30196
59 0 252.713 0 -252.713
51 0 468.223 0 -468.223
42 60 1028.62 1028.72 0.0975376
10 0 713.632 0 -713.632
25 60 709.589 711.891 2.30196
57 0 478.079 0 -478.079
20 0 480.955 0 -480.955
41 60 246.938 249.24 2.30195
30 0 248.13 0 -248.13
43 60 257.343 259.645 2.30196
24 61 255.891 258.193 2.30196
10 0 257.845 0 -257.845
21 61 256.259 258.561 2.30196
43 60 1199.45 1199.55 0.0975392
27 0 256.655 0 -256.655
32 0 1150.58 0 -1150.58
44 0 1154.74 0 -1154.74
42 60 464.405 466.707 2.30195
52 61 1164.3 1166.6 2.30196
44 60 471.056 473.358 2.30196
29 0 930.065 0 -930.065
54 61 1193.29 1193.38 0.0975412
6 0 1384.31 0 -1384.31
54 61 479.072 481.374 2.30196
52 61 252.722 255.024 2.30196
20 0 253.062 0 -253.062
7 0 256.314 0 -256.314
26 60 1050.94 1051.11 0.1746
42 60 1118.62 1118.72 0.0975376
26 60 990.94 991.115 0.1746
9 0 1384.71 0 -1384.71
26 60 228.834 231.136 2.30196
53 0 229.44 0 -229.44
13 60 230.141 232.443 2.30196
48 0 230.376 0 -230.376
45 60 230.418 232.72 2.30196
2 0 230.534 0 -230.534
8 0 232.497 0 -232.497
56 60 232.827 235.129 2.30196
17 0 233.672 0 -233.672
19 0 234.123 0 -234.123
39 61 235.356 237.658 2.30196
42 60 236.512 238.814 2.30195
58 0 237.211 0 -237.211
18 0 237.331 0 -237.331
38 60 238.712 241.014 2.30196
32 0 239.007 0 -239.007
46 60 239.574 241.876 2.30196
22 60 239.672 241.974 2.30196
51 0 240.33 0 -240.33
23 0 241.596 0 -241.596
5 0 241.679 0 -241.679
11 0 242.184 0 -242.184
16 0 242.53 0 -242.53
44 60 243.163 245.465 2.30196
55 0 243.352 0 -243.352
50 0 243.948 0 -243.948
35 61 244.131 246.433 2.30196
28 0 244.574 0 -244.574
6 0 244.848 0 -244.848
33 0 245.137 0 -245.137
9 0 245.245 0 -245.245
37 0 245.407 0 -245.407
29 0 246.385 0 -246.385
18 61 1376.8 1379.1 2.30197
55 0 1154.93 0 -1154.93
43 60 1049.45 1049.55 0.0975392
53 61 1141.01 1143.32 2.30197
19 0 1145.7 0 -1145.7
59 0 1392.18 0 -1392.18
40 60 1386.56 1388.86 2.30195
0 0 250.764 0 -250.764
11 0 1153.76 0 -1153.76
10 0 1169.42 0 -1169.42
24 61 1395.36 1397.66 2.30196
47 60 1190.92 1191.02 0.0975407
33 0 1156.71 0 -1156.71
50 0 1155.52 0 -1155.52
14 0 1386.42 0 -1386.42
58 61 1148.78 1151.09 2.30196
5 0 1153.25 0 -1153.25
12 0 1387.91 0 -1387.91
22 0 1151.25 0 -1151.25
30 61 1159.7 1162 2.30196
24 60 1167.46 1169.77 2.30196
45 60 1172.52 1172.63 0.102662
58 0 1376.68 0 -1376.68
35 61 1066.24 1066.34 0.102662
21 60 1167.83 1170.13 2.30197
16 0 1154.1 0 -1154.1
21 61 1395.73 1398.03 2.30196
37 60 1156.98 1159.28 2.30196
43 60 1139.45 1139.55 0.0975392
50 0 1383.41 0 -1383.41
39 61 1027.46 1027.56 0.0975443
13 0 1141.71 0 -1141.71
39 61 1057.46 1057.56 0.0975443
11 0 1381.65 0 -1381.65
1 61 1158.76 1161.06 2.30196
54 61 1162.75 1162.85 0.102661
26 60 1170.94 1171.11 0.1746
0 0 1390.23 0 -1390.23
41 60 1039.04 1039.14 0.0975373
35 61 1036.24 1036.34 0.102662
7 0 1167.89 0 -1167.89
49 0 1163.26 0 -1163.26
36 60 1162.01 1164.31 2.30196
0 0 1162.34 0 -1162.34
53 60 1368.91 1371.21 2.30196
37 60 1384.87 1387.18 2.30196
46 0 467.467 0 -467.467
19 60 1373.59 1375.89 2.30196
9 0 473.139 0 -473.139
37 0 473.3 0 -473.3
14 0 474.85 0 -474.85
47 60 476.704 479.006 2.30196
59 0 480.606 0 -480.606
45 60 1152.15 1152.26 0.102662
15 0 940.148 0 -940.148
24 61 483.784 486.086 2.30196
21 0 484.152 0 -484.152
10 60 485.739 488.041 2.30197
27 0 484.549 0 -484.549
43 60 989.45 989.547 0.0975392
55 0 471.245 0 -471.245
33 0 473.03 0 -473.03
40 60 474.989 477.291 2.30195
42 0 1148.62 0 -1148.62
49 0 479.578 0 -479.578
52 61 480.615 482.917 2.30196
37 0 929.087 0 -929.087
15 0 712.255 0 -712.255
7 0 484.207 0 -484.207
3 0 935.92 0 -935.92
27 0 940.335 0 -940.335
21 60 939.939 942.241 2.30197
5 0 469.572 0 -469.572
28 0 472.468 0 -472.468
35 61 927.811 927.913 0.102662
1 0 475.08 0 -475.08
39 61 937.463 937.566 0.102664
27 61 712.442 714.744 2.30197
25 60 481.696 483.998 2.30196
20 0 708.848 0 -708.848
28 60 1384.04 1386.34 2.30198
43 60 713.13 715.432 2.30196
36 0 934.116 0 -934.116
36 0 1389.9 0 -1389.9
39 61 463.249 465.551 2.30196
38 0 466.605 0 -466.605
23 60 469.489 471.791 2.30196
11 60 470.078 472.38 2.30197
50 0 471.841 0 -471.841
6 0 472.741 0 -472.741
35 0 1156.24 0 -1156.24
29 0 474.278 0 -474.278
3 0 480.134 0 -480.134
34 61 709.604 711.906 2.30197
35 61 976.238 976.335 0.0975416
15 0 484.362 0 -484.362
43 60 485.236 487.538 2.30196
7 0 939.994 0 -939.994
56 60 1372.29 1372.91 0.616456
5 0 925.359 0 -925.359
25 60 937.483 939.785 2.30196
5 0 1381.15 0 -1381.15
16 0 470.423 0 -470.423
35 61 472.024 474.326 2.30196
1 61 930.866 933.168 2.30196
41 60 474.831 477.133 2.30195
30 0 476.023 0 -476.023
4 0 477.638 0 -477.638
36 60 478.329 480.631 2.30196
4 0 933.425 0 -933.425
34 0 481.711 0 -481.711
31 0 713.434 0 -713.434
7 0 712.101 0 -712.101
24 0 711.677 0 -711.677
26 60 456.727 459.029 2.30196
53 0 457.333 0 -457.333
13 0 458.034 0 -458.034
48 0 458.269 0 -458.269
45 60 458.311 460.613 2.30196
2 61 458.427 460.729 2.30197
8 0 460.39 0 -460.39
56 60 460.72 463.022 2.30196
17 0 461.565 0 -461.565
19 60 462.016 464.318 2.30196
59 0 708.499 0 -708.499
20 0 1164.63 0 -1164.63
46 60 1151.15 1153.45 2.30196
39 61 967.463 967.56 0.0975443
16 0 926.21 0 -926.21
30 0 931.81 0 -931.81
57 0 1389.65 0 -1389.65
23 60 1185.71 1185.9 0.184841
34 0 937.497 0 -937.497
20 0 936.742 0 -936.742
12 0 932.122 0 -932.122
2 0 1370 0 -1370
10 61 941.525 943.827 2.30197
23 60 925.276 927.578 2.30196
14 0 930.637 0 -930.637
6 0 928.528 0 -928.528
31 0 941.328 0 -941.328
41 60 1159.04 1159.14 0.0975373
38 61 1378.18 1380.48 2.30196
20 0 1392.53 0 -1392.53
46 0 1379.04 0 -1379.04
42 60 938.619 938.716 0.0975376
26 60 684.62 686.922 2.30196
53 0 685.227 0 -685.227
13 0 685.928 0 -685.928
48 0 686.163 0 -686.163
45 0 686.204 0 -686.204
2 0 686.321 0 -686.321
8 61 688.284 690.586 2.30196
56 0 688.613 0 -688.613
17 0 689.458 0 -689.458
19 0 689.91 0 -689.91
39 61 691.143 693.445 2.30196
42 60 692.298 694.6 2.30195
58 0 692.997 0 -692.997
18 0 693.117 0 -693.117
38 0 694.498 0 -694.498
32 0 694.794 0 -694.794
46 0 695.361 0 -695.361
22 0 695.459 0 -695.459
51 61 696.116 698.418 2.30196
23 61 697.383 699.685 2.30196
5 0 697.465 0 -697.465
11 60 697.971 700.273 2.30197
16 0 698.317 0 -698.317
44 60 698.949 701.251 2.30196
55 0 699.139 0 -699.139
50 0 699.735 0 -699.735
35 61 699.917 702.219 2.30196
28 0 700.361 0 -700.361
6 0 700.635 0 -700.635
33 0 700.923 0 -700.923
9 0 701.032 0 -701.032
37 60 701.194 703.495 2.30196
29 0 702.172 0 -702.172
41 60 702.724 705.026 2.30195
14 0 702.744 0 -702.744
40 0 702.882 0 -702.882
1 0 702.973 0 -702.973
30 0 703.916 0 -703.916
12 0 704.229 0 -704.229
47 60 704.597 706.899 2.30196
4 0 705.531 0 -705.531
57 0 705.973 0 -705.973
36 0 706.223 0 -706.223
0 0 706.551 0 -706.551
54 0 706.966 0 -706.966
49 0 707.471 0 -707.471
3 0 708.027 0 -708.027
3 0 1163.81 0 -1163.81
15 0 1168.04 0 -1168.04
34 0 1165.39 0 -1165.39
59 0 1164.29 0 -1164.29
27 0 1168.23 0 -1168.23
31 0 1169.22 0 -1169.22
42 60 1178.62 1178.72 0.0975376
29 0 1385.85 0 -1385.85
41 60 949.045 949.142 0.0975373
11 60 925.864 928.166 2.30197
28 61 928.254 930.556 2.30197
35 61 946.238 946.335 0.0975416
57 0 933.866 0 -933.866
43 60 941.023 941.126 0.102659
51 61 1379.8 1379.9 0.102663
31 0 1397.11 0 -1397.11
41 60 1189.04 1189.14 0.0975373
43 60 1169.45 1169.55 0.0975392
43 60 959.45 959.553 0.102659
35 61 1186.24 1186.34 0.0975416
17 0 1373.14 0 -1373.14
44 60 926.843 929.145 2.30196
41 0 930.618 0 -930.618
40 60 930.776 933.077 2.30195
59 0 936.393 0 -936.393
35 61 1006.24 1006.34 0.102662
24 0 939.571 0 -939.571
4 0 1389.21 0 -1389.21
26 60 945.055 945.24 0.18484
26 60 963.353 963.528 0.1746
33 0 928.817 0 -928.817
47 60 932.491 934.793 2.30196
39 61 997.463 997.56 0.0975443
54 61 934.859 937.161 2.30196
52 61 936.402 938.704 2.30196
42 60 998.619 998.716 0.0975376
41 60 979.045 979.142 0.0975373
42 60 968.619 968.716 0.0975376
15 0 1395.93 0 -1395.93
7 0 1395.78 0 -1395.78
26 60 912.513 912.842 0.328712
53 0 913.12 0 -913.12
13 61 913.821 916.123 2.30197
48 60 914.056 916.358 2.30197
45 60 914.097 916.399 2.30196
2 0 914.214 0 -914.214
8 0 916.177 0 -916.177
56 61 916.506 918.808 2.30197
17 0 917.352 0 -917.352
19 0 917.803 0 -917.803
39 61 919.036 919.221 0.18484
42 60 920.191 920.294 0.102658
58 60 920.89 923.192 2.30198
18 0 921.011 0 -921.011
38 60 922.392 924.694 2.30196
32 0 922.687 0 -922.687
46 0 923.254 0 -923.254
22 0 923.352 0 -923.352
51 61 924.009 926.311 2.30196
41 60 1009.04 1009.14 0.0975373
55 0 927.032 0 -927.032
50 0 927.628 0 -927.628
43 60 1019.45 1019.55 0.0975392
8 61 1371.96 1374.27 2.30196
26 60 1020.94 1021.11 0.1746
10 0 1397.31 0 -1397.31
49 0 1391.15 0 -1391.15
