29 37 1.64137 3.94332 2.30196
1 30 1.93254 4.2345 2.30196
7 36 3.19067 5.49263 2.30196
25 32 4.85997 7.16193 2.30196
14 35 4.75681 7.05876 2.30195
16 35 5.93869 8.24065 2.30196
20 37 6.88812 9.19008 2.30196
18 31 4.94879 7.25075 2.30196
29 37 1179.68 1179.86 0.174596
11 0 927.145 0 -927.145
6 36 7.61777 9.91972 2.30196
24 32 9.40123 11.7032 2.30196
13 38 10.3634 12.6654 2.30196
10 38 10.1299 12.4318 2.30196
8 36 11.6683 13.9702 2.30195
21 35 927.11 929.412 2.30196
18 31 1174.95 1175.05 0.0975406
17 31 934.27 934.598 0.328707
26 32 12.0438 14.3457 2.30196
4 30 11.7992 14.1011 2.30196
6 36 919.191 919.376 0.184836
18 31 916.522 916.85 0.328709
23 31 15.5603 17.8623 2.30196
21 35 15.5375 17.8394 2.30196
28 33 13.8299 16.1319 2.30196
11 0 15.5721 0 -15.5721
22 37 15.9465 18.2484 2.30196
15 35 18.1842 20.4862 2.30195
20 37 918.461 918.646 0.184838
3 30 17.4402 19.7421 2.30195
2 30 18.0699 20.3719 2.30196
15 32 929.757 932.059 2.30196
19 31 19.1875 21.4894 2.30196
9 36 23.9975 26.2995 2.30196
17 31 22.6966 24.9985 2.30196
12 38 27.3312 29.6331 2.30196
5 0 22.0831 0 -22.0831
17 0 1162.7 0 -1162.7
27 33 28.5509 30.8528 2.30195
0 30 27.1103 29.4122 2.30196
5 36 933.656 935.958 2.30196
6 36 967.618 967.792 0.174596
16 35 917.512 919.814 2.30196
12 38 255.224 257.526 2.30196
27 33 940.124 940.453 0.328706
5 36 249.976 252.278 2.30196
9 36 251.891 254.193 2.30196
15 35 473.971 476.273 2.30195
24 32 465.188 467.49 2.30196
0 30 482.897 485.199 2.30196
29 37 229.535 231.837 2.30196
1 30 229.826 232.128 2.30196
7 36 231.084 233.386 2.30196
14 35 232.65 234.952 2.30195
25 35 232.753 235.055 2.30196
18 31 232.842 235.144 2.30196
16 0 233.832 0 -233.832
20 37 234.781 237.083 2.30196
6 36 235.511 237.813 2.30196
24 32 237.294 239.596 2.30196
10 38 238.023 240.325 2.30196
13 38 238.257 240.559 2.30196
8 36 239.562 241.863 2.30195
4 30 239.692 241.994 2.30196
26 32 239.937 242.239 2.30196
28 33 241.723 244.025 2.30196
21 35 243.431 245.733 2.30196
23 31 243.454 245.756 2.30196
11 38 243.465 245.767 2.30196
22 37 243.84 246.142 2.30196
3 30 245.333 247.635 2.30195
2 30 245.963 248.265 2.30196
15 35 246.077 248.379 2.30195
19 31 247.081 249.383 2.30196
1 30 913.506 914.82 1.31482
9 36 1179.68 1180.01 0.328709
17 31 250.59 252.892 2.30196
14 35 934.757 934.859 0.102657
0 30 255.004 257.305 2.30196
27 33 256.444 258.746 2.30195
9 36 1057.63 1058.24 0.616453
25 35 916.433 916.618 0.184837
7 36 1053.19 1053.29 0.0975427
4 30 1151.8 1151.9 0.0975403
14 35 916.33 916.432 0.102657
29 37 913.214 913.831 0.616452
3 30 473.227 475.529 2.30195
22 37 471.733 474.035 2.30196
22 37 927.519 929.821 2.30196
0 31 1064.8 1065.12 0.328719
13 38 921.936 924.238 2.30196
0 30 710.79 713.092 2.30196
17 31 478.483 480.785 2.30196
14 35 964.757 964.854 0.0975373
26 32 923.617 923.945 0.32871
4 30 923.372 923.475 0.10266
2 0 473.856 0 -473.856
8 36 923.241 923.344 0.102657
9 36 479.784 482.086 2.30196
23 31 1035.56 1035.66 0.102661
27 33 1168.55 1168.65 0.0975385
26 32 467.83 470.132 2.30196
23 31 927.133 927.236 0.102661
19 31 474.974 477.276 2.30196
6 36 463.404 465.706 2.30196
13 38 466.15 468.452 2.30196
23 31 471.347 473.649 2.30196
2 0 929.643 0 -929.643
19 31 930.76 933.062 2.30196
10 38 465.916 468.218 2.30196
21 35 471.324 473.626 2.30196
12 38 483.118 485.42 2.30196
5 36 477.87 480.172 2.30196
18 31 967.362 967.536 0.174597
27 33 484.337 486.639 2.30195
3 30 929.013 931.315 2.30195
29 37 457.428 459.73 2.30196
1 30 457.719 460.021 2.30196
7 36 458.977 461.279 2.30196
14 35 460.543 462.845 2.30195
25 35 460.646 462.948 2.30196
18 31 460.735 463.037 2.30196
16 0 461.725 0 -461.725
20 37 462.675 464.977 2.30196
10 38 921.703 924.005 2.30196
0 30 1194.96 1195.29 0.328711
28 33 469.616 471.918 2.30196
8 36 467.455 469.757 2.30195
4 30 467.586 469.888 2.30196
11 0 471.359 0 -471.359
7 36 1173.19 1173.29 0.0975427
24 32 920.974 921.303 0.328709
7 36 914.764 914.949 0.184839
8 36 1151.67 1151.77 0.0975375
28 33 925.403 925.732 0.328709
28 33 1153.83 1153.93 0.097541
29 37 974.243 974.859 0.616452
12 38 711.011 713.313 2.30196
20 37 966.888 966.991 0.102662
25 35 964.86 964.963 0.102661
25 35 934.86 935.035 0.174597
12 38 938.904 939.233 0.32871
29 37 685.321 687.623 2.30196
1 30 685.612 687.914 2.30196
7 36 686.87 689.172 2.30196
14 35 688.437 690.739 2.30195
25 35 688.54 690.842 2.30196
18 31 688.629 690.93 2.30196
16 38 689.618 691.92 2.30196
20 37 690.568 692.87 2.30196
6 37 691.298 693.599 2.30196
24 32 693.081 695.383 2.30196
10 0 693.81 0 -693.81
13 0 694.043 0 -694.043
8 36 695.348 697.65 2.30195
4 30 695.479 697.781 2.30196
26 32 695.724 698.025 2.30196
28 36 697.51 699.812 2.30197
21 35 699.217 701.519 2.30196
23 31 699.24 701.542 2.30196
11 38 699.252 701.554 2.30196
22 37 699.626 701.928 2.30196
3 30 701.12 703.422 2.30195
2 0 701.75 0 -701.75
15 0 701.864 0 -701.864
19 0 702.867 0 -702.867
5 36 705.763 708.065 2.30196
17 31 706.376 708.678 2.30196
9 36 707.677 709.979 2.30196
27 33 712.231 714.533 2.30195
0 30 938.683 939.3 0.616455
14 35 1054.76 1054.85 0.0975373
25 35 1174.86 1174.96 0.0975406
7 36 933.191 933.293 0.102663
9 36 935.57 936.187 0.616453
18 31 949.063 949.248 0.184837
6 37 937.618 937.792 0.174605
26 32 1152.04 1152.22 0.174598
4 0 941.799 0 -941.799
24 32 953.516 953.701 0.184837
26 32 988.7 988.885 0.184838
20 37 936.888 936.991 0.102662
23 31 945.56 945.663 0.102661
26 32 956.158 956.487 0.32871
12 38 971.446 971.775 0.32871
8 36 941.668 941.771 0.102657
28 33 957.945 958.273 0.328709
27 33 972.666 972.85 0.184834
17 31 966.811 967.14 0.328707
7 36 963.191 963.288 0.0975427
25 35 994.86 994.958 0.0975406
4 30 971.799 971.897 0.0975403
0 30 999.712 1000.04 0.328711
8 36 971.668 971.766 0.0975375
24 32 971.814 971.989 0.174597
18 31 994.949 995.123 0.174597
23 31 975.56 975.663 0.102661
28 33 990.486 990.671 0.184837
19 31 1158.65 1160.96 2.30196
12 38 1003.99 1004.32 0.32871
23 31 1005.56 1005.66 0.0975415
27 33 990.964 991.139 0.174594
26 32 1007 1007.17 0.174598
9 36 996.599 997.215 0.616453
17 31 999.353 999.538 0.184835
6 36 997.618 997.792 0.174596
14 35 994.757 994.859 0.102657
7 36 993.191 993.293 0.102663
22 37 1165.58 1165.68 0.102662
20 37 996.888 996.986 0.0975416
28 33 1008.78 1008.96 0.174597
20 37 1116.89 1116.99 0.0975416
24 32 999.401 999.504 0.102661
8 36 1001.67 1001.77 0.0975375
4 30 1001.8 1001.9 0.10266
26 32 1032.04 1032.22 0.174598
27 33 1018.55 1018.73 0.174594
1 30 1043.67 1044.29 0.616454
18 31 1024.95 1025.12 0.174597
12 38 1036.53 1036.86 0.32871
17 31 1017.65 1017.75 0.102659
0 30 1032.25 1032.58 0.328711
25 35 1024.86 1024.96 0.0975406
20 37 1026.89 1026.99 0.0975416
28 33 1033.83 1033.93 0.102661
14 35 1024.76 1024.85 0.0975373
6 36 1027.62 1027.79 0.174596
29 37 1035.27 1035.89 0.616452
7 36 1023.19 1023.29 0.102663
17 31 1042.7 1042.79 0.097539
24 32 1029.4 1029.5 0.0975407
25 35 1054.86 1054.96 0.0975406
12 38 1069.07 1069.4 0.32871
27 33 1048.55 1048.65 0.102658
18 31 1054.95 1055.05 0.102661
8 36 1031.67 1031.77 0.0975375
4 30 1031.8 1031.9 0.10266
26 32 1062.04 1062.22 0.174598
25 35 1084.86 1084.96 0.102661
6 36 1057.62 1057.79 0.174596
28 33 1063.83 1063.93 0.097541
20 37 1056.89 1056.99 0.0975416
24 32 1059.4 1059.5 0.102661
8 36 1061.67 1061.77 0.0975375
4 30 1061.8 1061.9 0.10266
0 30 1129.88 1130.21 0.328711
14 35 1084.76 1084.85 0.0975373
23 31 1065.56 1065.66 0.102661
17 31 1072.7 1072.8 0.102659
6 36 1087.62 1087.79 0.174596
18 31 1084.95 1085.05 0.0975406
12 38 1134.15 1134.48 0.32871
3 30 1156.91 1159.21 2.30195
26 32 1092.04 1092.22 0.174598
0 30 1097.34 1097.67 0.328711
12 38 1101.61 1101.94 0.32871
27 33 1078.55 1078.65 0.0975385
17 31 1102.7 1102.8 0.102659
1 30 1104.7 1105.03 0.32871
7 36 1083.19 1083.29 0.0975427
20 37 1086.89 1086.99 0.0975416
29 37 1096.3 1096.63 0.328708
24 32 1089.4 1089.5 0.102661
18 31 1114.95 1115.05 0.0975406
28 33 1093.83 1093.93 0.097541
25 35 1114.86 1114.96 0.102661
23 31 1155.56 1155.66 0.0975415
14 35 1114.76 1114.85 0.0975373
8 36 1091.67 1091.77 0.0975375
4 30 1091.8 1091.9 0.10266
24 32 1119.4 1119.5 0.0975407
23 31 1095.56 1095.66 0.102661
9 36 1118.66 1119.27 0.616453
6 36 1117.62 1117.79 0.174596
12 38 1166.7 1167.02 0.32871
27 33 1108.55 1108.65 0.0975385
22 37 1155.41 1155.52 0.102662
10 38 1149.6 1150.21 0.616457
27 33 1138.55 1138.65 0.0975385
2 30 1157.54 1159.84 2.30196
6 36 1147.62 1147.79 0.174596
16 35 1145.4 1147.71 2.30196
26 32 1122.04 1122.22 0.174598
29 37 1128.84 1129.17 0.328708
15 35 1157.65 1157.75 0.102658
24 32 1149.4 1149.5 0.0975407
1 30 1137.24 1137.57 0.32871
7 36 1113.19 1113.29 0.0975427
14 35 1144.76 1144.85 0.0975373
20 37 1146.89 1146.99 0.0975416
13 38 1149.83 1152.13 2.30196
28 33 1123.83 1123.93 0.097541
8 36 1121.67 1121.77 0.0975375
4 30 1121.8 1121.9 0.0975403
14 35 1174.76 1174.85 0.0975373
23 31 1125.56 1125.66 0.0975415
11 38 1155.04 1157.34 2.30196
21 35 1155 1155.11 0.10266
17 31 1132.7 1132.8 0.102659
5 36 1161.55 1162.86 1.31482
25 35 1144.86 1144.96 0.0975406
0 30 1162.42 1162.75 0.328711
18 31 1144.95 1145.05 0.0975406
29 37 1161.38 1161.57 0.184836
1 30 1169.78 1170.11 0.32871
7 36 1143.19 1143.29 0.0975427
24 32 1179.4 1179.5 0.0975407
16 35 1373.3 1373.91 0.616454
28 33 1183.83 1183.93 0.097541
4 30 1181.8 1181.9 0.0975403
3 30 1384.8 1384.9 0.102658
6 36 1177.62 1177.79 0.174596
13 38 1377.72 1378.34 0.616454
26 32 1182.04 1182.22 0.174598
15 35 1188.18 1188.28 0.0975378
12 38 1199.24 1199.57 0.32871
20 37 1176.89 1176.99 0.0975416
22 37 1185.95 1186.05 0.102662
10 38 1210.62 1211.24 0.616457
5 36 1291.72 1293.03 1.31482
8 36 1181.67 1181.77 0.0975375
2 31 1385.43 1387.73 2.30197
11 38 1382.93 1385.23 2.30196
21 35 1185.54 1185.64 0.0975404
23 31 1185.56 1185.66 0.0975415
17 31 1192.7 1192.79 0.097539
9 36 1212.23 1212.55 0.328709
19 31 1386.55 1387.16 0.616455
27 33 1198.55 1198.65 0.0975385
