18 0 0.445281 0 -0.445281
0 0 1.43394 0 -1.43394
29 40 16.1161 18.418 2.30196
28 40 17.1052 19.4072 2.30196
6 0 18.9649 0 -18.9649
16 40 1153.6 1155.9 2.30196
27 40 1.72328 4.02524 2.30196
7 41 1.94556 4.24751 2.30196
10 41 1083.25 1083.35 0.09754
11 41 2.14726 4.44921 2.30196
31 40 1166.63 1166.73 0.102663
33 40 3.00543 5.30739 2.30196
10 41 3.25263 5.55458 2.30196
36 0 1154.94 0 -1154.94
1 41 1130.47 1130.57 0.0975394
38 0 3.62703 0 -3.62703
34 0 5.56283 0 -5.56283
17 0 5.65323 0 -5.65323
15 0 5.71236 0 -5.71236
10 41 1053.25 1053.35 0.09754
13 41 1376.72 1376.91 0.184837
10 41 1023.25 1023.35 0.09754
19 40 6.30521 8.60718 2.30197
12 0 1151.07 0 -1151.07
34 40 1372.92 1375.22 2.30196
38 0 1370.99 0 -1370.99
8 41 8.07324 10.3752 2.30195
30 40 8.81972 11.1217 2.30196
20 40 9.1466 11.4486 2.30197
13 41 9.36321 11.6652 2.30196
32 41 1124.85 1125.02 0.1746
25 0 10.8563 0 -10.8563
16 41 14.1353 16.4372 2.30197
12 41 11.6006 13.9026 2.30196
24 0 11.7801 0 -11.7801
32 41 14.848 17.1499 2.30196
5 41 1169.37 1169.47 0.0975403
25 41 1378.22 1380.52 2.30197
30 40 1118.82 1118.92 0.0975445
36 40 15.4751 17.7771 2.30196
1 41 1010.47 1010.57 0.102659
22 41 17.4223 19.7243 2.30197
20 0 1376.51 0 -1376.51
14 41 18.0317 20.3336 2.30196
2 0 19.6302 0 -19.6302
23 41 1394.68 1396.98 2.30196
9 41 20.1831 22.485 2.30196
1 41 20.468 22.7699 2.30196
8 41 1157.7 1157.81 0.102658
37 0 26.4416 0 -26.4416
35 0 26.1644 0 -26.1644
26 41 26.7919 29.0939 2.30197
1 41 1100.47 1100.57 0.0975394
15 0 1145.18 0 -1145.18
5 41 1049.37 1049.47 0.0975403
5 41 1019.37 1019.47 0.0975403
35 40 1165.63 1167.93 2.30196
3 41 1169.38 1171.68 2.30196
31 0 27.1657 0 -27.1657
23 0 27.3157 0 -27.3157
32 41 1154.85 1155.02 0.1746
39 0 27.7069 0 -27.7069
21 0 28.3648 0 -28.3648
4 41 28.4769 30.7789 2.30196
38 41 1143.09 1145.4 2.30197
3 0 29.9098 0 -29.9098
5 41 29.3703 31.6723 2.30196
9 0 248.076 0 -248.076
1 41 248.361 250.663 2.30196
8 41 463.86 466.162 2.30195
31 40 255.059 257.361 2.30196
23 0 255.209 0 -255.209
35 0 254.058 0 -254.058
2 0 247.523 0 -247.523
12 41 467.387 469.689 2.30196
23 0 710.995 0 -710.995
32 41 1094.85 1095.02 0.1746
39 0 255.6 0 -255.6
27 40 1081.72 1081.82 0.0975438
36 0 471.262 0 -471.262
31 40 710.845 713.147 2.30196
1 41 1040.47 1040.57 0.102659
4 0 256.37 0 -256.37
21 0 256.258 0 -256.258
20 40 464.933 467.235 2.30197
13 0 465.15 0 -465.15
6 0 246.858 0 -246.858
3 41 257.803 260.105 2.30196
24 41 467.567 469.869 2.30196
16 40 469.922 472.224 2.30196
26 0 482.578 0 -482.578
26 0 254.685 0 -254.685
5 41 257.264 259.566 2.30196
37 40 254.335 256.637 2.30197
15 40 1373.07 1375.37 2.30196
32 41 470.634 472.936 2.30196
3 41 713.59 715.891 2.30196
18 0 228.339 0 -228.339
0 0 229.327 0 -229.327
27 40 229.617 231.918 2.30196
7 41 229.839 232.141 2.30196
11 41 230.041 232.342 2.30196
33 40 230.899 233.201 2.30196
10 41 231.146 233.448 2.30196
38 0 231.52 0 -231.52
34 40 233.456 235.758 2.30196
17 0 233.546 0 -233.546
15 0 233.606 0 -233.606
19 40 234.198 236.5 2.30197
8 41 235.966 238.268 2.30195
30 40 236.713 239.015 2.30196
20 40 237.04 239.342 2.30197
13 41 237.256 239.558 2.30196
25 0 238.75 0 -238.75
12 41 239.494 241.796 2.30196
24 41 239.673 241.975 2.30196
16 0 242.029 0 -242.029
32 41 242.741 245.043 2.30196
36 0 243.368 0 -243.368
29 0 244.009 0 -244.009
28 40 244.998 247.3 2.30196
22 0 245.316 0 -245.316
14 41 245.925 248.227 2.30196
17 0 1145.12 0 -1145.12
5 41 1139.37 1139.47 0.0975403
30 40 1058.82 1058.92 0.0975445
32 41 1064.85 1065.02 0.1746
33 40 1142.37 1142.7 0.328713
13 41 1148.83 1151.13 2.30196
19 40 1145.77 1148.07 2.30197
14 41 1385.39 1387.69 2.30196
20 0 1148.61 0 -1148.61
0 0 1140.9 0 -1140.9
28 0 1156.57 0 -1156.57
29 0 1155.58 0 -1155.58
18 40 1139.91 1142.21 2.30196
30 40 1028.82 1028.92 0.0975445
37 0 1165.91 0 -1165.91
27 40 1111.72 1111.82 0.0975438
1 41 1070.47 1070.57 0.0975394
19 40 1373.66 1374.98 1.31483
30 40 998.82 998.917 0.0975445
27 40 1021.72 1021.82 0.0975438
33 40 947.12 947.449 0.328713
37 0 482.228 0 -482.228
2 0 475.417 0 -475.417
17 40 1373.01 1375.31 2.30197
39 40 483.493 485.795 2.30196
14 0 929.605 0 -929.605
0 41 1368.79 1371.1 2.30196
37 0 938.015 0 -938.015
1 41 932.041 932.144 0.102659
25 0 466.643 0 -466.643
1 41 476.254 478.556 2.30196
9 41 475.97 478.272 2.30196
39 41 939.28 941.582 2.30197
33 40 1077.29 1077.62 0.328713
36 40 1382.83 1385.14 2.30196
22 41 473.209 475.511 2.30197
6 41 930.538 932.84 2.30196
32 41 1034.85 1035.02 0.1746
14 41 473.818 476.12 2.30196
5 41 485.157 487.459 2.30196
35 0 709.844 0 -709.844
27 40 1051.72 1051.82 0.0975438
19 0 462.092 0 -462.092
5 41 713.05 715.352 2.30196
28 40 472.892 475.194 2.30196
3 41 485.696 487.998 2.30196
21 0 484.151 0 -484.151
31 40 482.952 485.254 2.30196
35 0 481.951 0 -481.951
23 0 483.102 0 -483.102
7 0 1369.31 0 -1369.31
28 0 928.678 0 -928.678
10 41 1143.25 1143.35 0.09754
30 40 464.606 466.908 2.30196
27 40 1171.72 1171.82 0.0975438
29 0 471.903 0 -471.903
6 0 474.751 0 -474.751
33 40 1044.75 1045.07 0.328713
27 40 931.723 931.898 0.1746
4 41 484.263 486.565 2.30196
18 40 456.232 458.534 2.30196
0 0 457.22 0 -457.22
27 40 457.51 459.812 2.30196
7 0 457.732 0 -457.732
11 0 457.934 0 -457.934
33 40 458.792 461.094 2.30196
10 41 459.039 461.341 2.30196
38 41 459.414 461.715 2.30197
34 40 461.349 463.651 2.30196
17 0 461.44 0 -461.44
15 0 461.499 0 -461.499
11 41 1141.61 1143.92 2.30196
7 0 1141.41 0 -1141.41
32 41 1004.85 1005.02 0.1746
14 41 1157.5 1159.8 2.30196
6 0 1158.43 0 -1158.43
2 0 1159.1 0 -1159.1
9 40 1159.65 1161.95 2.30197
5 41 1079.37 1079.47 0.10266
5 41 1109.37 1109.47 0.0975403
8 41 1147.54 1147.64 0.102658
30 40 1088.82 1088.92 0.0975445
22 0 1156.89 0 -1156.89
10 41 1113.25 1113.35 0.09754
39 40 1167.17 1169.48 2.30196
21 0 1167.83 0 -1167.83
23 41 1166.78 1169.08 2.30196
18 40 1367.8 1369.12 1.31483
34 40 1145.03 1147.33 2.30196
4 41 1167.94 1170.25 2.30196
25 0 1150.32 0 -1150.32
24 40 1151.25 1153.55 2.30197
26 0 1166.26 0 -1166.26
33 40 1109.83 1110.16 0.328713
39 0 711.387 0 -711.387
23 0 938.889 0 -938.889
31 40 938.739 941.041 2.30196
37 0 710.121 0 -710.121
29 40 927.689 929.991 2.30196
21 0 712.045 0 -712.045
30 40 938.82 938.922 0.102664
5 41 989.37 989.468 0.0975403
32 41 926.421 926.75 0.328712
33 40 1012.2 1012.53 0.328713
2 0 931.203 0 -931.203
22 40 928.995 931.297 2.30197
26 0 710.472 0 -710.472
4 0 712.157 0 -712.157
33 40 979.662 979.991 0.328713
9 41 931.756 934.058 2.30196
36 40 927.048 929.35 2.30196
18 40 684.125 686.427 2.30196
0 0 685.114 0 -685.114
27 40 685.403 687.705 2.30196
7 0 685.625 0 -685.625
11 0 685.827 0 -685.827
33 41 686.685 688.987 2.30196
10 41 686.932 689.234 2.30196
38 0 687.307 0 -687.307
34 0 689.243 0 -689.243
17 0 689.333 0 -689.333
15 0 689.392 0 -689.392
19 40 689.985 692.287 2.30197
8 0 691.753 0 -691.753
30 40 692.499 694.801 2.30196
20 0 692.826 0 -692.826
13 41 693.043 695.345 2.30196
25 0 694.536 0 -694.536
12 41 695.28 697.582 2.30196
24 41 695.46 697.762 2.30196
16 41 697.815 700.117 2.30197
32 41 698.528 700.83 2.30196
36 40 699.155 701.457 2.30196
29 40 699.796 702.098 2.30196
28 0 700.785 0 -700.785
22 0 701.102 0 -701.102
14 0 701.711 0 -701.711
6 0 702.645 0 -702.645
2 40 703.31 705.612 2.30198
9 0 703.863 0 -703.863
1 41 704.148 706.45 2.30196
27 40 991.723 991.826 0.102664
1 41 980.468 980.566 0.0975394
37 0 1393.8 0 -1393.8
4 0 940.05 0 -940.05
35 40 937.737 940.039 2.30196
30 40 1148.82 1148.92 0.0975445
30 40 1178.82 1178.92 0.0975445
3 0 941.483 0 -941.483
10 41 1173.25 1173.35 0.09754
10 41 963.253 963.35 0.09754
27 40 961.723 961.898 0.1746
1 41 950.468 950.566 0.0975394
8 41 1178.07 1178.17 0.0975379
16 0 1381.49 0 -1381.49
5 41 940.943 941.046 0.10266
32 41 958.963 959.147 0.18484
10 41 993.253 993.35 0.09754
27 40 1141.72 1141.82 0.0975438
30 40 968.82 968.917 0.0975445
11 0 1369.51 0 -1369.51
16 41 925.708 928.01 2.30197
1 41 1160.47 1160.57 0.0975394
32 41 977.261 977.436 0.1746
26 0 938.365 0 -938.365
21 0 939.938 0 -939.938
10 41 933.253 933.355 0.10266
5 41 959.37 959.473 0.10266
33 40 1174.91 1175.24 0.328713
18 40 912.018 914.32 2.30196
0 0 913.007 0 -913.007
27 40 913.296 913.481 0.18484
7 0 913.519 0 -913.519
11 0 913.72 0 -913.72
33 40 914.578 914.907 0.328713
10 41 914.826 914.928 0.10266
38 0 915.2 0 -915.2
34 0 917.136 0 -917.136
17 0 917.226 0 -917.226
15 0 917.285 0 -917.285
19 0 917.878 0 -917.878
8 41 919.646 921.948 2.30195
30 40 920.393 920.578 0.18484
20 0 920.72 0 -920.72
13 0 920.936 0 -920.936
25 0 922.429 0 -922.429
12 0 923.174 0 -923.174
24 0 923.353 0 -923.353
28 0 1384.46 0 -1384.46
29 40 1383.48 1385.78 2.30196
4 41 1395.84 1398.14 2.30196
24 0 1379.14 0 -1379.14
32 41 1184.85 1185.02 0.1746
12 41 1378.96 1381.26 2.30196
22 0 1384.78 0 -1384.78
31 40 1197.17 1197.26 0.0975431
26 0 1394.15 0 -1394.15
35 40 1393.52 1395.83 2.30196
39 40 1395.07 1397.37 2.30196
21 0 1395.72 0 -1395.72
5 41 1199.37 1199.47 0.0975403
3 41 1397.27 1397.45 0.184839
6 0 1386.32 0 -1386.32
2 0 1386.99 0 -1386.99
9 41 1387.54 1387.73 0.184837
1 41 1190.47 1190.57 0.0975394
