9 35 2.38872 4.69067 2.30195
7 35 3.37792 5.67988 2.30196
2 46 6.1995 8.50146 2.30196
28 41 5.91909 8.22104 2.30196
12 35 9.73233 12.0343 2.30195
22 34 7.4095 9.71145 2.30195
23 34 19.9124 22.2144 2.30195
24 38 934.182 936.484 2.30195
22 34 1087.41 1087.51 0.0975384
22 34 997.409 997.507 0.0975384
23 34 931.485 931.814 0.328705
5 35 1008.23 1008.32 0.0975376
26 40 9.4687 11.7707 2.30196
17 36 12.0224 14.3244 2.30195
8 46 9.34983 11.6518 2.30195
18 48 12.8853 15.1873 2.30195
15 36 1073.45 1073.54 0.0975374
27 36 939.116 939.445 0.328708
13 47 13.7919 16.0939 2.30196
10 35 16.7357 19.0376 2.30195
21 39 15.6058 17.9078 2.30195
25 38 17.5407 19.8427 2.30195
5 35 18.2266 20.5286 2.30195
23 34 1069.91 1070.02 0.102657
16 47 21.4626 23.7645 2.30195
0 34 25.3191 27.6211 2.30196
24 38 22.6087 24.9106 2.30195
20 48 25.2657 27.5677 2.30196
27 36 1167.54 1167.72 0.174596
15 36 23.4472 25.7492 2.30195
14 47 24.6642 26.9661 2.30195
29 37 24.5132 26.8152 2.30196
6 35 24.8072 27.1092 2.30195
27 36 27.543 29.8449 2.30196
4 35 26.3872 28.6891 2.30195
3 0 26.5992 0 -26.5992
26 40 939.469 939.643 0.174596
26 40 1089.47 1089.57 0.10266
17 36 1017.17 1017.35 0.184834
16 47 1191.46 1191.56 0.097537
16 47 1071.46 1071.57 0.102657
15 36 935.02 935.123 0.102657
20 48 1195.27 1195.37 0.10266
11 35 28.4948 30.7967 2.30195
19 39 28.8788 31.1807 2.30195
13 47 1093.79 1093.89 0.0975397
21 39 1122.43 1122.76 0.328706
1 35 29.9682 32.2702 2.30195
16 47 249.356 251.658 2.30195
1 35 257.861 260.163 2.30195
0 35 253.212 255.514 2.30196
27 36 255.436 257.738 2.30196
3 0 254.492 0 -254.492
4 0 254.28 0 -254.28
11 35 256.388 258.69 2.30195
9 35 230.282 232.584 2.30195
7 35 231.271 233.573 2.30196
28 41 233.812 236.114 2.30196
2 46 234.093 236.395 2.30196
22 34 235.303 237.605 2.30195
8 46 237.243 239.545 2.30195
26 40 237.362 239.664 2.30196
12 35 237.626 239.928 2.30195
17 36 239.916 242.218 2.30195
18 48 240.779 243.081 2.30195
13 47 241.685 243.987 2.30196
21 39 243.499 245.801 2.30195
10 31 244.629 246.931 2.30196
25 38 245.434 247.736 2.30195
5 35 246.12 248.422 2.30195
23 34 247.806 250.108 2.30195
19 39 940.452 940.78 0.328707
6 35 252.7 255.002 2.30195
29 37 252.406 254.708 2.30196
14 47 252.557 254.859 2.30195
15 36 251.34 253.642 2.30195
24 38 250.502 252.804 2.30195
20 48 253.159 255.461 2.30196
4 0 937.96 0 -937.96
19 39 256.772 259.074 2.30195
0 35 936.892 939.194 2.30196
13 47 1183.79 1183.89 0.10266
10 35 1096.74 1096.91 0.174594
20 48 936.839 936.941 0.10266
6 35 1074.81 1074.9 0.0975374
17 36 1092.02 1092.2 0.174594
11 39 940.068 942.37 2.30196
12 35 1089.73 1089.83 0.0975369
27 36 1087.58 1087.76 0.174596
25 38 1067.54 1067.64 0.102658
16 47 477.249 479.551 2.30195
15 36 479.234 481.536 2.30195
5 35 474.013 476.315 2.30195
6 35 480.594 482.896 2.30195
12 35 465.519 467.821 2.30195
13 47 469.578 471.88 2.30196
4 0 482.174 0 -482.174
26 40 465.255 467.557 2.30196
18 48 468.672 470.974 2.30195
27 36 483.329 485.631 2.30196
8 46 465.136 467.438 2.30195
14 47 480.451 482.753 2.30195
3 35 482.386 484.688 2.30195
13 47 1063.79 1063.89 0.0975397
21 39 471.392 473.694 2.30195
9 35 458.175 460.477 2.30195
7 46 459.164 461.466 2.30196
28 41 461.706 464.008 2.30196
2 46 461.986 464.288 2.30196
22 34 463.196 465.498 2.30195
11 39 712.175 714.476 2.30196
28 41 1085.92 1086.09 0.174595
17 36 467.809 470.111 2.30195
10 35 472.522 474.824 2.30195
0 35 481.106 483.408 2.30196
25 38 473.327 475.629 2.30195
13 47 1003.79 1003.97 0.174596
23 34 1009.91 1010.01 0.0975368
28 41 1011.06 1011.25 0.184835
23 34 475.699 478.001 2.30195
29 37 480.3 482.602 2.30196
20 48 481.052 483.354 2.30196
24 38 478.395 480.697 2.30195
19 39 484.665 486.967 2.30195
25 38 1097.54 1097.64 0.102658
8 46 1029.35 1029.45 0.102659
1 46 485.755 488.057 2.30196
11 35 484.281 486.583 2.30195
20 48 955.266 955.368 0.10266
12 35 999.732 999.83 0.0975369
19 39 1078.88 1079.05 0.174595
18 48 1002.89 1002.99 0.102659
8 46 1089.35 1089.45 0.102659
27 32 711.223 713.525 2.30196
3 35 710.279 712.581 2.30195
4 34 710.067 712.369 2.30196
27 36 971.658 971.986 0.328708
10 35 1076.77 1076.95 0.174594
14 47 1074.66 1074.76 0.0975374
21 39 1089.89 1090.22 0.328706
9 35 686.068 688.37 2.30195
7 35 687.058 689.36 2.30196
28 41 689.599 691.901 2.30196
2 39 689.879 692.181 2.30196
22 34 691.089 693.391 2.30195
8 46 693.03 695.332 2.30195
26 40 693.148 695.45 2.30196
12 35 693.412 695.714 2.30195
17 36 695.702 698.004 2.30195
18 48 696.565 698.867 2.30195
13 47 697.472 699.774 2.30196
21 39 699.286 701.588 2.30195
10 35 700.415 702.717 2.30195
25 48 701.22 703.522 2.30196
5 35 701.906 704.208 2.30195
23 34 703.592 705.894 2.30195
16 47 705.142 707.444 2.30195
24 38 706.288 708.59 2.30195
15 36 707.127 709.429 2.30195
29 0 708.193 0 -708.193
14 47 708.344 710.646 2.30195
6 35 708.487 710.789 2.30195
20 48 708.945 711.247 2.30196
0 46 708.999 711.301 2.30196
19 39 712.559 714.86 2.30195
22 34 937.409 937.512 0.102658
28 41 978.52 978.849 0.328707
1 31 713.648 715.95 2.30196
17 36 1062.02 1062.2 0.174594
9 35 1082.39 1082.49 0.0975371
6 35 936.38 936.483 0.102657
8 46 939.35 939.447 0.0975386
12 35 939.732 939.83 0.0975369
14 47 954.664 954.767 0.102657
29 37 936.086 938.388 2.30196
14 47 936.237 936.34 0.102657
28 41 1029.36 1029.54 0.174595
22 34 1057.41 1057.51 0.102658
18 48 957 957.185 0.184835
6 35 954.807 954.905 0.0975374
1 31 941.541 942.158 0.616455
3 31 938.172 940.474 2.30196
16 47 933.036 933.364 0.328705
9 35 913.962 914.578 0.616449
7 46 914.951 917.253 2.30196
28 41 917.492 918.109 0.616451
2 35 917.772 920.074 2.30196
22 34 918.982 919.085 0.102658
8 46 920.923 921.025 0.102659
26 40 921.042 921.227 0.184836
12 35 921.305 921.408 0.102657
17 36 923.595 924.212 0.61645
18 48 924.458 924.787 0.328707
13 36 925.365 925.694 0.328708
5 35 929.8 929.902 0.102658
25 38 929.114 929.299 0.184834
18 48 1062.89 1062.99 0.102659
10 35 928.309 928.637 0.328706
21 39 927.179 927.508 0.328706
5 35 1068.23 1068.32 0.0975376
26 40 1059.47 1059.57 0.09754
18 48 1092.89 1092.99 0.102659
10 35 960.85 961.179 0.328706
5 35 948.227 948.329 0.102658
25 38 947.541 947.715 0.174594
13 47 976.205 976.38 0.174596
21 39 959.721 960.049 0.328706
6 35 1044.81 1044.9 0.0975374
13 47 957.907 958.091 0.184836
23 34 964.027 964.212 0.184833
15 36 953.447 953.55 0.102657
16 47 965.577 965.762 0.184833
12 35 969.732 969.835 0.102657
17 36 984.624 984.952 0.328706
10 35 993.392 993.721 0.328706
19 39 972.993 973.322 0.328707
26 40 969.469 969.571 0.10266
8 46 969.35 969.452 0.102659
9 35 974.99 975.319 0.328705
21 39 992.262 992.591 0.328706
22 34 967.409 967.512 0.102658
25 38 977.541 977.715 0.174594
18 48 975.298 975.401 0.102659
5 35 978.227 978.329 0.102658
1 35 1002.57 1003.19 0.616451
6 35 984.807 984.905 0.0975374
14 47 984.664 984.762 0.0975374
10 35 1025.93 1026.26 0.328706
27 36 1004.2 1004.53 0.328708
23 34 982.325 982.428 0.102657
8 46 999.35 999.452 0.102659
16 47 983.876 983.978 0.102657
15 36 983.447 983.55 0.102657
19 39 1005.54 1005.86 0.328707
16 47 1011.46 1011.57 0.102657
25 38 1007.54 1007.64 0.102658
20 48 985.266 985.368 0.10266
21 39 1024.8 1025.13 0.328706
9 35 1007.53 1007.72 0.184833
26 40 999.469 999.566 0.09754
20 48 1015.27 1015.37 0.10266
27 36 1036.74 1037.07 0.328708
21 39 1057.35 1057.67 0.328706
15 36 1013.45 1013.54 0.0975374
6 35 1014.81 1014.9 0.0975374
14 47 1014.66 1014.76 0.0975374
25 38 1187.54 1187.64 0.102658
12 35 1029.73 1029.83 0.0975369
23 34 1039.91 1040.02 0.102657
16 47 1041.46 1041.57 0.102657
1 35 1063.6 1064.21 0.616451
19 39 1038.08 1038.26 0.184835
9 35 1025.83 1026 0.174593
17 36 1035.46 1035.64 0.174594
25 38 1037.54 1037.64 0.0975383
26 40 1029.47 1029.57 0.09754
13 47 1033.79 1033.89 0.10266
15 36 1043.45 1043.54 0.0975374
18 48 1032.89 1032.99 0.102659
10 35 1126.74 1126.91 0.174594
22 34 1027.41 1027.51 0.102658
0 34 1164.79 1167.09 2.30196
20 48 1075.27 1075.37 0.10266
19 39 1056.38 1056.55 0.174595
12 35 1059.73 1059.83 0.0975369
14 47 1044.66 1044.76 0.0975374
27 36 1069.28 1069.47 0.184836
9 35 1052.39 1052.49 0.102657
5 46 1038.23 1038.33 0.102662
10 35 1058.48 1058.66 0.184834
20 48 1045.27 1045.37 0.10266
28 41 1055.92 1056.09 0.174595
8 46 1059.35 1059.45 0.102659
2 46 1145.67 1145.99 0.328707
6 35 1104.81 1104.9 0.0975374
14 47 1104.66 1104.76 0.0975374
1 35 1124.63 1125.24 0.616451
25 38 1157.54 1157.64 0.102658
21 39 1154.97 1155.3 0.328706
27 36 1107.54 1107.72 0.174596
23 34 1099.91 1100.02 0.102657
16 47 1101.46 1101.57 0.102657
12 35 1119.73 1119.83 0.0975369
18 48 1122.89 1122.99 0.102659
20 48 1105.27 1105.37 0.10266
15 36 1103.45 1103.54 0.0975374
22 34 1117.41 1117.51 0.0975384
7 35 1142.84 1143.46 0.616452
29 37 1174.14 1174.25 0.10266
5 35 1098.23 1098.32 0.0975376
26 40 1119.47 1119.57 0.10266
8 46 1149.35 1149.45 0.0975386
14 47 1134.66 1134.76 0.0975374
8 46 1119.35 1119.45 0.0975386
17 36 1122.02 1122.13 0.102658
19 39 1108.88 1109.05 0.174595
23 34 1129.91 1130.02 0.102657
9 35 1112.39 1112.49 0.102657
28 41 1115.92 1116.09 0.174595
20 48 1165.27 1165.37 0.10266
3 0 1166.07 0 -1166.07
11 35 1167.96 1168.15 0.184834
6 35 1134.81 1134.9 0.0975374
18 48 1152.89 1152.99 0.102659
20 48 1135.27 1135.36 0.0975401
25 38 1127.54 1127.64 0.102658
27 36 1137.54 1137.72 0.174596
13 47 1123.79 1123.89 0.10266
29 37 1163.98 1164.08 0.10266
15 36 1133.45 1133.54 0.0975374
16 47 1131.46 1131.56 0.097537
24 38 1162.07 1162.4 0.328706
5 35 1128.23 1128.32 0.0975376
4 0 1165.85 0 -1165.85
6 35 1164.81 1164.9 0.0975374
17 36 1152.02 1152.12 0.0975383
1 35 1185.65 1185.98 0.328707
12 35 1179.73 1179.83 0.0975369
19 39 1138.88 1139.05 0.174595
28 41 1145.92 1146.09 0.174595
15 36 1163.45 1163.54 0.0975374
7 35 1203.87 1204.2 0.328708
9 35 1142.39 1142.49 0.102657
28 41 1175.92 1176.09 0.174595
18 48 1182.89 1182.98 0.0975388
26 40 1149.47 1149.57 0.10266
14 47 1164.66 1164.76 0.0975374
12 35 1149.73 1149.83 0.0975369
22 34 1147.41 1147.51 0.0975384
15 36 1193.45 1193.54 0.0975374
2 46 1178.21 1178.39 0.184835
23 34 1159.91 1160.01 0.0975368
13 47 1153.79 1153.89 0.10266
16 47 1161.46 1161.56 0.097537
5 35 1158.23 1158.32 0.0975376
10 35 1156.74 1156.84 0.102658
29 37 1194.51 1194.62 0.10266
8 46 1179.35 1179.45 0.0975386
10 35 1186.74 1186.83 0.0975378
17 36 1182.02 1182.12 0.0975383
19 39 1168.88 1169.05 0.174595
23 34 1189.91 1190.01 0.0975368
5 35 1188.23 1188.33 0.102658
26 40 1179.47 1179.57 0.10266
11 35 1198.49 1198.67 0.174594
9 35 1172.39 1172.49 0.102657
3 0 1393.96 0 -1393.96
27 36 1197.54 1197.72 0.174596
4 0 1393.75 0 -1393.75
22 34 1177.41 1177.51 0.0975384
6 35 1194.81 1194.9 0.0975374
0 34 1392.68 1394.98 2.30196
14 47 1194.66 1194.76 0.0975374
21 39 1187.51 1187.84 0.328706
1 35 1218.2 1218.53 0.328707
24 38 1194.62 1194.8 0.184834
19 39 1198.88 1199.05 0.174595
