32 70 1.58823 3.89019 2.30196
36 56 1.69643 3.99838 2.30195
47 55 11.7225 14.0245 2.30195
40 55 10.5108 12.8128 2.30196
22 69 12.5213 14.8233 2.30196
21 65 11.0195 13.3215 2.30195
45 58 12.4145 14.7165 2.30196
36 56 964.109 964.284 0.174595
44 68 2.0768 4.37876 2.30195
41 68 1015.1 1015.21 0.10266
48 63 696.828 699.13 2.30196
46 68 697.199 699.501 2.30196
4 0 697.822 0 -697.822
42 70 1010.01 1010.18 0.174595
17 60 2.1148 4.41676 2.30195
41 68 708.784 711.086 2.30196
24 65 3.88648 6.18843 2.30195
31 56 4.08269 6.38465 2.30196
18 70 705.791 708.093 2.30196
29 56 705.836 708.138 2.30196
20 65 706.371 708.673 2.30195
8 51 4.67628 6.97823 2.30196
34 56 4.65982 6.96178 2.30195
9 52 712.133 714.435 2.30195
23 69 1018.23 1018.33 0.102657
26 69 6.14454 8.44649 2.30195
2 52 9.40922 11.7112 2.30196
33 67 7.66229 9.96424 2.30195
11 59 7.90979 10.2117 2.30195
35 56 8.94794 11.2499 2.30195
3 52 8.64626 10.9482 2.30196
19 59 1076.7 1076.87 0.174595
6 52 1165.88 1166.05 0.174598
17 60 685.795 688.097 2.30195
24 65 687.566 689.868 2.30195
31 0 687.762 0 -687.762
16 60 12.2912 14.5931 2.30196
6 52 1075.88 1076.05 0.174598
1 51 937.918 940.22 2.30196
25 65 1004.27 1004.37 0.097539
11 59 1027.91 1028.01 0.097538
33 67 1027.66 1027.76 0.102658
26 69 1026.14 1026.25 0.102658
42 59 703.687 705.989 2.30196
14 60 703.982 706.284 2.30196
13 63 705.001 707.303 2.30196
45 58 696.094 698.396 2.30196
22 69 696.201 698.503 2.30196
49 50 696.46 698.762 2.30196
49 66 1092.78 1092.88 0.10266
49 66 12.7807 15.0827 2.30196
22 69 1092.52 1092.62 0.0975392
25 65 14.2687 16.5707 2.30195
43 60 14.777 17.0789 2.30195
48 63 13.1481 15.4501 2.30196
46 68 13.5194 15.8214 2.30196
4 52 14.142 16.4439 2.30196
20 65 1012.69 1012.79 0.102658
0 52 713.262 715.564 2.30195
39 70 14.8573 17.1593 2.30196
7 52 15.526 17.8279 2.30196
5 51 17.6919 19.9938 2.30196
42 70 20.0077 22.3097 2.30196
27 65 19.2595 21.5615 2.30195
14 60 20.3021 22.6041 2.30196
6 52 709.557 711.859 2.30196
28 69 1075.63 1075.73 0.0975369
18 0 22.111 0 -22.111
13 59 21.3217 23.6237 2.30196
29 56 22.1565 24.4584 2.30196
20 65 22.6913 24.9933 2.30195
26 69 1146.14 1146.24 0.0975381
7 52 699.206 701.508 2.30196
5 51 701.372 703.674 2.30196
27 0 702.939 0 -702.939
38 0 713.427 0 -713.427
33 67 691.342 693.644 2.30195
11 59 691.59 693.891 2.30195
3 52 692.326 694.628 2.30196
6 52 25.8768 28.1788 2.30196
30 60 25.8452 28.1472 2.30196
1 51 26.3448 28.6468 2.30196
28 69 25.6327 27.9347 2.30195
41 68 25.1041 27.4061 2.30196
32 70 685.268 687.57 2.30196
36 56 685.376 687.678 2.30195
44 68 685.757 688.059 2.30195
23 69 958.232 958.335 0.102657
9 52 1198.45 1198.56 0.102658
1 51 710.025 712.327 2.30196
33 67 967.662 967.765 0.102658
19 59 26.6982 29.0002 2.30195
28 69 955.633 955.735 0.102657
25 65 697.948 700.25 2.30195
43 60 698.457 700.759 2.30195
39 70 698.537 700.839 2.30196
35 56 692.628 694.93 2.30195
2 51 693.089 695.391 2.30196
40 55 694.191 696.493 2.30196
9 52 28.4531 30.7551 2.30195
23 69 28.232 30.534 2.30195
12 70 28.5074 30.8094 2.30196
37 67 29.1234 31.4253 2.30196
26 69 966.145 966.247 0.102658
15 64 713.513 715.815 2.30196
9 52 1178.08 1178.18 0.102658
37 67 1019.12 1019.22 0.0975391
15 60 29.833 32.135 2.30196
10 60 28.6865 30.9884 2.30196
21 65 1091.02 1091.12 0.0975387
46 68 1153.52 1153.62 0.0975391
39 70 1004.86 1004.96 0.102659
38 0 29.7471 0 -29.7471
0 0 29.5824 0 -29.5824
12 70 712.187 714.489 2.30196
33 67 1147.66 1147.76 0.0975377
23 65 711.912 714.214 2.30196
19 59 1046.7 1046.87 0.174595
19 59 710.378 712.68 2.30195
42 70 247.901 250.203 2.30196
19 59 254.591 256.893 2.30195
30 60 253.738 256.04 2.30196
14 0 248.195 0 -248.195
38 0 257.64 0 -257.64
21 65 466.806 469.108 2.30195
45 58 468.201 470.503 2.30196
29 56 250.05 252.352 2.30196
11 59 463.696 465.998 2.30195
14 64 476.089 478.391 2.30196
13 59 249.215 251.517 2.30196
41 68 1045.1 1045.21 0.10266
3 52 1058.65 1058.74 0.0975409
6 52 481.663 483.965 2.30196
28 69 481.419 483.721 2.30195
41 68 480.891 483.193 2.30196
18 70 250.004 252.306 2.30196
28 69 253.526 255.828 2.30195
1 51 254.238 256.54 2.30196
28 69 709.312 711.614 2.30195
32 70 229.481 231.783 2.30196
36 56 229.59 231.892 2.30195
44 68 229.97 232.272 2.30195
17 60 230.008 232.31 2.30195
24 65 231.78 234.082 2.30195
31 57 231.976 234.278 2.30196
34 56 232.553 234.855 2.30195
8 51 232.57 234.871 2.30196
26 69 234.038 236.34 2.30195
33 67 235.556 237.857 2.30195
11 59 235.803 238.105 2.30195
3 52 236.54 238.841 2.30196
35 56 236.841 239.143 2.30195
2 52 237.302 239.604 2.30196
40 54 238.404 240.706 2.30196
21 65 238.913 241.215 2.30195
47 55 239.616 241.918 2.30195
16 60 240.184 242.486 2.30196
45 58 240.308 242.61 2.30196
22 69 240.415 242.717 2.30196
49 66 240.674 242.976 2.30196
48 63 241.041 243.343 2.30196
46 68 241.413 243.715 2.30196
4 0 242.035 0 -242.035
25 65 242.162 244.464 2.30195
43 60 242.67 244.972 2.30195
39 70 242.751 245.053 2.30196
7 52 243.419 245.721 2.30196
5 51 245.585 247.887 2.30196
27 65 247.153 249.455 2.30195
20 69 934.264 934.367 0.102662
44 68 1022.08 1022.17 0.0975369
43 60 1094.78 1094.87 0.0975378
42 70 1160.01 1160.18 0.174595
34 0 688.34 0 -688.34
8 51 688.356 690.658 2.30196
26 69 689.824 692.126 2.30195
20 65 250.585 252.887 2.30195
6 52 253.77 256.072 2.30196
20 65 952.691 952.794 0.102658
13 59 951.322 951.496 0.174597
41 68 252.997 255.299 2.30196
19 59 1166.7 1166.87 0.174595
29 56 1161.62 1162.24 0.616453
10 70 712.366 714.668 2.30196
37 67 712.803 715.105 2.30196
7 52 1095.53 1095.62 0.0975398
8 51 1038.31 1038.92 0.616452
35 56 1088.95 1089.05 0.0975385
37 67 257.017 259.319 2.30196
12 70 256.401 258.703 2.30196
10 60 256.58 258.882 2.30196
9 0 256.346 0 -256.346
23 69 256.125 258.427 2.30195
15 64 257.726 260.028 2.30196
17 60 1022.11 1022.21 0.0975388
23 69 1198.23 1198.33 0.0975373
0 0 257.476 0 -257.476
37 67 1139.12 1139.22 0.0975392
37 67 1049.12 1049.22 0.0975392
43 60 1004.78 1004.88 0.102658
38 0 485.534 0 -485.534
28 69 1015.63 1015.73 0.0975369
13 59 1071.32 1071.5 0.174597
30 60 481.632 483.934 2.30196
21 65 694.699 697.001 2.30195
47 66 695.402 697.704 2.30196
16 60 695.971 698.273 2.30196
15 60 1169.2 1169.53 0.32871
45 58 1062.41 1062.51 0.0975396
42 70 1070.01 1070.18 0.174595
43 60 1064.78 1064.87 0.0975378
36 56 1051.7 1051.8 0.102659
24 65 1083.89 1083.98 0.0975377
30 60 937.418 939.72 2.30196
48 63 1093.15 1093.25 0.0975414
3 52 1028.65 1028.74 0.0975409
30 60 709.525 711.827 2.30196
41 68 1165.1 1165.2 0.0975397
12 70 484.294 486.596 2.30196
39 70 1094.86 1094.96 0.102659
42 70 1100.01 1100.18 0.174595
26 69 1086.14 1086.24 0.0975381
11 59 1087.91 1088.01 0.097538
18 70 933.684 935.986 2.30196
13 63 932.895 933.08 0.184839
17 60 1082.11 1082.21 0.0975388
15 60 1201.74 1202.07 0.32871
40 55 1060.51 1060.69 0.174596
9 52 484.24 486.542 2.30195
39 70 1064.86 1064.96 0.102659
8 51 1099.33 1099.66 0.328708
6 52 1053.37 1053.55 0.174598
35 56 968.948 969.051 0.102659
19 59 482.485 484.787 2.30195
42 70 475.794 478.096 2.30196
1 51 482.131 484.433 2.30196
37 67 484.91 487.212 2.30196
2 51 465.196 467.498 2.30196
47 55 467.509 469.811 2.30195
7 52 471.312 473.614 2.30196
18 70 477.898 480.199 2.30196
35 56 464.734 467.036 2.30195
13 59 477.108 479.41 2.30196
10 60 484.473 486.775 2.30196
0 52 485.369 487.671 2.30195
3 52 464.433 466.735 2.30196
20 65 478.478 480.78 2.30195
33 67 463.449 465.751 2.30195
29 56 933.729 936.031 2.30196
15 60 485.62 487.921 2.30196
23 69 484.019 486.32 2.30195
37 67 1079.12 1079.22 0.0975392
29 56 477.943 480.245 2.30196
27 65 475.046 477.348 2.30195
13 59 1011.32 1011.5 0.174597
32 70 457.375 459.677 2.30196
36 56 457.483 459.785 2.30195
44 68 457.863 460.165 2.30195
17 60 457.901 460.203 2.30195
24 65 459.673 461.975 2.30195
31 56 459.869 462.171 2.30196
34 56 460.446 462.748 2.30195
8 51 460.463 462.765 2.30196
26 69 461.931 464.233 2.30195
48 63 468.935 471.237 2.30196
40 55 466.297 468.599 2.30196
39 70 470.644 472.946 2.30196
46 68 469.306 471.608 2.30196
22 69 468.308 470.61 2.30196
16 60 468.078 470.38 2.30196
25 65 470.055 472.357 2.30195
49 66 468.567 470.869 2.30196
5 51 473.478 475.78 2.30196
43 60 470.563 472.865 2.30195
4 52 469.928 472.23 2.30196
7 52 1065.53 1065.62 0.0975398
12 70 1167.97 1168.08 0.10266
36 56 1021.7 1021.87 0.174595
19 59 1021.65 1021.83 0.174595
37 67 959.123 959.226 0.102659
28 69 1165.63 1165.73 0.0975369
13 59 1161.32 1161.5 0.174597
7 52 1155.53 1155.62 0.0975398
23 69 1078.23 1078.33 0.0975373
38 52 1169.21 1171.52 2.30196
44 68 1052.08 1052.17 0.0975369
3 52 1088.65 1088.74 0.0975409
15 60 973.948 974.276 0.32871
33 67 1087.66 1087.76 0.0975377
15 60 1104.11 1104.44 0.32871
42 70 964.122 964.307 0.184835
45 58 1152.41 1152.51 0.0975396
41 68 955.104 955.207 0.10266
11 59 997.91 998.012 0.102658
25 65 1094.27 1094.37 0.097539
0 51 941.155 943.457 2.30196
33 67 1057.66 1057.76 0.0975377
5 51 1181.49 1182.1 0.616452
24 65 1023.89 1023.98 0.0975377
11 59 967.91 968.084 0.174594
12 70 1198.51 1198.6 0.0975397
36 56 1081.7 1081.79 0.0975389
41 68 1075.1 1075.21 0.10266
44 68 1082.08 1082.17 0.0975369
49 66 1152.78 1152.88 0.10266
5 51 929.265 930.58 1.31482
33 67 997.662 997.765 0.102658
19 59 938.271 938.6 0.328707
3 52 998.646 998.744 0.0975409
44 68 932.077 932.179 0.102657
3 52 938.646 938.744 0.0975409
11 59 937.91 938.084 0.174594
45 58 942.415 942.517 0.10266
46 68 943.519 943.622 0.102659
41 68 936.677 936.78 0.10266
17 60 932.115 932.217 0.102659
22 69 942.521 942.624 0.102659
46 68 925.092 925.195 0.102659
33 57 937.662 937.765 0.102662
28 65 937.206 937.308 0.102662
6 52 937.45 937.779 0.32871
32 70 913.161 915.463 2.30196
36 56 913.269 913.598 0.328707
44 68 913.65 913.752 0.102657
17 60 913.688 913.873 0.184835
24 65 915.459 915.562 0.102658
31 57 915.656 917.958 2.30196
34 56 916.233 918.535 2.30195
8 51 916.249 916.866 0.616452
26 69 917.718 917.82 0.102658
33 67 919.235 919.338 0.102658
11 59 919.483 919.668 0.184834
3 52 920.219 920.322 0.102661
35 67 920.521 920.624 0.102661
2 51 920.982 923.284 2.30196
40 55 922.084 922.269 0.184836
21 65 922.593 922.695 0.102659
47 55 923.296 925.597 2.30195
16 60 923.864 926.166 2.30196
45 58 923.988 924.09 0.10266
22 69 924.094 924.197 0.102659
49 66 924.354 924.456 0.10266
48 63 924.721 924.824 0.102661
25 65 925.842 925.944 0.102659
4 52 925.715 928.017 2.30196
27 65 930.833 933.134 2.30195
14 64 931.875 934.177 2.30196
42 70 931.581 931.909 0.328707
7 52 927.099 927.284 0.184836
39 70 926.43 926.533 0.102659
43 60 926.35 926.453 0.102658
38 57 941.32 943.622 2.30196
6 52 1035.07 1035.26 0.184838
46 68 1063.52 1063.62 0.0975391
23 69 1048.23 1048.33 0.102657
38 67 1397.11 1399.41 2.30196
37 67 940.696 940.799 0.102659
15 64 941.406 941.735 0.328711
19 59 970.813 971.142 0.328707
20 65 1072.69 1072.79 0.0975376
11 59 1057.91 1058.01 0.097538
23 69 939.805 939.908 0.102657
8 51 977.278 977.894 0.616452
12 70 940.08 942.382 2.30196
10 64 940.259 942.561 2.30196
9 51 940.026 942.328 2.30196
15 60 1039.03 1039.36 0.32871
35 56 1028.95 1029.05 0.0975385
21 65 941.02 941.122 0.102659
21 65 1061.02 1061.12 0.0975387
36 56 945.811 945.996 0.184835
43 60 1124.78 1124.87 0.0975378
22 69 1152.52 1152.62 0.0975392
7 52 1005.53 1005.62 0.0975398
48 63 943.148 943.251 0.102661
43 60 944.777 944.874 0.0975378
35 56 938.948 939.051 0.102659
24 65 933.886 933.989 0.102658
26 69 936.145 936.247 0.102658
49 66 942.781 942.878 0.0975397
40 55 940.511 940.685 0.174596
17 60 962.115 962.212 0.0975388
3 52 968.646 968.744 0.0975409
25 65 944.269 944.371 0.102659
39 56 944.857 944.955 0.0975407
6 52 969.992 970.32 0.32871
24 65 963.886 963.989 0.102658
7 52 945.526 945.629 0.10266
35 56 998.948 999.051 0.102659
44 68 962.077 962.179 0.102657
49 66 972.781 972.878 0.0975397
40 55 970.511 970.685 0.174596
39 70 974.857 974.955 0.0975394
21 65 971.02 971.117 0.0975387
17 60 1052.11 1052.21 0.0975388
22 69 972.521 972.619 0.0975392
42 70 1040.01 1040.18 0.174595
22 69 1062.52 1062.62 0.0975392
45 58 1092.41 1092.52 0.10266
20 65 1162.69 1162.79 0.0975376
25 65 1064.27 1064.37 0.097539
43 60 974.777 974.88 0.102658
41 68 985.104 985.207 0.10266
46 68 973.519 973.622 0.102659
48 63 973.148 973.246 0.0975414
25 69 974.269 974.366 0.0975402
17 60 992.115 992.217 0.102659
45 58 972.415 972.517 0.10266
28 69 985.633 985.735 0.102657
15 60 1006.49 1006.82 0.32871
20 65 982.691 982.794 0.102658
36 56 991.696 991.871 0.174595
7 52 975.526 975.624 0.0975398
44 68 992.077 992.179 0.102657
48 63 1003.15 1003.25 0.102661
23 69 1168.23 1168.33 0.0975373
6 52 1002.53 1002.86 0.32871
23 69 988.232 988.335 0.102657
37 67 989.123 989.221 0.0975391
17 60 1142.11 1142.21 0.0975388
42 70 982.421 982.595 0.174595
49 66 1002.78 1002.88 0.0975397
13 59 981.322 981.496 0.174597
24 65 993.886 993.989 0.102658
19 59 1003.35 1003.54 0.184835
45 58 1002.41 1002.51 0.0975396
26 69 996.145 996.247 0.102658
21 65 1001.02 1001.12 0.102659
22 69 1002.52 1002.62 0.102659
40 55 1000.51 1000.69 0.174596
46 68 1003.52 1003.62 0.102659
20 65 1042.69 1042.79 0.0975376
40 55 1030.51 1030.69 0.174596
48 63 1063.15 1063.25 0.0975414
46 68 1033.52 1033.62 0.0975391
48 63 1033.15 1033.25 0.102661
18 70 1161.58 1163.88 2.30196
15 60 1071.57 1071.9 0.32871
22 69 1032.52 1032.62 0.102659
49 66 1032.78 1032.88 0.10266
21 65 1031.02 1031.12 0.0975387
7 52 1035.53 1035.62 0.0975398
39 70 1034.86 1034.95 0.0975394
45 58 1032.41 1032.51 0.0975396
28 69 1045.63 1045.73 0.0975369
48 63 1153.15 1153.25 0.0975414
35 56 1058.95 1059.05 0.0975385
41 68 1135.1 1135.2 0.0975397
40 55 1090.51 1090.69 0.174596
49 66 1062.78 1062.88 0.10266
46 0 1093.52 0 -1093.52
39 70 1124.86 1124.96 0.102659
25 65 1034.27 1034.37 0.097539
43 60 1034.78 1034.87 0.0975378
5 51 1120.46 1121.08 0.616452
26 69 1056.14 1056.24 0.0975381
25 65 1124.27 1124.37 0.097539
43 60 1154.78 1154.87 0.0975378
40 55 1150.51 1150.69 0.174596
13 59 1041.32 1041.5 0.174597
25 65 1154.27 1154.37 0.097539
24 65 1053.89 1053.98 0.0975377
5 51 1059.43 1060.05 0.616452
3 52 1118.65 1118.74 0.0975409
1 51 1165.81 1168.11 2.30196
26 69 1116.14 1116.24 0.0975381
15 60 1136.66 1136.98 0.32871
19 59 1106.7 1106.87 0.174595
8 51 1131.88 1132.2 0.328708
41 68 1105.1 1105.21 0.10266
36 56 1111.7 1111.79 0.0975389
24 65 1113.89 1113.98 0.0975377
32 70 1141.05 1143.36 2.30196
40 55 1120.51 1120.69 0.174596
17 60 1112.11 1112.21 0.0975388
20 65 1102.69 1102.79 0.0975376
13 59 1101.32 1101.5 0.174597
21 65 1151.02 1151.12 0.0975387
3 52 1148.65 1148.74 0.0975409
14 60 1159.77 1160.1 0.32871
24 65 1143.89 1143.98 0.0975377
46 68 1123.52 1123.62 0.0975391
48 63 1123.15 1123.25 0.0975414
6 52 1105.88 1106.05 0.174598
28 69 1105.63 1105.73 0.0975369
27 65 1168.89 1168.99 0.102658
11 59 1147.91 1148.01 0.102658
44 68 1142.08 1142.17 0.0975369
33 67 1117.66 1117.76 0.0975377
37 67 1109.12 1109.22 0.0975392
11 59 1117.91 1118.01 0.102658
44 68 1112.08 1112.17 0.0975369
49 66 1122.78 1122.88 0.10266
22 69 1122.52 1122.62 0.0975392
35 56 1118.95 1119.05 0.0975385
23 69 1108.23 1108.33 0.0975373
12 70 1178.14 1178.24 0.10266
21 65 1121.02 1121.12 0.0975387
42 70 1130.01 1130.18 0.174595
27 65 1158.73 1158.83 0.102658
28 69 1135.63 1135.73 0.0975369
10 60 1168.15 1170.45 2.30196
20 65 1132.69 1132.79 0.0975376
34 56 1144.13 1144.23 0.102657
7 52 1125.53 1125.62 0.0975398
31 56 1143.55 1143.88 0.32871
30 56 1165.31 1165.5 0.184839
39 70 1154.86 1154.96 0.102659
9 52 1167.92 1168.02 0.102658
4 52 1153.61 1155.91 2.30196
16 60 1151.76 1151.94 0.184836
19 59 1136.7 1136.87 0.174595
36 56 1141.7 1141.8 0.102659
2 52 1148.88 1149.06 0.184838
6 52 1135.88 1136.05 0.174598
0 52 1169.05 1171.35 2.30195
8 51 1164.42 1164.75 0.328708
35 56 1148.95 1149.05 0.0975385
13 59 1131.32 1131.5 0.174597
47 55 1151.19 1151.52 0.328706
45 58 1122.41 1122.52 0.10266
23 69 1138.23 1138.33 0.0975373
36 56 1171.7 1171.8 0.102659
11 59 1177.91 1178.01 0.102658
32 70 1368.95 1369.28 0.328708
37 67 1169.12 1169.22 0.0975392
44 68 1172.08 1172.17 0.0975369
17 60 1172.11 1172.21 0.0975388
37 67 1199.12 1199.22 0.0975392
25 65 1184.27 1184.37 0.097539
45 58 1182.41 1182.51 0.0975396
34 56 1174.66 1174.76 0.0975375
3 52 1178.65 1178.74 0.0975409
26 69 1176.14 1176.24 0.0975381
35 56 1178.95 1179.05 0.0975385
40 55 1180.51 1180.69 0.174596
20 65 1192.69 1192.79 0.0975376
10 60 1396.05 1396.23 0.184836
33 67 1177.66 1177.76 0.0975377
6 52 1195.88 1196.05 0.174598
21 65 1181.02 1181.12 0.0975387
8 51 1196.96 1197.29 0.328708
31 56 1176.09 1176.28 0.184838
24 65 1173.89 1173.98 0.0975377
49 66 1182.78 1182.88 0.10266
0 52 1396.94 1397.27 0.328707
22 69 1182.52 1182.62 0.0975392
42 70 1190.01 1190.18 0.174595
4 52 1381.5 1381.83 0.32871
41 68 1195.1 1195.2 0.0975397
39 70 1184.86 1184.96 0.102659
46 68 1183.52 1183.62 0.0975391
2 52 1179.41 1179.58 0.174598
14 60 1192.31 1192.49 0.184838
43 60 1184.78 1184.87 0.0975378
7 52 1185.53 1185.62 0.0975398
47 55 1183.73 1184.06 0.328706
16 60 1182.29 1182.47 0.174596
29 56 1222.65 1223.27 0.616453
18 70 1389.47 1389.8 0.328708
5 51 1242.52 1243.13 0.616452
48 63 1183.15 1183.25 0.0975414
27 65 1189.26 1189.36 0.102658
30 60 1195.85 1196.02 0.174597
19 59 1196.7 1196.87 0.174595
1 51 1393.7 1396.01 2.30196
13 59 1191.32 1191.5 0.174597
28 69 1195.63 1195.73 0.0975369
