36 43 3.20676 5.50871 2.30196
39 46 3.24255 5.54451 2.30196
15 42 6.12153 8.42349 2.30196
3 0 6.4052 0 -6.4052
26 0 6.38426 0 -6.38426
37 44 18.6538 20.9558 2.30196
34 45 20.4615 22.7634 2.30195
5 42 1076.42 1076.6 0.174597
25 40 4.2986 6.60056 2.30196
11 42 1042.09 1042.19 0.0975382
27 0 5.14728 0 -5.14728
6 42 6.43483 8.73678 2.30195
29 40 6.80017 9.10212 2.30196
19 0 6.97275 0 -6.97275
9 41 7.29249 9.59444 2.30195
1 42 7.99844 10.3004 2.30195
7 42 8.43659 10.7385 2.30195
0 41 13.6428 15.9447 2.30195
18 42 12.8175 15.1194 2.30195
4 0 12.3677 0 -12.3677
12 42 10.7138 13.0158 2.30195
2 0 10.3602 0 -10.3602
36 43 1083.21 1083.3 0.097542
33 46 15.6018 17.9038 2.30196
16 41 11.3823 13.6843 2.30195
21 44 13.3949 15.6968 2.30196
14 41 11.6295 13.9315 2.30195
32 46 11.8114 14.1134 2.30196
5 42 710.102 712.404 2.30196
20 40 705.128 707.43 2.30196
11 42 705.772 708.074 2.30195
30 48 707.035 709.337 2.30196
31 49 708.719 711.021 2.30196
22 41 708.989 711.291 2.30196
33 46 1065.6 1065.78 0.174597
23 41 701.509 703.811 2.30195
38 0 701.659 0 -701.659
24 44 702.077 704.379 2.30196
37 44 702.334 704.636 2.30196
34 45 704.141 706.443 2.30195
0 41 697.323 699.624 2.30195
8 0 697.943 0 -697.943
33 47 699.282 701.584 2.30196
28 40 699.623 701.925 2.30196
10 0 699.934 0 -699.934
14 0 695.309 0 -695.309
32 46 695.491 697.793 2.30196
4 42 696.047 698.349 2.30196
18 42 696.497 698.799 2.30195
21 44 697.075 699.377 2.30196
18 42 1092.82 1092.91 0.0975379
33 46 1095.6 1095.78 0.174597
1 0 691.678 0 -691.678
7 0 692.116 0 -692.116
2 43 694.04 696.342 2.30196
12 43 694.394 696.696 2.30196
16 0 695.062 0 -695.062
3 42 690.085 692.387 2.30196
6 42 690.115 692.417 2.30195
29 0 690.48 0 -690.48
19 0 690.652 0 -690.652
9 0 690.972 0 -690.972
32 46 1091.81 1091.99 0.1746
8 0 14.2636 0 -14.2636
28 40 15.9432 18.2452 2.30196
39 46 686.922 689.224 2.30196
25 40 687.978 690.28 2.30196
27 40 688.827 691.129 2.30196
15 41 689.801 692.103 2.30196
26 0 690.064 0 -690.064
10 42 16.2538 18.5557 2.30196
32 46 1031.81 1031.99 0.1746
23 41 17.8294 20.1313 2.30195
38 0 17.9794 0 -17.9794
36 43 686.887 689.188 2.30196
24 40 18.397 20.699 2.30196
31 0 252.933 0 -252.933
35 43 256.842 259.144 2.30195
30 49 23.355 25.6569 2.30196
5 45 26.4226 28.7245 2.30196
20 41 21.448 23.75 2.30196
37 47 930.227 930.412 0.184838
11 42 22.0926 24.3946 2.30195
37 44 1068.65 1068.83 0.174597
31 49 936.613 938.915 2.30196
31 49 25.0397 27.3417 2.30196
22 41 25.3091 27.6111 2.30196
13 42 28.2937 30.5957 2.30195
11 42 1072.09 1072.19 0.0975382
35 43 28.9488 31.2507 2.30195
17 42 29.2052 31.5071 2.30195
20 44 249.341 251.643 2.30196
13 42 256.187 258.489 2.30195
22 41 253.202 255.504 2.30196
30 49 251.248 253.55 2.30196
5 42 254.316 256.618 2.30196
15 42 1056.12 1056.22 0.0975393
17 42 257.098 259.4 2.30195
21 41 1093.39 1093.49 0.0975395
23 41 1037.83 1037.93 0.0975366
11 42 249.986 252.288 2.30195
28 40 471.73 474.032 2.30196
5 42 1016.42 1016.6 0.174597
23 41 473.616 475.918 2.30195
36 43 231.1 233.402 2.30196
39 46 231.136 233.438 2.30196
25 40 232.192 234.494 2.30196
27 40 233.041 235.342 2.30196
15 42 234.015 236.317 2.30196
26 40 234.278 236.579 2.30196
3 0 234.298 0 -234.298
6 42 234.328 236.63 2.30195
29 40 234.693 236.995 2.30196
19 0 234.866 0 -234.866
9 41 235.186 237.488 2.30195
1 42 235.892 238.194 2.30195
7 45 236.33 238.632 2.30196
2 42 238.253 240.555 2.30195
12 42 238.607 240.909 2.30195
16 41 239.276 241.578 2.30195
14 41 239.523 241.825 2.30195
32 46 239.705 242.007 2.30196
4 0 240.261 0 -240.261
18 42 240.711 243.013 2.30195
21 44 241.288 243.59 2.30196
0 41 241.536 243.838 2.30195
8 0 242.157 0 -242.157
33 46 243.495 245.797 2.30196
28 40 243.836 246.138 2.30196
10 42 244.147 246.449 2.30196
23 41 245.723 248.025 2.30195
38 0 245.873 0 -245.873
24 44 246.29 248.592 2.30196
37 44 246.547 248.849 2.30196
34 45 248.355 250.657 2.30195
38 40 929.552 931.854 2.30196
17 41 712.885 715.187 2.30196
32 46 1061.81 1061.99 0.1746
2 42 1180.36 1180.46 0.0975372
1 0 1147.46 0 -1147.46
37 44 1008.65 1008.83 0.174597
12 42 1030.71 1030.81 0.0975365
11 42 1162.09 1162.19 0.0975382
36 43 933.207 933.309 0.102662
30 49 1013.35 1013.46 0.102659
12 42 1090.71 1090.81 0.0975365
21 41 1063.39 1063.5 0.10266
8 41 470.05 472.352 2.30196
13 41 711.973 714.275 2.30196
23 41 1007.83 1007.93 0.0975366
4 45 468.154 470.456 2.30196
23 41 1097.83 1097.93 0.0975366
28 44 927.516 927.619 0.102667
28 40 1035.94 1036.05 0.10266
15 42 1086.12 1086.22 0.0975393
38 41 473.766 476.068 2.30196
24 40 474.184 476.485 2.30196
13 42 484.08 486.382 2.30195
17 42 484.992 487.294 2.30195
14 0 467.416 0 -467.416
10 42 472.04 474.342 2.30196
34 45 476.248 478.55 2.30195
11 42 477.879 480.181 2.30195
5 42 482.209 484.511 2.30196
16 0 467.169 0 -467.169
33 46 471.388 473.69 2.30196
11 42 1012.09 1012.2 0.102658
35 43 484.735 487.037 2.30195
12 42 466.5 468.802 2.30195
18 43 468.604 470.906 2.30196
22 41 481.096 483.398 2.30196
35 43 712.629 714.93 2.30195
2 42 466.147 468.449 2.30195
0 41 469.429 471.731 2.30195
20 44 477.235 479.536 2.30196
37 44 474.44 476.742 2.30196
13 42 1048.29 1048.4 0.102658
32 46 467.598 469.9 2.30196
21 44 469.181 471.483 2.30196
30 49 479.141 481.443 2.30196
31 49 480.826 483.128 2.30196
36 43 458.993 461.295 2.30196
39 46 459.029 461.331 2.30196
25 40 460.085 462.387 2.30196
27 40 460.934 463.236 2.30196
15 41 461.908 464.21 2.30196
26 0 462.171 0 -462.171
3 0 462.192 0 -462.192
6 42 462.221 464.523 2.30195
29 0 462.587 0 -462.587
19 42 462.759 465.061 2.30196
9 41 463.079 465.381 2.30195
1 0 463.785 0 -463.785
7 0 464.223 0 -464.223
15 42 1026.12 1026.22 0.0975393
37 44 1038.65 1038.83 0.174597
13 42 1018.29 1018.39 0.0975381
37 44 1098.65 1098.83 0.174597
22 41 1075.31 1075.41 0.10266
0 41 1033.64 1033.74 0.0975371
25 40 1153.93 1154.03 0.10266
32 46 941.811 941.986 0.1746
33 46 927.175 927.36 0.184837
13 42 1078.29 1078.4 0.102658
36 43 1023.21 1023.3 0.097542
33 46 1035.6 1035.78 0.174597
34 45 932.034 934.336 2.30195
22 41 1045.31 1045.41 0.10266
22 41 936.882 936.985 0.10266
36 43 1053.21 1053.3 0.097542
0 41 1063.64 1063.75 0.102657
5 45 937.996 938.18 0.184838
30 49 1043.35 1043.46 0.102659
17 42 940.778 943.08 2.30195
18 42 1062.82 1062.91 0.0975379
11 42 933.666 933.768 0.102658
30 49 934.928 935.113 0.184835
18 42 1032.82 1032.91 0.0975379
13 42 939.867 940.052 0.184834
28 40 1065.94 1066.05 0.10266
32 46 1151.81 1151.99 0.1746
24 40 929.97 932.272 2.30196
36 43 914.78 914.965 0.184838
39 46 914.816 917.118 2.30196
25 40 915.872 918.174 2.30196
27 40 916.72 919.022 2.30196
15 42 917.695 917.797 0.102659
26 0 917.957 0 -917.957
3 0 917.978 0 -917.978
6 43 918.008 920.31 2.30196
29 0 918.373 0 -918.373
19 0 918.546 0 -918.546
9 41 918.865 921.167 2.30195
1 42 919.571 921.873 2.30195
7 0 920.01 0 -920.01
2 43 921.933 924.235 2.30196
12 42 922.287 922.389 0.102657
16 44 922.955 925.257 2.30196
14 44 923.203 925.504 2.30196
32 46 923.384 923.569 0.18484
4 42 923.941 926.243 2.30196
18 42 924.39 924.493 0.102658
21 41 924.968 925.071 0.10266
0 41 925.216 925.318 0.102657
8 44 925.837 928.139 2.30196
22 41 1015.31 1015.41 0.10266
23 41 929.402 929.505 0.102657
20 41 933.021 935.323 2.30196
10 42 927.827 930.129 2.30196
35 43 940.522 942.824 2.30195
30 49 1073.35 1073.46 0.102659
28 40 1095.94 1096.05 0.10266
23 41 1067.83 1067.93 0.0975366
12 42 1060.71 1060.81 0.0975365
33 46 1005.6 1005.78 0.174597
21 41 943.395 943.498 0.10266
0 41 1093.64 1093.75 0.102657
15 42 936.122 936.224 0.102659
0 41 943.643 943.74 0.0975371
12 42 940.714 940.816 0.102657
18 42 942.817 942.92 0.102658
18 42 1152.82 1152.91 0.0975379
12 42 970.714 970.811 0.0975365
37 44 1158.65 1158.83 0.174597
37 44 948.654 948.828 0.174597
22 41 955.309 955.407 0.0975405
23 41 947.829 947.927 0.0975366
33 46 945.602 945.776 0.174597
28 40 945.943 946.046 0.10266
30 49 953.355 953.458 0.102659
18 42 972.817 972.915 0.0975379
5 42 956.423 956.597 0.174597
13 42 958.294 958.468 0.174594
5 42 1046.42 1046.6 0.174597
11 42 952.093 952.195 0.102658
37 44 978.654 978.828 0.174597
32 46 971.811 971.986 0.1746
15 42 966.122 966.219 0.0975393
0 41 973.643 973.74 0.0975371
36 43 963.207 963.304 0.097542
21 41 973.395 973.492 0.0975395
13 42 988.294 988.396 0.102658
28 0 975.943 0 -975.943
33 46 975.602 975.776 0.174597
5 42 986.423 986.597 0.174597
23 41 977.829 977.927 0.0975366
30 49 983.355 983.458 0.102659
21 41 1033.39 1033.5 0.10266
21 41 1153.39 1153.49 0.0975395
22 41 985.309 985.412 0.10266
0 41 1003.64 1003.74 0.0975371
12 42 1000.71 1000.81 0.0975365
15 42 996.122 996.224 0.102659
11 42 982.093 982.195 0.102658
28 40 1005.94 1006.04 0.0975403
32 46 1001.81 1001.99 0.1746
18 42 1002.82 1002.91 0.0975379
21 41 1003.39 1003.5 0.10266
36 43 993.207 993.304 0.097542
26 40 1373.74 1376.05 2.30196
16 41 1150.85 1153.15 2.30195
21 41 1123.39 1123.49 0.0975395
39 46 1142.71 1145.01 2.30196
14 41 1151.1 1153.4 2.30195
25 40 1143.76 1143.87 0.10266
19 42 1146.44 1148.74 2.30196
3 0 1145.87 0 -1145.87
18 42 1122.82 1122.91 0.0975379
26 0 1145.85 0 -1145.85
32 46 1121.81 1121.99 0.1746
22 41 1135.31 1135.41 0.10266
15 42 1116.12 1116.22 0.0975393
4 42 1151.83 1154.14 2.30196
12 42 1120.71 1120.81 0.0975365
5 42 1106.42 1106.6 0.174597
6 42 1145.9 1148.2 2.30195
0 41 1123.64 1123.75 0.102657
30 49 1103.35 1103.45 0.0975393
29 0 1146.27 0 -1146.27
38 40 1157.45 1159.75 2.30196
22 41 1105.31 1105.41 0.0975405
8 41 1381.62 1383.93 2.30196
11 42 1102.09 1102.19 0.0975382
37 44 1128.65 1128.83 0.174597
28 40 1125.94 1126.04 0.0975403
30 49 1133.35 1133.45 0.0975393
24 40 1157.86 1158.19 0.328709
9 41 1146.76 1146.86 0.102657
2 41 1149.83 1149.93 0.102662
36 43 1113.21 1113.3 0.097542
27 44 1144.61 1146.92 2.30196
31 49 1164.51 1164.83 0.328711
7 0 1147.9 0 -1147.9
13 42 1108.29 1108.4 0.102658
10 41 1155.72 1155.9 0.184834
8 42 1153.73 1156.03 2.30196
23 41 1127.83 1127.93 0.0975366
0 41 1153.64 1153.74 0.0975371
33 46 1125.6 1125.78 0.174597
15 41 1146.12 1146.22 0.0975395
12 42 1150.71 1150.81 0.0975365
11 42 1132.09 1132.19 0.0975382
20 41 1160.91 1163.22 2.30196
34 45 1159.93 1160.11 0.184835
17 42 1168.67 1170.97 2.30195
35 43 1168.42 1168.74 0.328707
33 46 1155.6 1155.78 0.174597
5 42 1136.42 1136.6 0.174597
5 42 1166.42 1166.6 0.174597
23 41 1157.83 1157.93 0.0975366
36 43 1143.21 1143.3 0.097542
13 42 1138.29 1138.4 0.102658
28 0 1155.94 0 -1155.94
34 45 1178.23 1178.33 0.102659
22 41 1165.31 1165.41 0.10266
20 41 1388.81 1388.99 0.184836
39 46 1370.6 1372.9 2.30196
15 42 1176.12 1176.22 0.0975393
0 41 1183.64 1183.74 0.0975371
3 0 1373.76 0 -1373.76
1 41 1375.36 1377.66 2.30196
12 42 1180.71 1180.81 0.0975365
19 45 1374.33 1376.63 2.30196
16 42 1378.74 1378.84 0.102662
14 42 1378.99 1379.09 0.102662
29 40 1374.16 1376.46 2.30196
23 41 1187.83 1187.93 0.0975366
36 43 1173.21 1173.3 0.097542
25 40 1174.3 1174.4 0.10266
32 46 1181.81 1181.99 0.1746
9 41 1177.29 1177.39 0.0975368
30 49 1163.35 1163.45 0.0975393
7 0 1375.8 0 -1375.8
33 46 1185.6 1185.78 0.174597
27 40 1372.51 1372.84 0.328711
4 42 1379.73 1382.03 2.30196
21 41 1183.39 1183.49 0.0975395
13 42 1168.29 1168.4 0.102658
6 42 1373.79 1376.1 2.30195
38 0 1385.34 0 -1385.34
18 42 1182.82 1182.91 0.0975379
28 40 1185.94 1186.04 0.0975403
10 41 1186.25 1186.43 0.174594
37 44 1188.65 1188.83 0.174597
5 42 1196.42 1196.6 0.174597
24 40 1190.4 1190.73 0.328709
30 49 1193.35 1193.45 0.0975393
17 42 1396.56 1397.18 0.61645
22 41 1195.31 1195.41 0.10266
31 49 1197.05 1197.38 0.328711
11 42 1192.09 1192.19 0.0975382
35 43 1200.96 1201.29 0.328707
34 45 1190.46 1190.56 0.102659
13 42 1198.29 1198.39 0.0975381
