26 35 0.0461897 2.34814 2.30196
14 43 0.270302 2.57226 2.30195
17 40 4.94384 7.2458 2.30195
5 33 2.71898 5.02093 2.30196
6 33 4.86083 7.16279 2.30196
12 0 0.348481 0 -0.348481
4 33 1397.15 1399.45 2.30196
1 33 0.455429 2.75739 2.30196
16 43 1.5144 3.81636 2.30195
3 33 1178.88 1178.98 0.097538
0 33 6.43177 8.73372 2.30195
3 33 8.88436 11.1863 2.30195
10 40 5.92601 8.22797 2.30196
25 31 479.849 482.151 2.30196
11 40 10.0759 12.3778 2.30196
19 37 7.56588 9.86783 2.30195
25 31 1194.06 1194.16 0.0975402
21 44 10.0395 12.3414 2.30195
23 41 10.0635 12.3654 2.30195
20 43 8.82951 11.1315 2.30195
13 43 10.9088 13.2108 2.30196
22 34 10.47 12.7719 2.30196
17 40 1174.94 1175.05 0.102658
15 44 1187.56 1187.66 0.0975397
10 40 1373.29 1373.9 0.616454
29 38 14.3593 16.6612 2.30196
7 33 11.2533 13.5553 2.30195
24 33 14.6329 16.9348 2.30195
28 43 16.1367 18.4387 2.30196
18 37 16.2619 18.5639 2.30195
2 33 17.4421 19.744 2.30196
15 44 17.5624 19.8644 2.30196
8 40 18.5981 20.9 2.30195
25 31 24.063 26.3649 2.30196
27 38 23.7377 26.0397 2.30196
15 44 1157.56 1157.66 0.0975397
4 33 29.7885 32.0905 2.30196
9 43 26.8396 29.1415 2.30196
8 40 246.491 248.793 2.30195
0 33 462.218 464.52 2.30195
7 33 1181.25 1181.35 0.0975377
4 33 257.682 259.984 2.30196
18 37 1186.26 1186.36 0.0975388
8 40 474.385 476.687 2.30195
25 31 251.956 254.258 2.30196
26 35 227.939 230.241 2.30196
14 43 228.164 230.466 2.30195
12 43 228.242 230.544 2.30196
1 33 228.349 230.651 2.30196
16 43 229.408 231.71 2.30195
5 33 230.612 232.914 2.30196
6 33 232.754 235.056 2.30196
17 40 232.837 235.139 2.30195
10 0 233.819 0 -233.819
0 33 234.325 236.627 2.30195
19 37 235.459 237.761 2.30195
20 43 236.723 239.025 2.30195
3 33 236.778 239.08 2.30195
21 44 237.933 240.235 2.30195
23 41 237.957 240.259 2.30195
11 0 237.969 0 -237.969
22 0 238.363 0 -238.363
13 0 238.802 0 -238.802
7 33 239.147 241.449 2.30195
29 38 242.253 244.554 2.30196
24 33 242.526 244.828 2.30195
28 43 244.03 246.332 2.30196
18 37 244.155 246.457 2.30195
2 33 245.335 247.637 2.30196
15 44 245.456 247.758 2.30196
26 35 1170.05 1170.14 0.097539
27 38 251.631 253.933 2.30196
1 33 1170.46 1170.55 0.0975408
19 37 463.352 465.654 2.30195
9 43 254.733 257.035 2.30196
11 40 1377.44 1379.74 2.30196
5 33 1203.21 1203.54 0.328708
6 33 1372.22 1374.52 2.30196
28 43 471.923 474.225 2.30196
18 37 472.048 474.35 2.30195
15 44 473.349 475.651 2.30196
3 33 464.671 466.973 2.30195
13 43 1182.92 1183.25 0.328708
9 43 710.519 712.821 2.30196
27 38 1073.74 1073.84 0.0975406
27 38 479.524 481.826 2.30196
10 37 461.713 464.014 2.30196
24 33 1215.13 1215.46 0.328705
24 33 470.419 472.721 2.30195
16 43 1171.51 1171.61 0.097537
2 33 473.229 475.531 2.30196
26 35 455.833 458.135 2.30196
14 43 456.057 458.359 2.30195
12 43 456.135 458.437 2.30196
1 33 456.242 458.544 2.30196
16 43 457.301 459.603 2.30195
5 33 458.505 460.807 2.30196
6 0 460.647 0 -460.647
17 40 460.73 463.032 2.30195
12 43 1269.98 1270.6 0.616456
20 43 464.616 466.918 2.30195
22 0 466.256 0 -466.256
11 0 465.862 0 -465.862
23 41 465.85 468.152 2.30195
21 44 465.826 468.128 2.30195
29 38 470.146 472.448 2.30196
7 33 467.04 469.342 2.30195
13 43 466.695 468.997 2.30196
4 33 485.575 487.877 2.30196
9 43 482.626 484.928 2.30196
25 31 707.743 710.045 2.30196
20 43 1178.83 1178.93 0.0975382
22 34 1377.83 1378.16 0.32871
9 43 1251.66 1252.28 0.616453
27 38 707.417 709.719 2.30196
0 33 1373.79 1373.89 0.102658
29 38 1184.36 1184.46 0.102659
26 35 683.726 686.028 2.30196
14 0 683.95 0 -683.95
12 43 684.028 686.33 2.30196
1 33 684.135 686.437 2.30196
16 43 685.194 687.496 2.30195
5 32 686.399 688.701 2.30196
6 0 688.541 0 -688.541
17 40 688.624 690.926 2.30195
10 0 689.606 0 -689.606
0 33 690.112 692.413 2.30195
19 37 691.246 693.548 2.30195
20 43 692.509 694.811 2.30195
3 33 692.564 694.866 2.30195
21 44 693.719 696.021 2.30195
23 41 693.743 696.045 2.30195
11 0 693.756 0 -693.756
22 34 694.15 696.452 2.30196
13 43 694.589 696.891 2.30196
7 0 694.933 0 -694.933
29 38 698.039 700.341 2.30196
24 33 698.313 700.615 2.30195
28 43 699.816 702.118 2.30196
18 37 699.942 702.244 2.30195
2 33 701.122 703.424 2.30196
15 44 701.242 703.544 2.30196
8 40 702.278 704.58 2.30195
19 37 1177.57 1177.66 0.0975388
27 38 1193.74 1193.84 0.0975406
4 33 713.468 715.77 2.30196
9 43 1190.64 1191.25 0.616453
28 43 1186.14 1186.23 0.0975401
8 40 1385.96 1386.57 0.61645
9 43 938.413 939.727 1.31482
18 37 927.835 927.938 0.102659
26 35 930.046 930.149 0.102659
4 32 941.362 943.663 2.30196
3 33 968.884 968.987 0.102658
26 35 911.619 911.722 0.102659
14 43 911.843 914.145 2.30195
12 37 911.921 914.223 2.30196
1 33 912.028 912.213 0.184837
16 43 913.087 913.19 0.102657
5 33 914.292 916.594 2.30196
6 0 916.434 0 -916.434
17 40 916.517 916.846 0.328706
10 40 917.499 919.801 2.30196
0 33 918.005 920.307 2.30195
19 37 919.139 919.242 0.102659
20 43 920.403 922.704 2.30195
3 33 920.457 920.56 0.102658
21 44 921.612 921.715 0.102659
23 41 921.636 921.739 0.102659
11 40 921.649 923.951 2.30196
22 34 922.043 924.345 2.30196
13 43 922.482 924.784 2.30196
7 33 922.826 925.128 2.30195
29 38 925.932 926.261 0.328707
24 33 926.206 928.508 2.30195
2 0 929.015 0 -929.015
25 31 935.636 936.252 0.616452
8 40 930.171 932.473 2.30195
15 44 929.135 929.32 0.184836
27 38 935.311 935.927 0.616453
28 43 927.71 930.012 2.30196
15 44 977.562 977.665 0.10266
16 43 931.514 931.617 0.102657
1 32 930.455 930.558 0.102663
29 38 976.772 976.947 0.174595
3 33 938.884 938.987 0.102658
27 38 1163.74 1163.84 0.0975406
19 37 937.566 937.669 0.102659
17 40 949.059 949.387 0.328706
23 41 940.063 940.166 0.102659
21 44 940.039 940.142 0.102659
18 37 946.262 946.359 0.0975388
15 44 947.562 947.665 0.10266
16 43 991.514 991.612 0.097537
29 38 958.474 958.659 0.184835
23 41 970.063 970.166 0.102659
21 44 970.039 970.137 0.0975386
1 33 960.455 960.553 0.0975408
17 40 1144.94 1145.05 0.102658
1 33 990.455 990.553 0.0975408
18 37 976.262 976.359 0.0975388
19 37 967.566 967.669 0.102659
15 44 1007.56 1007.67 0.10266
16 43 961.514 961.617 0.102657
26 35 960.046 960.144 0.097539
17 40 981.6 981.929 0.328706
29 38 1154.36 1154.46 0.102659
27 38 1028.88 1029.07 0.184837
3 33 1028.88 1028.98 0.097538
1 33 1020.46 1020.55 0.0975408
19 37 997.566 997.669 0.102659
25 31 996.664 996.849 0.184836
29 38 1004.36 1004.53 0.174595
17 40 1014.14 1014.47 0.328706
27 38 996.339 996.668 0.328709
26 35 990.046 990.144 0.097539
21 44 1000.04 1000.14 0.0975386
25 31 1014.96 1015.14 0.174596
3 33 998.884 998.987 0.102658
23 41 1000.06 1000.16 0.0975388
25 31 1164.06 1164.16 0.0975402
21 44 1030.04 1030.14 0.0975386
18 37 1006.26 1006.36 0.102659
23 41 1030.06 1030.16 0.0975388
16 43 1021.51 1021.61 0.097537
23 41 1060.06 1060.16 0.0975388
29 38 1034.36 1034.53 0.174595
21 44 1060.04 1060.14 0.0975386
26 35 1020.05 1020.14 0.097539
19 37 1027.57 1027.66 0.0975388
17 40 1046.68 1046.87 0.184834
19 37 1147.57 1147.66 0.0975388
15 44 1037.56 1037.66 0.0975397
3 33 1058.88 1058.98 0.097538
16 43 1051.51 1051.61 0.097537
17 40 1064.98 1065.16 0.174594
1 33 1050.46 1050.55 0.0975408
25 31 1044.06 1044.24 0.174596
14 43 1170.27 1170.44 0.174594
27 38 1047.18 1047.28 0.102661
21 44 1150.04 1150.14 0.0975386
18 37 1036.26 1036.36 0.102659
19 37 1057.57 1057.66 0.0975388
1 33 1080.46 1080.55 0.0975408
9 43 1068.58 1069.2 0.616453
29 38 1064.36 1064.46 0.102659
26 35 1050.05 1050.14 0.097539
23 41 1090.06 1090.16 0.0975388
1 33 1110.46 1110.55 0.0975408
25 31 1074.06 1074.17 0.10266
16 43 1081.51 1081.61 0.097537
26 35 1080.05 1080.14 0.097539
17 40 1084.94 1085.05 0.102658
6 33 1144.33 1146.63 2.30196
20 43 1148.3 1148.4 0.102658
18 37 1066.26 1066.36 0.102659
15 44 1067.56 1067.66 0.0975397
15 44 1097.56 1097.66 0.0975397
21 44 1090.04 1090.14 0.0975386
4 33 1169.25 1171.56 2.30196
14 43 1139.74 1139.92 0.184834
11 40 1149.54 1151.84 2.30196
25 31 1104.06 1104.16 0.0975402
12 43 1139.81 1141.13 1.31482
29 38 1124.36 1124.46 0.0975392
29 38 1094.36 1094.46 0.0975392
13 43 1150.38 1150.7 0.328708
5 33 1142.19 1142.8 0.616452
17 40 1114.94 1115.04 0.0975382
3 33 1088.88 1088.98 0.097538
1 33 1140.46 1140.55 0.0975408
19 37 1087.57 1087.66 0.0975388
21 44 1120.04 1120.14 0.0975386
22 34 1149.94 1152.24 2.30196
27 38 1103.74 1103.84 0.0975406
18 37 1096.26 1096.36 0.102659
16 43 1111.51 1111.61 0.097537
24 33 1154.1 1154.72 0.616449
21 44 1180.04 1180.14 0.0975386
10 43 1145.39 1147.69 2.30196
3 33 1118.88 1118.98 0.097538
26 35 1110.05 1110.14 0.097539
25 31 1134.06 1134.16 0.0975402
7 33 1160.88 1160.99 0.102658
9 43 1129.61 1130.22 0.616453
8 40 1158.06 1160.37 2.30195
2 33 1384.8 1384.9 0.10266
16 43 1141.51 1141.61 0.097537
2 33 1156.91 1159.21 2.30196
7 33 1150.72 1150.82 0.102658
15 44 1127.56 1127.66 0.0975397
3 33 1148.88 1148.98 0.097538
23 41 1120.06 1120.16 0.0975388
19 37 1117.57 1117.66 0.0975388
0 33 1145.9 1148.2 2.30195
27 38 1133.74 1133.84 0.0975406
18 37 1126.26 1126.36 0.102659
28 43 1155.6 1155.71 0.10266
23 41 1150.06 1150.16 0.0975388
26 35 1140.05 1140.14 0.097539
18 37 1156.26 1156.36 0.0975388
23 41 1180.06 1180.16 0.0975388
