33 78 0.846599 3.14855 2.30195
41 75 2.16277 4.46473 2.30195
45 58 3.59225 5.89421 2.30195
20 52 700.554 702.856 2.30195
34 77 3.19227 5.49422 2.30195
49 52 701.896 704.198 2.30195
25 52 3.15859 5.46054 2.30195
13 76 971.991 972.094 0.102658
28 77 2.28007 4.58202 2.30195
3 76 981.647 981.749 0.102659
14 76 2.46596 4.76792 2.30195
3 76 1041.65 1041.74 0.0975389
19 52 1049.98 1050.08 0.102659
30 78 989.724 989.827 0.102658
12 76 2.59909 4.90104 2.30196
23 51 1055.64 1055.74 0.09754
26 51 949.262 949.365 0.102658
29 78 3.73046 6.03241 2.30196
3 76 1131.65 1131.74 0.0975389
9 0 4.22701 0 -4.22701
28 77 685.96 688.262 2.30195
43 66 5.23053 7.53249 2.30196
6 77 6.84071 9.14267 2.30195
23 51 5.63936 7.94131 2.30196
10 76 693.586 695.888 2.30196
38 61 972.409 972.512 0.10266
32 78 8.27901 10.581 2.30195
40 75 6.22616 8.52812 2.30196
35 61 6.75335 9.0553 2.30195
26 51 930.835 930.938 0.102658
36 60 986.115 986.218 0.102659
47 66 923.328 923.43 0.102657
13 76 941.991 942.094 0.102658
45 58 1053.59 1053.69 0.0975385
35 61 936.753 936.856 0.102659
31 78 8.95593 11.2579 2.30195
47 66 11.7546 14.0565 2.30195
14 76 1052.47 1052.56 0.0975376
6 77 918.414 918.599 0.184835
10 77 9.90618 12.2081 2.30195
21 51 10.28 12.582 2.30195
13 76 11.9912 14.2931 2.30195
37 61 711.132 713.434 2.30195
21 51 693.96 696.262 2.30195
0 0 11.9131 0 -11.9131
44 67 11.7409 14.0429 2.30196
12 76 686.279 688.581 2.30196
7 76 713.369 715.671 2.30195
21 51 940.28 940.383 0.102658
10 77 921.479 921.582 0.102658
8 76 15.3833 17.6853 2.30196
22 52 15.3341 17.636 2.30195
38 61 12.409 14.711 2.30196
1 77 948.766 948.864 0.0975376
25 52 686.838 689.14 2.30195
49 52 18.2165 20.5184 2.30195
15 70 18.4634 20.7654 2.30196
20 52 16.8745 19.1765 2.30195
5 77 17.7716 20.0735 2.30195
17 0 18.2992 0 -18.2992
38 61 1062.41 1062.51 0.0975395
35 61 918.326 918.511 0.184835
39 61 702.599 704.901 2.30195
2 76 702.35 704.652 2.30196
15 70 702.143 704.445 2.30196
44 67 1001.74 1001.84 0.10266
25 52 1173.16 1173.26 0.0975377
12 76 914.172 916.474 2.30196
2 0 18.6705 0 -18.6705
36 60 935.275 935.604 0.328707
1 77 18.7664 21.0684 2.30195
39 61 18.9194 21.2214 2.30195
16 0 712.301 0 -712.301
13 76 695.671 697.973 2.30195
45 58 687.272 689.574 2.30195
25 52 993.159 993.261 0.102658
29 0 687.41 0 -687.41
9 0 687.907 0 -687.907
3 76 705.326 707.628 2.30195
35 61 1056.75 1056.86 0.102659
31 78 1058.96 1059.05 0.0975369
36 60 707.382 709.684 2.30195
10 77 939.906 940.009 0.102658
0 77 923.486 925.788 2.30196
1 77 702.446 704.748 2.30195
26 51 19.2623 21.5643 2.30195
37 61 1167.45 1167.55 0.0975376
26 51 702.942 705.244 2.30195
24 51 21.7211 24.023 2.30195
42 74 23.5949 25.8968 2.30195
3 76 21.6466 23.9485 2.30195
31 78 692.636 694.938 2.30195
48 55 22.6537 24.9557 2.30195
36 60 23.7018 26.0038 2.30195
27 52 22.6277 24.9297 2.30195
14 76 914.039 914.142 0.102658
40 75 917.799 917.984 0.184835
38 61 942.409 942.512 0.10266
3 76 933.22 933.404 0.184835
34 77 686.872 689.174 2.30195
18 76 1169.18 1169.28 0.102658
24 51 951.721 951.824 0.102658
11 77 28.9022 31.2042 2.30195
37 61 27.4519 29.7539 2.30195
4 76 26.7683 29.0703 2.30195
29 78 915.303 917.605 2.30196
46 69 28.5109 30.8128 2.30196
16 0 28.6216 0 -28.6216
34 76 914.765 917.067 2.30196
41 75 913.736 913.838 0.102658
1 77 1188.77 1188.86 0.0975376
21 51 970.28 970.383 0.102658
33 78 684.526 686.828 2.30195
4 76 999.37 999.698 0.328707
22 52 945.334 945.437 0.102658
30 78 29.7244 32.0264 2.30195
18 0 29.7096 0 -29.7096
7 0 29.6893 0 -29.6893
5 77 1157.24 1159.54 2.30195
49 52 1157.68 1159.98 2.30195
19 52 1139.98 1140.08 0.0975388
39 61 1158.92 1159.02 0.0975368
45 58 1173.59 1173.69 0.0975385
41 75 685.843 688.144 2.30195
45 58 915.165 915.35 0.184835
42 74 935.168 935.353 0.184834
7 76 257.583 259.884 2.30195
19 52 29.9777 32.2797 2.30195
0 76 695.593 697.895 2.30196
38 61 696.089 698.391 2.30196
27 51 1162.09 1162.42 0.328708
4 76 482.555 484.857 2.30195
26 51 247.156 249.458 2.30195
19 52 257.871 260.173 2.30195
39 61 246.813 249.115 2.30195
48 55 250.547 252.849 2.30195
27 52 250.521 252.823 2.30195
2 0 474.457 0 -474.457
1 77 246.66 248.962 2.30195
4 76 254.662 256.964 2.30195
3 76 249.54 251.842 2.30195
24 51 249.614 251.916 2.30195
46 69 988.511 988.608 0.0975397
40 75 1056.23 1056.33 0.102659
42 74 251.488 253.79 2.30195
11 77 256.795 259.097 2.30195
33 78 228.74 231.042 2.30195
41 75 230.056 232.358 2.30195
28 78 230.173 232.475 2.30196
14 76 230.359 232.661 2.30195
12 0 230.492 0 -230.492
25 52 231.052 233.354 2.30195
34 0 231.086 0 -231.086
45 58 231.485 233.787 2.30195
29 78 231.624 233.926 2.30196
9 77 232.12 234.422 2.30196
43 66 233.124 235.426 2.30196
23 51 233.533 235.835 2.30196
40 75 234.119 236.421 2.30196
35 61 234.647 236.949 2.30195
6 77 234.734 237.036 2.30195
32 0 236.172 0 -236.172
31 78 236.849 239.151 2.30195
10 77 237.799 240.101 2.30195
21 51 238.173 240.475 2.30195
44 66 239.634 241.936 2.30196
47 66 239.648 241.95 2.30195
0 76 239.806 242.108 2.30196
13 76 239.884 242.186 2.30195
38 61 240.302 242.604 2.30196
22 52 243.227 245.529 2.30195
8 76 243.277 245.579 2.30196
20 52 244.768 247.07 2.30195
5 0 245.665 0 -245.665
49 52 246.11 248.412 2.30195
17 0 246.192 0 -246.192
15 70 246.357 248.659 2.30196
2 0 246.564 0 -246.564
23 51 689.319 691.621 2.30196
31 78 920.529 920.632 0.102657
5 77 701.451 703.753 2.30195
26 51 979.262 979.365 0.102658
18 76 713.389 715.691 2.30195
23 51 917.212 917.315 0.10266
43 66 688.91 691.212 2.30196
39 61 930.492 930.595 0.102657
49 52 929.789 932.091 2.30195
8 76 699.063 701.365 2.30196
21 51 1060.28 1060.38 0.102658
25 52 1053.16 1053.26 0.0975377
23 51 935.639 935.742 0.10266
6 77 996.841 996.938 0.0975388
21 51 921.853 921.956 0.102658
15 76 978.463 978.561 0.0975391
22 52 975.334 975.437 0.102658
19 52 713.657 715.959 2.30195
32 78 1178.28 1178.38 0.0975373
36 60 251.595 253.897 2.30195
35 61 690.433 692.735 2.30195
6 77 690.52 692.822 2.30195
32 78 691.959 694.261 2.30195
35 61 966.753 966.856 0.102659
17 77 701.979 704.281 2.30196
46 69 712.191 714.493 2.30196
1 77 1128.77 1128.87 0.102658
30 78 257.618 259.92 2.30195
37 61 255.345 257.647 2.30195
16 77 256.515 258.817 2.30196
18 76 257.603 259.905 2.30195
1 77 1038.77 1038.87 0.102658
46 69 256.404 258.706 2.30196
6 77 936.841 937.015 0.174595
48 61 706.333 708.635 2.30196
42 74 707.275 709.577 2.30195
39 61 978.919 979.022 0.102657
48 55 934.227 934.329 0.102657
39 61 1128.92 1129.02 0.0975368
28 77 913.853 913.956 0.102658
31 78 998.956 999.053 0.0975369
17 0 474.086 0 -474.086
10 77 465.693 467.995 2.30195
24 51 933.294 933.397 0.102658
27 52 706.307 708.609 2.30195
35 61 996.753 996.856 0.102659
43 66 965.231 965.333 0.102659
21 51 1000.28 1000.38 0.102658
11 0 712.582 0 -712.582
15 76 1038.46 1038.56 0.0975391
37 61 1047.45 1047.55 0.102658
44 67 923.314 923.417 0.10266
24 51 705.401 707.703 2.30195
13 76 1001.99 1002.09 0.097538
38 61 923.982 924.085 0.10266
15 76 930.036 930.139 0.102659
29 78 1173.73 1173.83 0.102659
22 52 699.014 701.316 2.30195
47 66 695.434 697.736 2.30195
14 76 686.146 688.448 2.30195
27 52 934.201 936.503 2.30195
44 67 941.741 941.838 0.0975397
6 77 966.841 966.943 0.102659
37 61 987.452 987.555 0.102658
10 77 999.906 1000.01 0.102658
26 51 1039.26 1039.36 0.0975375
44 67 695.421 697.723 2.30196
13 76 923.564 923.667 0.102658
48 55 982.654 982.756 0.102657
4 70 710.448 712.75 2.30196
19 52 989.978 990.08 0.102659
10 77 1059.91 1060.01 0.102658
21 51 1180.28 1180.38 0.0975376
43 66 1055.23 1055.33 0.0975394
20 52 976.875 976.977 0.102657
48 55 952.654 952.756 0.102657
30 78 713.404 715.706 2.30195
30 78 485.511 487.813 2.30195
32 78 464.066 466.367 2.30195
21 51 466.066 468.368 2.30195
40 74 689.906 692.208 2.30196
9 77 915.8 918.102 2.30196
37 61 483.238 485.54 2.30195
18 76 485.496 487.798 2.30195
13 76 467.778 470.08 2.30195
0 0 467.7 0 -467.7
26 51 475.049 477.351 2.30195
46 69 484.297 486.599 2.30196
7 76 485.476 487.778 2.30195
38 61 468.196 470.497 2.30196
48 55 478.44 480.742 2.30195
6 77 462.627 464.929 2.30195
42 74 479.381 481.683 2.30195
28 77 1172.28 1172.38 0.0975377
24 51 981.721 981.824 0.102658
19 52 485.764 488.066 2.30195
2 75 930.243 932.545 2.30196
35 61 462.54 464.842 2.30195
49 0 474.003 0 -474.003
39 61 474.706 477.008 2.30195
10 77 969.906 970.004 0.0975383
39 61 948.919 949.022 0.102657
8 76 471.17 473.472 2.30196
5 0 929.345 0 -929.345
1 77 474.553 476.855 2.30195
24 51 477.508 479.81 2.30195
16 71 484.408 486.71 2.30196
33 78 456.633 458.935 2.30195
41 75 457.949 460.251 2.30195
28 78 458.067 460.369 2.30196
14 76 458.252 460.554 2.30195
12 0 458.386 0 -458.386
25 52 458.945 461.247 2.30195
34 0 458.979 0 -458.979
45 58 459.379 461.681 2.30195
29 78 459.517 461.819 2.30196
9 77 460.014 462.315 2.30196
43 66 461.017 463.319 2.30196
23 51 461.426 463.728 2.30196
40 75 462.013 464.315 2.30196
31 78 464.742 467.044 2.30195
27 52 478.414 480.716 2.30195
47 66 467.541 469.843 2.30195
44 67 467.527 469.829 2.30196
22 51 471.121 473.423 2.30196
15 70 474.25 476.552 2.30196
20 52 472.661 474.963 2.30195
5 0 473.558 0 -473.558
3 76 477.433 479.735 2.30195
11 77 484.689 486.991 2.30195
36 60 479.488 481.79 2.30195
33 78 912.42 912.522 0.102657
25 52 933.159 933.261 0.102658
20 52 946.875 946.977 0.102657
25 52 914.732 914.834 0.102658
26 51 1129.26 1129.36 0.0975375
19 52 1109.98 1110.08 0.0975388
43 66 916.804 916.906 0.102659
41 75 992.163 992.265 0.102658
4 76 1166.77 1166.87 0.0975387
1 77 978.766 978.864 0.0975376
22 52 1125.33 1125.44 0.102658
3 76 951.647 951.821 0.174595
38 61 1152.41 1152.51 0.0975395
23 51 965.639 965.737 0.09754
25 52 1143.16 1143.26 0.0975377
33 78 1050.85 1050.95 0.102657
1 77 1068.77 1068.87 0.102658
15 76 948.463 948.566 0.102659
13 76 1121.99 1122.09 0.097538
44 67 1121.74 1121.84 0.10266
20 52 928.448 928.55 0.102657
28 77 932.28 932.383 0.102658
32 78 919.852 922.154 2.30195
33 78 990.847 990.949 0.102657
28 77 1052.28 1052.38 0.0975377
28 77 992.28 992.378 0.0975377
46 69 1048.51 1048.61 0.0975397
40 75 966.226 966.324 0.0975394
31 78 1118.96 1119.05 0.0975369
38 61 1002.41 1002.51 0.0975395
43 66 935.231 935.333 0.102659
47 66 941.755 941.857 0.102657
19 52 941.551 941.653 0.102659
38 61 1182.41 1182.51 0.0975395
31 78 938.956 939.059 0.102657
45 57 933.592 933.695 0.10266
1 77 930.339 930.442 0.102658
11 77 940.475 942.777 2.30195
8 76 926.956 929.258 2.30196
41 75 932.163 932.265 0.102658
33 78 930.847 930.944 0.097537
17 0 929.872 0 -929.872
16 77 940.195 942.497 2.30196
40 75 936.226 936.329 0.102659
22 52 926.907 927.092 0.184834
4 76 938.341 938.958 0.616451
37 61 939.025 939.21 0.184834
30 78 941.297 941.4 0.102658
14 76 932.466 932.564 0.0975376
7 76 941.262 943.564 2.30195
18 76 941.283 943.585 2.30195
46 69 940.084 940.187 0.10266
31 78 968.956 969.053 0.0975369
45 58 993.592 993.695 0.102659
44 67 1061.74 1061.84 0.10266
4 76 1050.21 1050.38 0.174595
35 61 1176.75 1176.85 0.0975388
19 52 1169.98 1170.08 0.0975388
39 61 1038.92 1039.02 0.0975368
40 75 996.226 996.324 0.0975394
14 76 1172.47 1172.56 0.0975376
6 77 1056.84 1056.94 0.0975388
30 78 1169.72 1169.82 0.0975384
14 76 992.466 992.564 0.0975376
28 77 1112.28 1112.38 0.0975377
43 66 995.231 995.333 0.102659
23 51 995.639 995.737 0.09754
19 52 959.978 960.08 0.102659
46 69 958.511 958.608 0.0975397
37 61 957.452 957.555 0.102658
36 60 967.816 968.001 0.184835
42 74 953.595 953.698 0.102658
42 74 983.595 983.698 0.102658
36 60 1043.7 1043.8 0.0975388
15 76 1188.46 1188.56 0.0975391
22 52 1185.33 1185.43 0.0975378
47 66 971.755 971.857 0.102657
44 67 1181.74 1181.84 0.0975397
47 66 1001.75 1001.85 0.0975366
15 76 1128.46 1128.56 0.0975391
44 67 971.741 971.844 0.10266
37 61 1137.45 1137.55 0.102658
14 76 962.466 962.564 0.0975376
25 52 963.159 963.261 0.102658
33 78 960.847 960.944 0.097537
15 76 1068.46 1068.56 0.0975391
45 58 963.592 963.69 0.0975385
30 78 959.724 959.827 0.102658
41 75 962.163 962.265 0.102658
28 77 962.28 962.383 0.102658
13 76 1061.99 1062.09 0.097538
46 69 1108.51 1108.61 0.0975397
26 51 1159.26 1159.36 0.0975375
32 78 1147.75 1147.93 0.184833
11 77 1178.53 1178.63 0.102657
42 74 1043.59 1043.7 0.102658
27 52 1194.64 1194.82 0.184835
46 69 1138.51 1138.61 0.0975397
33 78 1170.85 1170.94 0.097537
43 66 1115.23 1115.33 0.0975394
43 66 1175.23 1175.33 0.0975394
30 78 1049.72 1049.82 0.0975384
29 78 1143.2 1143.3 0.102659
40 75 1116.23 1116.33 0.102659
14 76 1142.47 1142.56 0.0975376
3 76 1011.65 1011.74 0.0975389
41 75 1022.16 1022.27 0.102658
39 61 1008.92 1009.02 0.102657
26 51 1009.26 1009.36 0.0975375
15 76 1008.46 1008.56 0.0975391
1 77 1008.77 1008.86 0.0975376
19 52 1019.98 1020.08 0.102659
22 52 1005.33 1005.44 0.102658
48 55 1012.65 1012.75 0.0975372
45 58 1023.59 1023.69 0.0975385
42 74 1193.59 1193.69 0.0975385
22 52 1035.33 1035.44 0.102658
20 52 1006.87 1006.97 0.097537
30 78 1109.72 1109.82 0.0975384
4 76 1136.77 1136.87 0.102659
39 61 1188.92 1189.02 0.0975368
11 77 1168.37 1168.47 0.102657
48 55 1132.65 1132.75 0.0975372
46 69 1018.51 1018.61 0.0975397
24 51 1011.72 1011.82 0.102658
36 60 1013.7 1013.8 0.0975388
25 52 1023.16 1023.26 0.0975377
31 78 1178.96 1179.05 0.0975369
22 52 1065.33 1065.44 0.102658
47 66 1121.75 1121.85 0.0975366
20 52 1036.87 1036.97 0.097537
33 78 1020.85 1020.95 0.102657
13 76 1031.99 1032.09 0.097538
46 69 1168.51 1168.61 0.0975397
42 74 1013.59 1013.7 0.102658
35 61 1116.75 1116.86 0.102659
24 51 1041.72 1041.82 0.0975382
5 78 1385.13 1387.43 2.30196
40 75 1176.23 1176.33 0.102659
14 76 1022.47 1022.56 0.0975376
28 77 1022.28 1022.38 0.0975377
40 75 1026.23 1026.33 0.102659
48 55 1102.65 1102.75 0.0975372
21 51 1030.28 1030.38 0.102658
4 76 1031.91 1032.1 0.184835
47 66 1031.75 1031.85 0.0975366
37 61 1017.45 1017.55 0.102658
23 51 1025.64 1025.74 0.09754
30 78 1019.72 1019.83 0.102658
24 51 1131.72 1131.82 0.0975382
10 77 1119.91 1120.01 0.102658
21 51 1120.28 1120.38 0.0975376
39 61 1068.92 1069.02 0.0975368
48 55 1042.65 1042.75 0.0975372
47 66 1061.75 1061.85 0.0975366
20 52 1066.87 1066.97 0.097537
41 75 1112.16 1112.26 0.0975385
26 51 1069.26 1069.36 0.0975375
42 74 1133.59 1133.69 0.0975385
31 78 1028.96 1029.05 0.0975369
6 77 1026.84 1026.94 0.0975388
41 75 1052.16 1052.26 0.0975385
45 58 1113.59 1113.69 0.0975385
38 61 1032.41 1032.51 0.0975395
44 67 1031.74 1031.84 0.10266
35 61 1026.75 1026.86 0.102659
12 76 1142.07 1144.37 2.30196
10 77 1029.91 1030.01 0.102658
43 66 1025.23 1025.33 0.0975394
37 61 1077.45 1077.55 0.102658
36 60 1073.7 1073.8 0.0975388
19 52 1079.98 1080.08 0.102659
30 78 1079.72 1079.82 0.0975384
42 74 1073.59 1073.7 0.102658
48 55 1072.65 1072.75 0.0975372
24 51 1071.72 1071.82 0.0975382
3 76 1071.65 1071.74 0.0975389
47 66 1181.75 1181.85 0.0975366
14 76 1112.47 1112.56 0.0975376
33 78 1080.85 1080.95 0.102657
6 77 1086.84 1086.94 0.0975388
20 52 1186.87 1186.97 0.097537
7 76 1169.16 1169.26 0.102659
41 75 1142.16 1142.26 0.0975385
28 77 1142.28 1142.38 0.0975377
18 0 1179.34 0 -1179.34
17 76 1157.77 1160.07 2.30195
39 61 1098.92 1099.02 0.0975368
25 52 1083.16 1083.26 0.0975377
4 76 1076.77 1076.94 0.174595
16 77 1168.09 1170.39 2.30196
20 52 1126.87 1126.97 0.097537
12 76 1369.96 1370.14 0.184836
28 77 1082.28 1082.38 0.0975377
14 76 1082.47 1082.56 0.0975376
46 69 1078.51 1078.61 0.0975397
23 51 1085.64 1085.74 0.09754
7 77 1179.32 1179.42 0.0975392
44 67 1091.74 1091.84 0.0975397
40 75 1086.23 1086.33 0.102659
45 58 1083.59 1083.69 0.0975385
41 75 1082.16 1082.26 0.0975385
23 51 1175.64 1175.74 0.09754
36 60 1133.7 1133.8 0.0975388
30 78 1139.72 1139.82 0.0975384
33 78 1140.85 1140.94 0.097537
24 51 1191.72 1191.82 0.0975382
48 55 1192.65 1192.75 0.0975372
3 76 1191.65 1191.74 0.0975389
49 52 1385.58 1385.68 0.102657
8 76 1154.85 1157.15 2.30196
17 76 1385.66 1387.96 2.30195
8 77 1382.74 1385.04 2.30196
47 66 1091.75 1091.85 0.0975366
10 77 1089.91 1090.01 0.102658
38 61 1122.41 1122.51 0.0975395
21 51 1090.28 1090.38 0.102658
1 77 1098.77 1098.87 0.102658
24 51 1101.72 1101.82 0.0975382
35 61 1086.75 1086.86 0.102659
13 76 1091.99 1092.09 0.097538
38 61 1092.41 1092.51 0.0975395
22 52 1095.33 1095.44 0.102658
26 51 1099.26 1099.36 0.0975375
43 66 1085.23 1085.33 0.0975394
31 78 1088.96 1089.05 0.0975369
10 77 1179.91 1180 0.0975383
2 76 1386.03 1388.33 2.30196
36 60 1103.7 1103.8 0.0975388
15 76 1098.46 1098.56 0.0975391
3 76 1101.65 1101.74 0.0975389
4 76 1106.77 1106.94 0.174595
6 77 1116.84 1116.94 0.0975388
25 52 1113.16 1113.26 0.0975377
20 52 1096.87 1096.97 0.097537
37 61 1107.45 1107.55 0.102658
9 71 1143.69 1146 2.30196
23 51 1115.64 1115.74 0.09754
42 74 1103.59 1103.7 0.102658
34 77 1142.66 1144.96 2.30195
0 76 1151.38 1153.68 2.30196
33 78 1110.85 1110.94 0.097537
2 76 1158.14 1160.44 2.30196
45 58 1143.59 1143.69 0.0975385
23 51 1145.64 1145.74 0.09754
29 78 1153.36 1153.46 0.102659
40 75 1146.23 1146.33 0.102659
6 76 1146.84 1146.94 0.0975425
6 77 1176.84 1176.94 0.0975388
43 66 1145.23 1145.33 0.0975394
41 75 1172.16 1172.26 0.0975385
35 61 1146.75 1146.85 0.0975388
13 76 1181.99 1182.09 0.097538
9 77 1371.59 1371.77 0.184835
34 77 1370.55 1370.65 0.102658
1 77 1158.77 1158.87 0.102658
13 76 1151.99 1152.09 0.097538
10 77 1149.91 1150 0.0975383
31 79 1148.96 1149.05 0.0975413
44 67 1151.74 1151.84 0.0975397
21 51 1150.28 1150.38 0.0975376
47 66 1151.75 1151.85 0.0975366
32 78 1166.04 1166.15 0.102657
36 60 1193.7 1193.8 0.0975388
26 51 1189.26 1189.36 0.0975375
0 76 1379.27 1381.57 2.30196
15 76 1158.46 1158.56 0.0975391
24 51 1161.72 1161.82 0.0975382
20 52 1156.87 1156.97 0.097537
22 52 1155.33 1155.43 0.0975378
42 74 1163.59 1163.69 0.0975385
48 55 1162.65 1162.75 0.0975372
3 76 1161.65 1161.74 0.0975389
36 60 1163.7 1163.8 0.0975388
16 77 1395.98 1396.17 0.184836
4 76 1196.77 1196.87 0.0975387
19 52 1199.98 1200.08 0.0975388
11 77 1198.9 1199 0.102657
18 76 1199.71 1199.81 0.0975383
37 61 1197.45 1197.55 0.0975376
30 78 1199.72 1199.82 0.0975384
7 76 1199.69 1199.79 0.0975389
46 69 1198.51 1198.61 0.0975397
