18 0 2.7097 0 -2.7097
39 41 2.99103 5.29299 2.30196
14 47 9.19338 11.4953 2.30196
16 0 6.05303 0 -6.05303
3 47 6.10983 8.41179 2.30196
34 40 3.42071 5.72266 2.30195
27 46 3.628 5.92995 2.30195
28 44 3.72334 6.0253 2.30196
8 43 1007.57 1007.75 0.174599
6 0 4.27711 0 -4.27711
11 43 4.82228 7.12424 2.30196
4 47 7.64543 9.94739 2.30196
8 47 12.6185 14.9204 2.30196
20 43 9.97975 12.2817 2.30196
21 0 11.3481 0 -11.3481
37 45 12.1896 14.4916 2.30196
24 46 14.0055 16.3074 2.30196
18 43 914.283 916.585 2.30196
19 0 936.243 0 -936.243
26 46 935.249 937.551 2.30196
8 43 989.275 989.46 0.184839
34 40 993.421 993.518 0.0975372
24 46 944.005 944.18 0.174597
31 0 15.5909 0 -15.5909
35 41 16.5495 18.8515 2.30196
12 43 938.691 940.993 2.30196
0 47 17.1788 19.4808 2.30196
13 43 16.5242 18.8261 2.30196
35 41 976.55 976.652 0.102659
39 41 914.564 916.866 2.30196
30 44 17.2397 19.5417 2.30196
17 47 935.617 937.919 2.30196
22 43 18.1324 20.4343 2.30196
1 47 19.4743 21.7762 2.30196
23 43 989.17 989.344 0.174597
10 47 19.7536 22.0556 2.30196
36 45 20.128 22.4299 2.30196
32 44 20.1312 22.4332 2.30196
34 40 1173.42 1173.52 0.0975372
29 0 22.2236 0 -22.2236
35 41 928.123 928.225 0.102659
25 46 23.6875 25.9895 2.30195
17 0 24.0437 0 -24.0437
19 0 24.6697 0 -24.6697
15 0 23.8303 0 -23.8303
26 46 23.6756 25.9776 2.30196
9 0 25.6057 0 -25.6057
38 0 24.1452 0 -24.1452
30 44 1187.24 1187.34 0.10266
30 44 1007.24 1007.34 0.10266
30 44 947.24 947.342 0.10266
33 41 25.9383 28.2403 2.30196
23 43 29.1696 31.4715 2.30196
5 47 27.9202 30.2221 2.30196
12 47 27.1178 29.4198 2.30196
7 43 28.5961 30.8981 2.30196
6 0 915.85 0 -915.85
2 47 29.8725 32.1745 2.30196
29 45 250.117 252.419 2.30196
19 43 252.563 254.865 2.30196
21 43 467.135 469.437 2.30196
3 47 1015.31 1015.64 0.32871
38 0 252.038 0 -252.038
23 43 257.063 259.365 2.30196
36 45 475.914 478.216 2.30196
17 0 251.937 0 -251.937
7 47 256.489 258.791 2.30196
9 43 253.499 255.801 2.30196
20 43 465.766 468.068 2.30196
26 46 251.569 253.871 2.30196
15 0 251.724 0 -251.724
17 0 479.83 0 -479.83
25 46 251.581 253.883 2.30195
27 46 993.628 993.731 0.102658
29 45 478.01 480.312 2.30196
33 41 253.832 256.134 2.30196
30 44 977.24 977.342 0.10266
18 47 230.603 232.905 2.30196
39 0 230.884 0 -230.884
34 40 231.314 233.616 2.30195
27 46 231.521 233.823 2.30195
28 44 231.617 233.919 2.30196
6 0 232.17 0 -232.17
11 43 232.716 235.017 2.30196
16 0 233.946 0 -233.946
3 47 234.003 236.305 2.30196
4 47 235.539 237.841 2.30196
14 47 237.087 239.389 2.30196
20 43 237.873 240.175 2.30196
21 0 239.241 0 -239.241
37 45 240.083 242.385 2.30196
8 43 240.512 242.814 2.30196
24 46 241.899 244.201 2.30196
31 0 243.484 0 -243.484
13 43 244.417 246.719 2.30196
35 41 244.443 246.745 2.30196
0 47 245.072 247.374 2.30196
30 44 245.133 247.435 2.30196
22 43 246.026 248.328 2.30196
1 47 247.368 249.669 2.30196
10 43 247.647 249.949 2.30196
36 45 248.021 250.323 2.30196
32 0 248.024 0 -248.024
11 42 916.395 918.697 2.30196
23 43 1019.17 1019.27 0.102661
20 43 921.553 923.855 2.30196
2 43 941.445 943.747 2.30196
34 40 1023.42 1023.52 0.0975372
12 43 255.011 257.313 2.30196
5 43 255.813 258.115 2.30196
28 44 933.723 933.826 0.102662
2 47 257.766 260.068 2.30196
8 43 956.733 957.062 0.328711
14 47 920.766 923.068 2.30196
27 46 915.201 915.304 0.102658
28 44 915.296 915.481 0.184838
1 47 996.131 996.316 0.184839
34 40 933.421 933.523 0.102657
33 41 937.511 937.614 0.10266
33 41 985.938 986.041 0.10266
30 44 1157.24 1157.34 0.10266
3 47 917.683 918.012 0.32871
10 42 931.327 933.629 2.30197
4 47 919.218 920.533 1.31482
27 46 1023.63 1023.73 0.0975382
16 0 917.626 0 -917.626
33 41 1165.94 1166.04 0.0975397
28 44 1083.72 1083.82 0.0975416
5 43 711.6 713.902 2.30196
31 40 471.377 473.679 2.30196
28 44 1023.72 1023.83 0.102662
26 0 479.462 0 -479.462
12 0 482.904 0 -482.904
2 47 485.659 487.961 2.30196
8 43 468.405 470.707 2.30196
10 43 475.54 477.842 2.30196
9 0 481.392 0 -481.392
38 0 479.932 0 -479.932
33 41 1015.94 1016.04 0.10266
37 45 467.976 470.278 2.30196
24 46 469.792 472.094 2.30196
13 0 472.311 0 -472.311
30 44 473.026 475.328 2.30196
24 46 974.005 974.18 0.174597
12 47 710.798 713.1 2.30196
5 0 483.707 0 -483.707
25 46 479.474 481.776 2.30195
14 47 464.98 467.282 2.30196
35 41 472.336 474.638 2.30196
22 43 473.919 476.221 2.30196
19 0 480.456 0 -480.456
15 47 479.617 481.919 2.30196
7 0 712.276 0 -712.276
32 44 475.918 478.22 2.30196
33 41 481.725 484.027 2.30196
23 43 484.956 487.258 2.30196
28 44 993.723 993.821 0.0975416
18 47 458.496 460.798 2.30196
39 41 458.778 461.079 2.30196
34 40 459.207 461.509 2.30195
27 46 459.414 461.716 2.30195
28 44 459.51 461.812 2.30196
6 0 460.064 0 -460.064
11 43 460.609 462.911 2.30196
16 43 461.84 464.141 2.30196
3 47 461.896 464.198 2.30196
4 47 463.432 465.734 2.30196
1 47 1014.43 1014.6 0.174599
0 47 928.752 931.054 2.30196
34 40 914.994 915.096 0.102657
24 46 1004.01 1004.18 0.174597
35 41 1006.55 1006.65 0.0975392
0 0 472.965 0 -472.965
1 47 475.261 477.563 2.30196
9 0 937.179 0 -937.179
25 46 935.261 937.562 2.30195
7 43 484.383 486.685 2.30196
2 0 713.552 0 -713.552
23 43 940.743 940.927 0.184837
15 0 935.403 0 -935.403
31 40 927.164 929.466 2.30196
23 43 712.849 715.151 2.30196
7 0 940.169 0 -940.169
18 43 686.389 688.691 2.30196
39 41 686.671 688.973 2.30196
34 40 687.1 689.402 2.30195
27 46 687.308 689.61 2.30195
28 44 687.403 689.705 2.30196
6 0 687.957 0 -687.957
11 43 688.502 690.804 2.30196
16 0 689.733 0 -689.733
3 47 689.79 692.092 2.30196
4 42 691.325 693.627 2.30197
14 46 692.873 695.175 2.30196
20 43 693.659 695.961 2.30196
21 0 695.028 0 -695.028
37 0 695.869 0 -695.869
8 43 696.298 698.6 2.30196
24 46 697.685 699.987 2.30196
31 44 699.271 701.573 2.30196
13 47 700.204 702.506 2.30196
35 41 700.229 702.531 2.30196
0 47 700.859 703.161 2.30196
30 44 700.919 703.221 2.30196
22 43 701.812 704.114 2.30196
1 47 703.154 705.456 2.30196
10 43 703.433 705.735 2.30196
36 45 703.808 706.11 2.30196
32 45 703.811 706.113 2.30196
29 0 705.903 0 -705.903
26 46 707.355 709.657 2.30196
25 46 707.367 709.669 2.30195
15 0 707.51 0 -707.51
17 0 707.723 0 -707.723
38 0 707.825 0 -707.825
19 0 708.349 0 -708.349
9 42 709.285 711.587 2.30196
33 41 709.618 711.92 2.30196
21 43 922.921 925.223 2.30196
37 45 923.763 926.065 2.30196
8 43 924.191 924.52 0.328711
24 47 925.578 925.763 0.18484
36 45 931.701 934.003 2.30196
32 44 931.704 934.006 2.30196
30 44 928.813 928.915 0.10266
13 43 928.097 930.399 2.30196
22 43 929.705 932.007 2.30196
27 0 933.628 0 -933.628
1 47 931.047 931.376 0.328711
38 0 935.718 0 -935.718
29 0 933.797 0 -933.797
5 43 939.493 941.795 2.30196
3 47 982.766 983.095 0.32871
33 41 955.938 956.041 0.10266
39 41 1175 1175.33 0.328712
3 47 950.225 950.553 0.32871
18 47 1370.07 1371.38 1.31483
35 41 946.55 946.652 0.102659
8 43 1092.62 1092.79 0.174599
1 47 963.589 963.918 0.328711
27 46 1083.63 1083.73 0.0975382
28 44 963.723 963.821 0.0975416
23 42 959.17 959.344 0.174602
27 46 963.628 963.726 0.0975382
34 40 963.421 963.518 0.0975372
3 47 1047.85 1048.18 0.32871
33 41 1045.94 1046.04 0.10266
8 43 1032.62 1032.79 0.174599
30 44 1037.24 1037.34 0.10266
4 47 1049.39 1050.7 1.31482
24 46 1034.01 1034.18 0.174597
23 43 1049.17 1049.27 0.0975409
1 47 1039.47 1039.65 0.174599
35 41 1036.55 1036.65 0.0975392
27 46 1053.63 1053.73 0.0975382
3 47 1080.39 1080.72 0.32871
1 47 1069.47 1069.65 0.174599
28 44 1053.72 1053.83 0.102662
27 46 1173.63 1173.73 0.0975382
34 40 1053.42 1053.52 0.0975372
8 43 1062.62 1062.79 0.174599
23 43 1109.17 1109.27 0.102661
33 41 1075.94 1076.04 0.10266
30 44 1067.24 1067.34 0.0975398
24 46 1064.01 1064.18 0.174597
3 47 1112.93 1113.26 0.32871
39 41 1142.46 1142.79 0.328712
35 41 1066.55 1066.65 0.102659
30 44 1127.24 1127.34 0.0975398
23 43 1079.17 1079.27 0.0975409
23 43 1169.17 1169.27 0.102661
34 40 1113.42 1113.52 0.0975372
33 41 1105.94 1106.04 0.0975397
1 47 1129.47 1129.65 0.174599
27 46 1113.63 1113.73 0.0975382
34 40 1143.42 1143.52 0.0975372
34 40 1083.42 1083.52 0.0975372
30 44 1097.24 1097.34 0.0975398
24 46 1094.01 1094.18 0.174597
2 46 1169.34 1171.64 2.30197
37 45 1151.66 1151.98 0.32871
1 47 1099.47 1099.65 0.174599
17 0 1163.51 0 -1163.51
18 47 1142.18 1144.48 2.30196
35 41 1096.55 1096.65 0.102659
35 41 1156.55 1156.65 0.0975392
28 44 1113.72 1113.82 0.0975416
3 46 1145.47 1145.8 0.328714
25 46 1163.15 1165.46 2.30195
8 43 1122.62 1122.79 0.174599
11 43 1144.29 1146.59 2.30196
36 45 1159.59 1159.78 0.184836
20 43 1149.45 1151.75 2.30196
15 0 1163.3 0 -1163.3
32 44 1159.6 1159.93 0.32871
12 43 1166.58 1168.89 2.30196
16 42 1145.52 1147.82 2.30197
10 43 1159.22 1161.52 2.30196
0 47 1156.65 1157.26 0.616457
28 44 1143.72 1143.82 0.0975416
6 0 1143.74 0 -1143.74
19 0 1164.14 0 -1164.14
21 0 1150.81 0 -1150.81
14 47 1148.66 1149.97 1.31482
23 43 1139.17 1139.27 0.102661
24 46 1124.01 1124.18 0.174597
38 0 1163.61 0 -1163.61
33 41 1135.94 1136.04 0.0975397
5 43 1167.39 1167.72 0.32871
9 43 1165.07 1167.37 2.30196
22 43 1157.6 1157.7 0.102662
7 0 1168.06 0 -1168.06
27 46 1143.63 1143.73 0.0975382
28 44 1173.72 1173.82 0.0975416
13 43 1155.99 1156.61 0.616456
35 41 1126.55 1126.65 0.0975392
31 40 1155.06 1157.36 2.30196
29 45 1161.69 1163.99 2.30196
26 46 1163.14 1165.44 2.30196
8 43 1152.62 1152.79 0.174599
1 47 1159.47 1159.65 0.174599
24 46 1154.01 1154.18 0.174597
4 47 1179.55 1180.17 0.616454
11 43 1372.18 1372.37 0.184838
6 43 1371.64 1373.94 2.30196
8 43 1182.62 1182.79 0.174599
3 47 1178.02 1178.35 0.32871
31 40 1382.95 1383.57 0.616455
14 47 1278.83 1280.14 1.31482
24 46 1184.01 1184.18 0.174597
16 43 1373.41 1375.71 2.30196
12 43 1394.48 1394.81 0.328711
0 47 1217.67 1218.29 0.616457
5 43 1199.93 1200.26 0.32871
22 43 1188.13 1188.23 0.0975422
7 47 1395.96 1398.26 2.30196
37 45 1184.2 1184.38 0.184838
21 42 1378.71 1381.01 2.30196
32 44 1192.14 1192.47 0.32871
20 43 1377.34 1379.64 2.30196
35 41 1186.55 1186.65 0.0975392
13 43 1217.02 1217.64 0.616456
36 45 1190.13 1190.3 0.174596
33 41 1195.94 1196.04 0.0975397
10 43 1387.11 1388.43 1.31482
1 47 1189.47 1189.65 0.174599
2 47 1397.23 1399.53 2.30196
38 0 1391.5 0 -1391.5
15 43 1391.19 1393.49 2.30196
19 43 1392.03 1394.33 2.30196
25 46 1391.05 1391.15 0.102658
9 43 1392.97 1395.27 2.30196
17 47 1391.4 1393.71 2.30196
29 45 1389.58 1391.89 2.30196
26 47 1391.04 1393.34 2.30196
23 43 1199.17 1199.27 0.0975409
