7 32 0.378284 2.68024 2.30196
29 32 2.15417 4.45613 2.30195
13 33 27.8958 30.1978 2.30196
27 33 1100.83 1100.93 0.102659
17 35 5.7304 8.03236 2.30196
22 32 3.46333 5.76529 2.30196
20 35 3.98916 6.29111 2.30195
15 30 4.88291 7.18487 2.30196
16 34 1146.53 1148.83 2.30196
12 34 1147.52 1147.85 0.328713
16 0 7.06429 0 -7.06429
19 35 6.60057 8.90253 2.30196
21 32 7.32449 9.62645 2.30196
10 32 7.12716 9.42911 2.30196
26 0 7.75978 0 -7.75978
3 31 1104.19 1104.29 0.102661
14 33 1097.26 1097.59 0.32871
24 34 8.8523 11.1543 2.30195
12 0 8.05782 0 -8.05782
7 32 1139.84 1141.16 1.31482
5 31 1101.11 1101.21 0.102661
25 30 10.0049 12.3069 2.30196
1 30 13.7346 16.0365 2.30196
9 32 17.4562 19.7581 2.30196
4 30 16.0773 18.3793 2.30196
14 33 22.9806 25.2826 2.30196
5 31 21.1088 23.4107 2.30196
27 33 20.8273 23.1293 2.30196
8 32 20.9038 23.2058 2.30196
28 31 1192.13 1192.46 0.328709
2 30 26.1928 28.4948 2.30195
0 0 25.1971 0 -25.1971
23 35 24.491 26.793 2.30196
18 35 25.8867 28.1887 2.30195
3 31 24.186 26.488 2.30196
10 32 1087.13 1087.22 0.0975418
6 31 27.0771 29.3791 2.30196
28 31 1094.51 1094.83 0.328709
11 32 28.7891 31.091 2.30196
28 31 28.3347 30.6367 2.30196
1 30 469.521 471.823 2.30196
14 33 250.874 253.176 2.30196
8 32 248.797 251.099 2.30196
3 31 252.079 254.381 2.30196
22 32 1142.93 1143.26 0.32871
5 31 249.002 251.304 2.30196
0 0 253.09 0 -253.09
23 35 252.384 254.686 2.30196
2 30 254.086 256.388 2.30195
18 35 253.78 256.082 2.30195
6 31 710.757 713.059 2.30196
26 30 1147.23 1149.53 2.30196
24 34 1148.32 1148.42 0.102659
6 31 254.97 257.272 2.30196
27 33 248.721 251.023 2.30196
13 33 255.789 258.091 2.30196
28 31 256.228 258.53 2.30196
10 32 1117.13 1117.22 0.0975418
26 30 463.546 465.848 2.30196
11 32 256.682 258.984 2.30196
29 32 1082.15 1082.25 0.0975385
7 35 228.272 230.573 2.30196
29 32 230.047 232.349 2.30195
22 32 231.357 233.659 2.30196
20 35 231.882 234.184 2.30195
15 30 232.776 235.078 2.30196
17 35 233.624 235.926 2.30196
19 35 234.494 236.796 2.30196
16 0 234.958 0 -234.958
10 32 235.02 237.322 2.30196
21 35 235.218 237.52 2.30196
26 0 235.653 0 -235.653
12 33 235.951 238.253 2.30196
24 34 236.746 239.048 2.30195
25 30 237.898 240.2 2.30196
1 30 241.628 243.93 2.30196
4 30 243.971 246.273 2.30196
9 32 245.349 247.651 2.30196
17 35 1085.73 1085.83 0.0975396
17 35 1115.73 1115.83 0.0975396
15 33 1144.35 1146.65 2.30196
1 30 1093.73 1093.84 0.10266
28 31 1127.05 1127.38 0.328709
20 35 1143.46 1143.56 0.102657
4 30 471.864 474.166 2.30196
14 33 478.767 481.069 2.30196
23 32 480.278 482.579 2.30196
21 35 463.111 465.413 2.30196
24 34 464.639 466.941 2.30195
8 32 1100.9 1101 0.0975435
27 33 476.614 478.916 2.30196
11 32 484.576 486.878 2.30196
11 32 712.469 714.771 2.30196
10 32 462.914 465.216 2.30196
25 30 465.791 468.093 2.30196
3 31 479.972 482.274 2.30196
28 31 712.014 714.316 2.30196
16 33 462.851 465.153 2.30196
12 33 463.844 466.146 2.30196
25 33 1145.31 1145.64 0.328709
25 33 1112.77 1113.1 0.328709
14 33 1032.18 1032.51 0.32871
19 0 462.387 0 -462.387
0 0 480.984 0 -480.984
14 33 1129.8 1130.13 0.32871
29 32 1112.15 1112.25 0.0975385
2 30 481.979 484.281 2.30195
7 35 456.165 458.467 2.30196
29 32 457.941 460.243 2.30195
22 32 459.25 461.552 2.30196
20 35 459.776 462.078 2.30195
15 33 460.669 462.971 2.30196
17 35 461.517 463.819 2.30196
21 35 1146.79 1149.09 2.30196
5 31 1191.11 1191.21 0.0975414
9 32 473.243 475.545 2.30196
8 32 476.69 478.992 2.30196
5 31 476.895 479.197 2.30196
6 30 482.864 485.166 2.30196
18 35 481.673 483.975 2.30195
13 33 483.682 485.984 2.30196
28 32 484.121 486.423 2.30196
13 33 939.469 941.771 2.30196
3 31 1074.19 1074.29 0.102661
9 32 1116.17 1116.5 0.328709
1 30 1123.73 1123.84 0.10266
29 32 1172.15 1172.25 0.0975385
3 31 1014.19 1014.29 0.102661
0 0 708.877 0 -708.877
2 0 709.873 0 -709.873
5 31 932.682 932.784 0.102661
23 35 708.171 710.473 2.30196
18 35 709.566 711.868 2.30195
3 30 707.866 710.168 2.30196
26 30 1375.12 1375.45 0.328712
6 31 938.65 940.952 2.30196
7 35 684.058 686.36 2.30196
29 32 685.834 688.136 2.30195
22 31 687.143 689.445 2.30196
20 0 687.669 0 -687.669
15 34 688.563 690.865 2.30196
17 35 689.41 691.712 2.30196
19 0 690.28 0 -690.28
16 30 690.744 693.046 2.30196
10 32 690.807 693.109 2.30196
21 35 691.004 693.306 2.30196
26 30 691.44 693.741 2.30196
12 33 691.738 694.04 2.30196
24 0 692.532 0 -692.532
25 33 693.685 695.987 2.30196
1 30 697.414 699.716 2.30196
4 31 699.757 702.059 2.30196
9 32 701.136 703.438 2.30196
27 33 704.507 706.809 2.30196
8 32 704.584 706.886 2.30196
5 31 704.788 707.09 2.30196
14 34 706.66 708.962 2.30196
19 35 1146.07 1148.37 2.30196
13 33 711.576 713.878 2.30196
28 31 939.908 940.524 0.616453
18 34 937.46 939.762 2.30196
27 33 964.942 965.127 0.184835
8 32 1010.9 1011 0.0975435
17 35 1145.73 1145.83 0.0975396
11 32 940.362 942.664 2.30196
2 0 937.766 0 -937.766
3 30 935.759 935.862 0.102661
10 32 937.127 937.23 0.102662
8 32 950.904 951.007 0.102663
23 34 936.064 938.366 2.30196
9 32 929.029 929.646 0.616453
0 0 936.77 0 -936.77
1 30 925.308 925.924 0.616452
8 32 932.477 932.662 0.184839
14 33 967.095 967.424 0.32871
5 31 1011.11 1011.21 0.102661
17 35 935.73 935.833 0.10266
14 34 934.554 934.882 0.328713
27 33 932.4 932.729 0.328707
25 33 1047.69 1048.02 0.328709
5 31 951.109 951.211 0.102661
7 32 911.951 914.253 2.30196
29 32 913.727 913.83 0.102658
22 32 915.036 917.338 2.30196
20 34 915.562 917.864 2.30196
15 33 916.456 918.758 2.30196
17 35 917.303 917.406 0.10266
19 35 918.174 920.476 2.30196
16 0 918.637 0 -918.637
10 32 918.7 918.803 0.102662
21 0 918.897 0 -918.897
26 30 919.333 921.635 2.30196
12 31 919.631 921.933 2.30197
24 35 920.425 922.727 2.30196
25 33 921.578 922.194 0.616453
4 30 927.65 929.952 2.30196
5 31 1161.11 1161.21 0.0975414
29 32 932.154 932.257 0.102658
3 30 954.186 954.289 0.102661
29 32 962.154 962.257 0.102658
17 35 965.73 965.833 0.10266
14 33 999.637 999.966 0.32871
5 31 981.109 981.211 0.102661
10 32 967.127 967.23 0.102662
25 33 982.606 982.935 0.328709
1 30 986.336 986.665 0.328708
8 32 980.904 981.001 0.0975435
9 32 990.057 990.674 0.616453
27 33 983.24 983.415 0.174595
24 34 1158.48 1158.58 0.102659
10 32 997.127 997.225 0.0975418
22 32 1175.47 1175.66 0.184838
28 31 1000.94 1001.55 0.616453
29 32 992.154 992.257 0.102658
3 31 984.186 984.289 0.102661
14 33 1194.89 1195.22 0.32871
25 33 1015.15 1015.48 0.328709
8 32 1040.9 1041 0.0975435
17 35 995.73 995.828 0.0975396
3 31 1164.19 1164.28 0.0975406
17 35 1025.73 1025.83 0.0975396
14 33 1064.72 1065.05 0.32871
27 33 1010.83 1011 0.174595
11 32 1178.42 1178.52 0.102659
1 30 1018.88 1019.06 0.184836
27 33 1040.83 1040.93 0.102659
10 32 1027.13 1027.22 0.0975418
29 32 1022.15 1022.25 0.0975385
9 32 1051.09 1051.41 0.328709
28 31 1061.96 1062.29 0.328709
5 31 1041.11 1041.21 0.0975414
17 35 1175.73 1175.83 0.0975396
29 32 1052.15 1052.26 0.102658
1 30 1037.18 1037.28 0.10266
3 31 1044.19 1044.28 0.0975406
10 32 1057.13 1057.22 0.0975418
25 33 1080.23 1080.56 0.328709
8 32 1070.9 1071 0.0975435
17 35 1055.73 1055.83 0.0975396
9 32 1083.63 1083.96 0.328709
1 30 1063.73 1063.84 0.10266
5 31 1071.11 1071.21 0.0975414
27 33 1070.83 1070.93 0.102659
4 31 1155.54 1157.85 2.30196
14 33 1162.35 1162.67 0.32871
28 31 1159.59 1159.92 0.328709
9 32 1148.71 1149.04 0.328709
27 33 1130.83 1130.93 0.102659
8 32 1130.9 1131 0.0975435
29 32 1142.15 1142.25 0.0975385
6 31 1166.54 1168.85 2.30196
20 35 1153.62 1153.72 0.102657
11 32 1168.26 1168.36 0.102659
10 32 1147.13 1147.22 0.0975418
3 31 1134.19 1134.29 0.102661
0 30 1164.66 1166.97 2.30196
18 35 1165.35 1167.65 2.30195
5 31 1131.11 1131.21 0.102661
2 30 1165.66 1167.96 2.30195
13 33 1167.36 1169.66 2.30196
23 35 1163.96 1164.29 0.328712
9 32 1181.25 1181.58 0.328709
25 33 1177.86 1178.19 0.328709
27 33 1160.83 1160.92 0.0975393
8 32 1160.9 1161 0.0975435
8 32 1190.9 1191 0.0975435
1 30 1153.73 1153.84 0.10266
10 32 1177.13 1177.22 0.0975418
19 35 1373.96 1374.06 0.102662
7 32 1270.01 1271.33 1.31482
20 35 1173.99 1174.09 0.0975368
15 33 1372.24 1374.54 2.30196
21 35 1374.68 1374.87 0.18484
16 34 1374.42 1376.73 2.30196
12 33 1180.07 1180.39 0.32871
6 31 1394.44 1396.74 2.30196
24 34 1178.85 1178.95 0.102659
9 32 1213.79 1214.12 0.328709
27 33 1190.83 1190.92 0.0975393
4 30 1383.44 1385.74 2.30196
0 31 1392.56 1394.86 2.30196
1 30 1183.73 1183.84 0.10266
18 35 1393.25 1393.35 0.102658
23 35 1196.5 1196.83 0.328712
11 32 1198.79 1198.89 0.0975393
2 30 1393.55 1393.65 0.102659
28 31 1224.67 1225 0.328709
13 33 1395.26 1395.44 0.184838
3 31 1194.19 1194.28 0.0975406
