38 58 0.310955 2.61291 2.30195
6 59 2.11939 4.42134 2.30195
16 0 0.723561 0 -0.723561
1 0 0.950273 0 -0.950273
27 62 2.10871 4.41066 2.30195
23 61 10.5099 12.8119 2.30195
4 51 2.92313 5.22508 2.30195
39 63 2.73935 5.04131 2.30195
6 59 1052.12 1052.22 0.0975372
13 59 4.75449 7.05645 2.30195
35 53 4.15015 6.4521 2.30195
20 50 1138.51 1138.69 0.174595
37 52 5.72539 8.02734 2.30196
3 51 5.81462 8.11658 2.30196
31 50 6.14209 8.44405 2.30196
25 49 943.077 943.179 0.102658
33 59 6.27484 8.57679 2.30196
36 53 7.04935 9.3513 2.30196
14 59 6.75706 9.05902 2.30195
11 51 1097.55 1097.65 0.102659
15 51 1151.01 1151.11 0.102661
29 59 7.64712 9.94908 2.30195
13 59 1144.22 1144.32 0.102656
8 51 10.9735 13.2755 2.30195
21 64 9.30121 11.6032 2.30196
22 50 10.9558 13.2578 2.30196
24 62 9.61375 11.9157 2.30195
26 62 10.9668 13.2688 2.30195
29 59 1147.11 1149.42 2.30195
4 51 1142.92 1143.02 0.0975384
24 62 1149.08 1149.18 0.102658
30 0 11.1245 0 -11.1245
15 59 11.5389 13.8408 2.30195
22 50 1180.96 1181.05 0.0975397
28 50 1101.5 1101.68 0.174595
19 61 12.3666 14.6685 2.30195
20 50 1098.74 1098.92 0.184835
25 49 13.0766 15.3785 2.30195
35 53 1084.15 1084.25 0.0975379
12 59 13.5218 15.8237 2.30195
9 51 13.9189 16.2209 2.30195
14 59 1176.76 1176.85 0.0975379
32 55 1108.45 1108.55 0.0975378
11 51 17.5521 19.8541 2.30196
2 55 19.3847 21.6866 2.30196
7 63 18.7555 21.0575 2.30196
34 55 16.3798 18.6817 2.30195
17 61 18.8822 21.1842 2.30195
34 55 1383.74 1386.04 2.30195
8 51 970.974 971.071 0.0975381
0 51 20.7147 23.0166 2.30196
28 50 21.5035 23.8054 2.30195
10 59 23.2536 25.5556 2.30195
18 49 22.6018 24.9037 2.30195
32 55 1138.45 1138.55 0.0975378
37 52 1085.73 1085.83 0.10266
20 50 28.5115 30.8134 2.30195
5 59 29.4178 31.7197 2.30196
32 55 28.4511 30.753 2.30195
11 51 1127.55 1127.65 0.0975395
5 59 257.311 259.613 2.30196
7 63 246.649 248.951 2.30196
17 61 246.775 249.077 2.30195
28 50 249.397 251.699 2.30195
10 59 251.147 253.449 2.30195
26 62 1180.97 1181.06 0.0975387
36 53 462.836 465.138 2.30196
2 0 247.278 0 -247.278
17 61 474.669 476.971 2.30195
38 58 228.204 230.506 2.30195
16 51 228.617 230.919 2.30196
1 51 228.844 231.145 2.30196
27 62 230.002 232.304 2.30195
6 59 230.013 232.315 2.30195
39 63 230.633 232.935 2.30195
4 51 230.816 233.118 2.30195
35 53 232.043 234.345 2.30195
13 59 232.648 234.95 2.30195
37 52 233.619 235.921 2.30196
3 51 233.708 236.01 2.30196
31 50 234.035 236.337 2.30196
33 55 234.168 236.47 2.30196
14 59 234.65 236.952 2.30195
36 53 234.943 237.245 2.30196
29 59 235.54 237.842 2.30195
21 0 237.194 0 -237.194
24 62 237.507 239.809 2.30195
23 0 238.403 0 -238.403
22 0 238.849 0 -238.849
26 62 238.86 241.162 2.30195
8 51 238.867 241.169 2.30195
30 59 239.018 241.32 2.30195
15 59 239.432 241.734 2.30195
19 61 240.26 242.562 2.30195
25 49 240.97 243.272 2.30195
12 59 241.415 243.717 2.30195
9 51 241.812 244.114 2.30195
34 55 244.273 246.575 2.30195
11 51 245.445 247.747 2.30196
27 62 1112.11 1112.21 0.102657
33 59 1086.27 1086.37 0.0975394
18 49 1132.6 1132.7 0.102658
39 63 1142.74 1142.84 0.0975376
8 51 1180.97 1181.07 0.0975381
25 49 1033.08 1033.17 0.0975384
17 61 1219.38 1219.71 0.328705
3 51 1175.81 1175.99 0.174596
31 50 1026.14 1026.24 0.09754
0 0 248.608 0 -248.608
7 63 1158.22 1160.52 2.30196
18 49 250.495 252.797 2.30195
36 53 1177.05 1177.15 0.0975393
35 53 1114.15 1114.25 0.0975379
1 51 1368.31 1370.61 2.30196
10 59 1133.25 1133.36 0.102658
19 61 1122.37 1122.46 0.0975378
20 50 1066.2 1066.52 0.328707
37 52 1025.73 1025.82 0.0975404
28 50 1131.5 1131.68 0.174595
33 59 1176.27 1176.37 0.0975394
21 61 1179.3 1179.4 0.10266
14 59 1026.76 1026.86 0.102658
36 53 1146.52 1146.62 0.102659
20 50 256.405 258.707 2.30195
32 55 256.344 258.646 2.30195
35 53 964.15 964.253 0.102658
27 62 1172.11 1172.21 0.0975369
4 51 1082.92 1083.02 0.0975384
0 51 1160.18 1160.28 0.10266
9 51 1153.39 1153.57 0.184833
18 49 1102.6 1102.7 0.0975384
12 59 469.308 471.61 2.30195
31 50 1176.14 1176.24 0.09754
16 51 1368.08 1370.39 2.30196
6 59 1112.12 1112.22 0.0975372
28 50 1077.49 1077.66 0.174595
15 59 1181.54 1181.64 0.0975378
28 50 1059.19 1059.37 0.184835
30 50 1378.48 1378.59 0.102661
7 63 1386.12 1386.73 0.616452
18 49 1042.6 1042.7 0.0975384
32 55 1078.45 1078.55 0.0975378
10 59 1073.25 1073.36 0.102658
13 59 1154.38 1154.49 0.102656
25 49 1093.08 1093.17 0.0975384
29 59 463.434 465.736 2.30195
20 50 484.298 486.6 2.30195
5 59 485.204 487.506 2.30196
21 64 465.088 467.39 2.30196
14 51 462.544 464.846 2.30196
26 62 1090.97 1091.06 0.0975387
27 62 1082.11 1082.21 0.102657
23 61 1377.87 1380.17 2.30195
5 59 713.098 715.399 2.30196
33 55 462.061 464.363 2.30196
5 59 1229.91 1230.53 0.616451
39 63 1082.74 1082.84 0.102658
0 51 476.501 478.803 2.30196
18 49 478.388 480.69 2.30195
8 51 1090.97 1091.07 0.0975381
38 58 1170.31 1170.41 0.097539
34 55 472.166 474.468 2.30195
14 59 1086.76 1086.85 0.0975379
25 49 1123.08 1123.17 0.0975384
24 62 465.4 467.702 2.30195
8 51 466.76 469.062 2.30195
2 0 475.171 0 -475.171
31 50 461.929 464.231 2.30196
22 50 466.742 469.044 2.30196
23 0 466.296 0 -466.296
19 61 468.153 470.455 2.30195
11 51 473.339 475.641 2.30196
38 58 456.097 458.399 2.30195
16 0 456.51 0 -456.51
1 0 456.737 0 -456.737
27 62 457.895 460.197 2.30195
6 59 457.906 460.208 2.30195
39 63 458.526 460.828 2.30195
4 51 458.71 461.012 2.30195
35 53 459.937 462.239 2.30195
13 59 460.541 462.843 2.30195
37 52 461.512 463.814 2.30196
3 51 461.601 463.903 2.30196
32 55 1198.45 1198.55 0.0975378
6 59 1172.12 1172.22 0.0975372
26 62 1030.97 1031.06 0.0975387
18 49 1072.6 1072.7 0.0975384
10 59 1193.25 1193.35 0.0975385
35 53 1024.15 1024.25 0.0975379
10 59 1163.25 1163.36 0.102658
26 62 466.753 469.055 2.30195
30 59 466.911 469.213 2.30195
39 63 1112.74 1112.84 0.0975376
15 59 467.325 469.627 2.30195
25 49 468.863 471.165 2.30195
19 61 1032.37 1032.46 0.0975378
11 51 1187.55 1187.65 0.102659
4 51 1112.92 1113.02 0.0975384
38 58 1050.31 1050.41 0.102659
14 59 1146.76 1146.85 0.0975379
35 53 1174.15 1174.25 0.0975379
14 59 966.757 966.855 0.0975379
7 63 474.542 476.844 2.30196
9 51 469.705 472.007 2.30195
38 58 1140.31 1140.41 0.097539
28 50 477.29 479.592 2.30195
10 59 479.04 481.342 2.30195
32 55 484.238 486.54 2.30195
19 61 923.94 924.042 0.102658
20 50 712.191 714.493 2.30195
2 59 930.958 933.26 2.30196
38 58 683.991 686.293 2.30195
16 51 684.403 686.705 2.30196
1 0 684.63 0 -684.63
27 62 685.788 688.09 2.30195
6 59 685.799 688.101 2.30195
39 63 686.419 688.721 2.30195
4 51 686.603 688.905 2.30195
35 53 687.83 690.132 2.30195
13 50 688.434 690.736 2.30196
37 52 689.405 691.707 2.30196
3 0 689.494 0 -689.494
31 61 689.822 692.124 2.30196
33 55 689.955 692.257 2.30196
14 59 690.437 692.739 2.30195
36 0 690.729 0 -690.729
29 59 691.327 693.629 2.30195
21 64 692.981 695.283 2.30196
24 62 693.293 695.595 2.30195
23 0 694.19 0 -694.19
22 50 694.636 696.938 2.30196
26 44 694.647 696.949 2.30196
8 51 694.653 696.955 2.30195
30 0 694.804 0 -694.804
15 55 695.219 697.521 2.30196
19 61 696.046 698.348 2.30195
25 64 696.756 699.058 2.30196
12 59 697.202 699.503 2.30195
9 0 697.599 0 -697.599
34 54 700.06 702.361 2.30196
11 51 701.232 703.534 2.30196
7 63 702.435 704.737 2.30196
17 61 702.562 704.864 2.30195
2 55 703.064 705.366 2.30196
0 51 704.394 706.696 2.30196
28 50 705.183 707.485 2.30195
18 49 706.282 708.583 2.30195
10 59 706.933 709.235 2.30195
32 55 712.131 714.433 2.30195
38 58 1080.31 1080.41 0.102659
20 50 940.084 940.701 0.616451
11 51 929.125 929.742 0.616451
0 51 932.288 934.59 2.30196
4 51 932.923 933.026 0.102658
18 64 934.175 934.36 0.184837
5 59 940.991 943.293 2.30196
32 55 940.024 940.127 0.102658
10 59 934.827 935.011 0.184834
3 51 1145.28 1145.47 0.184836
2 59 1158.85 1161.15 2.30196
18 49 952.602 952.776 0.174594
1 0 1140.42 0 -1140.42
13 59 1174.75 1174.85 0.0975365
12 59 1380.88 1380.98 0.102658
38 58 930.311 930.414 0.102659
16 0 1140.19 0 -1140.19
38 58 1110.31 1110.41 0.097539
26 62 940.967 941.064 0.0975387
18 49 1192.6 1192.7 0.0975384
38 58 911.884 911.987 0.102659
16 51 912.297 914.599 2.30196
1 51 912.523 914.825 2.30196
27 62 913.682 913.867 0.184833
6 59 913.692 913.795 0.102657
39 63 914.312 914.415 0.102658
4 51 914.496 914.599 0.102658
35 53 915.723 915.826 0.102658
13 59 916.327 918.629 2.30195
37 52 917.298 917.401 0.10266
3 51 917.388 919.69 2.30196
31 50 917.715 917.818 0.10266
33 55 917.848 917.95 0.10266
14 59 918.33 918.433 0.102658
36 53 918.622 920.924 2.30196
29 50 919.22 921.522 2.30196
21 61 920.874 923.176 2.30196
24 62 921.187 923.489 2.30195
23 49 922.083 924.385 2.30196
22 50 922.529 924.831 2.30196
26 62 922.54 922.642 0.102659
8 51 922.546 922.649 0.102658
30 59 922.697 924.999 2.30195
15 59 923.112 925.414 2.30195
9 51 1183.92 1184.02 0.102657
14 59 1116.76 1116.85 0.0975379
8 51 1030.97 1031.07 0.0975381
9 61 925.492 927.794 2.30197
12 0 925.095 0 -925.095
25 49 924.65 924.752 0.102658
6 59 1082.12 1082.22 0.0975372
20 50 1117.04 1117.21 0.174595
39 63 1172.74 1172.84 0.0975376
33 59 1026.27 1026.37 0.0975394
19 61 1092.37 1092.46 0.0975378
34 55 927.953 930.255 2.30195
17 49 930.455 932.757 2.30196
28 50 933.076 933.693 0.616451
7 63 930.329 932.63 2.30196
38 58 990.311 990.414 0.102659
39 63 932.739 932.842 0.102658
19 61 972.367 972.464 0.0975378
27 62 932.109 932.211 0.102657
6 59 932.119 932.222 0.102657
35 53 934.15 934.253 0.102658
26 62 970.967 971.069 0.102659
38 58 960.311 960.414 0.102659
32 55 958.451 958.549 0.0975378
8 51 940.974 941.076 0.102658
14 59 936.757 936.86 0.102658
37 52 935.725 935.828 0.10266
33 59 936.275 936.377 0.102659
33 59 966.275 966.377 0.102659
31 50 936.142 936.245 0.10266
11 51 1067.55 1067.73 0.174595
10 59 953.254 953.428 0.174594
19 61 942.367 942.469 0.102658
37 52 965.725 965.828 0.10266
25 49 973.077 973.174 0.0975384
4 51 962.923 963.026 0.102658
6 59 962.119 962.217 0.0975372
27 62 962.109 962.211 0.102657
39 63 962.739 962.842 0.102658
31 50 996.142 996.24 0.09754
31 50 966.142 966.245 0.10266
31 50 1086.14 1086.24 0.10266
23 61 1149.98 1152.28 2.30195
22 50 1150.42 1150.61 0.184836
21 61 1148.77 1148.87 0.10266
28 50 1191.5 1191.68 0.174595
24 62 1179.61 1179.72 0.102658
10 59 983.254 983.356 0.102658
4 51 992.923 993.026 0.102658
28 50 994.105 994.434 0.328707
11 51 990.153 990.482 0.328707
20 50 1001.11 1001.44 0.328707
39 63 992.739 992.842 0.102658
18 49 982.602 982.704 0.102658
8 51 1120.97 1121.07 0.0975381
6 59 992.119 992.217 0.0975372
27 62 992.109 992.211 0.102657
32 55 988.451 988.554 0.102658
14 59 996.757 996.86 0.102658
33 59 996.275 996.377 0.102659
35 53 994.15 994.253 0.102658
8 51 1000.97 1001.07 0.0975381
26 62 1000.97 1001.07 0.102659
8 51 1150.97 1151.07 0.0975381
37 52 995.725 995.823 0.0975404
11 51 1022.7 1022.88 0.184835
28 50 1026.65 1026.98 0.328707
19 61 1002.37 1002.46 0.0975378
27 62 1022.11 1022.21 0.102657
18 49 1012.6 1012.7 0.102658
39 63 1022.74 1022.84 0.0975376
4 51 1022.92 1023.03 0.102658
20 50 1033.65 1033.98 0.328707
32 55 1018.45 1018.55 0.0975378
6 59 1022.12 1022.22 0.0975372
10 59 1043.25 1043.36 0.102658
32 55 1048.45 1048.55 0.0975378
10 59 1013.25 1013.36 0.102658
27 62 1052.11 1052.21 0.102657
25 49 1003.08 1003.18 0.102658
38 58 1020.31 1020.41 0.102659
11 51 1040.99 1041.17 0.174595
39 63 1052.74 1052.84 0.0975376
4 51 1052.92 1053.03 0.102658
19 61 1182.37 1182.46 0.0975378
31 50 1056.14 1056.24 0.10266
25 49 1063.08 1063.17 0.0975384
33 59 1056.27 1056.37 0.0975394
14 59 1056.76 1056.85 0.0975379
35 53 1054.15 1054.25 0.0975379
37 52 1055.73 1055.83 0.10266
33 59 1116.27 1116.37 0.0975394
22 50 1168.72 1168.82 0.10266
31 50 1116.14 1116.24 0.09754
37 52 1175.73 1175.82 0.0975404
27 62 1142.11 1142.21 0.0975369
6 59 1142.12 1142.22 0.0975372
17 61 1158.35 1158.96 0.616449
12 59 1152.99 1155.29 2.30195
34 55 1155.85 1158.15 2.30195
30 63 1150.59 1152.89 2.30196
0 51 1190.71 1190.81 0.09754
5 59 1168.88 1169.5 0.616451
25 49 1183.08 1183.17 0.0975384
10 59 1103.25 1103.36 0.102658
19 61 1062.37 1062.46 0.0975378
33 59 1146.27 1146.37 0.0975394
37 52 1145.73 1145.82 0.0975404
8 51 1060.97 1061.07 0.0975381
26 62 1120.97 1121.06 0.0975387
35 53 1144.15 1144.25 0.0975379
26 62 1060.97 1061.06 0.0975387
37 52 1115.73 1115.83 0.10266
31 50 1146.14 1146.24 0.09754
25 49 1153.08 1153.17 0.0975384
24 62 1159.24 1159.35 0.102658
21 61 1158.93 1159.03 0.10266
26 62 1150.97 1151.06 0.0975387
19 61 1152.37 1152.46 0.0975378
15 59 1161.17 1161.27 0.102658
2 59 1386.74 1386.85 0.10266
9 51 1171.68 1171.79 0.102657
11 51 1157.55 1157.65 0.0975395
20 50 1168.51 1168.69 0.174595
4 51 1172.92 1173.02 0.0975384
29 59 1375.01 1377.31 2.30195
20 50 1198.51 1198.69 0.174595
28 50 1161.5 1161.68 0.174595
18 49 1162.6 1162.7 0.0975384
32 55 1168.45 1168.55 0.0975378
