0 53 0.722414 3.02437 2.30196
41 62 1.42287 3.72482 2.30196
32 50 2.12423 4.42619 2.30195
1 0 2.64028 0 -2.64028
22 62 2.66239 4.96434 2.30196
16 62 1056.4 1056.5 0.0975395
15 53 1.53415 3.83611 2.30195
49 50 1.7848 4.08675 2.30196
46 61 1158.36 1158.46 0.102659
29 50 1039.47 1039.58 0.102658
2 0 3.0053 0 -3.0053
24 62 1073.06 1073.16 0.0975385
43 62 1067.33 1067.43 0.10266
49 50 1081.78 1081.88 0.097539
47 61 3.01071 5.31268 2.30197
37 55 3.10207 5.40403 2.30196
6 53 3.87911 6.18106 2.30195
26 63 4.3305 6.63245 2.30196
35 59 4.25083 6.55278 2.30195
40 57 1026.92 1027.01 0.097537
13 53 4.50429 6.80625 2.30195
31 55 5.70376 8.00572 2.30196
16 62 6.39896 8.70091 2.30196
25 63 1010.79 1010.89 0.102659
40 57 6.91624 9.21819 2.30195
11 53 9.45861 11.7606 2.30196
12 52 9.85638 12.1583 2.30196
7 53 1164.29 1164.39 0.0975399
45 53 11.0483 13.3502 2.30195
34 55 12.4964 14.7984 2.30195
27 55 13.2357 15.5377 2.30196
32 50 932.124 932.227 0.102659
32 50 1022.12 1022.23 0.102659
42 58 13.9699 16.2718 2.30196
28 66 15.5265 17.8285 2.30196
33 55 14.8761 17.1781 2.30195
19 63 14.8738 17.1757 2.30195
38 57 1014.09 1014.19 0.102659
7 53 1044.29 1044.39 0.0975399
18 63 1174.15 1174.26 0.102658
45 53 1061.05 1061.15 0.0975387
21 63 15.906 18.2079 2.30196
43 62 17.3283 19.6303 2.30196
23 63 18.0767 20.3786 2.30196
46 61 18.3586 20.6605 2.30195
17 63 18.49 20.7919 2.30195
5 0 19.6222 0 -19.6222
29 50 19.4742 21.7761 2.30195
14 0 20.4851 0 -20.4851
10 53 20.2206 22.5226 2.30196
4 0 20.1015 0 -20.1015
29 50 1159.47 1159.57 0.0975382
8 0 20.437 0 -20.437
42 62 1003.97 1004.14 0.174598
25 63 20.7919 23.0939 2.30195
39 57 21.3696 23.6715 2.30196
20 63 21.131 23.433 2.30195
30 55 23.6594 25.9613 2.30195
24 62 23.0584 25.3604 2.30195
49 50 1051.78 1051.88 0.097539
38 57 24.0915 26.3934 2.30195
18 63 24.524 26.826 2.30195
44 52 24.6791 26.9811 2.30195
7 53 24.2897 26.5917 2.30196
36 59 25.438 27.7399 2.30195
35 59 1054.25 1054.35 0.0975378
9 53 29.0483 31.3503 2.30196
48 66 27.051 29.353 2.30196
3 53 27.1623 29.4643 2.30196
44 52 1014.68 1014.78 0.0975374
45 53 1031.05 1031.15 0.0975387
7 53 1074.29 1074.39 0.0975399
41 62 1081.42 1081.52 0.0975392
32 50 1082.12 1082.23 0.102659
10 0 248.114 0 -248.114
29 50 247.367 249.669 2.30195
38 57 251.985 254.287 2.30195
4 0 247.995 0 -247.995
3 53 255.056 257.358 2.30196
14 0 248.378 0 -248.378
39 57 249.263 251.565 2.30196
36 59 1045.44 1045.54 0.0975384
18 63 252.417 254.719 2.30195
11 53 465.245 467.547 2.30196
4 53 475.888 478.19 2.30196
8 0 248.33 0 -248.33
25 62 248.685 250.987 2.30196
5 0 247.515 0 -247.515
41 62 1051.42 1051.52 0.0975392
44 52 252.572 254.874 2.30195
20 0 249.024 0 -249.024
9 53 256.942 259.244 2.30196
0 61 228.616 230.918 2.30197
41 62 229.316 231.618 2.30196
15 53 229.427 231.729 2.30195
49 50 229.678 231.98 2.30196
32 50 230.017 232.319 2.30195
1 0 230.534 0 -230.534
22 62 230.556 232.858 2.30196
2 0 230.899 0 -230.899
47 0 230.904 0 -230.904
37 55 230.995 233.297 2.30196
6 53 231.772 234.074 2.30195
35 59 232.144 234.446 2.30195
26 63 232.224 234.526 2.30196
13 0 232.398 0 -232.398
31 55 233.597 235.899 2.30196
16 62 234.292 236.594 2.30196
40 57 234.809 237.111 2.30195
11 53 237.352 239.654 2.30196
12 52 237.75 240.052 2.30196
45 53 238.942 241.243 2.30195
34 55 240.39 242.692 2.30195
27 55 241.129 243.431 2.30196
42 62 241.863 244.165 2.30196
19 63 242.767 245.069 2.30195
33 55 242.769 245.071 2.30195
28 66 243.42 245.722 2.30196
21 63 243.799 246.101 2.30196
43 62 245.222 247.523 2.30196
23 63 245.97 248.272 2.30196
46 61 246.252 248.554 2.30195
17 63 246.383 248.685 2.30195
43 62 1037.33 1037.43 0.10266
40 57 1056.92 1057.01 0.097537
44 52 1074.68 1074.78 0.0975374
28 66 1165.16 1165.26 0.10266
19 63 1154.87 1154.97 0.0975383
24 62 250.952 253.254 2.30195
36 59 253.331 255.633 2.30195
30 55 251.553 253.855 2.30195
7 53 252.183 254.485 2.30196
48 66 254.944 257.246 2.30196
35 59 994.251 994.348 0.0975378
43 62 1007.33 1007.43 0.10266
16 62 1026.4 1026.5 0.10266
40 57 996.916 997.019 0.102657
19 63 1064.87 1064.97 0.0975383
16 62 996.399 996.502 0.10266
25 63 1040.79 1040.89 0.102659
45 53 1001.05 1001.15 0.102659
46 61 1008.36 1008.53 0.174595
25 63 1070.79 1070.89 0.102659
20 67 932.704 935.006 2.30196
43 62 1157.33 1157.43 0.0975404
38 57 1164.09 1164.19 0.0975388
36 59 1075.44 1075.54 0.0975384
49 50 1021.78 1021.88 0.097539
3 53 482.949 485.251 2.30196
21 63 471.692 473.994 2.30196
27 55 469.022 471.324 2.30196
8 0 476.224 0 -476.224
5 53 475.409 477.711 2.30196
38 57 479.878 482.18 2.30195
33 55 470.663 472.965 2.30195
39 57 477.156 479.458 2.30196
20 63 476.918 479.22 2.30195
34 55 468.283 470.585 2.30195
45 53 466.835 469.137 2.30195
17 63 474.276 476.578 2.30195
29 50 475.261 477.563 2.30195
48 66 482.838 485.139 2.30196
32 50 1052.12 1052.23 0.102659
43 58 473.115 475.417 2.30196
19 63 470.66 472.962 2.30195
36 59 481.224 483.526 2.30195
44 52 480.466 482.768 2.30195
40 57 462.703 465.005 2.30195
42 58 469.756 472.058 2.30196
10 0 476.007 0 -476.007
14 0 476.272 0 -476.272
25 63 476.578 478.88 2.30195
12 52 465.643 467.945 2.30196
19 63 1004.87 1004.98 0.102658
46 61 474.145 476.447 2.30195
30 55 479.446 481.748 2.30195
18 63 480.311 482.612 2.30195
9 53 484.835 487.137 2.30196
0 0 456.509 0 -456.509
41 62 457.209 459.511 2.30196
15 53 457.321 459.623 2.30195
49 54 457.571 459.873 2.30196
32 55 457.911 460.213 2.30196
1 0 458.427 0 -458.427
22 62 458.449 460.751 2.30196
2 0 458.792 0 -458.792
47 0 458.797 0 -458.797
37 55 458.889 461.191 2.30196
6 53 459.666 461.968 2.30195
35 59 460.037 462.339 2.30195
26 63 460.117 462.419 2.30196
13 53 460.291 462.593 2.30195
31 55 461.49 463.792 2.30196
16 62 462.185 464.487 2.30196
38 57 1074.09 1074.19 0.0975388
46 61 1038.36 1038.46 0.102659
29 50 1009.47 1009.58 0.102658
28 66 471.313 473.615 2.30196
23 63 473.863 476.165 2.30196
24 62 478.845 481.147 2.30195
7 53 480.076 482.378 2.30196
44 52 936.252 936.355 0.102657
10 0 931.794 0 -931.794
30 50 935.232 937.534 2.30196
36 55 937.011 937.114 0.102662
36 59 709.118 711.42 2.30195
44 52 708.359 710.661 2.30195
18 63 708.204 710.506 2.30195
48 66 710.731 713.033 2.30196
9 0 712.728 0 -712.728
3 56 710.842 713.144 2.30197
28 66 927.1 929.401 2.30196
0 57 684.402 686.704 2.30196
41 62 685.103 687.405 2.30196
15 53 685.214 687.516 2.30195
49 50 685.465 687.766 2.30196
32 50 685.804 688.106 2.30195
1 0 686.32 0 -686.32
22 63 686.342 688.644 2.30196
2 57 686.685 688.987 2.30196
47 0 686.69 0 -686.69
37 55 686.782 689.084 2.30196
6 0 687.559 0 -687.559
35 59 687.931 690.233 2.30195
26 0 688.01 0 -688.01
13 52 688.184 690.486 2.30196
31 0 689.384 0 -689.384
16 62 690.079 692.381 2.30196
40 57 690.596 692.898 2.30195
11 0 693.138 0 -693.138
12 0 693.536 0 -693.536
45 53 694.728 697.03 2.30195
34 55 696.176 698.478 2.30195
27 50 696.915 699.217 2.30196
42 62 697.65 699.952 2.30196
19 63 698.554 700.855 2.30195
33 55 698.556 700.858 2.30195
28 55 699.206 701.508 2.30196
21 0 699.586 0 -699.586
43 58 701.008 703.31 2.30196
23 67 701.756 704.058 2.30196
46 61 702.038 704.34 2.30195
17 62 702.17 704.472 2.30196
29 54 703.154 705.456 2.30196
5 0 703.302 0 -703.302
4 0 703.781 0 -703.781
10 0 703.9 0 -703.9
8 0 704.117 0 -704.117
14 0 704.165 0 -704.165
25 63 704.472 706.774 2.30195
20 63 704.811 707.113 2.30195
39 57 705.049 707.351 2.30196
24 63 706.738 709.04 2.30196
30 55 707.339 709.641 2.30195
38 57 707.771 710.073 2.30195
7 53 707.969 710.271 2.30196
29 50 931.047 931.15 0.102658
0 53 1368.08 1369.4 1.31482
7 53 1014.29 1014.39 0.0975399
24 62 1043.06 1043.16 0.102658
39 57 1160.84 1161.02 0.184835
41 62 1021.42 1021.52 0.0975392
29 50 1069.47 1069.58 0.102658
24 62 1013.06 1013.16 0.0975385
45 53 941.048 941.151 0.102659
21 63 927.479 929.781 2.30196
25 63 1160.79 1160.89 0.0975388
42 62 925.543 925.728 0.184838
43 62 928.901 929.086 0.184836
24 62 934.631 934.816 0.184834
3 56 938.735 940.05 1.31483
41 63 931.423 931.526 0.102663
17 63 930.063 932.365 2.30195
23 63 929.65 931.952 2.30196
9 53 940.621 942.923 2.30196
34 55 924.069 926.371 2.30195
27 55 924.809 927.111 2.30196
46 61 929.932 930.116 0.184835
38 57 935.664 935.767 0.102659
16 62 936.399 936.502 0.10266
0 53 912.295 914.597 2.30196
41 62 912.996 913.099 0.102659
15 53 913.107 915.409 2.30195
49 50 913.358 913.46 0.102659
32 50 913.697 913.8 0.102659
1 0 914.213 0 -914.213
22 62 914.235 916.537 2.30196
2 0 914.578 0 -914.578
47 56 914.584 916.886 2.30195
37 58 914.675 916.977 2.30196
6 0 915.452 0 -915.452
35 59 915.824 915.926 0.102658
26 62 915.903 918.205 2.30196
13 0 916.077 0 -916.077
31 55 917.277 919.579 2.30196
16 62 917.972 918.075 0.10266
40 57 918.489 918.592 0.102657
11 53 921.032 923.334 2.30196
12 53 921.429 923.731 2.30196
45 53 922.621 922.724 0.102659
19 63 926.447 926.549 0.102658
33 55 926.449 928.751 2.30195
7 53 935.863 935.965 0.10266
48 66 938.624 940.926 2.30196
14 53 932.058 934.36 2.30196
49 50 931.785 931.887 0.102659
39 57 932.943 935.245 2.30196
8 0 932.01 0 -932.01
4 0 931.674 0 -931.674
5 0 931.195 0 -931.195
25 63 932.365 932.468 0.102659
18 63 936.097 938.399 2.30195
46 61 1068.36 1068.46 0.0975387
42 62 1033.97 1034.14 0.174598
44 52 1044.68 1044.78 0.0975374
39 57 1179.13 1179.24 0.102659
35 59 934.251 934.353 0.102658
40 57 936.916 937.019 0.102657
43 62 947.328 947.431 0.10266
42 62 943.97 944.144 0.174598
46 61 948.359 948.533 0.174595
19 63 944.874 944.976 0.102658
38 57 954.091 954.194 0.102659
49 50 961.785 961.887 0.102659
44 52 954.679 954.782 0.102657
29 50 949.474 949.572 0.0975382
25 63 950.792 950.895 0.102659
7 53 954.29 954.387 0.0975399
35 59 1024.25 1024.35 0.0975378
24 62 953.058 953.233 0.174594
41 62 961.423 961.526 0.102659
32 50 962.124 962.222 0.0975388
42 62 1153.97 1154.14 0.174598
19 63 1034.87 1034.98 0.102658
36 55 955.438 955.536 0.0975421
46 61 978.359 978.533 0.174595
40 57 966.916 967.019 0.102657
15 53 1171.53 1171.63 0.0975381
38 57 1044.09 1044.19 0.102659
19 63 974.874 974.976 0.102658
16 62 966.399 966.502 0.10266
43 62 977.328 977.431 0.10266
35 59 964.251 964.348 0.0975378
45 53 971.048 971.151 0.102659
3 53 1068.9 1070.22 1.31482
42 62 973.97 974.144 0.174598
44 52 984.679 984.777 0.0975374
44 52 1164.68 1164.78 0.0975374
24 62 983.058 983.161 0.102658
42 62 1063.97 1064.14 0.174598
49 50 991.785 991.887 0.102659
41 62 991.423 991.52 0.0975392
38 57 984.091 984.194 0.102659
7 53 984.29 984.387 0.0975399
29 50 979.474 979.577 0.102658
36 0 1015.44 0 -1015.44
32 50 992.124 992.222 0.0975388
41 62 1171.42 1171.52 0.0975392
36 59 985.438 985.541 0.102658
24 62 1163.06 1163.16 0.102658
25 63 980.792 980.895 0.102659
44 52 1104.68 1104.78 0.0975374
16 62 1086.4 1086.5 0.0975395
19 63 1094.87 1094.97 0.0975383
42 62 1093.97 1094.14 0.174598
40 57 1086.92 1087.01 0.097537
17 63 1157.96 1160.26 2.30195
35 59 1084.25 1084.35 0.0975378
46 61 1098.36 1098.46 0.0975387
45 53 1091.05 1091.15 0.0975387
43 62 1097.33 1097.43 0.0975404
38 57 1104.09 1104.19 0.0975388
25 63 1100.79 1100.89 0.102659
24 62 1103.06 1103.16 0.102658
13 53 1143.97 1146.27 2.30195
29 50 1099.47 1099.58 0.102658
36 59 1165.44 1165.54 0.0975384
7 53 1104.29 1104.39 0.0975399
1 0 1142.11 0 -1142.11
46 61 1128.36 1128.46 0.102659
9 53 1168.51 1170.82 2.30196
15 53 1141 1141.1 0.102658
42 62 1123.97 1124.14 0.174598
16 62 1116.4 1116.5 0.10266
49 50 1111.78 1111.88 0.097539
32 50 1112.12 1112.22 0.0975388
41 62 1111.42 1111.52 0.0975392
14 0 1159.95 0 -1159.95
10 0 1159.69 0 -1159.69
49 50 1141.78 1141.88 0.097539
36 59 1105.44 1105.54 0.0975384
0 52 1140.19 1142.49 2.30196
12 53 1149.32 1149.51 0.184837
31 55 1145.17 1145.35 0.184836
40 57 1116.92 1117.01 0.097537
19 63 1124.87 1124.97 0.0975383
37 59 1142.57 1142.67 0.10266
2 0 1142.47 0 -1142.47
22 62 1142.13 1142.23 0.102659
47 56 1142.48 1144.78 2.30195
33 55 1154.34 1154.45 0.102656
43 62 1127.33 1127.43 0.0975404
6 53 1143.35 1145.65 2.30195
26 63 1153.96 1154.06 0.102659
26 63 1143.8 1143.9 0.102659
4 0 1159.57 0 -1159.57
35 59 1114.25 1114.35 0.0975378
8 53 1159.9 1162.21 2.30196
24 62 1133.06 1133.16 0.102658
27 55 1152.7 1155 2.30196
20 62 1160.6 1162.9 2.30196
34 55 1151.96 1152.15 0.184834
23 0 1157.54 0 -1157.54
45 53 1121.05 1121.15 0.0975387
11 53 1148.92 1149.03 0.102659
46 61 1188.36 1188.46 0.102659
30 55 1163.13 1165.43 2.30195
5 0 1159.09 0 -1159.09
38 57 1134.09 1134.19 0.0975388
28 66 1154.99 1155.1 0.10266
21 63 1155.37 1157.67 2.30196
15 53 1151.16 1151.27 0.102658
44 52 1134.68 1134.78 0.0975374
35 59 1144.25 1144.35 0.0975378
48 66 1166.52 1166.7 0.184835
16 62 1146.4 1146.5 0.10266
45 53 1151.05 1151.15 0.0975387
25 63 1130.79 1130.89 0.0975388
41 62 1141.42 1141.52 0.0975392
32 50 1142.12 1142.22 0.0975388
29 50 1129.47 1129.57 0.0975382
14 0 1387.84 0 -1387.84
7 53 1134.29 1134.39 0.0975399
18 63 1163.99 1164.09 0.102658
36 59 1135.44 1135.54 0.0975384
40 0 1146.92 0 -1146.92
22 62 1152.29 1152.39 0.102659
49 50 1171.78 1171.88 0.097539
12 53 1179.86 1180.03 0.174597
13 53 1371.86 1371.97 0.102659
22 62 1172.66 1172.77 0.102659
35 59 1174.25 1174.35 0.0975378
16 62 1176.4 1176.5 0.0975395
1 53 1370 1372.3 2.30196
37 59 1173.1 1173.2 0.0975397
2 53 1370.36 1372.67 2.30196
26 63 1174.33 1174.43 0.102659
32 50 1172.12 1172.22 0.0975388
31 55 1175.7 1175.88 0.174596
47 56 1370.37 1372.67 2.30195
11 53 1179.46 1179.56 0.0975392
6 53 1371.24 1371.34 0.102658
34 55 1182.5 1182.67 0.174594
48 66 1197.05 1197.23 0.174595
45 53 1181.05 1181.15 0.0975387
27 55 1380.6 1380.92 0.328708
4 0 1387.46 0 -1387.46
17 63 1385.85 1385.95 0.102658
25 63 1190.79 1190.89 0.0975388
40 57 1176.92 1177.01 0.097537
33 55 1184.88 1184.97 0.0975362
19 63 1184.87 1184.97 0.0975383
7 53 1194.29 1194.39 0.0975399
21 63 1383.27 1385.57 2.30196
10 0 1387.58 0 -1387.58
20 63 1388.49 1388.68 0.184835
39 57 1191.37 1191.47 0.0975391
3 53 1199.07 1200.38 1.31482
43 62 1187.33 1187.43 0.10266
23 67 1385.44 1387.74 2.30196
8 0 1387.8 0 -1387.8
28 66 1185.53 1185.63 0.10266
5 53 1386.98 1389.28 2.30196
36 59 1195.44 1195.54 0.0975384
42 62 1183.97 1184.14 0.174598
44 52 1194.68 1194.78 0.0975374
18 63 1194.52 1194.62 0.0975375
24 62 1193.06 1193.16 0.0975385
30 55 1391.02 1391.2 0.184835
38 57 1194.09 1194.19 0.0975388
29 50 1189.47 1189.57 0.0975382
9 53 1396.41 1397.72 1.31482
