26 46 0.854949 3.1569 2.30195
7 68 1.70631 4.00827 2.30196
9 68 7.71317 10.0151 2.30196
5 62 695.804 698.106 2.30196
35 49 698.443 700.745 2.30196
33 68 2.50068 4.80264 2.30196
6 63 1055.83 1056.16 0.328707
0 62 1165.6 1165.92 0.328709
18 49 699.287 701.589 2.30195
21 48 700.115 702.417 2.30196
14 55 6.68614 8.98809 2.30196
37 56 6.13799 8.43995 2.30195
1 62 3.25406 5.55602 2.30196
17 49 1108.4 1108.5 0.102658
28 52 5.43513 7.73708 2.30195
2 68 5.36182 7.66377 2.30195
4 68 5.56037 7.86233 2.30196
16 49 7.1294 9.43136 2.30195
15 49 1059.15 1059.25 0.0975386
2 68 1055.36 1055.46 0.0975378
12 63 700.674 702.976 2.30196
2 68 1025.36 1025.46 0.102658
35 49 14.7633 17.0653 2.30196
23 51 693.985 696.287 2.30195
25 52 695.453 697.754 2.30196
29 53 7.98088 10.2828 2.30195
6 68 705.881 708.183 2.30196
38 62 9.3783 11.6803 2.30195
15 49 9.14938 11.4513 2.30195
19 48 9.75976 12.0617 2.30195
38 62 999.378 999.476 0.0975389
30 53 1037.99 1038.09 0.0975376
4 0 689.24 0 -689.24
30 53 701.672 703.974 2.30195
36 43 1160.09 1160.19 0.0975382
32 69 1067.37 1067.47 0.0975392
23 51 10.3052 12.6072 2.30195
17 49 939.968 940.297 0.328706
33 68 1112.5 1112.6 0.10266
31 47 11.339 13.6409 2.30196
26 46 944.97 945.154 0.184832
33 68 946.615 946.8 0.184836
13 48 12.0176 14.3195 2.30195
25 51 11.7728 14.0747 2.30196
16 49 937.129 937.232 0.102658
7 0 685.386 0 -685.386
38 62 939.378 939.476 0.0975389
37 56 936.138 936.241 0.102657
36 43 703.773 706.075 2.30195
31 47 1031.34 1031.44 0.102659
5 62 12.1238 14.4258 2.30196
5 62 1182.12 1182.3 0.174597
39 71 13.0843 15.3863 2.30196
22 51 13.1873 15.4892 2.30195
16 49 997.129 997.227 0.0975383
12 62 16.9947 19.2967 2.30195
34 69 16.1241 18.426 2.30195
3 68 15.3527 17.6546 2.30196
38 62 693.058 695.36 2.30195
39 67 696.764 699.066 2.30196
24 45 18.3676 20.6696 2.30195
18 49 15.6071 17.909 2.30195
28 52 689.115 691.417 2.30195
32 69 17.3682 19.6702 2.30196
21 49 16.435 18.737 2.30195
30 53 17.9926 20.2945 2.30195
38 62 1059.38 1059.48 0.102659
17 49 1168.4 1168.5 0.102658
36 43 20.0931 22.3951 2.30195
27 45 19.0021 21.3041 2.30195
3 68 699.032 701.334 2.30196
6 63 22.2015 24.5035 2.30195
11 68 28.0526 30.3545 2.30195
20 48 26.3489 28.6508 2.30196
0 62 26.13 28.4319 2.30196
10 68 28.0028 30.3047 2.30196
8 62 25.5408 27.8427 2.30196
17 49 28.3954 30.6974 2.30195
26 46 228.748 231.05 2.30195
7 68 229.6 231.902 2.30196
29 53 1057.98 1058.08 0.0975365
26 46 684.535 686.837 2.30195
16 49 690.809 693.111 2.30195
14 0 690.366 0 -690.366
9 69 691.393 693.695 2.30196
9 68 1027.71 1027.81 0.0975397
36 43 247.986 250.288 2.30195
27 45 246.895 249.197 2.30195
8 0 253.434 0 -253.434
20 48 710.029 712.331 2.30196
10 68 255.896 258.198 2.30196
33 68 230.394 232.696 2.30196
1 62 231.147 233.449 2.30196
2 68 233.255 235.557 2.30195
28 52 233.328 235.63 2.30195
4 62 233.454 235.756 2.30196
37 56 234.031 236.333 2.30195
14 55 234.579 236.881 2.30196
16 49 235.023 237.325 2.30195
9 68 235.606 237.908 2.30196
29 53 235.874 238.176 2.30195
15 49 237.043 239.345 2.30195
38 62 237.272 239.574 2.30195
19 48 237.653 239.955 2.30195
23 51 238.198 240.5 2.30195
31 47 239.232 241.534 2.30196
25 0 239.666 0 -239.666
13 48 239.911 242.213 2.30195
5 62 240.017 242.319 2.30196
39 71 240.978 243.28 2.30196
22 51 241.081 243.382 2.30195
35 43 242.657 244.959 2.30196
3 68 243.246 245.548 2.30196
18 49 243.5 245.802 2.30195
34 69 244.017 246.319 2.30195
21 49 244.328 246.63 2.30195
12 62 244.888 247.19 2.30195
32 64 245.261 247.563 2.30196
30 53 245.886 248.188 2.30195
24 45 246.261 248.563 2.30195
32 69 1187.37 1187.47 0.0975392
8 62 1392.9 1394.22 1.31482
24 45 702.047 704.349 2.30195
22 45 696.867 699.169 2.30196
18 49 1185.61 1185.7 0.0975373
15 49 939.149 939.252 0.102659
12 62 1036.99 1037.09 0.0975381
13 54 695.697 697.999 2.30196
0 68 254.023 256.325 2.30196
11 68 255.946 258.248 2.30195
6 63 250.095 252.397 2.30195
20 48 254.242 256.544 2.30196
30 53 1127.99 1128.09 0.0975376
36 43 980.093 980.196 0.102658
2 68 689.042 691.344 2.30195
1 62 686.934 689.236 2.30196
34 69 1186.12 1186.22 0.0975373
37 56 689.818 692.12 2.30195
10 68 939.576 941.878 2.30196
11 68 939.626 939.728 0.102658
17 49 712.075 714.377 2.30195
31 47 695.019 697.321 2.30196
17 49 256.289 258.591 2.30195
24 45 929.941 930.043 0.102657
19 48 693.44 695.741 2.30195
10 0 711.682 0 -711.682
8 62 709.221 711.522 2.30196
0 62 709.81 712.112 2.30196
27 45 702.682 704.984 2.30195
6 63 933.775 934.391 0.616451
23 51 1090.31 1090.41 0.102657
5 62 1092.12 1092.3 0.174597
25 51 1181.77 1181.87 0.0975391
17 49 1070.14 1070.32 0.184834
20 48 988.762 988.937 0.174596
38 62 1119.38 1119.48 0.102659
0 62 937.703 940.005 2.30196
27 45 1099 1099.1 0.102657
2 68 935.362 935.464 0.102658
11 68 711.732 714.034 2.30195
11 68 483.839 486.141 2.30195
31 47 1181.34 1181.44 0.0975394
10 68 1297.64 1298.95 1.31482
5 62 1122.12 1122.3 0.174597
6 63 477.988 480.29 2.30195
29 53 463.767 466.069 2.30195
10 68 483.789 486.091 2.30196
9 68 463.5 465.802 2.30196
24 45 474.154 476.456 2.30195
16 49 462.916 465.218 2.30195
13 48 467.804 470.106 2.30195
32 64 473.155 475.457 2.30196
14 55 462.473 464.775 2.30196
31 47 467.125 469.427 2.30196
27 45 474.789 477.091 2.30195
5 62 467.91 470.212 2.30196
30 53 473.779 476.081 2.30195
26 46 1110.85 1110.96 0.102656
0 0 481.916 0 -481.916
17 49 484.182 486.484 2.30195
26 46 456.641 458.943 2.30195
7 68 457.493 459.795 2.30196
33 68 458.287 460.589 2.30196
1 62 459.041 461.343 2.30196
2 68 461.148 463.45 2.30195
28 52 461.222 463.524 2.30195
4 0 461.347 0 -461.347
37 56 461.924 464.226 2.30195
35 43 470.55 472.852 2.30196
3 68 471.139 473.441 2.30196
28 52 935.435 935.538 0.102658
9 68 1117.71 1117.81 0.0975397
34 69 699.804 702.106 2.30195
1 62 1142.72 1143.34 0.616452
32 64 701.048 703.35 2.30196
18 49 1095.61 1095.7 0.0975373
19 48 465.546 467.848 2.30195
38 62 465.165 467.467 2.30195
15 49 464.936 467.238 2.30195
25 51 467.559 469.861 2.30196
23 51 466.092 468.394 2.30195
22 51 468.974 471.276 2.30195
39 71 468.871 471.173 2.30196
17 49 1138.4 1138.49 0.0975379
34 69 471.911 474.213 2.30195
17 49 1005.05 1005.38 0.328706
2 68 995.362 995.464 0.102658
28 52 1025.44 1025.53 0.0975384
29 53 691.661 693.963 2.30195
15 55 692.829 695.131 2.30196
33 69 686.18 688.482 2.30196
12 62 1126.99 1127.1 0.102658
33 68 992.501 992.598 0.0975398
9 68 937.713 937.816 0.10266
21 49 472.222 474.523 2.30195
36 43 475.88 478.182 2.30195
12 62 472.781 475.083 2.30195
18 49 471.394 473.696 2.30195
33 68 1172.5 1172.6 0.10266
36 43 931.666 931.769 0.102658
28 52 965.435 965.533 0.0975384
8 62 937.114 939.416 2.30196
28 52 995.435 995.533 0.0975384
13 48 1182.02 1182.12 0.0975387
6 63 1162.2 1162.3 0.102659
8 0 481.327 0 -481.327
20 48 482.135 484.437 2.30196
26 46 1170.85 1170.95 0.0975363
20 48 1136.35 1136.45 0.10266
20 48 1046.35 1046.45 0.0975398
14 55 1374.05 1374.23 0.184835
26 46 1050.85 1050.96 0.102656
12 62 1096.99 1097.1 0.102658
20 54 937.922 938.251 0.328708
16 49 1027.13 1027.23 0.0975383
29 53 937.981 938.084 0.102657
39 71 1033.08 1033.18 0.0975391
37 56 1056.14 1056.24 0.0975369
5 62 1032.12 1032.3 0.174597
7 68 1141.17 1142.49 1.31482
39 71 1123.08 1123.19 0.102659
11 68 1048.05 1048.16 0.102658
22 51 1183.19 1183.28 0.0975385
37 56 996.138 996.241 0.102657
30 53 929.566 929.75 0.184834
15 49 999.149 999.247 0.0975386
27 45 930.575 930.76 0.184833
4 68 1372.92 1374.23 1.31482
18 49 1035.61 1035.7 0.0975373
11 68 988.053 988.155 0.102658
29 53 997.981 998.078 0.0975365
36 43 950.093 950.196 0.102658
26 46 912.428 912.757 0.328704
7 62 913.279 915.581 2.30196
33 68 914.074 914.402 0.328708
1 63 914.827 917.129 2.30196
2 68 916.935 917.037 0.102658
28 52 917.008 917.193 0.184834
4 68 917.133 919.435 2.30196
37 56 917.711 917.814 0.102657
14 55 918.259 920.561 2.30196
16 49 918.702 918.805 0.102658
9 68 919.286 919.471 0.184836
29 53 919.554 919.657 0.102657
15 49 920.722 920.825 0.102659
38 62 920.951 921.054 0.102659
19 54 921.333 923.635 2.30196
23 51 921.878 922.063 0.184833
31 47 922.912 923.015 0.102659
25 51 923.346 925.648 2.30196
13 48 923.591 923.693 0.102659
5 62 923.697 923.882 0.184837
35 49 926.336 926.439 0.102659
21 49 928.008 930.31 2.30195
3 68 926.926 927.028 0.10266
22 51 924.76 924.863 0.102659
39 71 924.657 924.986 0.328707
6 63 1139.21 1139.39 0.174595
34 69 927.697 929.999 2.30195
18 49 927.18 927.283 0.102657
27 45 1129 1129.1 0.102657
12 62 928.568 928.896 0.328706
32 69 928.941 929.044 0.102659
23 51 940.305 940.408 0.102657
13 48 942.018 942.12 0.102659
5 62 942.124 942.298 0.174597
36 43 1010.09 1010.2 0.102658
8 62 1165.01 1167.31 2.30196
26 46 1020.85 1020.96 0.102656
13 48 1122.02 1122.12 0.0975387
32 69 947.368 947.471 0.102659
31 47 941.339 941.442 0.102659
22 51 943.187 943.29 0.102659
16 49 1177.13 1177.23 0.0975383
18 49 945.607 945.705 0.0975373
35 49 944.763 944.866 0.102659
28 52 1055.44 1055.53 0.0975384
26 46 990.855 990.952 0.0975363
28 52 1115.44 1115.53 0.0975384
36 43 1040.09 1040.2 0.102658
3 68 1125.35 1125.45 0.0975398
29 53 1117.98 1118.08 0.0975365
23 51 1000.31 1000.41 0.102657
16 49 1117.13 1117.23 0.0975383
31 47 1121.34 1121.44 0.0975394
39 71 957.199 957.384 0.184835
39 71 1183.08 1183.19 0.102659
14 55 1146.15 1148.45 2.30196
19 48 1179.76 1179.86 0.0975386
3 68 1035.35 1035.45 0.0975398
38 62 1029.38 1029.48 0.0975389
9 68 1057.71 1057.81 0.0975397
3 68 1185.35 1185.45 0.0975398
32 69 1037.37 1037.47 0.0975392
20 48 1106.35 1106.45 0.10266
31 47 1061.34 1061.44 0.0975394
31 47 1091.34 1091.44 0.0975394
3 68 945.353 945.455 0.10266
28 52 1085.44 1085.53 0.0975384
33 68 1052.5 1052.6 0.0975398
10 68 1167.47 1168.78 1.31482
30 53 947.993 948.095 0.102658
12 62 961.109 961.438 0.328706
27 45 949.002 949.105 0.102657
24 45 948.368 948.47 0.102657
26 46 963.268 963.371 0.102656
2 68 965.362 965.464 0.102658
33 68 1022.5 1022.6 0.0975398
20 48 970.464 970.648 0.184836
37 56 966.138 966.241 0.102657
23 51 970.305 970.408 0.102657
11 68 958.053 958.155 0.102658
37 56 1026.14 1026.24 0.102657
17 49 972.51 972.839 0.328706
29 53 967.981 968.084 0.102657
33 68 964.914 965.016 0.10266
38 62 969.378 969.481 0.102659
5 62 972.124 972.298 0.174597
9 68 967.713 967.811 0.0975397
15 49 969.149 969.252 0.102659
16 49 967.129 967.232 0.102658
31 47 971.339 971.442 0.102659
18 49 975.607 975.71 0.102657
6 68 994.803 995.419 0.616452
9 62 997.713 997.811 0.0975419
22 51 973.187 973.29 0.102659
39 71 975.497 975.6 0.102659
13 48 972.018 972.12 0.102659
35 49 974.763 974.866 0.102659
30 53 977.993 978.095 0.102658
24 45 978.368 978.47 0.102657
3 68 975.353 975.455 0.10266
27 45 979.002 979.105 0.102657
32 69 977.368 977.471 0.102659
12 62 993.651 993.836 0.184834
22 51 1033.19 1033.28 0.0975385
5 62 1002.12 1002.3 0.174597
22 51 1003.19 1003.28 0.0975385
20 48 1016.35 1016.45 0.10266
27 45 1009 1009.1 0.102657
31 47 1001.34 1001.44 0.102659
3 68 1005.35 1005.45 0.0975398
36 43 1100.09 1100.19 0.0975382
16 49 1057.13 1057.23 0.0975383
22 51 1093.19 1093.28 0.0975385
18 49 1005.61 1005.71 0.102657
24 45 1008.37 1008.47 0.102657
39 71 1003.08 1003.18 0.0975391
13 48 1002.02 1002.12 0.102659
12 62 1011.95 1012.05 0.102658
32 69 1007.37 1007.47 0.0975392
24 45 1038.37 1038.47 0.102657
35 49 1034.76 1034.87 0.102659
27 45 1039 1039.1 0.102657
23 51 1120.31 1120.41 0.102657
24 45 1098.37 1098.47 0.0975368
30 53 1007.99 1008.1 0.102658
25 51 1151.24 1151.34 0.102659
13 48 1032.02 1032.12 0.0975387
23 51 1030.31 1030.41 0.102657
35 49 1004.76 1004.87 0.102659
32 69 1097.37 1097.47 0.102659
35 49 1184.76 1184.86 0.0975392
23 51 1060.31 1060.41 0.102657
2 68 1115.36 1115.46 0.0975378
17 49 1198.4 1198.5 0.102658
29 53 1027.98 1028.08 0.0975365
17 49 1037.59 1037.92 0.328706
15 49 1029.15 1029.25 0.0975386
11 68 1018.05 1018.16 0.102658
22 51 1063.19 1063.28 0.0975385
30 53 1157.99 1158.09 0.0975376
13 48 1092.02 1092.12 0.0975387
35 49 1064.76 1064.87 0.102659
12 62 1066.99 1067.1 0.102658
5 62 1062.12 1062.3 0.174597
39 71 1063.08 1063.19 0.102659
13 48 1062.02 1062.12 0.0975387
21 49 1186.44 1186.54 0.102659
11 68 1108.05 1108.15 0.0975385
24 45 1188.37 1188.47 0.0975368
18 49 1125.61 1125.7 0.0975373
20 48 1196.35 1196.45 0.10266
32 69 1127.37 1127.47 0.0975392
36 43 1070.09 1070.2 0.102658
38 62 1089.38 1089.48 0.102659
26 46 1080.85 1080.96 0.102656
30 53 1067.99 1068.1 0.102658
18 49 1065.61 1065.7 0.0975373
3 68 1065.35 1065.45 0.0975398
22 51 1123.19 1123.28 0.0975385
30 53 1097.99 1098.1 0.102658
34 69 1155.59 1155.69 0.102657
36 43 1130.09 1130.19 0.0975382
3 68 1095.35 1095.45 0.0975398
2 68 1175.36 1175.46 0.0975378
11 68 1138.05 1138.15 0.0975385
38 62 1179.38 1179.48 0.0975389
27 45 1069 1069.1 0.102657
24 45 1068.37 1068.47 0.102657
37 56 1086.14 1086.24 0.0975369
9 68 1177.71 1177.81 0.0975397
19 48 1149.23 1149.33 0.102659
20 48 1166.35 1166.45 0.10266
24 45 1128.37 1128.47 0.0975368
17 49 1088.43 1088.61 0.174594
15 49 1089.15 1089.25 0.0975386
35 49 1094.76 1094.87 0.102659
7 68 1271.34 1272.65 1.31482
6 63 1120.91 1121.1 0.184835
4 68 1145.03 1147.33 2.30196
21 49 1155.9 1156.09 0.184835
15 49 1119.15 1119.25 0.0975386
9 68 1087.71 1087.81 0.0975397
6 63 1088.37 1088.7 0.328707
20 48 1076.35 1076.45 0.10266
29 53 1087.98 1088.08 0.0975365
37 56 1116.14 1116.24 0.0975369
11 68 1078.05 1078.16 0.102658
35 49 1124.76 1124.86 0.0975392
39 71 1093.08 1093.19 0.102659
2 68 1085.36 1085.46 0.0975378
33 68 1082.5 1082.6 0.10266
11 68 1168.05 1168.15 0.0975385
16 49 1087.13 1087.23 0.0975383
29 53 1147.98 1148.08 0.0975365
22 51 1153.19 1153.28 0.0975385
33 68 1142.5 1142.6 0.10266
37 56 1146.14 1146.24 0.0975369
19 48 1159.39 1159.49 0.102659
9 68 1147.71 1147.81 0.0975397
24 45 1158.37 1158.47 0.0975368
2 68 1145.36 1145.46 0.0975378
28 52 1145.44 1145.53 0.0975384
38 62 1149.38 1149.48 0.102659
26 46 1140.85 1140.95 0.0975363
37 56 1176.14 1176.24 0.0975369
30 53 1187.99 1188.09 0.0975376
15 49 1179.15 1179.25 0.0975386
28 52 1175.44 1175.53 0.0975384
0 62 1198.14 1198.24 0.102661
27 45 1189 1189.1 0.0975374
23 51 1180.31 1180.4 0.097537
36 43 1190.09 1190.19 0.0975382
12 62 1186.99 1187.1 0.102658
6 63 1192.2 1192.3 0.0975388
27 45 1159 1159.1 0.0975374
5 62 1152.12 1152.3 0.174597
15 49 1149.15 1149.25 0.0975386
23 51 1150.31 1150.4 0.097537
18 49 1155.61 1155.7 0.0975373
32 69 1157.37 1157.47 0.0975392
39 71 1153.08 1153.19 0.102659
21 49 1174.2 1174.3 0.102659
16 49 1147.13 1147.23 0.0975383
11 68 1198.05 1198.15 0.0975385
1 62 1203.75 1204.08 0.328708
29 53 1177.98 1178.08 0.0975365
31 47 1151.34 1151.44 0.0975394
12 62 1156.99 1157.1 0.102658
13 48 1152.02 1152.12 0.0975387
3 68 1155.35 1155.45 0.0975398
35 49 1154.76 1154.86 0.0975392
