9 76 0.148666 2.45062 2.30195
48 62 0.551947 2.8539 2.30195
32 89 938.736 938.839 0.102659
16 75 464.609 466.91 2.30195
1 82 461.697 463.999 2.30196
41 85 0.907415 3.20937 2.30195
59 92 1.29822 3.60017 2.30195
43 78 1.51653 3.81848 2.30195
25 105 918.775 921.076 2.30196
28 103 938.904 939.007 0.102658
45 62 469.541 471.843 2.30195
15 69 1.63332 3.93527 2.30196
13 76 3.45829 5.76025 2.30195
29 90 3.4738 5.77575 2.30195
6 76 4.98689 7.28884 2.30195
51 71 466.99 469.292 2.30195
37 85 1147.69 1147.79 0.0975386
36 79 465.701 468.003 2.30195
27 97 5.51722 7.81917 2.30195
34 90 5.11168 7.41363 2.30195
2 69 4.93136 7.23331 2.30196
42 72 942.908 943.01 0.102658
9 76 911.722 911.824 0.102657
10 83 6.26462 8.56657 2.30195
1 82 5.91051 8.21247 2.30196
35 96 5.79809 8.10004 2.30196
4 0 12.859 0 -12.859
59 92 457.085 459.387 2.30195
42 72 12.9075 15.2095 2.30195
7 75 1014.1 1014.2 0.0975379
47 61 475.014 477.316 2.30195
25 0 7.20153 0 -7.20153
5 76 6.85836 9.16031 2.30195
52 71 8.1502 10.4522 2.30195
44 62 949.499 949.602 0.102659
58 110 922.07 922.173 0.102658
46 0 929.337 0 -929.337
37 85 7.69018 9.99213 2.30195
32 89 8.73597 11.0379 2.30195
16 75 8.82205 11.124 2.30195
28 103 8.9045 11.2064 2.30195
54 106 8.60432 10.9063 2.30195
31 97 1074.47 1074.57 0.0975382
47 61 930.801 930.903 0.102658
57 106 480.697 482.999 2.30195
0 76 10.2656 12.5675 2.30195
36 79 9.91417 12.2161 2.30195
32 89 1028.74 1028.83 0.0975388
58 110 10.4974 12.7993 2.30195
51 71 11.2037 13.5057 2.30195
55 89 471.804 474.106 2.30195
21 75 11.4088 13.7107 2.30195
31 97 708.154 710.456 2.30195
56 90 14.2269 16.5289 2.30195
12 83 471.988 474.29 2.30195
9 76 1020.15 1020.25 0.0975368
20 0 13.2507 0 -13.2507
16 75 938.822 938.925 0.102658
33 97 14.243 16.5449 2.30195
26 96 13.6378 15.9397 2.30195
12 83 927.774 930.076 2.30195
53 99 13.7607 16.0627 2.30195
45 62 13.7541 16.056 2.30195
50 71 938.755 938.857 0.102658
28 103 920.477 920.58 0.102658
20 76 469.037 471.339 2.30195
55 89 16.0173 18.3192 2.30195
17 0 15.1316 0 -15.1316
19 0 14.5616 0 -14.5616
9 76 455.935 458.237 2.30195
3 83 475.527 477.828 2.30195
39 0 14.8287 0 -14.8287
18 75 15.8895 18.1914 2.30196
46 69 17.7635 20.0655 2.30195
11 76 17.9255 20.2274 2.30195
58 110 466.284 468.586 2.30195
11 76 1167.55 1167.66 0.102658
56 90 944.227 944.33 0.102657
40 78 16.3396 18.6415 2.30195
12 83 16.2015 18.5034 2.30195
40 78 927.913 928.015 0.102658
33 97 1184.24 1184.35 0.102658
8 75 928.605 930.907 2.30195
39 78 926.402 928.704 2.30195
8 75 17.0323 19.3343 2.30195
30 111 17.9726 20.2746 2.30196
38 71 17.8936 20.1955 2.30195
11 76 473.712 476.014 2.30195
3 82 931.313 931.416 0.102659
53 99 469.547 471.849 2.30195
18 0 471.676 0 -471.676
46 69 473.55 475.852 2.30195
26 96 469.424 471.726 2.30195
33 97 470.029 472.331 2.30195
21 75 922.982 925.284 2.30195
53 99 1003.76 1003.86 0.102658
47 61 19.2276 21.5296 2.30195
3 83 19.74 22.042 2.30195
14 76 25.1383 27.4402 2.30195
44 62 19.499 21.801 2.30195
53 99 925.334 925.436 0.102658
39 0 470.615 0 -470.615
44 62 475.286 477.587 2.30195
31 97 24.4742 26.7762 2.30195
7 75 24.0996 26.4016 2.30195
49 64 24.4084 26.7103 2.30195
57 106 24.9101 27.212 2.30195
53 99 1153.76 1153.86 0.0975384
56 90 1004.23 1004.32 0.0975368
43 78 1021.52 1021.61 0.0975369
41 0 456.694 0 -456.694
24 75 1109.96 1110.06 0.097538
32 89 464.522 466.824 2.30195
54 106 920.177 920.28 0.102658
50 71 27.1816 29.4835 2.30195
56 90 470.013 472.315 2.30195
24 75 29.9623 32.2643 2.30195
22 75 27.869 30.171 2.30195
32 89 920.309 920.412 0.102659
44 62 247.392 249.694 2.30195
49 64 252.302 254.604 2.30195
23 76 28.8751 31.177 2.30195
3 83 247.633 249.935 2.30195
10 83 917.838 917.94 0.102659
41 85 1140.37 1142.68 2.30195
14 76 708.818 711.12 2.30195
47 61 247.121 249.423 2.30195
23 76 958.875 958.978 0.102658
14 76 253.032 255.333 2.30195
10 83 462.051 464.353 2.30195
37 85 919.263 919.366 0.102659
24 75 257.856 260.158 2.30195
50 71 255.075 257.377 2.30195
5 76 462.645 464.947 2.30195
25 0 462.988 0 -462.988
9 76 1110.15 1110.25 0.0975368
42 72 468.694 470.996 2.30195
9 76 228.042 230.344 2.30195
48 62 228.445 230.747 2.30195
41 0 228.801 0 -228.801
59 92 229.191 231.493 2.30195
43 78 229.41 231.712 2.30195
15 69 229.527 231.829 2.30196
13 76 231.352 233.653 2.30195
29 90 231.367 233.669 2.30195
2 69 232.825 235.127 2.30196
6 84 232.88 235.182 2.30196
34 90 233.005 235.307 2.30195
27 97 233.41 235.712 2.30195
35 96 233.691 235.993 2.30196
1 82 233.804 236.106 2.30196
10 82 234.158 236.46 2.30196
5 76 234.752 237.054 2.30195
25 0 235.095 0 -235.095
37 85 235.583 237.885 2.30195
52 71 236.043 238.345 2.30195
54 106 236.498 238.8 2.30195
32 89 236.629 238.931 2.30195
16 75 236.715 239.017 2.30195
28 103 236.798 239.1 2.30195
36 79 237.807 240.109 2.30195
0 76 238.159 240.461 2.30195
58 110 238.391 240.693 2.30195
51 71 239.097 241.399 2.30195
21 75 239.302 241.604 2.30195
4 83 240.752 243.054 2.30195
42 72 240.801 243.103 2.30195
20 83 241.144 243.446 2.30195
26 96 241.531 243.833 2.30195
45 62 241.647 243.949 2.30195
53 99 241.654 243.956 2.30195
56 90 242.12 244.422 2.30195
33 97 242.136 244.438 2.30195
19 0 242.455 0 -242.455
39 0 242.722 0 -242.722
17 0 243.025 0 -243.025
18 0 243.783 0 -243.783
55 89 243.91 246.212 2.30195
12 83 244.095 246.397 2.30195
40 78 244.233 246.535 2.30195
8 75 244.926 247.228 2.30195
46 69 245.657 247.959 2.30195
38 71 245.787 248.089 2.30195
11 76 245.819 248.121 2.30195
30 95 245.866 248.168 2.30196
38 71 473.68 475.982 2.30195
30 95 473.759 476.061 2.30196
40 78 1066.34 1066.44 0.097538
8 75 472.819 475.121 2.30195
20 0 924.824 0 -924.824
5 0 918.431 0 -918.431
42 72 1092.91 1093.01 0.0975378
4 84 468.645 470.947 2.30196
29 90 459.26 461.562 2.30195
55 89 927.59 929.892 2.30195
44 62 1009.5 1009.6 0.0975386
0 76 466.052 468.354 2.30195
40 78 1096.34 1096.44 0.097538
10 83 1086.26 1086.36 0.0975386
34 90 460.898 463.2 2.30195
44 62 1099.5 1099.6 0.0975386
28 103 998.904 999.002 0.0975375
57 106 252.803 255.105 2.30195
31 97 252.367 254.669 2.30195
7 75 251.993 254.295 2.30195
54 106 464.391 466.693 2.30195
19 0 926.135 0 -926.135
13 76 459.245 461.547 2.30195
27 97 461.304 463.606 2.30195
57 106 1014.91 1015.01 0.102658
29 90 1023.47 1023.57 0.0975388
22 75 255.762 258.064 2.30195
45 62 925.327 927.629 2.30195
48 62 1020.55 1020.65 0.102658
48 62 456.338 458.64 2.30195
19 0 470.348 0 -470.348
28 103 464.691 466.993 2.30195
35 96 461.585 463.887 2.30196
6 0 460.773 0 -460.773
16 75 998.822 998.92 0.0975384
2 69 460.718 463.02 2.30196
7 75 935.673 935.775 0.102658
23 76 256.768 259.07 2.30195
40 78 472.126 474.428 2.30195
50 71 482.968 485.27 2.30195
31 97 954.474 954.577 0.102658
37 85 463.477 465.779 2.30195
52 71 919.723 922.025 2.30195
53 99 943.761 943.863 0.102658
47 61 949.228 949.33 0.102658
23 76 1018.88 1018.98 0.102658
36 79 939.914 940.017 0.102659
30 0 929.546 0 -929.546
32 89 1088.74 1088.83 0.0975388
49 64 935.981 938.283 2.30195
24 75 1024.92 1025.02 0.102658
21 75 467.195 469.497 2.30195
43 78 457.303 459.605 2.30195
17 0 470.918 0 -470.918
7 75 479.886 482.188 2.30195
52 71 463.937 466.239 2.30195
15 76 457.42 459.722 2.30195
40 78 946.34 946.442 0.102658
36 79 1089.91 1090.01 0.0975389
51 70 922.777 925.079 2.30196
49 64 480.195 482.497 2.30195
31 97 480.261 482.563 2.30195
14 76 480.925 483.227 2.30195
22 75 483.655 485.957 2.30195
24 75 485.749 488.051 2.30195
22 75 1017.87 1017.97 0.0975375
23 76 484.662 486.964 2.30195
48 62 912.125 912.31 0.184834
48 62 960.552 960.655 0.102658
0 76 921.839 924.141 2.30195
36 79 921.487 921.59 0.102659
1 82 917.484 917.586 0.102659
56 90 925.8 925.903 0.102657
47 61 1009.23 1009.33 0.102658
1 82 1085.91 1086.01 0.0975391
43 78 913.09 913.192 0.102657
15 76 913.206 915.508 2.30195
59 92 912.871 912.974 0.102659
35 96 917.371 919.673 2.30196
41 85 912.48 914.782 2.30195
49 64 708.088 710.39 2.30195
57 106 708.59 710.892 2.30195
11 78 929.498 931.8 2.30196
29 90 915.047 915.149 0.102659
13 76 915.031 917.333 2.30195
7 75 707.779 710.081 2.30195
42 72 924.48 924.583 0.102658
57 106 954.91 955.008 0.0975381
9 76 683.828 686.13 2.30195
48 62 684.232 686.534 2.30195
41 85 684.587 686.889 2.30195
59 92 684.978 687.28 2.30195
43 78 685.196 687.498 2.30195
15 69 685.313 687.615 2.30196
13 75 687.138 689.44 2.30196
29 90 687.154 689.455 2.30195
2 68 688.611 690.913 2.30196
6 76 688.667 690.969 2.30195
34 91 688.791 691.093 2.30196
27 0 689.197 0 -689.197
35 96 689.478 691.78 2.30196
1 82 689.59 691.892 2.30196
10 83 689.944 692.246 2.30195
5 69 690.538 692.84 2.30196
25 0 690.881 0 -690.881
37 85 691.37 693.672 2.30195
52 71 691.83 694.132 2.30195
54 106 692.284 694.586 2.30195
32 89 692.416 694.718 2.30195
16 75 692.502 694.804 2.30195
28 103 692.584 694.886 2.30195
36 79 693.594 695.896 2.30195
0 69 693.945 696.247 2.30195
58 110 694.177 696.479 2.30195
51 0 694.883 0 -694.883
21 82 695.089 697.39 2.30196
4 83 696.539 698.841 2.30195
42 72 696.587 698.889 2.30195
20 83 696.93 699.232 2.30195
26 96 697.318 699.619 2.30195
45 62 697.434 699.736 2.30195
53 99 697.44 699.742 2.30195
56 89 697.907 700.209 2.30196
33 0 697.923 0 -697.923
19 0 698.241 0 -698.241
39 0 698.508 0 -698.508
17 0 698.811 0 -698.811
18 0 699.569 0 -699.569
55 89 699.697 701.999 2.30195
12 83 699.881 702.183 2.30195
40 78 700.019 702.321 2.30195
8 0 700.712 0 -700.712
46 69 701.443 703.745 2.30195
38 72 701.573 703.875 2.30196
11 75 701.605 703.907 2.30196
30 0 701.652 0 -701.652
47 61 702.907 705.209 2.30195
44 62 703.179 705.481 2.30195
3 82 703.42 705.722 2.30196
54 106 938.604 938.707 0.102658
9 76 960.149 960.246 0.0975368
18 0 927.462 0 -927.462
14 76 936.711 939.013 2.30195
53 99 1093.76 1093.86 0.0975384
10 83 1116.26 1116.36 0.0975386
4 84 924.432 926.734 2.30196
16 68 920.395 920.498 0.102659
34 90 1025.11 1025.21 0.0975377
22 75 711.549 713.851 2.30195
23 76 712.555 714.857 2.30195
17 77 926.705 929.007 2.30196
31 97 936.047 936.15 0.102658
24 75 713.642 715.944 2.30195
50 71 710.861 713.163 2.30195
27 90 917.09 919.392 2.30196
37 85 1027.69 1027.79 0.0975386
26 96 925.211 927.513 2.30195
28 103 1028.9 1029 0.0975375
57 106 936.483 936.586 0.102658
34 90 916.685 916.787 0.102658
58 110 940.497 940.6 0.102658
33 97 925.816 928.118 2.30195
3 83 949.74 949.843 0.102659
38 78 929.467 931.769 2.30195
44 62 931.072 931.175 0.102659
10 83 936.265 936.367 0.102659
6 83 916.56 918.862 2.30195
58 110 1000.5 1000.6 0.102658
22 75 939.442 939.627 0.184833
2 75 916.504 918.806 2.30196
22 75 957.869 957.972 0.102657
39 78 1382.19 1384.49 2.30195
24 75 974.077 974.406 0.328706
31 97 1104.47 1104.57 0.0975382
7 75 1164.1 1164.2 0.0975379
37 85 937.69 937.793 0.102659
7 75 954.1 954.202 0.102658
23 76 940.448 940.551 0.102658
24 75 941.535 941.864 0.328706
16 75 968.822 968.92 0.0975384
3 83 1099.74 1099.84 0.0975387
34 90 1085.11 1085.21 0.0975377
50 71 1017.18 1017.28 0.102658
28 103 1088.9 1089 0.0975375
59 92 1081.3 1081.4 0.0975387
10 83 1026.26 1026.36 0.0975386
59 92 1021.3 1021.4 0.0975387
55 89 1165.65 1165.75 0.102658
47 61 1099.23 1099.33 0.0975377
50 71 957.182 957.284 0.102658
7 75 1074.1 1074.2 0.0975379
23 76 1078.88 1078.97 0.0975382
1 82 1025.91 1026.01 0.0975391
44 62 1069.5 1069.6 0.0975386
9 76 930.149 930.251 0.102657
48 62 930.552 930.655 0.102658
29 90 933.474 933.576 0.102659
40 78 1006.34 1006.44 0.097538
43 78 931.517 931.619 0.102657
22 75 987.869 987.972 0.102657
1 82 935.911 936.013 0.102659
34 90 935.112 935.214 0.102658
59 92 931.298 931.401 0.102659
57 106 1104.91 1105.01 0.0975381
43 78 961.517 961.614 0.0975369
28 103 968.904 969.002 0.0975375
1 82 965.911 966.008 0.0975391
10 83 966.265 966.367 0.102659
34 90 965.112 965.214 0.102658
29 90 963.474 963.576 0.102659
59 92 961.298 961.401 0.102659
37 85 967.69 967.793 0.102659
9 76 1080.15 1080.25 0.0975368
43 78 1081.52 1081.61 0.0975369
36 79 999.914 1000.01 0.0975389
42 72 972.908 973.01 0.102658
22 75 1107.87 1107.97 0.0975375
7 75 1104.1 1104.2 0.0975379
43 78 1141.52 1141.61 0.0975369
58 110 1090.5 1090.59 0.0975381
47 61 1069.23 1069.33 0.0975377
36 79 969.914 970.017 0.102659
44 62 979.499 979.602 0.102659
3 83 979.74 979.843 0.102659
32 89 968.736 968.834 0.0975388
58 110 970.497 970.6 0.102658
54 106 968.604 968.707 0.102658
53 99 973.761 973.863 0.102658
34 90 995.112 995.214 0.102658
50 71 1077.18 1077.28 0.0975377
33 97 1163.87 1163.97 0.102658
19 76 1381.92 1384.22 2.30195
56 90 1154.23 1154.32 0.0975368
7 75 984.1 984.202 0.102658
56 90 974.227 974.324 0.0975368
29 90 993.474 993.576 0.102659
47 61 979.228 979.33 0.102658
43 78 991.517 991.614 0.0975369
57 106 984.91 985.013 0.102658
32 89 998.736 998.834 0.0975388
31 97 984.474 984.577 0.102658
59 92 991.298 991.396 0.0975387
24 75 1079.96 1080.06 0.097538
54 106 1028.6 1028.7 0.0975377
10 83 996.265 996.367 0.102659
1 82 995.911 996.008 0.0975391
50 71 987.182 987.284 0.102658
37 85 997.69 997.793 0.102659
48 62 990.552 990.649 0.0975378
23 76 988.875 988.978 0.102658
40 78 976.34 976.442 0.102658
3 83 1009.74 1009.84 0.102659
54 106 998.604 998.707 0.102658
42 72 1002.91 1003.01 0.102658
45 62 1163.38 1163.49 0.102657
24 75 1006.62 1006.8 0.184834
9 76 990.149 990.246 0.0975368
31 97 1014.47 1014.58 0.102658
22 75 1047.87 1047.97 0.0975375
36 79 1029.91 1030.01 0.0975389
58 110 1030.5 1030.59 0.0975381
56 90 1034.23 1034.32 0.0975368
53 99 1033.76 1033.86 0.0975384
31 97 1044.47 1044.57 0.0975382
44 62 1039.5 1039.6 0.0975386
16 75 1028.82 1028.92 0.0975384
57 106 1074.91 1075.01 0.102658
16 75 1088.82 1088.92 0.0975384
50 71 1107.18 1107.28 0.0975377
54 106 1088.6 1088.7 0.0975377
3 83 1069.74 1069.84 0.0975387
40 78 1036.34 1036.44 0.097538
3 83 1039.74 1039.84 0.0975387
42 72 1032.91 1033.01 0.0975378
8 75 1166.66 1166.76 0.102658
47 61 1039.23 1039.33 0.0975377
57 106 1044.91 1045.01 0.102658
56 90 1094.23 1094.32 0.0975368
26 96 1163.27 1163.37 0.102658
15 76 1141.1 1143.4 2.30195
37 85 1087.69 1087.79 0.0975386
43 78 1111.52 1111.61 0.0975369
2 76 1144.4 1146.7 2.30195
3 83 1159.74 1159.84 0.0975387
17 76 1382.49 1384.79 2.30195
56 90 1064.23 1064.32 0.0975368
37 85 1117.69 1117.79 0.0975386
7 75 1044.1 1044.2 0.0975379
59 92 1111.3 1111.4 0.0975387
48 62 1110.55 1110.65 0.102658
36 79 1119.91 1120.01 0.0975389
21 75 1161.04 1161.14 0.102657
50 71 1047.18 1047.28 0.0975377
24 75 1049.96 1050.06 0.097538
32 89 1058.74 1058.83 0.0975388
48 62 1050.55 1050.65 0.102658
1 82 1055.91 1056.01 0.0975391
9 76 1050.15 1050.25 0.0975368
43 78 1051.52 1051.61 0.0975369
34 90 1145.11 1145.21 0.0975377
23 76 1048.88 1048.97 0.0975382
54 106 1058.6 1058.7 0.0975377
42 72 1062.91 1063.01 0.0975378
34 90 1055.11 1055.21 0.0975377
16 75 1058.82 1058.92 0.0975384
53 99 1063.76 1063.86 0.0975384
23 76 1108.88 1108.97 0.0975382
14 76 1195.14 1195.31 0.174594
40 78 1156.34 1156.44 0.097538
28 103 1058.9 1059 0.0975375
10 83 1056.26 1056.37 0.102659
22 75 1077.87 1077.97 0.0975375
36 79 1059.91 1060.01 0.0975389
48 62 1080.55 1080.65 0.102658
58 110 1060.5 1060.59 0.0975381
37 85 1057.69 1057.79 0.0975386
32 89 1148.74 1148.83 0.0975388
29 90 1053.47 1053.57 0.0975388
59 92 1051.3 1051.4 0.0975387
29 90 1083.47 1083.57 0.0975388
6 83 1144.45 1146.76 2.30195
1 82 1115.91 1116.01 0.0975391
58 110 1120.5 1120.59 0.0975381
46 69 1157.23 1159.53 2.30195
13 76 1142.92 1143.03 0.102657
54 106 1118.6 1118.7 0.0975377
20 83 1152.72 1155.02 2.30195
29 90 1113.47 1113.57 0.0975388
32 89 1118.74 1118.83 0.0975388
28 103 1118.9 1119 0.0975375
25 104 1146.67 1148.97 2.30195
52 71 1147.62 1147.72 0.102658
0 69 1149.73 1149.83 0.102659
34 90 1115.11 1115.21 0.0975377
35 96 1145.26 1147.57 2.30196
27 97 1144.98 1145.09 0.102656
5 76 1146.32 1148.63 2.30195
44 62 1159.5 1159.6 0.0975386
38 71 1167.52 1167.63 0.102658
57 106 1194.91 1195.01 0.0975381
16 75 1118.82 1118.92 0.0975384
3 83 1129.74 1129.84 0.0975387
42 72 1122.91 1123.01 0.0975378
44 62 1129.5 1129.6 0.0975386
4 83 1152.33 1154.63 2.30195
49 64 1163.87 1165.19 1.31482
55 89 1155.48 1155.59 0.102658
31 97 1134.47 1134.57 0.0975382
12 83 1155.67 1155.77 0.102658
11 76 1157.39 1157.49 0.102658
56 90 1124.23 1124.32 0.0975368
40 78 1126.34 1126.44 0.097538
19 75 1154.03 1156.33 2.30196
8 75 1156.5 1156.6 0.102658
39 78 1154.29 1156.6 2.30195
26 96 1153.1 1153.21 0.102658
33 97 1153.71 1153.81 0.102658
21 75 1150.88 1150.98 0.102657
45 62 1153.22 1153.32 0.102657
47 61 1129.23 1129.33 0.0975377
53 99 1123.76 1123.86 0.0975384
38 71 1157.36 1157.46 0.102658
30 90 1157.44 1159.74 2.30195
51 71 1150.67 1150.77 0.102657
23 76 1198.88 1198.97 0.0975382
30 90 1385.33 1385.95 0.616449
57 106 1134.91 1135.01 0.0975381
17 69 1154.6 1156.9 2.30195
18 76 1155.36 1157.66 2.30195
55 89 1186.02 1186.11 0.097538
51 71 1160.83 1160.94 0.102657
47 61 1189.23 1189.33 0.0975377
42 72 1152.91 1153.01 0.0975378
7 75 1134.1 1134.2 0.0975379
14 76 1164.6 1164.79 0.184834
23 76 1138.88 1138.97 0.0975382
22 75 1137.87 1137.97 0.0975375
9 76 1140.15 1140.25 0.0975368
48 62 1140.55 1140.65 0.102658
24 75 1139.96 1140.06 0.102658
59 92 1141.3 1141.4 0.0975387
50 71 1137.18 1137.28 0.0975377
22 75 1197.87 1197.97 0.0975375
44 62 1189.5 1189.6 0.0975386
47 61 1159.23 1159.33 0.0975377
24 75 1199.96 1200.06 0.102658
40 78 1186.34 1186.44 0.097538
29 90 1143.47 1143.57 0.0975388
13 76 1153.09 1153.19 0.102657
58 110 1150.5 1150.59 0.0975381
8 75 1187.03 1187.13 0.097538
1 82 1145.91 1146.01 0.0975391
28 103 1148.9 1149 0.0975375
16 68 1148.82 1148.92 0.0975391
52 71 1157.78 1157.88 0.102658
54 106 1148.6 1148.7 0.0975377
36 79 1149.91 1150.01 0.0975389
10 83 1146.26 1146.36 0.0975386
38 71 1187.89 1188 0.102658
56 90 1184.23 1184.32 0.0975368
3 83 1189.74 1189.84 0.0975387
57 106 1164.91 1165.01 0.0975381
31 97 1164.47 1164.57 0.0975382
49 64 1294.04 1294.66 0.61645
50 71 1197.18 1197.28 0.0975377
12 83 1186.2 1186.3 0.097538
7 75 1194.1 1194.2 0.0975379
9 76 1170.15 1170.25 0.0975368
43 78 1171.52 1171.61 0.0975369
15 76 1368.99 1371.29 2.30195
1 82 1175.91 1176.01 0.0975391
32 89 1178.74 1178.83 0.0975388
28 103 1178.9 1179 0.0975375
4 83 1380.22 1380.32 0.102658
24 75 1169.96 1170.06 0.102658
23 76 1168.88 1168.97 0.0975382
36 79 1179.91 1180.01 0.0975389
52 71 1178.15 1178.25 0.102658
10 83 1176.26 1176.36 0.0975386
54 106 1178.6 1178.7 0.0975377
37 85 1177.69 1177.79 0.0975386
22 75 1167.87 1167.97 0.0975375
41 85 1368.27 1368.37 0.102658
59 92 1171.3 1171.4 0.0975387
48 62 1170.55 1170.65 0.0975378
5 76 1374.22 1374.32 0.102656
25 104 1374.56 1376.86 2.30195
13 76 1173.46 1173.56 0.0975372
29 90 1173.47 1173.57 0.0975388
58 110 1180.5 1180.59 0.0975381
50 71 1167.18 1167.28 0.0975377
42 72 1182.91 1183.01 0.0975378
11 76 1187.93 1188.03 0.102658
31 97 1194.47 1194.57 0.0975382
46 69 1385.12 1385.23 0.102657
26 96 1183.64 1183.74 0.102658
0 76 1180.27 1180.36 0.0975376
53 99 1183.76 1183.86 0.0975384
6 83 1372.35 1374.65 2.30195
45 62 1183.75 1183.85 0.0975371
16 75 1178.82 1178.92 0.0975384
34 90 1175.11 1175.21 0.0975377
18 75 1383.25 1385.55 2.30196
27 97 1175.52 1175.61 0.0975364
20 76 1380.61 1380.71 0.102658
2 69 1372.29 1372.39 0.102659
35 96 1373.16 1375.46 2.30196
21 75 1181.41 1181.51 0.102657
51 71 1181.2 1181.31 0.102657
