0 66 1.29233 3.59429 2.30195
21 56 3.34926 5.65121 2.30195
21 56 687.029 689.331 2.30195
33 70 1083.48 1083.58 0.0975371
33 70 3.48316 5.78511 2.30195
13 50 1076.1 1076.19 0.097537
16 51 978.453 978.555 0.102658
46 86 980.778 980.881 0.102657
37 0 916.665 0 -916.665
12 66 975.531 975.633 0.102659
37 0 5.09159 0 -5.09159
40 0 5.11895 0 -5.11895
14 50 5.57658 7.87853 2.30195
23 57 972.999 973.102 0.10266
15 50 1007.38 1007.48 0.0975392
25 76 707.733 710.035 2.30195
48 75 979.003 979.105 0.102658
10 59 927.561 927.663 0.102657
31 76 918.087 920.389 2.30196
31 76 6.51421 8.81617 2.30196
38 74 6.2637 8.56566 2.30195
44 68 5.98043 8.28239 2.30195
3 66 6.42044 8.72239 2.30195
1 59 5.78801 8.08997 2.30196
18 51 1090.73 1090.83 0.0975374
0 66 1006.44 1006.76 0.328705
26 71 978.423 978.521 0.0975382
24 71 929.217 931.519 2.30195
4 66 8.08123 10.3832 2.30195
39 74 9.6256 11.9276 2.30195
19 50 8.96146 11.2634 2.30195
18 51 10.7306 13.0326 2.30195
36 81 7.3088 9.61076 2.30196
23 57 12.999 15.301 2.30196
8 59 13.3174 15.6194 2.30195
45 72 10.365 12.667 2.30195
42 68 10.9509 13.2528 2.30195
10 65 699.668 701.97 2.30196
34 71 700.094 702.396 2.30195
49 57 11.2868 13.5888 2.30195
27 77 10.2238 12.5258 2.30196
28 76 10.4734 12.7754 2.30195
13 50 709.775 712.077 2.30195
47 58 925.228 925.557 0.328707
32 76 928.965 929.068 0.102658
21 56 993.349 993.452 0.102659
45 72 1000.37 1000.47 0.102658
4 65 691.761 694.063 2.30196
34 71 16.4146 18.7166 2.30195
12 66 15.5308 17.8327 2.30195
47 58 13.6548 15.9568 2.30196
9 0 14.346 0 -14.346
25 76 986.467 986.641 0.174593
35 74 16.9021 19.2041 2.30195
17 56 710.357 712.659 2.30195
10 59 15.9878 18.2898 2.30195
40 0 916.692 0 -916.692
41 68 931.155 931.258 0.102658
28 77 694.153 696.455 2.30196
18 50 694.41 696.712 2.30196
38 74 917.837 920.139 2.30195
15 50 17.3849 19.6868 2.30196
32 76 17.3923 19.6943 2.30195
24 71 17.6444 19.9464 2.30195
26 70 702.103 704.405 2.30196
48 75 949.003 949.105 0.102658
42 68 922.524 922.627 0.102658
20 50 704.031 706.333 2.30196
5 66 1190.59 1190.68 0.0975386
16 51 18.4528 20.7547 2.30195
29 77 18.1332 20.4351 2.30195
0 66 684.972 687.274 2.30195
26 71 18.4235 20.7254 2.30195
43 0 18.604 0 -18.604
11 59 708.913 711.215 2.30195
49 57 694.967 697.269 2.30195
23 50 696.679 698.981 2.30196
16 50 930.026 930.128 0.102661
48 75 19.0026 21.3045 2.30195
19 56 692.641 694.943 2.30196
39 0 693.305 0 -693.305
44 68 1145.98 1146.08 0.0975383
41 68 19.5823 21.8843 2.30195
8 59 924.89 924.993 0.102657
12 66 945.531 945.633 0.102659
5 66 20.5873 22.8893 2.30195
20 56 20.3509 22.6529 2.30195
43 75 930.177 932.479 2.30196
15 56 701.065 703.367 2.30196
32 76 701.072 703.374 2.30195
26 71 929.996 930.099 0.102658
46 86 20.7783 23.0803 2.30195
25 76 24.0537 26.3556 2.30195
6 60 22.8802 25.1822 2.30195
30 77 22.5665 24.8684 2.30195
48 75 1069 1069.1 0.097538
46 86 1190.78 1190.88 0.0975373
36 81 690.989 693.291 2.30196
13 50 26.0955 28.3975 2.30195
11 59 25.233 27.535 2.30195
17 56 26.6776 28.9795 2.30195
22 50 27.7329 30.0349 2.30195
33 70 687.163 689.465 2.30195
37 74 688.771 691.073 2.30195
3 66 690.1 692.402 2.30195
31 76 690.194 692.496 2.30196
34 71 976.415 976.517 0.102659
2 66 29.8033 32.1052 2.30195
7 59 28.6715 30.9735 2.30195
47 58 957.77 957.954 0.184835
46 86 248.672 250.974 2.30195
5 66 248.481 250.783 2.30195
11 59 253.126 255.428 2.30195
17 56 254.571 256.873 2.30195
2 66 257.697 259.998 2.30195
8 59 1003.32 1003.41 0.0975366
20 56 248.244 250.546 2.30195
41 68 247.476 249.778 2.30195
12 66 1005.53 1005.63 0.0975389
7 59 256.565 258.867 2.30195
11 59 1091.4 1091.73 0.328706
0 66 229.186 231.488 2.30195
21 56 231.243 233.544 2.30195
33 70 231.376 233.678 2.30195
37 0 232.985 0 -232.985
40 0 233.012 0 -233.012
14 50 233.47 235.772 2.30195
1 59 233.681 235.983 2.30196
44 68 233.874 236.176 2.30195
38 74 234.157 236.459 2.30195
3 66 234.314 236.616 2.30195
31 76 234.407 236.709 2.30196
36 81 235.202 237.504 2.30196
4 65 235.974 238.276 2.30196
19 50 236.855 239.157 2.30195
39 74 237.519 239.821 2.30195
27 77 238.117 240.419 2.30196
45 72 238.258 240.56 2.30195
28 76 238.367 240.669 2.30195
18 51 238.624 240.926 2.30195
42 68 238.844 241.146 2.30195
49 57 239.18 241.482 2.30195
23 57 240.892 243.194 2.30196
8 59 241.211 243.513 2.30195
47 58 241.548 243.85 2.30196
9 59 242.239 244.541 2.30195
12 66 243.424 245.726 2.30195
10 59 243.881 246.183 2.30195
34 71 244.308 246.61 2.30195
35 74 244.795 247.097 2.30195
15 50 245.278 247.58 2.30196
32 76 245.286 247.588 2.30195
24 71 245.538 247.84 2.30195
29 77 246.026 248.328 2.30195
26 71 246.317 248.619 2.30195
16 51 246.346 248.648 2.30195
43 0 246.497 0 -246.497
48 75 246.896 249.198 2.30195
40 74 688.799 691.101 2.30195
27 77 921.797 921.982 0.184835
30 77 706.246 708.548 2.30195
6 60 706.56 708.862 2.30195
46 86 932.351 932.454 0.102657
5 66 704.267 706.569 2.30195
46 86 704.458 706.76 2.30195
1 59 689.468 691.77 2.30196
44 68 689.66 691.962 2.30195
23 57 942.999 943.102 0.10266
15 50 977.385 977.488 0.102659
23 57 1093 1093.1 0.10266
30 77 250.46 252.762 2.30195
6 60 250.773 253.075 2.30195
9 0 698.026 0 -698.026
12 66 699.211 701.512 2.30195
13 50 253.989 256.291 2.30195
25 76 251.947 254.249 2.30195
34 71 927.988 928.09 0.102659
41 68 979.582 979.68 0.097538
16 51 948.453 948.555 0.102658
20 56 1190.35 1190.45 0.0975376
48 82 702.682 704.984 2.30196
41 74 703.262 705.564 2.30196
42 68 694.631 696.933 2.30195
38 74 689.943 692.245 2.30195
49 57 922.86 925.162 2.30195
44 68 917.553 917.656 0.102658
22 50 255.626 257.928 2.30195
47 58 697.335 699.637 2.30196
22 50 483.519 485.821 2.30195
7 59 712.351 714.653 2.30195
48 75 1009 1009.11 0.102658
29 77 929.706 932.008 2.30195
23 57 924.572 924.675 0.10266
12 66 927.104 927.206 0.102659
10 59 945.988 946.09 0.102657
0 66 912.865 913.482 0.616449
33 70 915.056 915.385 0.328705
45 72 694.045 696.347 2.30195
41 68 949.582 949.685 0.102658
42 68 466.737 469.039 2.30195
1 59 1145.79 1145.89 0.0975398
32 76 947.392 947.495 0.102658
24 73 701.324 703.626 2.30196
29 77 701.813 704.115 2.30195
21 56 914.922 915.107 0.184835
16 51 702.133 704.434 2.30195
43 75 702.284 704.586 2.30196
26 71 948.423 948.526 0.102658
4 66 919.654 919.757 0.102659
45 72 921.938 922.041 0.102658
14 50 689.256 691.558 2.30195
48 75 930.576 930.678 0.102658
27 77 693.904 696.206 2.30196
3 66 917.993 920.295 2.30195
1 59 1085.79 1085.89 0.0975398
28 77 922.046 922.231 0.184837
22 50 711.413 713.715 2.30195
35 74 700.582 702.884 2.30195
17 56 482.464 484.766 2.30195
34 71 472.201 474.503 2.30195
39 68 921.199 923.501 2.30196
2 66 1199.8 1199.91 0.102658
41 68 475.369 477.671 2.30195
47 58 976.068 976.171 0.102659
12 66 471.317 473.619 2.30195
14 50 917.15 917.252 0.102659
18 51 466.517 468.819 2.30195
36 75 918.882 921.184 2.30195
30 71 934.139 936.441 2.30196
19 50 464.748 467.05 2.30195
8 59 469.104 471.406 2.30195
29 77 473.92 476.222 2.30195
35 74 472.689 474.991 2.30195
32 76 473.179 475.481 2.30195
6 60 478.667 480.969 2.30195
30 77 478.353 480.655 2.30195
2 66 485.59 487.892 2.30195
4 65 463.868 466.17 2.30196
15 50 1067.38 1067.48 0.0975392
49 57 467.073 469.375 2.30195
36 81 463.095 465.397 2.30196
15 50 473.171 475.473 2.30196
29 77 1167.76 1167.87 0.102658
26 71 474.21 476.512 2.30195
14 50 1085.58 1085.68 0.102659
2 66 713.483 715.785 2.30195
1 59 995.788 995.886 0.0975398
41 68 1189.58 1189.68 0.097538
23 57 468.786 471.087 2.30196
10 59 471.774 474.076 2.30195
16 51 474.239 476.541 2.30195
24 71 473.431 475.733 2.30195
4 66 998.081 998.184 0.102659
46 86 476.565 478.867 2.30195
25 76 479.84 482.142 2.30195
11 59 481.02 483.321 2.30195
7 59 484.458 486.76 2.30195
0 66 457.079 459.381 2.30195
21 56 459.136 461.438 2.30195
33 70 459.27 461.572 2.30195
37 74 460.878 463.18 2.30195
40 74 460.905 463.207 2.30195
14 50 461.363 463.665 2.30195
1 59 461.575 463.876 2.30196
44 68 461.767 464.069 2.30195
38 74 462.05 464.352 2.30195
3 66 462.207 464.509 2.30195
31 76 462.301 464.603 2.30196
33 70 993.483 993.581 0.0975371
48 75 474.789 477.091 2.30195
47 58 469.441 471.743 2.30196
45 72 466.152 468.453 2.30195
27 77 466.01 468.312 2.30196
39 74 465.412 467.714 2.30195
28 76 466.26 468.562 2.30195
9 0 470.132 0 -470.132
8 59 696.997 699.299 2.30195
43 81 474.391 476.692 2.30196
13 50 481.882 484.184 2.30195
5 66 476.374 478.676 2.30195
20 56 476.137 478.439 2.30195
35 74 928.475 930.777 2.30195
32 76 1007.39 1007.49 0.0975379
14 50 995.577 995.674 0.0975389
23 57 1003 1003.1 0.0975399
2 66 1002.4 1003.02 0.61645
9 59 925.919 928.221 2.30195
19 50 1178.96 1179.06 0.102657
18 51 922.304 922.406 0.102657
19 50 920.534 922.836 2.30195
5 66 980.587 980.69 0.102659
34 71 946.415 946.517 0.102659
15 50 928.958 929.061 0.102659
1 59 917.361 917.464 0.10266
11 59 997.834 998.451 0.61645
5 66 932.16 932.263 0.102659
6 60 985.293 985.396 0.102658
15 50 947.385 947.488 0.102659
25 76 935.627 935.955 0.328705
42 68 1090.95 1091.05 0.0975376
20 56 931.924 932.027 0.102658
10 59 1005.99 1006.09 0.0975374
47 58 1003.65 1003.76 0.102659
8 59 943.317 943.415 0.0975366
20 56 980.351 980.454 0.102658
6 60 1072.88 1072.98 0.102658
28 76 1090.47 1090.57 0.0975373
6 60 934.453 934.782 0.328706
35 74 1166.53 1166.63 0.102657
45 72 1180.37 1180.46 0.0975375
8 59 1093.32 1093.41 0.0975366
32 76 1187.39 1187.49 0.0975379
27 77 1000.22 1000.32 0.0975393
27 77 1180.22 1180.32 0.0975393
28 76 1000.47 1000.65 0.174593
26 71 1008.42 1008.52 0.0975382
39 74 1179.63 1179.73 0.102657
34 71 1006.41 1006.52 0.102659
36 75 1165.07 1165.18 0.102658
11 59 936.806 937.422 0.61645
44 68 935.98 936.083 0.102658
0 66 1081.29 1081.47 0.174593
13 50 937.669 937.771 0.102657
22 50 939.306 941.608 2.30195
12 66 1155.53 1155.63 0.0975389
28 76 1150.47 1150.57 0.0975373
2 66 941.376 941.993 0.61645
33 70 947.598 947.783 0.184833
7 59 940.245 941.559 1.31482
14 50 935.577 935.679 0.102659
21 56 933.349 933.452 0.102659
18 51 940.731 940.833 0.102657
4 66 938.081 938.184 0.102659
17 56 938.251 940.553 2.30195
45 72 940.365 940.468 0.102658
1 59 935.788 935.891 0.10266
42 68 940.951 941.054 0.102658
28 76 940.473 940.648 0.174593
27 77 940.224 940.326 0.102659
44 68 995.98 996.078 0.0975383
20 56 950.351 950.454 0.102658
46 86 950.778 950.881 0.102657
13 50 1196.1 1196.19 0.097537
47 58 1093.65 1093.75 0.0975391
42 68 1000.95 1001.05 0.0975376
32 76 977.392 977.49 0.0975379
4 66 1088.08 1088.18 0.097539
16 51 1008.45 1008.56 0.102658
5 66 950.587 950.69 0.102659
18 51 1000.73 1000.83 0.0975374
1 59 965.788 965.886 0.0975398
33 70 965.896 965.999 0.102657
13 50 956.096 956.198 0.102657
6 60 966.995 967.18 0.184834
25 76 968.168 968.353 0.184833
44 68 965.98 966.078 0.0975383
28 76 970.473 970.648 0.174593
14 50 965.577 965.679 0.102659
48 75 1039 1039.1 0.097538
45 72 970.365 970.468 0.102658
13 50 986.096 986.193 0.097537
18 51 970.731 970.828 0.0975374
42 68 970.951 971.054 0.102658
8 59 973.317 973.415 0.0975366
10 59 975.988 976.09 0.102657
0 66 973.894 974.222 0.328705
21 56 963.349 963.447 0.0975389
4 66 968.081 968.184 0.102659
27 77 970.224 970.321 0.0975393
46 86 1010.78 1010.88 0.0975373
5 66 1010.59 1010.68 0.0975386
41 68 1009.58 1009.68 0.097538
20 56 1010.35 1010.45 0.102658
28 76 1030.47 1030.65 0.174593
6 60 1012.88 1012.98 0.0975381
27 77 1030.22 1030.32 0.0975393
21 56 1023.35 1023.45 0.102659
0 66 1038.98 1039.16 0.184833
23 57 1153 1153.1 0.0975399
45 72 1090.37 1090.46 0.0975375
25 76 1014.05 1014.16 0.102657
33 70 1023.48 1023.58 0.0975371
42 68 1030.95 1031.05 0.0975376
0 66 1171.29 1171.39 0.097537
8 59 1183.32 1183.41 0.0975366
18 51 1030.73 1030.83 0.0975374
13 50 1016.1 1016.19 0.097537
15 50 1187.38 1187.48 0.0975392
32 76 1157.39 1157.49 0.0975379
23 57 1033 1033.1 0.0975399
16 51 1188.45 1188.55 0.0975378
44 68 1025.98 1026.08 0.0975383
4 66 1028.08 1028.18 0.097539
45 72 1030.37 1030.47 0.102658
1 59 1025.79 1025.89 0.0975398
8 59 1033.32 1033.41 0.0975366
14 50 1025.58 1025.67 0.0975389
34 71 1156.41 1156.51 0.0975385
48 75 1189 1189.1 0.097538
25 76 1074.05 1074.15 0.0975375
44 68 1085.98 1086.08 0.0975383
4 66 1178.08 1178.18 0.097539
29 77 1188.13 1188.23 0.0975379
47 58 1033.65 1033.75 0.0975391
27 77 1090.22 1090.32 0.0975393
22 50 1197.73 1197.84 0.102659
15 50 1157.38 1157.48 0.0975392
21 56 1083.35 1083.45 0.102659
6 60 1042.88 1042.98 0.0975381
10 59 1035.99 1036.09 0.0975374
41 68 1039.58 1039.68 0.097538
5 66 1040.59 1040.68 0.0975386
32 76 1037.39 1037.49 0.0975379
46 86 1040.78 1040.88 0.0975373
15 50 1037.38 1037.48 0.0975392
0 66 1057.28 1057.45 0.174593
21 56 1053.35 1053.45 0.102659
18 51 1060.73 1060.83 0.0975374
42 68 1060.95 1061.05 0.0975376
26 71 1038.42 1038.52 0.0975382
16 51 1038.45 1038.56 0.102658
33 70 1053.48 1053.58 0.0975371
2 66 1063.43 1063.76 0.328706
12 66 1035.53 1035.63 0.0975389
7 59 1070.41 1071.03 0.616451
1 59 1055.79 1055.89 0.0975398
34 71 1036.41 1036.51 0.0975385
4 66 1058.08 1058.18 0.097539
44 68 1055.98 1056.08 0.0975383
28 76 1060.47 1060.58 0.102657
46 86 1070.78 1070.88 0.0975373
25 76 1044.05 1044.15 0.0975375
13 50 1046.1 1046.19 0.097537
20 56 1040.35 1040.45 0.102658
11 59 1058.86 1059.19 0.328706
23 57 1063 1063.1 0.0975399
12 66 1065.53 1065.63 0.0975389
26 71 1068.42 1068.52 0.0975382
20 56 1070.35 1070.45 0.0975376
14 50 1055.58 1055.67 0.0975389
5 66 1070.59 1070.68 0.0975386
16 51 1068.45 1068.56 0.102658
41 68 1069.58 1069.68 0.097538
34 71 1066.41 1066.51 0.0975385
8 59 1063.32 1063.41 0.0975366
45 72 1060.37 1060.46 0.0975375
2 66 1095.97 1096.3 0.328706
47 58 1063.65 1063.75 0.0975391
27 77 1060.22 1060.32 0.0975393
32 76 1067.39 1067.49 0.0975379
19 50 1158.59 1158.69 0.102657
10 59 1065.99 1066.09 0.0975374
20 56 1100.35 1100.45 0.0975376
0 66 1111.29 1111.39 0.102657
5 66 1100.59 1100.68 0.0975386
41 68 1099.58 1099.68 0.097538
16 51 1098.45 1098.55 0.0975378
4 66 1148.08 1148.18 0.102659
48 75 1099 1099.1 0.097538
34 71 1096.41 1096.51 0.0975385
10 59 1095.99 1096.09 0.0975374
12 66 1095.53 1095.63 0.0975389
26 71 1098.42 1098.52 0.0975382
24 71 1385 1385.19 0.184834
30 77 1194.57 1194.76 0.184835
12 66 1185.53 1185.63 0.0975389
32 76 1097.39 1097.49 0.0975379
15 50 1097.38 1097.49 0.102659
35 74 1186.9 1187 0.0975368
11 59 1195.23 1195.34 0.102658
46 86 1100.78 1100.88 0.0975373
2 66 1128.52 1128.7 0.184834
6 60 1102.88 1102.98 0.102658
2 66 1169.8 1169.98 0.174594
7 59 1131.44 1132.06 0.616451
48 75 1129 1129.1 0.097538
1 59 1115.79 1115.89 0.0975398
31 76 1145.98 1146.17 0.184836
3 66 1145.89 1145.99 0.102657
33 70 1113.48 1113.58 0.0975371
16 51 1158.45 1158.55 0.0975378
10 59 1155.99 1156.09 0.0975374
9 59 1153.81 1156.11 2.30195
47 58 1123.65 1123.75 0.0975391
49 57 1150.75 1150.86 0.102659
18 51 1120.73 1120.83 0.0975374
47 58 1153.65 1153.75 0.0975391
42 68 1120.95 1121.05 0.0975376
45 72 1120.37 1120.46 0.0975375
36 75 1146.78 1146.96 0.184834
25 76 1104.05 1104.16 0.102657
49 57 1181.29 1181.38 0.0975387
18 51 1180.73 1180.83 0.0975374
13 50 1106.1 1106.19 0.097537
11 59 1123.95 1124.13 0.184834
38 68 1145.73 1145.83 0.10266
44 68 1115.98 1116.08 0.0975383
4 66 1118.08 1118.18 0.097539
21 56 1113.35 1113.45 0.102659
7 59 1225.01 1225.34 0.328707
9 59 1381.71 1384.01 2.30195
39 74 1149.09 1149.19 0.102657
30 77 1162.03 1162.36 0.328707
6 60 1132.88 1132.98 0.102658
0 66 1141.29 1141.39 0.097537
41 68 1129.58 1129.68 0.097538
19 50 1148.43 1148.53 0.102657
34 71 1126.41 1126.51 0.0975385
23 57 1123 1123.1 0.0975399
28 76 1120.47 1120.57 0.0975373
5 66 1130.59 1130.68 0.0975386
10 59 1125.99 1126.09 0.0975374
8 59 1123.32 1123.41 0.0975366
14 50 1145.58 1145.67 0.0975389
46 86 1130.78 1130.88 0.0975373
27 77 1120.22 1120.32 0.0975393
26 71 1128.42 1128.52 0.0975382
14 50 1115.58 1115.67 0.0975389
40 74 1144.59 1146.89 2.30195
21 56 1143.35 1143.45 0.102659
32 76 1127.39 1127.49 0.0975379
37 74 1144.56 1146.86 2.30195
35 74 1156.37 1156.47 0.102657
15 50 1127.38 1127.48 0.0975392
43 69 1158.07 1160.37 2.30196
17 56 1166.14 1166.25 0.102659
33 70 1143.48 1143.58 0.0975371
22 50 1167.2 1167.3 0.102659
20 56 1130.35 1130.45 0.0975376
2 66 1146.81 1146.99 0.174594
29 77 1157.6 1157.7 0.102658
16 51 1128.45 1128.55 0.0975378
24 71 1157.11 1159.41 2.30195
12 66 1125.53 1125.63 0.0975389
3 66 1156.05 1156.15 0.102657
25 76 1134.05 1134.16 0.102657
11 59 1142.24 1142.42 0.174594
18 51 1150.73 1150.83 0.0975374
13 50 1136.1 1136.19 0.097537
42 68 1150.95 1151.05 0.0975376
49 57 1160.92 1161.02 0.102659
8 59 1153.32 1153.41 0.0975366
27 77 1150.22 1150.32 0.0975393
26 71 1158.42 1158.52 0.0975382
45 72 1150.37 1150.46 0.0975375
39 74 1159.25 1159.36 0.102657
31 76 1176.51 1176.69 0.174596
48 75 1159 1159.1 0.097538
34 71 1186.41 1186.51 0.0975385
10 59 1185.99 1186.09 0.0975374
28 76 1180.47 1180.58 0.102657
20 56 1160.35 1160.45 0.0975376
7 59 1192.47 1192.8 0.328707
46 86 1160.78 1160.88 0.0975373
41 68 1159.58 1159.68 0.097538
42 68 1180.95 1181.05 0.0975376
11 59 1165.23 1165.41 0.174594
26 71 1188.42 1188.52 0.0975382
5 66 1160.59 1160.68 0.0975386
47 58 1183.65 1183.75 0.0975391
6 60 1192.88 1192.98 0.0975381
23 57 1183 1183.1 0.0975399
25 76 1194.05 1194.16 0.102657
14 50 1175.58 1175.67 0.0975389
33 70 1173.48 1173.58 0.0975371
6 60 1162.88 1162.98 0.0975381
13 50 1166.1 1166.19 0.097537
36 75 1177.31 1177.41 0.102658
22 50 1177.36 1177.46 0.102659
43 75 1385.96 1386.29 0.328708
44 68 1175.98 1176.08 0.0975383
1 59 1175.79 1175.89 0.0975398
3 66 1176.42 1176.52 0.102657
38 74 1176.26 1176.36 0.0975383
25 76 1164.05 1164.16 0.102657
40 74 1372.48 1374.78 2.30195
17 56 1196.68 1196.78 0.0975387
21 56 1173.35 1173.45 0.0975389
37 74 1372.45 1374.75 2.30195
