5 24 2.65412 4.95608 2.30196
1 23 3.76939 6.07135 2.30196
19 20 14.5587 16.8606 2.30196
14 20 4.58537 6.88733 2.30196
8 25 12.7043 15.0063 2.30196
18 24 8.52766 10.8296 2.30196
10 25 8.96743 11.2694 2.30196
12 22 13.4145 15.7165 2.30196
2 23 13.605 15.907 2.30196
17 21 16.1812 18.4831 2.30195
16 21 21.588 23.89 2.30196
0 23 22.5981 24.9 2.30196
11 25 22.416 24.718 2.30196
15 24 25.4413 27.7433 2.30196
6 23 25.4294 27.7314 2.30196
7 25 25.3813 27.6832 2.30195
3 0 27.6241 0 -27.6241
4 23 27.7141 30.0161 2.30196
13 26 26.8379 29.1399 2.30196
9 25 29.3711 31.6731 2.30196
3 0 255.517 0 -255.517
4 23 255.607 257.909 2.30196
0 23 250.491 252.793 2.30196
11 25 250.309 252.611 2.30196
13 26 254.731 257.033 2.30196
16 21 249.481 251.783 2.30196
6 23 253.323 255.625 2.30196
5 24 230.547 232.849 2.30196
1 23 231.663 233.965 2.30196
14 0 232.479 0 -232.479
18 24 236.421 238.723 2.30196
10 25 236.861 239.163 2.30196
8 25 240.598 242.9 2.30196
12 22 241.308 243.61 2.30196
2 23 241.498 243.8 2.30196
19 20 242.452 244.754 2.30196
17 21 244.074 246.376 2.30195
15 24 253.335 255.637 2.30196
7 25 253.275 255.576 2.30195
9 25 257.264 259.566 2.30196
17 21 471.968 474.27 2.30195
0 23 478.385 480.687 2.30196
4 23 483.501 485.803 2.30196
9 25 485.158 487.46 2.30196
6 23 481.216 483.518 2.30196
16 21 477.375 479.676 2.30196
7 25 481.168 483.47 2.30195
3 0 483.411 0 -483.411
10 25 464.754 467.056 2.30196
4 20 711.394 713.696 2.30196
18 24 464.314 466.616 2.30196
11 25 478.203 480.504 2.30196
5 24 458.441 460.743 2.30196
1 23 459.556 461.858 2.30196
14 20 460.372 462.674 2.30196
2 23 469.392 471.693 2.30196
8 25 468.491 470.793 2.30196
13 26 482.624 484.926 2.30196
12 22 469.201 471.503 2.30196
19 20 470.345 472.647 2.30196
15 20 481.228 483.53 2.30196
3 20 711.304 713.606 2.30196
18 24 938.528 938.625 0.0975415
6 23 937.002 937.187 0.184836
1 23 947.884 948.069 0.184836
13 26 710.518 712.82 2.30196
5 24 686.334 688.636 2.30196
1 23 687.449 689.751 2.30196
14 20 688.265 690.567 2.30196
18 24 692.207 694.509 2.30196
10 25 692.647 694.949 2.30196
8 0 696.384 0 -696.384
12 22 697.094 699.396 2.30196
2 23 697.285 699.587 2.30196
19 20 698.238 700.54 2.30196
17 21 699.861 702.163 2.30195
16 21 705.268 707.57 2.30196
11 25 706.096 708.398 2.30196
0 23 706.278 708.58 2.30196
7 24 709.061 711.363 2.30196
6 21 709.109 711.411 2.30196
15 0 709.121 0 -709.121
1 23 966.182 966.357 0.174596
9 25 713.051 715.353 2.30196
7 26 936.954 937.057 0.102664
15 24 937.014 939.316 2.30196
13 26 938.411 938.74 0.328711
2 23 1153.61 1153.7 0.0975409
17 21 960.296 960.481 0.184835
19 20 926.132 926.748 0.616455
4 24 939.287 939.39 0.102663
2 23 957.72 957.905 0.184837
5 24 914.227 916.529 2.30196
1 23 915.342 915.671 0.328708
14 20 916.158 918.46 2.30196
18 24 920.101 920.203 0.102662
10 25 920.54 920.869 0.32871
8 25 924.277 926.579 2.30196
12 22 924.987 926.302 1.31483
2 23 925.178 925.507 0.328709
17 21 927.754 928.083 0.328707
3 20 939.197 941.499 2.30196
0 23 934.171 934.356 0.184838
10 25 953.082 953.267 0.184838
11 25 933.989 934.092 0.102661
16 21 933.161 935.463 2.30196
9 25 940.944 942.259 1.31482
0 23 952.598 952.701 0.102662
6 23 955.429 955.532 0.10266
11 25 952.416 952.519 0.102661
7 25 955.381 955.479 0.097538
10 25 971.38 971.555 0.174598
4 23 957.714 957.812 0.0975419
19 20 987.16 987.489 0.328711
13 26 970.953 971.281 0.328711
1 23 993.769 993.944 0.174596
0 23 982.598 982.696 0.0975416
18 24 968.528 968.625 0.0975415
2 23 976.018 976.193 0.174597
17 21 978.594 978.769 0.174595
13 26 1003.49 1003.82 0.328711
11 25 982.416 982.519 0.102661
7 25 985.381 985.484 0.102658
6 23 985.429 985.527 0.0975405
10 25 998.967 999.142 0.174598
4 23 987.714 987.812 0.0975419
2 23 1003.61 1003.78 0.174597
12 22 1177.21 1177.83 0.616459
18 24 998.528 998.625 0.0975415
0 23 1012.6 1012.7 0.0975416
19 20 1019.7 1020.03 0.328711
17 21 1006.18 1006.28 0.102659
11 25 1012.42 1012.52 0.102661
10 25 1028.97 1029.14 0.174598
2 23 1033.61 1033.71 0.102661
11 25 1162.42 1162.51 0.097541
14 20 1144.05 1145.37 1.31483
7 25 1015.38 1015.48 0.097538
6 23 1015.43 1015.53 0.0975405
10 25 1058.97 1059.14 0.174598
4 23 1017.71 1017.81 0.0975419
13 26 1036.04 1036.36 0.328711
1 23 1023.77 1023.87 0.10266
14 20 1274.22 1275.53 1.31483
19 20 1052.24 1052.57 0.328711
11 25 1042.42 1042.51 0.097541
12 22 1055.15 1055.77 0.616459
18 24 1028.53 1028.63 0.0975415
9 25 1071.11 1072.43 1.31482
17 21 1036.18 1036.28 0.102659
0 23 1042.6 1042.7 0.0975416
1 23 1053.77 1053.87 0.0975397
7 25 1045.38 1045.48 0.102658
6 23 1045.43 1045.53 0.0975405
4 23 1047.71 1047.81 0.0975419
13 26 1068.58 1068.91 0.328711
0 23 1072.6 1072.7 0.0975416
18 24 1058.53 1058.63 0.0975415
11 25 1072.42 1072.51 0.097541
19 20 1084.79 1085.11 0.328711
2 23 1063.61 1063.7 0.0975409
19 20 1117.33 1117.66 0.328711
17 21 1066.18 1066.28 0.102659
4 23 1077.71 1077.81 0.0975419
7 25 1075.38 1075.48 0.097538
6 23 1075.43 1075.53 0.0975405
10 25 1088.97 1089.14 0.174598
18 24 1118.53 1118.63 0.0975415
13 26 1101.12 1101.45 0.328711
0 23 1132.6 1132.7 0.0975416
0 23 1102.6 1102.7 0.0975416
1 23 1083.77 1083.87 0.0975397
18 24 1088.53 1088.63 0.0975415
11 25 1102.42 1102.51 0.097541
2 23 1093.61 1093.7 0.0975409
12 22 1116.18 1116.8 0.616459
19 20 1149.87 1150.2 0.328711
15 24 1164.91 1165.52 0.616457
10 25 1118.97 1119.14 0.174598
17 21 1096.18 1096.28 0.102659
5 24 1142.12 1142.45 0.328711
4 23 1107.71 1107.81 0.0975419
7 25 1105.38 1105.48 0.097538
6 23 1105.43 1105.53 0.0975405
2 23 1123.61 1123.7 0.0975409
13 26 1133.66 1133.99 0.328711
1 23 1113.77 1113.87 0.0975397
8 25 1152.17 1152.79 0.616456
0 23 1162.6 1162.7 0.0975416
6 23 1135.43 1135.53 0.0975405
11 25 1132.42 1132.52 0.102661
16 21 1161.05 1161.67 0.616455
17 21 1126.18 1126.28 0.102659
10 25 1148.97 1149.14 0.174598
7 25 1135.38 1135.48 0.097538
19 20 1182.41 1182.74 0.328711
1 23 1143.77 1143.87 0.0975397
3 24 1167.09 1169.39 2.30196
4 23 1137.71 1137.81 0.0975419
13 26 1166.2 1166.53 0.328711
18 24 1148.53 1148.63 0.0975415
18 24 1178.53 1178.63 0.0975415
10 25 1178.97 1179.14 0.174598
1 23 1173.77 1173.87 0.0975397
5 24 1174.66 1174.99 0.328711
17 21 1156.18 1156.28 0.102659
7 25 1165.38 1165.48 0.097538
6 23 1165.43 1165.53 0.0975405
4 23 1167.71 1167.81 0.0975419
0 23 1192.6 1192.7 0.0975416
12 22 1238.24 1238.86 0.616459
2 23 1183.61 1183.7 0.0975409
8 25 1213.2 1213.82 0.616456
9 25 1201.28 1201.89 0.616454
11 25 1192.42 1192.51 0.097541
16 21 1222.08 1222.7 0.616455
17 21 1186.18 1186.28 0.102659
7 25 1195.38 1195.48 0.097538
6 23 1195.43 1195.53 0.0975405
15 24 1225.94 1226.55 0.616457
4 23 1197.71 1197.81 0.0975419
3 24 1394.98 1397.29 2.30196
13 26 1198.74 1199.07 0.328711
