37 50 1.27167 3.57363 2.30196
27 51 1.42578 3.72773 2.30196
17 0 7.48848 0 -7.48848
21 50 6.81455 9.11651 2.30197
28 51 6.37666 8.67862 2.30196
42 0 2.27296 0 -2.27296
13 50 1386.4 1386.73 0.328716
4 50 2.42479 4.72675 2.30196
26 51 1158.84 1158.94 0.0975381
5 50 4.17936 6.48132 2.30196
20 50 3.61271 5.91468 2.30197
40 0 5.67263 0 -5.67263
18 0 5.2201 0 -5.2201
48 0 5.82813 0 -5.82813
12 50 9.06502 11.367 2.30196
23 50 9.31911 11.6211 2.30197
38 0 9.33628 0 -9.33628
46 0 9.64459 0 -9.64459
37 50 961.272 961.374 0.102662
33 0 1384.52 0 -1384.52
34 51 9.80346 12.1054 2.30196
41 0 10.8726 0 -10.8726
29 51 10.9318 13.2338 2.30196
12 50 969.065 969.163 0.0975439
11 51 1394.43 1396.73 2.30196
32 51 1395.2 1395.3 0.10266
10 0 1395.31 0 -1395.31
30 0 11.1454 0 -11.1454
35 51 11.8277 14.1297 2.30196
1 50 12.2771 14.5791 2.30196
8 50 925.923 928.225 2.30196
47 0 12.7048 0 -12.7048
7 0 14.1803 0 -14.1803
24 0 1387.04 0 -1387.04
0 51 965.717 966.046 0.328712
8 50 14.3504 16.6524 2.30196
2 50 1391.6 1393.9 2.30196
37 50 912.845 912.947 0.102662
36 0 15.5054 0 -15.5054
15 0 17.9241 0 -17.9241
33 51 17.1648 19.4668 2.30196
26 51 18.8428 21.1448 2.30195
14 0 19.0213 0 -19.0213
30 51 1378.5 1380.81 2.30196
21 0 1374.17 0 -1374.17
13 0 19.0434 0 -19.0434
41 0 1378.23 0 -1378.23
5 50 1176.19 1176.37 0.18484
19 50 19.4697 21.7716 2.30196
24 0 19.6827 0 -19.6827
43 0 1394.28 0 -1394.28
0 51 998.259 998.588 0.328712
22 0 21.5334 0 -21.5334
0 51 21.6027 23.9047 2.30196
42 0 913.846 0 -913.846
37 50 991.272 991.374 0.102662
49 50 1397.11 1399.41 2.30197
6 0 1397.22 0 -1397.22
31 51 22.7351 25.037 2.30196
45 0 21.9787 0 -21.9787
16 0 23.5373 0 -23.5373
22 51 1388.89 1391.19 2.30197
1 0 923.85 0 -923.85
44 0 23.8606 0 -23.8606
2 0 24.2368 0 -24.2368
9 0 24.2865 0 -24.2865
18 0 916.793 0 -916.793
4 0 913.998 0 -913.998
43 0 26.9173 0 -26.9173
11 0 27.0676 0 -27.0676
32 51 27.8357 30.1377 2.30196
0 51 1161.6 1161.78 0.1746
13 51 930.616 932.918 2.30196
10 51 27.9469 30.2489 2.30196
25 0 28.6061 0 -28.6061
47 0 924.278 0 -924.278
3 50 29.0335 31.3355 2.30196
39 51 29.2724 31.5744 2.30196
27 51 991.426 991.528 0.102662
9 50 1391.65 1393.95 2.30196
49 0 29.7517 0 -29.7517
6 0 29.8605 0 -29.8605
25 0 256.499 0 -256.499
19 0 247.363 0 -247.363
16 0 251.431 0 -251.431
44 0 251.754 0 -251.754
29 51 466.718 469.02 2.30196
2 0 252.13 0 -252.13
31 51 250.628 252.93 2.30196
9 50 252.18 254.482 2.30196
45 51 249.872 252.174 2.30196
3 50 256.927 259.229 2.30196
12 50 464.852 467.153 2.30196
5 50 915.752 918.054 2.30196
47 0 468.491 0 -468.491
11 50 254.961 257.263 2.30196
34 0 465.59 0 -465.59
24 0 247.576 0 -247.576
22 0 249.427 0 -249.427
39 0 257.166 0 -257.166
32 0 255.729 0 -255.729
10 51 255.84 258.142 2.30196
6 0 257.754 0 -257.754
49 0 257.645 0 -257.645
30 0 466.932 0 -466.932
20 0 915.186 0 -915.186
6 51 485.647 487.949 2.30196
41 0 922.446 0 -922.446
0 51 249.496 251.798 2.30196
34 51 921.376 923.678 2.30196
43 0 254.811 0 -254.811
38 51 920.909 923.211 2.30196
23 0 920.892 0 -920.892
21 0 918.388 0 -918.388
9 50 480.073 482.375 2.30196
48 0 917.401 0 -917.401
37 50 229.165 231.467 2.30196
27 51 229.319 231.621 2.30196
42 0 230.166 0 -230.166
4 0 230.318 0 -230.318
20 0 231.506 0 -231.506
5 50 232.073 234.375 2.30196
18 0 233.113 0 -233.113
40 0 233.566 0 -233.566
48 0 233.721 0 -233.721
28 51 234.27 236.572 2.30196
21 50 234.708 237.01 2.30197
17 0 235.382 0 -235.382
12 50 236.958 239.26 2.30196
23 0 237.212 0 -237.212
38 51 237.23 239.531 2.30196
46 0 237.538 0 -237.538
34 0 237.697 0 -237.697
41 0 238.766 0 -238.766
29 51 238.825 241.127 2.30196
30 0 239.039 0 -239.039
35 51 239.721 242.023 2.30196
1 50 240.17 242.472 2.30196
47 0 240.598 0 -240.598
7 0 242.074 0 -242.074
8 50 242.244 244.546 2.30196
36 51 243.399 245.701 2.30196
33 51 245.058 247.36 2.30196
15 0 245.817 0 -245.817
26 51 246.736 249.038 2.30195
14 0 246.915 0 -246.915
13 51 246.937 249.239 2.30196
26 51 1188.84 1188.94 0.0975381
27 51 912.999 913.101 0.102662
40 0 917.246 0 -917.246
35 51 923.401 925.703 2.30196
28 51 1146.38 1146.48 0.102661
28 51 966.377 966.479 0.102661
36 51 1382.86 1385.17 2.30196
26 51 978.843 978.94 0.0975381
27 51 961.426 961.523 0.0975417
16 0 1390.9 0 -1390.9
26 51 948.843 948.94 0.0975381
12 50 999.065 999.163 0.0975439
28 51 996.377 996.474 0.0975408
39 0 1396.63 0 -1396.63
29 51 922.505 924.807 2.30196
6 0 713.54 0 -713.54
12 50 920.638 920.823 0.18484
17 0 919.061 0 -919.061
12 50 1149.07 1149.16 0.0975439
2 50 935.81 938.112 2.30196
32 51 711.515 713.817 2.30196
13 51 474.83 477.132 2.30196
2 50 480.023 482.325 2.30196
0 50 477.389 479.691 2.30196
11 51 482.854 485.156 2.30196
28 51 917.95 918.052 0.102661
31 51 1390.09 1392.4 2.30196
39 51 712.952 715.254 2.30196
30 0 922.718 0 -922.718
8 0 470.137 0 -470.137
14 50 474.808 477.11 2.30196
45 0 477.765 0 -477.765
35 51 1181.83 1181.93 0.0975421
43 0 482.704 0 -482.704
32 51 483.622 485.924 2.30196
25 0 1395.97 0 -1395.97
43 0 710.597 0 -710.597
36 0 927.078 0 -927.078
38 0 465.123 0 -465.123
41 0 466.659 0 -466.659
14 50 930.594 932.896 2.30196
10 0 939.52 0 -939.52
26 51 474.629 476.931 2.30195
22 50 477.32 479.622 2.30196
31 51 478.522 480.824 2.30196
16 50 479.324 481.626 2.30197
23 0 465.106 0 -465.106
44 0 935.434 0 -935.434
1 0 468.064 0 -468.064
7 0 469.967 0 -469.967
49 0 941.325 0 -941.325
15 0 473.711 0 -473.711
19 0 475.256 0 -475.256
49 0 713.431 0 -713.431
3 50 484.82 487.122 2.30196
12 50 939.065 939.168 0.102664
3 50 712.713 715.015 2.30196
3 50 940.606 942.908 2.30196
17 50 463.275 465.577 2.30196
35 51 467.614 469.916 2.30196
36 51 471.292 473.594 2.30196
33 0 472.951 0 -472.951
24 0 475.469 0 -475.469
10 0 483.733 0 -483.733
7 0 925.753 0 -925.753
39 51 485.059 487.361 2.30196
49 0 485.538 0 -485.538
25 0 940.179 0 -940.179
46 50 465.431 467.733 2.30197
9 50 935.859 938.161 2.30196
43 0 938.49 0 -938.49
0 51 933.176 933.504 0.328712
44 0 479.647 0 -479.647
11 0 938.641 0 -938.641
25 0 484.393 0 -484.393
16 0 1163 0 -1163
16 0 935.11 0 -935.11
37 50 457.058 459.36 2.30196
27 51 457.212 459.514 2.30196
42 50 458.059 460.361 2.30196
4 50 458.211 460.513 2.30196
20 0 459.399 0 -459.399
5 50 459.966 462.268 2.30196
18 0 461.007 0 -461.007
40 0 461.459 0 -461.459
48 0 461.615 0 -461.615
28 51 462.163 464.465 2.30196
21 50 462.601 464.903 2.30197
46 0 921.218 0 -921.218
31 51 934.308 936.61 2.30196
28 51 936.377 936.479 0.102661
26 51 930.416 930.518 0.102658
22 0 933.106 0 -933.106
11 50 710.747 713.049 2.30196
25 0 712.286 0 -712.286
33 0 928.738 0 -928.738
27 51 931.426 931.528 0.102662
15 0 929.497 0 -929.497
19 50 931.043 933.345 2.30196
39 51 940.845 943.147 2.30196
47 0 1380.06 0 -1380.06
10 50 711.627 713.929 2.30196
45 51 933.552 935.854 2.30196
24 0 931.256 0 -931.256
32 0 939.409 0 -939.409
6 51 941.433 943.735 2.30196
37 50 931.272 931.374 0.102662
37 50 684.951 687.253 2.30196
27 51 685.106 687.407 2.30196
42 51 685.953 688.255 2.30196
4 0 686.105 0 -686.105
20 0 687.292 0 -687.292
5 0 687.859 0 -687.859
18 0 688.9 0 -688.9
40 0 689.352 0 -689.352
48 50 689.508 691.81 2.30197
28 51 690.056 692.358 2.30196
21 0 690.494 0 -690.494
17 0 691.168 0 -691.168
12 50 692.745 695.047 2.30196
23 0 692.999 0 -692.999
38 0 693.016 0 -693.016
46 0 693.324 0 -693.324
34 0 693.483 0 -693.483
41 0 694.552 0 -694.552
29 0 694.612 0 -694.612
30 0 694.825 0 -694.825
35 0 695.507 0 -695.507
1 0 695.957 0 -695.957
47 51 696.385 698.686 2.30197
7 0 697.86 0 -697.86
8 0 698.03 0 -698.03
36 50 699.185 701.487 2.30196
33 0 700.845 0 -700.845
15 0 701.604 0 -701.604
26 51 702.523 704.825 2.30195
14 50 702.701 705.003 2.30196
13 51 702.723 705.025 2.30196
19 0 703.149 0 -703.149
24 0 703.362 0 -703.362
22 50 705.213 707.515 2.30196
0 50 705.282 707.584 2.30196
45 0 705.658 0 -705.658
31 0 706.415 0 -706.415
16 0 707.217 0 -707.217
44 0 707.54 0 -707.54
2 0 707.917 0 -707.917
9 0 707.966 0 -707.966
26 51 1008.84 1008.94 0.0975381
1 50 1379.64 1381.94 2.30196
0 51 1030.8 1030.99 0.18484
12 50 1179.07 1179.16 0.0975439
20 0 1370.97 0 -1370.97
40 0 1373.03 0 -1373.03
37 50 1021.27 1021.37 0.0975416
27 51 1021.43 1021.52 0.0975417
44 0 1391.22 0 -1391.22
12 50 1029.07 1029.16 0.0975439
28 51 1026.38 1026.47 0.0975408
3 50 1199.03 1199.13 0.097543
34 51 1377.16 1379.46 2.30196
42 51 1369.63 1371.93 2.30196
26 51 1038.84 1038.94 0.0975381
7 50 1381.54 1383.84 2.30196
0 51 1049.1 1049.27 0.1746
38 51 1376.7 1379 2.30196
27 51 1171.43 1171.52 0.0975417
46 50 1377 1379.31 2.30197
18 0 1372.58 0 -1372.58
4 50 1369.78 1372.09 2.30196
0 51 1191.6 1191.78 0.1746
37 50 1051.27 1051.37 0.0975416
15 50 1385.28 1387.59 2.30196
28 51 1056.38 1056.47 0.0975408
17 50 1374.85 1377.15 2.30196
45 51 1389.34 1391.64 2.30196
12 50 1059.07 1059.16 0.0975439
27 51 1051.43 1051.53 0.102662
0 51 1071.6 1071.78 0.1746
8 51 1381.71 1384.01 2.30196
14 0 1386.38 0 -1386.38
29 51 1180.93 1181.03 0.0975395
26 51 1068.84 1068.94 0.0975381
37 50 1081.27 1081.37 0.0975416
23 0 1376.68 0 -1376.68
19 0 1386.83 0 -1386.83
27 51 1081.43 1081.53 0.102662
28 51 1086.38 1086.48 0.102661
20 0 1143.08 0 -1143.08
29 51 1160.56 1160.66 0.10266
0 51 1101.6 1101.78 0.1746
12 50 1089.07 1089.16 0.0975439
28 51 1176.38 1176.47 0.0975408
26 51 1098.84 1098.94 0.0975381
37 50 1171.27 1171.37 0.0975416
40 51 1145.14 1147.44 2.30197
37 50 1111.27 1111.37 0.0975416
34 0 1149.27 0 -1149.27
18 0 1144.69 0 -1144.69
42 51 1141.74 1144.04 2.30196
48 0 1145.29 0 -1145.29
27 51 1111.43 1111.52 0.0975417
4 50 1141.89 1144.19 2.30196
48 0 1373.19 0 -1373.19
12 50 1119.07 1119.16 0.0975439
33 51 1156.63 1158.93 2.30196
17 50 1146.95 1149.26 2.30196
30 50 1150.61 1152.91 2.30198
11 0 1166.53 0 -1166.53
41 0 1150.34 0 -1150.34
21 0 1146.28 0 -1146.28
26 51 1128.84 1128.94 0.0975381
15 0 1157.39 0 -1157.39
43 0 1166.38 0 -1166.38
5 50 1143.65 1143.97 0.328712
28 51 1116.38 1116.48 0.102661
8 0 1153.82 0 -1153.82
23 0 1148.79 0 -1148.79
38 0 1148.8 0 -1148.8
46 0 1149.11 0 -1149.11
29 51 1150.4 1150.5 0.10266
2 50 1163.7 1166.01 2.30196
36 50 1154.97 1157.27 2.30196
0 51 1131.6 1131.78 0.1746
14 0 1158.49 0 -1158.49
13 51 1158.51 1160.81 2.30196
19 0 1158.94 0 -1158.94
24 0 1159.15 0 -1159.15
32 51 1167.3 1169.6 2.30196
49 0 1169.22 0 -1169.22
6 50 1169.33 1171.63 2.30197
39 51 1168.74 1171.04 2.30196
37 50 1141.27 1141.37 0.0975416
44 0 1163.33 0 -1163.33
22 50 1161 1163.3 2.30196
35 51 1151.29 1151.4 0.102662
1 50 1151.74 1154.05 2.30196
47 50 1152.17 1154.47 2.30196
7 0 1153.65 0 -1153.65
9 50 1163.75 1166.05 2.30196
25 0 1168.07 0 -1168.07
45 0 1161.44 0 -1161.44
31 0 1162.2 0 -1162.2
10 51 1167.41 1169.72 2.30196
3 50 1168.5 1168.6 0.102663
27 51 1141.43 1141.52 0.0975417
