30 0 0.223058 0 -0.223058
31 0 0.236616 0 -0.236616
19 44 4.36593 6.66788 2.30195
15 42 3.73201 6.03398 2.30196
38 46 1077.05 1077.14 0.0975367
32 42 0.728463 3.03042 2.30196
34 41 1190.21 1190.3 0.0975381
25 48 1082.99 1083.1 0.10266
9 40 1.08688 3.38884 2.30195
32 0 684.408 0 -684.408
11 44 2.59304 4.895 2.30196
25 48 2.99479 5.29675 2.30196
39 43 1093.59 1093.76 0.174595
18 44 5.8226 8.12456 2.30196
13 44 5.55665 7.85861 2.30195
17 44 1058.72 1058.89 0.174595
29 42 7.13392 9.43588 2.30196
5 40 9.12858 11.4305 2.30195
14 44 11.5586 13.8606 2.30196
17 44 8.71836 11.0203 2.30196
21 44 1387.89 1387.99 0.10266
6 43 1393.88 1394.06 0.184837
1 44 10.3024 12.6043 2.30196
35 40 9.56193 11.8639 2.30195
33 41 11.8275 14.1295 2.30196
32 42 1368.09 1368.7 0.616453
10 43 1160.47 1162.77 2.30196
17 44 692.398 694.7 2.30196
5 40 1089.13 1089.23 0.0975369
39 43 13.5877 15.8896 2.30195
4 43 15.005 17.3069 2.30196
12 44 14.1869 16.4888 2.30196
35 40 693.242 695.544 2.30195
23 48 1127.62 1127.72 0.0975388
16 44 1157.25 1159.56 2.30195
30 0 1139.69 0 -1139.69
16 44 17.7883 20.0903 2.30195
31 0 683.916 0 -683.916
36 40 16.2505 18.5525 2.30196
3 41 15.9431 18.2451 2.30196
19 44 1143.83 1143.93 0.102658
0 40 702.738 705.04 2.30196
34 41 20.2058 22.5078 2.30195
0 40 19.0581 21.36 2.30196
29 42 690.814 693.116 2.30196
20 43 19.2855 21.5874 2.30196
39 43 697.267 699.569 2.30195
23 48 17.6246 19.9266 2.30195
37 41 19.0663 21.3682 2.30196
25 48 1112.99 1113.1 0.10266
33 41 695.507 697.809 2.30196
22 48 1167.01 1169.31 2.30196
21 44 1159.99 1162.3 2.30196
17 44 1178.72 1178.89 0.174595
38 46 1197.05 1197.14 0.0975367
39 43 1123.59 1123.76 0.174595
20 44 1189.29 1189.38 0.0975392
26 48 709.952 712.254 2.30196
21 45 20.5287 22.8306 2.30196
10 43 21.0029 23.3048 2.30196
34 41 1159.67 1159.77 0.102658
4 40 1185 1185.1 0.0975414
37 41 1386.43 1388.73 2.30196
7 41 21.3872 23.6892 2.30196
14 44 1181.56 1181.66 0.097539
11 44 1082.59 1082.69 0.0975419
35 40 1179.56 1179.66 0.097539
17 44 1088.72 1088.89 0.174595
27 48 22.0407 24.3427 2.30196
38 46 27.0467 29.3487 2.30195
24 0 27.1509 0 -27.1509
2 43 26.3373 28.6392 2.30196
22 0 27.5406 0 -27.5406
26 48 26.2724 28.5743 2.30196
6 43 26.517 28.8189 2.30196
16 0 929.361 0 -929.361
37 41 1158.53 1160.83 2.30196
13 44 1085.56 1085.73 0.174595
16 44 701.468 703.77 2.30195
7 41 705.067 707.369 2.30196
30 42 683.903 686.205 2.30196
0 40 246.951 249.253 2.30196
8 40 28.8308 31.1327 2.30195
10 40 1388.36 1388.69 0.32871
28 48 29.8749 32.1769 2.30196
10 0 248.896 0 -248.896
28 48 257.768 260.07 2.30196
8 40 256.724 259.026 2.30195
26 48 937.845 940.147 2.30196
34 41 248.099 250.401 2.30195
21 44 248.422 250.724 2.30196
2 43 254.231 256.532 2.30196
28 48 713.555 715.857 2.30196
16 44 473.575 475.877 2.30195
6 43 482.303 484.605 2.30196
11 44 1142.59 1142.7 0.102662
20 44 247.179 249.481 2.30196
6 43 254.41 256.712 2.30196
22 0 711.22 0 -711.22
37 41 246.96 249.261 2.30196
7 0 249.28 0 -249.28
18 44 1115.82 1115.92 0.0975406
27 48 249.934 252.236 2.30196
26 0 254.166 0 -254.166
24 0 710.831 0 -710.831
9 40 1141.09 1141.19 0.102658
30 42 228.116 230.418 2.30196
31 0 228.13 0 -228.13
32 0 228.622 0 -228.622
9 40 228.98 231.282 2.30195
11 44 230.486 232.788 2.30196
25 48 230.888 233.19 2.30196
15 44 231.625 233.927 2.30196
19 44 232.259 234.561 2.30195
13 44 233.45 235.752 2.30195
18 45 233.716 236.018 2.30196
29 42 235.027 237.329 2.30196
17 44 236.612 238.914 2.30196
5 40 237.022 239.324 2.30195
35 40 237.455 239.757 2.30195
1 44 238.196 240.498 2.30196
14 44 239.452 241.754 2.30196
33 41 239.721 242.023 2.30196
39 43 241.481 243.783 2.30195
12 44 242.08 244.382 2.30196
4 40 242.898 245.2 2.30196
3 41 243.836 246.138 2.30196
36 40 244.144 246.446 2.30196
23 48 245.518 247.82 2.30195
1 41 693.982 696.284 2.30196
16 44 245.682 247.984 2.30195
17 44 1118.72 1118.89 0.174595
36 40 1188.26 1188.59 0.32871
27 48 1161.51 1163.81 2.30196
19 44 1174.37 1174.46 0.0975385
3 41 1187.95 1188.14 0.184836
22 48 1394.9 1397.2 2.30196
28 48 1139.87 1139.97 0.09754
0 40 1158.52 1158.63 0.102661
9 40 1081.09 1081.18 0.0975385
8 40 1078.83 1078.93 0.0975366
26 47 1165.74 1166.07 0.328709
28 48 1169.87 1169.97 0.09754
18 44 1055.82 1055.92 0.0975406
23 48 701.304 703.606 2.30195
38 46 1107.05 1107.14 0.0975367
36 0 699.93 0 -699.93
10 40 704.683 706.985 2.30196
24 45 255.044 257.346 2.30196
22 48 255.434 257.736 2.30196
38 46 254.94 257.242 2.30195
5 40 1119.13 1119.23 0.0975369
37 41 702.746 705.048 2.30196
12 44 469.973 472.275 2.30196
17 44 464.505 466.807 2.30196
11 44 1172.59 1172.69 0.0975419
18 41 689.502 691.804 2.30196
13 47 689.236 691.538 2.30196
7 44 1160.85 1163.16 2.30196
33 41 1183.84 1184.02 0.184837
14 44 1121.56 1121.66 0.102659
19 43 688.046 690.348 2.30196
23 48 1187.62 1187.72 0.0975388
8 40 1198.83 1198.93 0.0975366
5 40 692.808 695.11 2.30195
14 44 695.238 697.54 2.30196
6 43 1165.98 1168.29 2.30196
35 40 1149.03 1149.13 0.102659
4 40 1154.47 1154.57 0.102661
36 40 1155.72 1156.05 0.32871
8 40 1108.83 1108.93 0.0975366
9 40 931.087 931.184 0.0975385
2 0 710.017 0 -710.017
25 48 1142.99 1143.09 0.0975401
15 45 687.412 689.714 2.30196
3 41 1155.41 1155.74 0.328708
1 44 1149.77 1150.1 0.32871
14 44 1061.56 1061.66 0.102659
29 42 1177.13 1177.23 0.0975425
25 48 686.675 688.976 2.30196
28 48 1109.87 1109.97 0.09754
37 41 474.853 477.155 2.30196
2 43 482.124 484.426 2.30196
0 40 474.845 477.147 2.30196
21 44 476.315 478.617 2.30196
1 0 466.089 0 -466.089
35 0 465.348 0 -465.348
33 41 467.614 469.916 2.30196
14 44 467.345 469.647 2.30196
20 44 1158.75 1158.85 0.102659
6 0 710.197 0 -710.197
4 40 470.791 473.093 2.30196
13 44 1115.56 1115.73 0.174595
33 42 923.401 925.702 2.30196
5 40 464.915 467.217 2.30195
14 44 1091.56 1091.66 0.102659
8 40 712.51 714.812 2.30195
36 40 472.037 474.339 2.30196
7 0 477.174 0 -477.174
26 48 482.059 484.361 2.30196
29 42 462.92 465.222 2.30196
34 41 475.992 478.294 2.30195
38 46 482.833 485.135 2.30195
24 0 482.937 0 -482.937
8 40 484.617 486.919 2.30195
39 43 1063.59 1063.76 0.174595
10 43 476.789 479.091 2.30196
22 0 483.327 0 -483.327
38 46 710.726 713.028 2.30195
30 0 456.01 0 -456.01
31 0 456.023 0 -456.023
32 42 456.515 458.817 2.30196
9 40 456.873 459.175 2.30195
11 41 458.38 460.681 2.30196
25 48 458.781 461.083 2.30196
15 44 459.519 461.82 2.30196
19 44 460.152 462.454 2.30195
13 44 461.343 463.645 2.30195
18 45 461.609 463.911 2.30196
1 44 1182.31 1182.64 0.32871
23 48 1097.62 1097.72 0.0975388
7 43 1388.75 1391.05 2.30196
21 0 704.208 0 -704.208
15 44 1143.2 1143.53 0.328708
27 47 705.72 708.022 2.30196
13 44 1175.56 1175.73 0.174595
11 44 686.273 688.575 2.30196
32 42 1140.19 1142.5 2.30196
9 40 684.767 687.069 2.30195
3 42 699.623 701.925 2.30197
34 41 703.886 706.188 2.30195
4 40 698.685 700.987 2.30196
39 43 469.374 471.676 2.30195
38 46 1137.05 1137.14 0.0975367
20 44 702.965 705.267 2.30196
28 48 485.661 487.963 2.30196
27 48 477.827 480.129 2.30196
23 48 473.411 475.713 2.30195
3 41 471.73 474.032 2.30196
20 0 475.072 0 -475.072
18 44 1175.82 1175.93 0.102661
12 44 1381.55 1383.85 2.30196
12 43 697.867 700.169 2.30196
22 48 939.114 941.416 2.30196
5 40 1059.13 1059.23 0.0975369
8 40 988.831 988.933 0.102657
5 40 939.129 939.226 0.0975369
10 0 932.576 0 -932.576
28 48 941.448 941.777 0.328708
13 44 1055.56 1055.73 0.174595
11 0 932.593 0 -932.593
4 40 926.578 928.88 2.30196
29 42 1087.13 1087.23 0.0975425
39 43 925.161 925.489 0.328707
21 44 932.102 934.404 2.30196
28 48 1199.87 1199.97 0.09754
23 48 1067.62 1067.72 0.0975388
12 44 1153.65 1155.96 2.30196
8 40 940.404 940.506 0.102657
25 48 932.995 933.097 0.10266
28 48 1079.87 1079.98 0.10266
17 44 938.718 938.893 0.174595
15 44 1175.74 1175.92 0.184836
36 40 927.824 930.125 2.30196
37 0 930.639 0 -930.639
27 48 933.614 935.916 2.30196
31 0 1139.7 0 -1139.7
18 45 935.823 935.925 0.102663
13 44 949.671 949.856 0.184835
9 40 1171.09 1171.19 0.102658
30 0 911.796 0 -911.796
31 0 911.81 0 -911.81
32 42 912.301 914.603 2.30196
9 40 912.66 912.763 0.102658
11 44 914.166 914.351 0.184838
25 48 914.568 914.67 0.10266
15 45 915.305 917.607 2.30196
19 44 915.939 918.241 2.30195
13 44 917.13 917.458 0.328707
18 44 917.396 917.58 0.184837
29 45 918.707 918.81 0.102668
17 44 920.291 920.476 0.184835
5 40 920.702 920.804 0.102657
35 40 921.135 923.437 2.30195
1 44 921.875 924.177 2.30196
14 44 923.132 923.234 0.102659
16 47 1385.15 1387.45 2.30196
8 40 1138.83 1138.93 0.0975366
33 41 1151.29 1151.62 0.328709
2 43 1393.7 1393.8 0.102661
39 43 1183.59 1183.69 0.0975386
2 43 1165.8 1168.11 2.30196
3 41 927.516 929.818 2.30196
23 48 929.198 929.3 0.102659
12 44 925.76 928.062 2.30196
6 0 938.09 0 -938.09
11 44 1112.59 1112.7 0.102662
9 40 1111.09 1111.19 0.102658
27 48 1389.4 1389.5 0.10266
29 42 1057.13 1057.23 0.0975425
14 44 941.559 941.661 0.102659
2 0 937.91 0 -937.91
0 43 930.631 932.933 2.30196
18 44 1085.82 1085.92 0.0975406
7 42 932.96 935.262 2.30197
20 44 930.858 933.16 2.30196
34 42 931.779 934.081 2.30196
29 42 1117.13 1117.23 0.0975425
24 45 1166.62 1168.92 2.30196
5 40 1179.13 1179.23 0.0975369
24 48 938.724 941.026 2.30196
29 45 937.134 937.231 0.097548
38 46 938.62 938.722 0.102657
39 43 957.702 957.887 0.184835
25 48 962.995 963.097 0.10266
17 44 968.718 968.893 0.174595
23 48 947.625 947.727 0.102659
0 40 1189.06 1189.16 0.0975405
11 44 962.593 962.691 0.0975419
9 41 961.087 961.184 0.0975441
8 40 958.831 958.933 0.102657
38 46 957.047 957.144 0.0975367
28 48 992.288 992.463 0.174596
11 44 992.593 992.696 0.102662
18 45 965.823 965.92 0.0975434
29 42 967.134 967.231 0.0975425
28 48 973.99 974.174 0.184836
5 40 969.129 969.226 0.0975369
13 44 967.97 968.144 0.174595
38 46 987.047 987.144 0.0975367
38 46 1167.05 1167.14 0.0975367
14 44 971.559 971.656 0.097539
39 43 976.001 976.175 0.174595
25 48 992.995 993.097 0.10266
23 48 977.625 977.727 0.102659
5 40 999.129 999.226 0.0975369
9 40 991.087 991.184 0.0975385
38 46 1017.05 1017.14 0.0975367
39 44 1003.59 1003.76 0.1746
13 47 995.557 995.731 0.174599
30 42 1367.58 1369.88 2.30196
18 45 995.823 995.92 0.0975434
8 40 1018.83 1018.93 0.0975366
17 44 998.718 998.893 0.174595
0 40 1168.69 1168.79 0.102661
28 48 1019.87 1020.05 0.174596
29 42 997.134 997.231 0.0975425
14 44 1001.56 1001.66 0.102659
11 44 1022.59 1022.7 0.102662
9 40 1021.09 1021.18 0.0975385
23 48 1007.62 1007.72 0.0975388
9 40 1051.09 1051.18 0.0975385
18 44 1025.82 1025.92 0.0975406
29 42 1027.13 1027.23 0.0975425
13 44 1025.56 1025.73 0.174595
5 40 1029.13 1029.23 0.0975369
25 48 1172.99 1173.09 0.0975401
25 47 1022.99 1023.09 0.0975419
26 48 1198.28 1198.47 0.184837
8 40 1048.83 1048.93 0.0975366
38 46 1047.05 1047.14 0.0975367
17 44 1028.72 1028.89 0.174595
11 44 1052.59 1052.69 0.0975419
14 44 1031.56 1031.66 0.102659
39 43 1033.59 1033.76 0.174595
23 48 1037.62 1037.72 0.0975388
28 48 1049.87 1049.98 0.10266
25 48 1052.99 1053.09 0.0975401
13 44 1145.56 1145.73 0.174595
18 44 1145.82 1145.93 0.102661
5 40 1149.13 1149.23 0.0975369
35 40 1159.19 1159.29 0.102659
17 44 1148.72 1148.89 0.174595
19 44 1154 1154.1 0.102658
14 44 1151.56 1151.66 0.097539
31 42 1367.6 1369.9 2.30196
8 40 1168.83 1168.93 0.0975366
29 42 1147.13 1147.23 0.0975425
39 43 1153.59 1153.69 0.102659
24 48 1394.51 1396.81 2.30196
34 0 1169.83 0 -1169.83
23 48 1157.62 1157.72 0.0975388
