30 75 0.216649 2.5186 2.30195
32 69 0.516069 2.81802 2.30195
6 75 921.445 921.63 0.184834
21 82 1.24668 3.54863 2.30195
9 81 1047.26 1047.36 0.0975374
27 67 1.30702 3.60897 2.30195
38 83 922.631 922.96 0.328706
37 56 981.166 981.268 0.102658
40 79 1067.7 1067.8 0.102657
15 82 1046.43 1046.53 0.0975362
17 82 485.151 487.453 2.30195
31 61 0.840562 3.14252 2.30195
46 87 915.414 915.517 0.102658
25 60 991.222 991.325 0.102658
25 60 1.2222 3.52416 2.30195
47 77 484.932 487.234 2.30195
32 69 912.089 912.192 0.102658
1 81 925.327 925.512 0.184834
3 0 1.61413 0 -1.61413
30 75 1110.22 1110.31 0.0975376
16 82 1044.08 1044.17 0.0975383
39 76 1.83316 4.13512 2.30196
38 83 955.173 955.502 0.328706
42 93 2.08357 4.38553 2.30195
8 81 993.155 993.252 0.0975369
4 0 2.2228 0 -2.2228
34 62 930.559 930.662 0.102658
22 0 2.23904 0 -2.23904
11 74 4.81201 7.11396 2.30195
8 81 3.15459 5.45654 2.30195
12 74 5.8096 8.11156 2.30196
36 54 1124.21 1124.31 0.0975382
46 87 3.84087 6.14282 2.30195
49 89 4.77239 7.07434 2.30195
41 71 1032.47 1032.56 0.0975388
35 63 948.342 948.445 0.102658
16 82 984.076 984.178 0.102658
38 83 11.0583 13.3602 2.30195
43 80 9.67429 11.9762 2.30195
26 52 9.77262 12.0746 2.30195
6 75 9.87208 12.174 2.30195
10 81 15.618 17.92 2.30196
45 70 15.1471 17.4491 2.30195
41 71 696.146 698.448 2.30195
1 81 697.434 699.736 2.30195
30 75 1050.22 1050.31 0.0975376
36 54 925.786 925.889 0.102658
48 92 1125.34 1125.44 0.0975384
40 79 947.7 947.803 0.102657
37 56 1101.17 1101.26 0.097538
39 83 1051.83 1051.93 0.0975391
17 82 973.479 973.664 0.184834
42 93 913.657 913.759 0.102658
48 92 975.342 975.445 0.102658
33 61 479.021 481.323 2.30195
41 71 12.4666 14.7685 2.30195
5 82 697.511 699.813 2.30195
5 82 925.404 927.706 2.30195
27 67 991.307 991.405 0.097537
36 54 14.2132 16.5152 2.30195
1 81 13.7541 16.056 2.30195
5 82 13.8311 16.1331 2.30195
48 92 15.3424 17.6443 2.30195
45 70 975.147 975.25 0.102657
29 75 711.201 713.502 2.30196
31 61 684.52 686.822 2.30195
25 60 684.902 687.204 2.30195
3 82 685.294 687.596 2.30195
28 75 15.8453 18.1472 2.30195
23 52 18.5426 20.8445 2.30195
16 83 707.755 710.057 2.30196
34 62 1098.99 1099.08 0.097538
40 79 17.6998 20.0018 2.30195
18 82 17.285 19.587 2.30195
44 57 16.8722 19.1741 2.30195
0 75 710.982 713.284 2.30196
45 70 945.147 945.25 0.102657
36 54 944.213 944.316 0.102658
34 62 18.9865 21.2884 2.30195
35 63 18.3422 20.6441 2.30195
49 89 688.452 690.754 2.30195
48 92 699.022 701.324 2.30195
10 82 699.298 701.6 2.30196
10 0 927.191 0 -927.191
34 62 948.986 949.089 0.102658
3 82 913.187 915.489 2.30195
14 82 19.9361 22.2381 2.30195
29 75 27.5208 29.8227 2.30196
30 75 683.896 686.198 2.30195
32 69 684.196 686.498 2.30195
19 82 20.3471 22.6491 2.30195
27 67 912.88 912.983 0.102657
19 82 980.347 980.45 0.102657
37 56 21.1658 23.4677 2.30195
2 75 22.2172 24.5192 2.30195
37 56 951.166 951.268 0.102658
16 83 24.0758 26.3777 2.30196
0 82 27.3026 29.6045 2.30195
15 82 26.4305 28.7324 2.30195
33 61 23.2344 25.5364 2.30195
13 0 24.9565 0 -24.9565
20 0 25.8117 0 -25.8117
45 70 1035.15 1035.24 0.0975371
24 60 25.5426 27.8445 2.30195
21 82 684.926 687.228 2.30195
27 67 684.987 687.289 2.30195
17 82 1109.36 1109.46 0.0975378
44 57 976.872 976.97 0.0975373
9 81 27.2626 29.5646 2.30195
43 80 1059.67 1059.85 0.174595
23 52 246.436 248.738 2.30195
29 75 1047.52 1047.62 0.0975391
39 83 913.406 913.509 0.102659
39 83 991.833 991.936 0.102659
30 75 911.79 911.892 0.102658
23 52 978.543 978.645 0.102656
47 77 29.1459 31.4479 2.30195
7 74 27.9986 30.3006 2.30195
17 82 29.3644 31.6664 2.30195
34 62 246.88 249.182 2.30195
14 82 247.829 250.131 2.30195
17 82 257.258 259.56 2.30195
19 82 248.24 250.542 2.30195
47 77 257.039 259.341 2.30195
30 75 990.217 990.314 0.0975376
35 63 246.235 248.537 2.30195
33 61 251.128 253.43 2.30195
37 56 249.059 251.361 2.30195
7 74 255.892 258.194 2.30195
21 82 912.82 912.922 0.102657
43 80 921.247 921.864 0.616451
37 56 476.952 479.254 2.30195
36 54 1034.21 1034.32 0.102658
30 75 228.11 230.412 2.30195
32 69 228.409 230.711 2.30195
31 61 228.734 231.036 2.30195
25 60 229.115 231.417 2.30195
21 82 229.14 231.442 2.30195
27 67 229.2 231.502 2.30195
3 0 229.507 0 -229.507
39 83 229.726 232.028 2.30196
42 93 229.977 232.279 2.30195
4 0 230.116 0 -230.116
22 87 230.132 232.434 2.30197
8 81 231.048 233.35 2.30195
46 87 231.734 234.036 2.30195
49 89 232.666 234.968 2.30195
11 74 232.705 235.007 2.30195
12 74 233.703 236.005 2.30196
43 80 237.568 239.869 2.30195
26 52 237.666 239.968 2.30195
6 75 237.765 240.067 2.30195
38 83 238.952 241.253 2.30195
41 71 240.36 242.662 2.30195
1 81 241.647 243.949 2.30195
5 82 241.724 244.026 2.30195
36 54 242.106 244.408 2.30195
45 70 243.04 245.342 2.30195
48 92 243.236 245.538 2.30195
10 82 243.511 245.813 2.30196
28 75 243.739 246.04 2.30195
44 57 244.765 247.067 2.30195
18 82 245.178 247.48 2.30195
40 79 245.593 247.895 2.30195
48 92 926.915 927.018 0.102658
42 93 932.084 932.186 0.102658
27 67 1021.31 1021.4 0.097537
15 82 986.43 986.528 0.0975362
9 81 710.942 713.244 2.30195
15 82 482.217 484.519 2.30195
12 81 917.383 919.685 2.30196
13 0 708.636 0 -708.636
6 75 1029.87 1029.97 0.0975378
11 74 994.812 994.91 0.0975383
25 60 912.795 912.898 0.102658
41 71 942.467 942.569 0.102659
17 82 1169.36 1169.46 0.0975378
23 52 948.543 948.645 0.102656
33 61 706.914 709.216 2.30195
45 70 926.72 926.823 0.102657
24 60 955.543 955.645 0.102659
16 83 479.862 482.164 2.30196
7 74 483.785 486.087 2.30195
15 82 254.324 256.626 2.30195
16 82 251.969 254.271 2.30195
13 82 252.85 255.152 2.30195
2 75 250.11 252.412 2.30195
6 76 693.552 695.854 2.30196
38 83 694.738 697.04 2.30195
35 63 929.915 930.018 0.102658
14 82 979.936 980.034 0.0975372
24 60 253.436 255.738 2.30195
29 68 255.414 257.716 2.30196
20 0 253.705 0 -253.705
9 81 255.156 257.458 2.30195
0 0 255.196 0 -255.196
8 81 686.834 689.136 2.30195
46 87 687.521 689.823 2.30195
39 83 685.513 687.815 2.30196
42 93 685.763 688.065 2.30195
37 56 704.845 707.147 2.30195
2 75 705.897 708.199 2.30195
21 82 991.247 991.344 0.0975367
14 82 1039.94 1040.04 0.102657
36 54 697.893 700.195 2.30195
45 70 698.827 701.129 2.30195
8 81 1053.15 1053.25 0.0975369
39 83 931.833 931.936 0.102659
14 81 703.616 705.918 2.30196
19 83 704.027 706.329 2.30196
4 81 1141.69 1143.99 2.30195
34 62 702.666 704.968 2.30195
15 82 710.11 712.412 2.30195
11 74 916.385 916.488 0.102658
9 81 987.263 987.36 0.0975374
35 63 702.022 704.324 2.30195
23 52 702.222 704.524 2.30195
46 87 993.841 993.938 0.097538
18 81 928.858 931.16 2.30196
16 82 1104.08 1104.17 0.0975383
46 87 963.841 963.938 0.097538
11 75 688.492 690.794 2.30196
12 74 689.489 691.791 2.30196
18 82 700.965 703.267 2.30195
40 79 701.38 703.682 2.30195
4 0 685.903 0 -685.903
22 0 685.919 0 -685.919
49 89 916.345 916.448 0.102658
22 75 913.812 916.114 2.30195
28 75 471.632 473.934 2.30195
18 82 473.071 475.373 2.30195
44 57 472.659 474.961 2.30195
49 89 964.772 964.875 0.102658
1 81 1033.75 1033.85 0.0975379
14 82 475.723 478.025 2.30195
15 82 938.003 938.106 0.102656
31 61 1110.84 1110.94 0.0975389
4 74 913.796 916.098 2.30196
28 75 699.525 701.827 2.30195
44 57 700.552 702.854 2.30195
31 61 912.414 912.516 0.102659
20 0 709.491 0 -709.491
48 92 945.342 945.445 0.102658
7 74 711.678 713.98 2.30195
2 75 478.004 480.306 2.30195
13 81 480.743 483.045 2.30195
8 81 914.728 914.83 0.102657
40 79 929.273 929.375 0.102657
41 71 924.04 924.224 0.184835
21 82 1051.25 1051.34 0.0975367
26 52 1059.77 1059.88 0.102659
49 89 1054.77 1054.87 0.0975384
45 70 1125.15 1125.24 0.0975371
47 77 973.261 973.445 0.184835
35 63 978.342 978.445 0.102658
19 82 1040.35 1040.45 0.102657
40 79 977.7 977.803 0.102657
47 77 940.719 941.048 0.328707
1 81 973.754 973.929 0.174594
42 93 1112.08 1112.18 0.0975381
26 52 921.346 921.53 0.184835
43 80 693.354 695.656 2.30195
26 52 693.452 695.754 2.30195
1 81 943.754 943.929 0.174594
24 60 481.329 483.631 2.30195
0 0 483.089 0 -483.089
10 82 471.405 473.706 2.30196
45 70 470.934 473.236 2.30195
36 54 470 472.302 2.30195
5 82 469.618 471.92 2.30195
38 83 466.845 469.147 2.30195
48 92 471.129 473.431 2.30195
43 80 465.461 467.763 2.30195
41 71 468.253 470.555 2.30195
19 82 476.134 478.436 2.30195
9 81 483.049 485.351 2.30195
29 68 483.307 485.609 2.30196
1 81 469.541 471.843 2.30195
20 0 481.598 0 -481.598
24 60 709.222 711.524 2.30195
7 74 1048 1048.1 0.0975382
30 75 456.003 458.305 2.30195
32 69 456.303 458.605 2.30195
31 62 456.627 458.929 2.30196
25 60 457.009 459.311 2.30195
21 82 457.033 459.335 2.30195
27 67 457.094 459.395 2.30195
3 82 457.401 459.703 2.30195
39 83 457.62 459.922 2.30196
42 93 457.87 460.172 2.30195
4 0 458.009 0 -458.009
22 0 458.026 0 -458.026
8 81 458.941 461.243 2.30195
46 87 459.627 461.929 2.30195
49 89 460.559 462.861 2.30195
11 74 460.599 462.9 2.30195
12 0 461.596 0 -461.596
40 79 473.486 475.788 2.30195
6 75 465.659 467.961 2.30195
26 52 465.559 467.861 2.30195
23 52 474.329 476.631 2.30195
35 63 474.129 476.431 2.30195
34 62 474.773 477.075 2.30195
34 62 1158.99 1159.08 0.097538
6 75 939.872 939.975 0.102658
17 74 713.044 715.346 2.30196
47 77 712.826 715.128 2.30195
44 57 946.872 946.975 0.102657
32 69 930.516 930.619 0.102658
32 69 960.516 960.614 0.0975384
30 75 1170.22 1170.31 0.0975376
37 56 1041.17 1041.27 0.102658
22 75 1141.71 1144.01 2.30195
43 80 1119.67 1119.77 0.0975389
28 75 927.418 929.72 2.30195
34 62 978.986 979.089 0.102658
38 83 987.715 988.043 0.328706
39 83 1111.83 1111.93 0.0975391
11 74 964.812 964.915 0.102658
31 61 1050.84 1050.94 0.0975389
24 60 985.543 985.645 0.102659
27 67 931.307 931.41 0.102657
29 75 939.094 939.196 0.102659
9 81 938.836 938.938 0.102657
42 93 962.084 962.181 0.0975381
19 82 950.347 950.45 0.102657
26 52 969.773 969.875 0.102659
7 74 987.999 988.096 0.0975382
33 61 983.234 983.409 0.174593
35 63 1158.34 1158.44 0.097538
26 52 1119.77 1119.88 0.102659
19 82 1160.35 1160.44 0.0975369
17 82 940.937 941.266 0.328706
11 74 934.812 934.915 0.102658
37 56 932.739 932.841 0.102658
44 57 928.445 928.548 0.102657
19 82 931.92 932.105 0.184833
23 52 930.116 930.218 0.102656
14 82 931.509 931.694 0.184833
2 75 933.79 936.092 2.30195
20 0 937.385 0 -937.385
33 61 934.807 934.992 0.184833
24 60 937.116 937.218 0.102659
32 69 990.516 990.614 0.0975384
13 0 936.529 0 -936.529
14 82 949.936 950.039 0.102657
46 87 1053.84 1053.94 0.097538
16 82 935.649 935.751 0.102658
17 82 991.777 991.952 0.174594
0 75 938.876 941.178 2.30196
9 81 1107.26 1107.36 0.0975374
11 74 1114.81 1114.91 0.0975383
37 56 1161.17 1161.26 0.097538
40 79 1037.7 1037.8 0.102657
29 75 1107.52 1107.62 0.0975391
15 82 1106.43 1106.53 0.0975362
30 75 930.217 930.319 0.102658
31 61 930.841 930.943 0.102659
7 74 939.572 939.674 0.102658
25 60 931.222 931.325 0.102658
21 82 931.247 931.344 0.0975367
43 80 982.276 982.604 0.328707
46 87 933.841 933.944 0.102658
49 89 934.772 934.875 0.102658
26 52 939.773 939.875 0.102659
8 81 933.155 933.257 0.102657
43 80 1179.67 1179.77 0.0975389
17 82 1049.36 1049.46 0.0975378
8 81 963.155 963.252 0.0975369
29 75 987.521 987.623 0.102659
30 75 960.217 960.319 0.102658
39 83 961.833 961.936 0.102659
16 82 954.076 954.178 0.102658
9 81 957.263 957.365 0.102657
47 77 991.559 991.734 0.174595
31 61 960.841 960.938 0.0975389
15 82 956.43 956.528 0.0975362
33 61 953.234 953.409 0.174593
6 75 969.872 969.97 0.0975378
41 71 972.467 972.564 0.0975388
19 82 1100.35 1100.45 0.102657
47 77 1049.15 1049.32 0.174595
24 60 1045.54 1045.65 0.102659
33 61 1043.23 1043.34 0.102657
29 75 957.521 957.623 0.102659
25 60 961.222 961.325 0.102658
27 67 961.307 961.405 0.097537
7 74 957.999 958.096 0.0975382
42 93 992.084 992.181 0.0975381
35 63 1038.34 1038.44 0.097538
31 61 990.841 990.938 0.0975389
36 54 974.213 974.316 0.102658
27 67 1171.31 1171.4 0.097537
10 82 1155.08 1157.39 2.30196
21 82 961.247 961.344 0.0975367
38 83 1052.8 1052.98 0.184834
49 89 994.772 994.87 0.0975384
36 54 1004.21 1004.32 0.102658
6 75 999.872 999.97 0.0975378
40 79 1007.7 1007.8 0.102657
6 75 1149.87 1149.97 0.0975378
26 52 999.773 999.87 0.0975386
43 80 1014.82 1015 0.184835
42 93 1052.08 1052.18 0.0975381
3 82 1141.08 1143.38 2.30195
32 69 1110.52 1110.61 0.0975384
48 92 1005.34 1005.45 0.102658
35 63 1188.34 1188.44 0.097538
34 62 1038.99 1039.08 0.097538
44 57 1006.87 1006.97 0.0975373
38 83 1020.26 1020.59 0.328706
41 71 1002.47 1002.56 0.0975388
1 81 1003.75 1003.86 0.102658
48 92 1035.34 1035.45 0.102658
44 57 1036.87 1036.97 0.0975373
25 60 1171.22 1171.32 0.0975384
45 70 1005.15 1005.25 0.102657
47 77 1169.15 1169.32 0.174595
1 81 1183.75 1183.85 0.0975379
23 52 1008.54 1008.64 0.0975364
14 82 1009.94 1010.03 0.0975372
35 63 1008.34 1008.44 0.102658
25 60 1051.22 1051.32 0.0975384
33 61 1013.23 1013.41 0.174593
34 62 1008.99 1009.08 0.097538
23 52 1038.54 1038.64 0.0975364
49 89 1174.77 1174.87 0.0975384
19 82 1010.35 1010.45 0.102657
11 74 1054.81 1054.91 0.0975383
39 83 1021.83 1021.93 0.0975391
37 56 1011.17 1011.27 0.102658
8 81 1113.15 1113.25 0.0975369
29 75 1017.52 1017.62 0.102659
16 82 1014.08 1014.18 0.102658
32 69 1050.52 1050.61 0.0975384
30 75 1020.22 1020.31 0.0975376
7 74 1018 1018.1 0.0975382
24 60 1015.54 1015.65 0.102659
17 82 1019.36 1019.47 0.102658
9 81 1017.26 1017.36 0.0975374
26 52 1029.77 1029.88 0.102659
15 82 1016.43 1016.53 0.0975362
42 93 1022.08 1022.18 0.0975381
25 60 1021.22 1021.32 0.0975384
47 77 1019.15 1019.32 0.174595
21 82 1171.25 1171.34 0.0975367
46 87 1023.84 1023.94 0.097538
8 81 1023.15 1023.25 0.0975369
27 67 1051.31 1051.4 0.097537
49 89 1024.77 1024.87 0.0975384
6 75 1059.87 1059.97 0.102658
11 74 1024.81 1024.91 0.0975383
43 80 1033.12 1033.29 0.174595
32 69 1020.52 1020.61 0.0975384
31 61 1020.84 1020.94 0.0975389
21 82 1021.25 1021.34 0.0975367
35 63 1068.34 1068.44 0.097538
47 77 1109.15 1109.32 0.174595
22 75 1369.6 1371.9 2.30195
38 83 1071.1 1071.27 0.174594
36 54 1064.21 1064.32 0.102658
48 92 1065.34 1065.45 0.102658
44 57 1066.87 1066.97 0.0975373
23 52 1068.54 1068.64 0.0975364
1 81 1063.75 1063.85 0.0975379
41 71 1062.47 1062.56 0.0975388
46 87 1113.84 1113.94 0.097538
6 75 1119.87 1119.97 0.102658
45 70 1065.15 1065.24 0.0975371
24 60 1105.54 1105.64 0.097539
7 74 1108 1108.1 0.0975382
14 82 1099.94 1100.04 0.102657
14 82 1069.94 1070.04 0.102657
18 82 1156.75 1156.94 0.184833
34 62 1068.99 1069.08 0.097538
19 82 1070.35 1070.45 0.102657
23 52 1128.54 1128.64 0.0975364
49 89 1114.77 1114.87 0.0975384
42 93 1172.08 1172.18 0.0975381
5 82 1183.83 1183.93 0.0975369
14 82 1189.94 1190.03 0.0975372
1 81 1123.75 1123.85 0.0975379
15 82 1166.43 1166.53 0.0975362
16 82 1074.08 1074.17 0.0975383
8 81 1173.15 1173.25 0.0975369
37 56 1071.17 1071.27 0.102658
12 74 1145.28 1146.59 1.31482
7 74 1168 1168.1 0.0975382
21 82 1111.25 1111.34 0.0975367
4 81 1369.58 1371.88 2.30195
44 57 1186.87 1186.97 0.0975373
45 70 1155.15 1155.24 0.0975371
32 69 1170.52 1170.61 0.0975384
23 52 1188.54 1188.64 0.0975364
34 62 1188.99 1189.08 0.097538
33 61 1103.23 1103.33 0.0975374
15 82 1076.43 1076.53 0.0975362
21 82 1081.25 1081.34 0.0975367
29 75 1077.52 1077.62 0.0975391
30 75 1080.22 1080.31 0.0975376
33 61 1073.23 1073.33 0.0975374
7 74 1078 1078.1 0.0975382
23 52 1098.54 1098.64 0.0975364
39 83 1081.83 1081.93 0.0975391
31 61 1080.84 1080.94 0.0975389
17 82 1079.36 1079.46 0.0975378
47 77 1079.15 1079.32 0.174595
24 60 1075.54 1075.65 0.102659
25 60 1081.22 1081.32 0.0975384
9 81 1077.26 1077.36 0.0975374
29 75 1167.52 1167.62 0.0975391
49 89 1084.77 1084.87 0.0975384
43 80 1089.67 1089.78 0.102659
48 92 1095.34 1095.44 0.0975384
44 57 1096.87 1096.97 0.0975373
46 87 1083.84 1083.94 0.097538
8 81 1083.15 1083.25 0.0975369
42 93 1082.08 1082.18 0.0975381
35 63 1098.34 1098.44 0.097538
11 74 1084.81 1084.91 0.0975383
26 52 1089.77 1089.88 0.102659
6 75 1089.87 1089.97 0.102658
9 81 1167.26 1167.36 0.0975374
5 82 1153.3 1153.4 0.102657
36 54 1094.21 1094.32 0.102658
25 60 1111.22 1111.32 0.0975384
27 67 1111.31 1111.4 0.097537
32 69 1080.52 1080.62 0.102658
44 57 1126.87 1126.97 0.0975373
27 67 1081.31 1081.4 0.097537
40 79 1097.7 1097.8 0.102657
38 83 1121.06 1121.23 0.174594
38 83 1091.06 1091.23 0.174594
40 79 1127.7 1127.8 0.0975373
28 75 1155.31 1155.41 0.102656
35 63 1128.34 1128.44 0.097538
41 71 1122.47 1122.56 0.0975388
45 70 1095.15 1095.24 0.0975371
1 81 1093.75 1093.85 0.0975379
41 71 1092.47 1092.56 0.0975388
16 82 1134.08 1134.17 0.0975383
14 82 1129.94 1130.04 0.102657
39 83 1171.83 1171.93 0.0975391
34 62 1128.99 1129.08 0.097538
33 61 1163.23 1163.34 0.102657
19 82 1130.35 1130.45 0.102657
29 75 1137.52 1137.62 0.0975391
33 61 1133.23 1133.33 0.0975374
24 60 1135.54 1135.64 0.097539
2 75 1161.68 1162.01 0.328706
20 0 1165.28 0 -1165.28
15 82 1136.43 1136.53 0.0975362
37 56 1131.17 1131.26 0.097538
16 82 1164.08 1164.17 0.0975383
7 74 1138 1138.1 0.0975382
27 67 1141.31 1141.4 0.097537
25 60 1141.22 1141.32 0.0975384
17 82 1139.36 1139.46 0.0975378
32 69 1140.52 1140.61 0.0975384
13 0 1164.42 0 -1164.42
0 75 1166.77 1169.07 2.30196
9 81 1137.26 1137.36 0.0975374
19 82 1190.35 1190.44 0.0975369
24 60 1165.54 1165.64 0.097539
31 61 1140.84 1140.94 0.0975389
30 75 1140.22 1140.31 0.0975376
21 82 1141.25 1141.34 0.0975367
47 77 1139.15 1139.32 0.174595
1 81 1153.75 1153.85 0.0975379
12 74 1275.44 1276.76 1.31482
11 74 1174.81 1174.91 0.0975383
3 82 1368.97 1369.08 0.102657
26 52 1179.77 1179.87 0.0975386
46 87 1173.84 1173.94 0.097538
38 83 1181.06 1181.16 0.0975379
39 83 1141.83 1141.93 0.0975391
46 87 1143.84 1143.94 0.097538
42 93 1142.08 1142.18 0.0975381
8 81 1143.15 1143.25 0.0975369
6 75 1179.87 1179.97 0.0975378
26 52 1149.77 1149.87 0.0975386
11 74 1144.81 1144.91 0.0975383
49 89 1144.77 1144.87 0.0975384
48 92 1155.34 1155.44 0.0975384
14 82 1159.94 1160.04 0.102657
31 61 1170.84 1170.94 0.0975389
15 82 1196.43 1196.53 0.0975362
18 82 1175.05 1175.15 0.102657
40 79 1157.7 1157.8 0.0975373
36 54 1154.21 1154.31 0.0975382
23 52 1158.54 1158.64 0.0975364
44 57 1156.87 1156.97 0.0975373
41 71 1152.47 1152.56 0.0975388
38 83 1151.06 1151.16 0.102658
43 80 1149.67 1149.77 0.0975389
40 79 1187.7 1187.8 0.0975373
28 75 1185.85 1185.94 0.0975363
24 60 1195.54 1195.64 0.097539
10 82 1382.98 1383.08 0.102659
18 82 1187.28 1187.38 0.0975368
48 92 1185.34 1185.44 0.0975384
45 70 1185.15 1185.24 0.0975371
36 54 1184.21 1184.31 0.0975382
41 71 1182.47 1182.56 0.0975388
13 82 1392.32 1394.62 2.30195
20 82 1393.17 1395.47 2.30195
7 74 1198 1198.1 0.0975382
33 61 1193.23 1193.34 0.102657
16 82 1194.08 1194.17 0.0975383
2 75 1194.23 1194.55 0.328706
37 56 1191.17 1191.26 0.097538
0 82 1394.66 1394.99 0.328706
9 81 1197.26 1197.36 0.0975374
29 75 1197.52 1197.62 0.0975391
17 82 1199.36 1199.46 0.0975378
47 77 1199.15 1199.32 0.174595
