13 63 0.248056 2.55001 2.30195
4 0 0.838068 0 -0.838068
16 63 1.80009 4.10205 2.30196
31 49 1.89014 4.19209 2.30195
35 57 2.36407 4.66602 2.30195
25 45 1.1617 3.46365 2.30195
10 0 1.50262 0 -1.50262
14 47 964.25 964.347 0.0975399
12 63 3.3987 5.70065 2.30195
14 47 4.24982 6.55178 2.30196
18 60 5.49916 7.80112 2.30196
22 0 6.01053 0 -6.01053
39 45 12.8328 15.1347 2.30195
5 53 13.6214 15.9234 2.30195
18 41 935.499 935.674 0.174594
36 46 7.01433 9.31629 2.30196
24 45 13.9759 16.2778 2.30195
33 53 12.8372 15.1391 2.30195
11 58 10.7824 13.0844 2.30196
30 49 11.8773 14.1793 2.30195
27 45 994.139 994.468 0.328706
34 46 1169.08 1169.19 0.102658
37 44 1019.67 1019.77 0.0975372
25 45 1171.16 1171.26 0.0975376
21 56 1004.39 1004.49 0.102659
19 41 987.457 987.559 0.102658
37 44 992.087 992.189 0.102657
32 61 937.261 937.446 0.184835
3 53 15.0575 17.3594 2.30196
20 41 14.8807 17.1827 2.30196
1 58 14.7299 17.0319 2.30196
21 56 14.3881 16.6901 2.30195
14 47 934.25 934.352 0.10266
9 53 1016.03 1016.2 0.174595
38 47 15.5442 17.8461 2.30196
27 45 17.4828 19.7848 2.30195
5 53 241.515 243.817 2.30195
26 62 18.1461 20.4481 2.30196
7 58 21.8657 24.1677 2.30196
6 53 20.0438 22.3458 2.30195
28 45 23.2152 25.5172 2.30196
17 51 23.234 25.5359 2.30195
23 41 21.6454 23.9474 2.30196
13 63 930.248 930.346 0.0975388
15 47 1016.86 1016.96 0.10266
35 57 1082.36 1082.46 0.0975384
20 41 944.881 944.983 0.10266
31 49 1141.89 1141.99 0.0975385
32 61 1105.69 1105.79 0.102659
8 58 23.8958 26.1978 2.30196
29 49 23.4043 25.7062 2.30195
31 49 1081.89 1081.99 0.0975385
6 61 931.617 933.919 2.30196
32 61 985.688 985.863 0.174595
2 53 24.8742 27.1761 2.30195
32 61 25.6881 27.99 2.30195
19 41 27.4567 29.7586 2.30195
9 53 26.0264 28.3283 2.30195
30 49 239.771 242.073 2.30195
33 53 240.73 243.032 2.30195
24 45 241.869 244.171 2.30195
21 56 242.281 244.583 2.30195
1 58 242.623 244.925 2.30196
11 58 238.676 240.978 2.30196
20 41 242.774 245.076 2.30196
3 53 242.951 245.253 2.30196
38 47 243.437 245.739 2.30196
27 45 245.376 247.678 2.30195
13 63 1170.25 1170.35 0.0975388
15 47 26.858 29.1599 2.30196
34 46 29.0833 31.3853 2.30195
36 46 234.908 237.21 2.30196
39 45 240.726 243.028 2.30195
34 46 1019.08 1019.18 0.0975379
9 58 937.599 937.784 0.184838
18 41 965.499 965.602 0.102658
37 44 29.6738 31.9757 2.30195
0 58 29.666 31.968 2.30195
21 56 944.388 944.491 0.102659
15 47 254.751 257.053 2.30196
6 53 247.937 250.239 2.30195
29 49 251.298 253.599 2.30195
2 53 252.767 255.069 2.30195
20 41 974.881 974.983 0.10266
2 53 1104.87 1104.97 0.0975375
26 45 246.039 248.341 2.30196
26 45 1027.34 1027.53 0.184835
13 63 228.141 230.443 2.30195
4 0 228.731 0 -228.731
25 45 229.055 231.357 2.30195
10 0 229.396 0 -229.396
16 51 229.693 231.995 2.30196
31 49 229.783 232.085 2.30195
35 57 230.257 232.559 2.30195
12 63 231.292 233.594 2.30195
14 47 232.143 234.445 2.30196
18 41 233.392 235.694 2.30195
22 41 233.904 236.206 2.30195
3 53 1164.69 1164.79 0.102659
38 47 975.544 975.647 0.102659
38 47 1005.54 1005.65 0.102659
14 47 1114.25 1114.35 0.0975399
38 47 1095.54 1095.64 0.0975395
18 41 1085.5 1085.6 0.102658
25 45 991.162 991.259 0.0975376
31 49 931.89 931.993 0.102658
29 49 934.977 937.279 2.30195
23 41 249.539 251.841 2.30196
7 53 249.759 252.061 2.30196
34 46 256.977 259.278 2.30195
32 61 253.581 255.883 2.30195
5 53 973.621 973.724 0.102658
28 45 251.108 253.41 2.30196
17 51 251.127 253.429 2.30195
8 53 251.789 254.091 2.30196
9 58 253.92 256.222 2.30196
36 60 1109.78 1110.4 0.616453
36 46 462.801 465.103 2.30196
19 41 255.35 257.652 2.30195
37 44 257.567 259.869 2.30195
0 58 257.559 259.861 2.30195
7 53 933.439 935.741 2.30196
31 49 991.89 991.993 0.102658
26 45 994.803 995.131 0.328707
25 45 1081.16 1081.26 0.0975376
27 45 929.056 929.385 0.328706
27 45 1026.68 1026.87 0.184834
17 51 983.234 983.332 0.0975383
9 53 986.026 986.201 0.174595
23 41 933.218 933.321 0.10266
5 53 1003.62 1003.72 0.0975375
15 47 938.431 938.76 0.328708
35 57 932.364 932.467 0.102658
17 51 1013.23 1013.33 0.0975383
9 53 481.813 484.115 2.30195
12 63 993.399 993.496 0.0975378
29 49 479.191 481.493 2.30195
34 46 484.87 487.172 2.30195
30 49 467.664 469.966 2.30195
33 0 468.624 0 -468.624
26 45 473.933 476.235 2.30196
23 41 477.432 479.734 2.30196
13 63 1020.25 1020.35 0.102659
37 44 485.46 487.762 2.30195
32 61 481.475 483.777 2.30196
11 58 466.569 468.871 2.30196
5 53 469.408 471.71 2.30195
39 45 468.619 470.921 2.30195
2 53 936.447 936.55 0.102657
13 63 456.035 458.337 2.30195
4 53 456.625 458.927 2.30195
25 45 456.948 459.25 2.30195
10 53 457.289 459.591 2.30195
16 0 457.587 0 -457.587
31 49 457.677 459.979 2.30195
35 57 458.151 460.453 2.30195
12 63 459.185 461.487 2.30195
14 47 460.036 462.338 2.30196
18 41 461.286 463.588 2.30195
22 41 461.797 464.099 2.30195
21 56 1094.39 1094.49 0.0975389
31 49 1171.89 1171.99 0.102658
17 51 934.807 934.992 0.184834
12 63 963.399 963.496 0.0975378
3 0 470.844 0 -470.844
24 45 469.762 472.064 2.30195
1 0 470.516 0 -470.516
21 56 470.175 472.477 2.30195
20 41 470.667 472.969 2.30196
27 45 473.269 475.571 2.30195
7 53 477.652 479.954 2.30196
6 53 475.83 478.132 2.30195
38 47 471.331 473.633 2.30196
2 53 1014.87 1014.97 0.0975375
32 61 1015.69 1015.79 0.102659
25 45 931.162 931.264 0.102658
23 41 1011.65 1011.74 0.09754
8 0 479.682 0 -479.682
28 45 479.002 481.304 2.30196
17 51 479.02 481.322 2.30195
2 53 480.661 482.963 2.30195
15 47 482.644 484.946 2.30196
19 41 483.243 485.545 2.30195
0 58 485.453 487.754 2.30195
2 53 708.554 710.856 2.30195
32 61 709.368 711.67 2.30196
26 45 929.719 930.048 0.328707
9 53 709.706 712.008 2.30195
13 63 683.928 686.23 2.30195
4 0 684.518 0 -684.518
25 45 684.841 687.143 2.30195
10 0 685.182 0 -685.182
16 51 685.48 687.782 2.30196
31 49 685.57 687.872 2.30195
35 57 686.044 688.346 2.30195
12 47 687.078 689.38 2.30196
14 47 687.93 690.232 2.30196
18 60 689.179 691.481 2.30196
22 45 689.69 691.992 2.30196
36 46 690.694 692.996 2.30196
11 58 694.462 696.764 2.30196
30 49 695.557 697.859 2.30195
39 0 696.513 0 -696.513
33 53 696.517 698.819 2.30195
5 53 697.301 699.603 2.30195
24 56 697.656 699.958 2.30196
21 56 698.068 700.37 2.30195
1 52 698.41 700.712 2.30196
20 40 698.56 700.862 2.30196
3 61 698.737 701.039 2.30196
38 47 699.224 701.526 2.30196
27 45 701.163 703.465 2.30195
26 45 701.826 704.128 2.30196
6 53 703.724 706.025 2.30195
23 40 705.325 707.627 2.30196
7 53 705.545 707.847 2.30196
28 45 706.895 709.197 2.30196
17 51 706.914 709.216 2.30195
29 49 707.084 709.386 2.30195
8 58 707.576 709.878 2.30196
15 47 710.538 712.84 2.30196
0 49 713.346 715.648 2.30196
24 45 925.549 925.652 0.102658
37 44 713.354 715.655 2.30195
14 47 994.25 994.352 0.10266
3 53 926.63 928.932 2.30196
19 41 711.136 713.438 2.30195
34 46 712.763 715.065 2.30195
13 63 990.248 990.346 0.0975388
37 44 941.247 941.575 0.328705
20 41 926.454 926.639 0.184836
28 45 934.788 937.09 2.30196
34 46 1049.08 1049.19 0.102658
39 60 924.406 926.708 2.30196
21 56 925.961 926.064 0.102659
37 44 1109.67 1109.78 0.102657
0 58 941.239 943.541 2.30195
20 41 1004.88 1004.98 0.10266
35 57 992.364 992.467 0.102658
34 46 940.656 940.759 0.102658
12 63 933.399 933.501 0.102658
18 41 995.499 995.602 0.102658
8 58 935.469 937.771 2.30196
24 45 943.976 944.079 0.102658
1 0 926.303 0 -926.303
19 41 939.03 939.132 0.102658
5 53 943.621 943.724 0.102658
30 49 923.45 925.752 2.30195
21 56 974.388 974.491 0.102659
13 63 911.821 911.924 0.102659
4 53 912.411 914.713 2.30195
25 45 912.735 912.837 0.102658
10 53 913.076 915.378 2.30195
16 63 913.373 915.675 2.30196
31 49 913.463 913.566 0.102658
35 57 913.937 914.04 0.102658
12 63 914.972 915.074 0.102658
14 47 915.823 916.008 0.184836
18 41 917.072 917.257 0.184834
22 41 917.584 919.885 2.30195
36 46 918.587 919.902 1.31482
11 58 922.355 924.657 2.30196
12 63 1173.4 1173.5 0.0975378
33 54 924.41 926.712 2.30196
23 41 981.645 981.748 0.10266
38 47 927.117 927.22 0.102659
5 53 925.194 925.297 0.102658
24 45 973.976 974.073 0.0975384
17 51 953.234 953.337 0.102658
38 47 945.544 945.647 0.102659
23 41 951.645 951.748 0.10266
13 63 960.248 960.351 0.102659
27 45 961.598 961.926 0.328706
26 45 962.261 962.59 0.328707
9 53 956.026 956.201 0.174595
15 47 970.973 971.158 0.184836
5 53 1093.62 1093.72 0.0975375
2 53 984.874 984.977 0.102657
19 41 1017.46 1017.56 0.102658
34 46 989.083 989.181 0.0975379
25 45 961.162 961.264 0.102658
32 61 955.688 955.863 0.174595
2 53 954.874 954.972 0.0975375
34 46 1109.08 1109.19 0.102658
16 63 1159.56 1159.67 0.102659
19 41 957.457 957.554 0.0975378
34 46 959.083 959.181 0.0975379
15 47 989.271 989.374 0.10266
32 61 1045.69 1045.79 0.097539
37 44 973.788 973.973 0.184833
24 45 1003.98 1004.07 0.0975384
31 49 961.89 961.988 0.0975385
35 57 962.364 962.467 0.102658
36 46 1048.75 1049.37 0.616451
14 47 1024.25 1024.35 0.10266
24 45 1033.98 1034.07 0.0975384
12 63 1023.4 1023.5 0.0975378
35 57 1022.36 1022.46 0.0975384
21 56 1034.39 1034.49 0.0975389
18 41 1025.5 1025.6 0.0975384
25 45 1021.16 1021.26 0.0975376
9 53 1106.03 1106.12 0.0975388
31 49 1021.89 1021.99 0.102658
5 53 1033.62 1033.72 0.0975375
20 41 1094.88 1094.98 0.10266
20 41 1034.88 1034.98 0.10266
19 41 1107.46 1107.56 0.102658
15 47 1106.86 1106.96 0.0975396
27 45 1097.48 1097.59 0.102658
14 47 1084.25 1084.35 0.10266
38 47 1035.54 1035.65 0.102659
32 61 1165.69 1165.79 0.102659
27 45 1044.98 1045.15 0.174594
26 45 1045.64 1045.82 0.174595
23 41 1041.65 1041.74 0.09754
17 51 1043.23 1043.34 0.102658
19 41 1167.46 1167.55 0.0975378
17 51 1103.23 1103.34 0.102658
24 45 1063.98 1064.07 0.0975384
12 63 1143.4 1143.5 0.0975378
9 53 1046.03 1046.2 0.174595
21 56 1064.39 1064.49 0.0975389
18 41 1055.5 1055.6 0.102658
2 53 1044.87 1044.97 0.0975375
38 47 1065.54 1065.65 0.102659
37 44 1049.67 1049.78 0.102657
14 47 1054.25 1054.35 0.10266
13 63 1080.25 1080.35 0.102659
25 45 1051.16 1051.26 0.0975376
19 41 1047.46 1047.56 0.102658
15 47 1046.86 1046.96 0.0975396
23 41 1071.65 1071.74 0.09754
13 63 1050.25 1050.35 0.102659
35 57 1052.36 1052.46 0.0975384
17 51 1073.23 1073.34 0.102658
31 49 1051.89 1051.99 0.102658
5 53 1063.62 1063.72 0.0975375
25 45 1141.16 1141.26 0.0975376
23 41 1101.65 1101.74 0.09754
12 63 1053.4 1053.5 0.0975378
20 41 1064.88 1064.98 0.10266
37 44 1079.67 1079.78 0.102657
26 45 1068.15 1068.32 0.174595
23 41 1161.65 1161.74 0.09754
32 61 1075.69 1075.79 0.102659
27 45 1067.48 1067.66 0.174594
9 53 1076.03 1076.13 0.102659
2 53 1074.87 1074.97 0.0975375
34 46 1079.08 1079.19 0.102658
24 45 1093.98 1094.07 0.0975384
26 45 1098.15 1098.25 0.102659
12 63 1083.4 1083.5 0.0975378
19 41 1077.46 1077.56 0.102658
15 47 1076.86 1076.96 0.0975396
1 58 1154.2 1156.5 2.30196
22 41 1145.48 1146.09 0.61645
20 41 1124.88 1124.98 0.0975404
23 41 1131.65 1131.74 0.09754
13 63 1110.25 1110.35 0.102659
4 53 1140.3 1142.61 2.30195
25 45 1111.16 1111.26 0.0975376
11 58 1150.25 1150.43 0.184835
12 63 1113.4 1113.5 0.0975378
3 53 1154.52 1154.63 0.102659
21 56 1124.39 1124.49 0.0975389
33 53 1152.3 1154.61 2.30195
35 57 1112.36 1112.46 0.0975384
18 41 1115.5 1115.6 0.102658
0 58 1169.13 1169.46 0.328706
26 45 1128.15 1128.24 0.0975393
39 45 1152.3 1154.6 2.30195
5 53 1123.62 1123.72 0.0975375
38 47 1125.54 1125.64 0.0975395
30 49 1151.34 1151.45 0.102656
24 45 1123.98 1124.07 0.0975384
10 53 1140.97 1143.27 2.30195
31 49 1111.89 1111.99 0.0975385
16 63 1141.27 1141.45 0.184835
27 45 1127.48 1127.58 0.097538
10 0 1368.86 0 -1368.86
17 51 1133.23 1133.34 0.102658
8 53 1163.36 1163.46 0.102661
29 49 1162.87 1162.97 0.102657
28 45 1162.68 1162.78 0.102659
9 53 1136.03 1136.13 0.102659
32 61 1135.69 1135.79 0.102659
21 56 1154.39 1154.49 0.0975389
5 53 1153.62 1153.72 0.0975375
37 44 1139.67 1139.78 0.102657
37 44 1169.67 1169.77 0.0975372
34 46 1139.08 1139.19 0.102658
18 41 1145.5 1145.6 0.102658
2 53 1134.87 1134.97 0.0975375
7 53 1161.33 1161.43 0.102659
15 47 1136.86 1136.96 0.0975396
14 47 1144.25 1144.35 0.0975399
6 53 1159.51 1161.81 2.30195
19 41 1137.46 1137.56 0.102658
35 57 1142.36 1142.46 0.0975384
13 63 1140.25 1140.35 0.102659
28 45 1172.84 1172.95 0.102659
20 41 1154.88 1154.98 0.10266
26 45 1158.15 1158.24 0.0975393
24 45 1153.98 1154.07 0.0975384
36 46 1170.81 1171.43 0.616451
5 53 1183.62 1183.72 0.0975375
29 0 1173.03 0 -1173.03
7 53 1171.49 1171.6 0.102659
4 0 1368.2 0 -1368.2
27 45 1157.48 1157.58 0.097538
17 51 1163.23 1163.34 0.102658
38 47 1155.54 1155.64 0.0975395
15 47 1166.86 1166.96 0.0975396
30 49 1181.88 1181.97 0.0975365
33 53 1380.2 1380.3 0.102659
26 45 1188.15 1188.24 0.0975393
18 41 1175.5 1175.6 0.102658
22 41 1206.51 1206.83 0.328706
14 47 1174.25 1174.35 0.10266
35 57 1172.36 1172.46 0.0975384
9 53 1166.03 1166.13 0.102659
1 53 1382.09 1382.27 0.184836
2 53 1164.87 1164.97 0.0975375
16 63 1171.8 1171.9 0.0975393
29 49 1193.4 1193.5 0.0975373
39 45 1380.19 1380.52 0.328707
0 58 1201.67 1202 0.328706
21 56 1184.39 1184.49 0.102659
20 41 1184.88 1184.98 0.10266
3 53 1185.06 1185.16 0.0975393
23 41 1191.65 1191.74 0.09754
6 53 1387.4 1388.02 0.61645
24 45 1183.98 1184.07 0.0975384
17 51 1193.23 1193.34 0.102658
11 58 1180.78 1180.96 0.174595
36 46 1231.84 1232.46 0.616451
8 53 1193.9 1193.99 0.0975409
28 45 1193.22 1193.31 0.0975394
38 47 1185.54 1185.65 0.102659
27 45 1187.48 1187.59 0.102658
9 53 1196.03 1196.13 0.102659
37 44 1199.67 1199.77 0.0975372
19 41 1197.46 1197.55 0.0975378
34 46 1199.08 1199.19 0.102658
2 53 1194.87 1194.97 0.0975375
32 61 1195.69 1195.79 0.097539
7 53 1191.87 1191.97 0.102659
15 47 1196.86 1196.96 0.0975396
