30 63 1.91005 4.212 2.30196
17 0 1.92402 0 -1.92402
16 63 4.514 6.81596 2.30195
29 57 6.4126 8.71456 2.30195
45 50 4.9587 7.26066 2.30196
21 0 5.39357 0 -5.39357
14 63 2.28295 4.5849 2.30195
24 57 2.5491 4.85106 2.30196
43 0 2.6792 0 -2.6792
8 57 1199.62 1199.72 0.0975378
3 57 3.1305 5.43245 2.30195
9 60 3.63183 5.93379 2.30196
32 63 7.74301 10.045 2.30195
31 57 7.3347 9.63666 2.30195
47 60 1190.47 1190.57 0.102659
6 0 1396.2 0 -1396.2
0 57 10.7731 13.0751 2.30196
48 54 8.75082 11.0528 2.30196
1 0 12.4711 0 -12.4711
19 0 11.8023 0 -11.8023
40 0 9.82075 0 -9.82075
28 0 12.3863 0 -12.3863
35 0 11.4505 0 -11.4505
23 63 15.7947 18.0967 2.30195
39 0 12.4072 0 -12.4072
44 57 19.1384 21.4404 2.30195
13 56 1396.17 1398.47 2.30196
15 57 1384.12 1386.42 2.30195
31 56 1374.69 1377 2.30196
48 54 1180.66 1180.99 0.328711
4 0 1388.17 0 -1388.17
47 60 20.4662 22.7682 2.30196
5 57 15.8412 18.1432 2.30196
15 0 16.7621 0 -16.7621
38 0 18.0645 0 -18.0645
10 63 18.3719 20.6738 2.30196
20 0 18.4348 0 -18.4348
16 63 1144.51 1144.62 0.102657
10 63 1385.73 1385.83 0.10266
37 63 23.473 25.775 2.30196
26 0 21.0764 0 -21.0764
7 0 20.9255 0 -20.9255
12 63 21.2503 23.5522 2.30195
4 0 20.8087 0 -20.8087
22 56 1392.55 1394.85 2.30196
36 63 1397.32 1399.62 2.30196
41 0 25.844 0 -25.844
22 56 25.193 27.495 2.30196
34 0 25.3557 0 -25.3557
46 52 23.6716 25.9735 2.30196
33 63 23.6326 25.9345 2.30195
2 0 25.0744 0 -25.0744
38 63 1385.42 1387.73 2.30196
25 0 26.6354 0 -26.6354
18 0 27.2966 0 -27.2966
11 57 27.3534 29.6554 2.30196
27 0 28.6516 0 -28.6516
39 0 1379.77 0 -1379.77
37 63 1193.47 1193.58 0.10266
13 0 28.8086 0 -28.8086
33 63 1193.63 1193.73 0.0975376
6 0 28.8384 0 -28.8384
49 55 29.2124 31.5143 2.30196
8 57 29.6225 31.9245 2.30195
42 0 29.6327 0 -29.6327
46 52 1193.67 1193.77 0.0975391
36 57 29.9603 32.2622 2.30196
34 0 1392.72 0 -1392.72
47 60 248.359 250.661 2.30196
4 57 248.702 251.004 2.30196
12 63 249.144 251.445 2.30195
11 63 255.247 257.549 2.30196
36 0 257.854 0 -257.854
26 0 248.97 0 -248.97
37 0 251.366 0 -251.366
41 0 253.737 0 -253.737
42 0 257.526 0 -257.526
40 0 465.607 0 -465.607
13 0 712.488 0 -712.488
33 63 251.526 253.828 2.30195
49 55 257.106 259.408 2.30196
6 57 256.732 259.034 2.30196
11 57 483.14 485.442 2.30196
7 0 248.819 0 -248.819
46 52 251.565 253.867 2.30196
22 0 480.98 0 -480.98
22 57 253.086 255.388 2.30196
18 0 255.19 0 -255.19
44 57 1189.14 1189.24 0.097537
48 54 464.537 466.839 2.30196
37 60 479.26 481.561 2.30196
47 60 476.253 478.555 2.30196
30 56 229.803 232.105 2.30196
17 57 229.817 232.119 2.30195
14 63 230.176 232.478 2.30195
24 0 230.442 0 -230.442
43 0 230.572 0 -230.572
3 57 231.024 233.326 2.30195
9 0 231.525 0 -231.525
16 63 232.407 234.709 2.30195
45 50 232.852 235.154 2.30196
21 0 233.287 0 -233.287
29 57 234.306 236.608 2.30195
31 57 235.228 237.53 2.30195
32 63 235.636 237.938 2.30195
48 54 236.644 238.946 2.30196
40 0 237.714 0 -237.714
0 0 238.666 0 -238.666
35 63 239.344 241.646 2.30196
19 0 239.696 0 -239.696
28 57 240.28 242.581 2.30196
39 57 240.3 242.602 2.30196
1 63 240.364 242.666 2.30196
23 63 243.688 245.99 2.30195
5 63 243.734 246.036 2.30196
15 57 244.655 246.957 2.30195
38 0 245.958 0 -245.958
10 0 246.265 0 -246.265
20 0 246.328 0 -246.328
44 57 247.032 249.334 2.30195
26 63 1388.44 1390.74 2.30196
12 63 1388.61 1390.91 2.30195
1 63 1379.83 1382.13 2.30196
40 63 1377.18 1379.48 2.30196
34 0 253.249 0 -253.249
2 57 252.968 255.27 2.30196
25 0 254.529 0 -254.529
13 0 256.702 0 -256.702
27 0 256.545 0 -256.545
8 57 257.516 259.818 2.30195
18 57 1394.66 1396.96 2.30195
35 63 1378.81 1381.11 2.30196
0 0 466.56 0 -466.56
2 0 1392.43 0 -1392.43
42 0 1396.99 0 -1396.99
11 57 1394.71 1397.01 2.30196
27 0 1396.01 0 -1396.01
28 0 1379.75 0 -1379.75
7 0 476.712 0 -476.712
20 63 1385.79 1388.1 2.30196
11 0 711.033 0 -711.033
14 63 932.283 932.38 0.0975373
41 0 1393.2 0 -1393.2
5 57 1383.2 1383.3 0.10266
32 63 1177.74 1177.84 0.097538
23 63 471.581 473.883 2.30195
44 57 474.925 477.227 2.30195
2 0 480.861 0 -480.861
34 0 481.142 0 -481.142
42 0 485.419 0 -485.419
39 57 468.194 470.496 2.30196
18 0 483.083 0 -483.083
46 52 479.458 481.76 2.30196
41 0 481.63 0 -481.63
25 0 710.315 0 -710.315
22 56 936.766 939.068 2.30196
1 63 468.258 470.56 2.30196
19 57 467.589 469.891 2.30196
28 0 468.173 0 -468.173
15 57 472.549 474.851 2.30195
38 0 473.851 0 -473.851
49 55 484.999 487.301 2.30196
6 0 484.625 0 -484.625
13 57 484.595 486.897 2.30195
18 0 710.976 0 -710.976
6 57 712.518 714.82 2.30196
27 0 712.331 0 -712.331
25 0 1393.99 0 -1393.99
35 0 467.237 0 -467.237
10 63 474.158 476.46 2.30196
7 0 1388.28 0 -1388.28
12 63 477.037 479.339 2.30195
25 0 482.422 0 -482.422
8 57 485.409 487.711 2.30195
19 0 1379.16 0 -1379.16
32 63 463.53 465.831 2.30195
33 63 479.419 481.721 2.30195
36 0 485.747 0 -485.747
41 0 709.524 0 -709.524
5 63 471.628 473.93 2.30196
20 57 474.221 476.523 2.30195
27 0 484.438 0 -484.438
30 0 457.697 0 -457.697
17 57 457.711 460.012 2.30195
14 63 458.069 460.371 2.30195
24 0 458.336 0 -458.336
43 0 458.466 0 -458.466
3 57 458.917 461.219 2.30195
9 0 459.418 0 -459.418
16 63 460.301 462.602 2.30195
45 50 460.745 463.047 2.30196
21 0 461.18 0 -461.18
29 57 462.199 464.501 2.30195
31 57 463.121 465.423 2.30195
23 63 1185.79 1185.89 0.0975378
49 55 1199.21 1199.31 0.0975392
4 57 476.595 478.897 2.30196
26 0 476.863 0 -476.863
44 57 930.711 930.814 0.102657
8 57 713.302 715.604 2.30195
36 0 713.64 0 -713.64
11 0 938.926 0 -938.926
49 55 712.892 715.194 2.30196
47 60 932.039 934.341 2.30196
34 0 936.929 0 -936.929
4 0 932.382 0 -932.382
30 63 685.59 687.892 2.30196
17 0 685.604 0 -685.604
14 63 685.963 688.265 2.30195
24 0 686.229 0 -686.229
43 0 686.359 0 -686.359
3 57 686.81 689.112 2.30195
9 0 687.312 0 -687.312
16 60 688.194 690.496 2.30196
45 50 688.638 690.94 2.30196
21 0 689.073 0 -689.073
29 0 690.092 0 -690.092
31 63 691.014 693.316 2.30196
32 63 691.423 693.725 2.30195
48 54 692.431 694.733 2.30196
40 63 693.5 695.802 2.30196
0 0 694.453 0 -694.453
35 0 695.13 0 -695.13
19 57 695.482 697.784 2.30196
28 53 696.066 698.368 2.30197
39 0 696.087 0 -696.087
1 63 696.151 698.453 2.30196
23 63 699.474 701.776 2.30195
5 0 699.521 0 -699.521
15 0 700.442 0 -700.442
38 0 701.744 0 -701.744
10 0 702.052 0 -702.052
20 57 702.115 704.416 2.30195
44 57 702.818 705.12 2.30195
47 60 704.146 706.448 2.30196
4 0 704.488 0 -704.488
7 0 704.605 0 -704.605
26 0 704.756 0 -704.756
12 62 704.93 707.232 2.30196
37 63 707.153 709.455 2.30196
33 63 707.312 709.614 2.30195
46 51 707.351 709.653 2.30196
2 57 708.754 711.056 2.30196
22 0 708.873 0 -708.873
34 0 709.035 0 -709.035
42 0 713.312 0 -713.312
36 0 941.533 0 -941.533
3 57 1143.13 1143.23 0.0975371
0 0 1378.13 0 -1378.13
16 63 981.17 981.499 0.328705
48 54 1050.49 1050.82 0.328711
46 52 953.672 953.774 0.102659
12 63 932.823 935.125 2.30195
2 0 936.647 0 -936.647
49 55 1019.21 1019.31 0.0975392
8 57 959.623 959.72 0.0975378
23 63 945.795 945.897 0.102658
42 0 941.206 0 -941.206
45 50 977.56 977.889 0.328711
49 55 940.785 940.97 0.184835
23 63 927.368 927.47 0.102658
37 63 935.046 937.348 2.30196
25 0 938.208 0 -938.208
23 63 975.795 975.897 0.102658
16 57 948.629 948.957 0.32871
15 56 928.335 930.637 2.30196
20 0 930.008 0 -930.008
7 0 932.498 0 -932.498
6 0 940.411 0 -940.411
27 0 940.225 0 -940.225
3 57 933.131 933.233 0.102657
48 54 952.866 953.194 0.328711
18 0 938.87 0 -938.87
3 57 1053.13 1053.23 0.0975371
46 52 935.245 935.429 0.184835
26 0 932.649 0 -932.649
14 63 962.283 962.38 0.0975373
44 57 949.138 949.236 0.097537
30 63 913.483 915.785 2.30196
17 57 913.497 915.799 2.30195
14 63 913.856 913.959 0.102657
24 0 914.122 0 -914.122
43 0 914.252 0 -914.252
3 57 914.703 914.806 0.102657
9 0 915.205 0 -915.205
16 63 916.087 916.416 0.328705
45 50 916.532 917.148 0.616455
21 0 916.967 0 -916.967
29 0 917.986 0 -917.986
31 0 918.908 0 -918.908
32 63 919.316 921.618 2.30195
48 54 920.324 920.653 0.328711
40 0 921.394 0 -921.394
0 0 922.346 0 -922.346
35 0 923.023 0 -923.023
19 0 923.375 0 -923.375
28 57 923.959 926.261 2.30196
39 60 923.98 926.282 2.30196
1 63 924.044 926.346 2.30196
10 57 929.945 932.247 2.30196
33 63 953.633 953.735 0.102658
41 63 937.417 939.719 2.30196
5 56 927.414 929.716 2.30196
44 57 979.138 979.236 0.097537
33 63 935.206 935.308 0.102658
13 56 940.382 942.684 2.30196
49 55 959.212 959.315 0.102659
8 57 941.196 941.298 0.102658
3 57 963.131 963.228 0.0975371
48 54 985.407 985.736 0.328711
38 0 929.638 0 -929.638
21 63 1372.75 1375.06 2.30196
16 63 1013.71 1014.04 0.328705
8 57 989.623 989.72 0.0975378
17 57 1369.28 1369.39 0.102658
3 57 993.131 993.228 0.0975371
23 63 1005.79 1005.9 0.102658
45 50 1010.1 1010.43 0.328711
49 55 989.212 989.31 0.0975392
45 50 1172.81 1173.14 0.328711
37 63 1173.1 1173.2 0.0975399
30 63 1202.4 1202.73 0.328708
48 54 1017.95 1018.28 0.328711
46 52 983.672 983.774 0.102659
33 63 983.633 983.73 0.0975376
16 63 1046.25 1046.44 0.184833
14 63 992.283 992.38 0.0975373
14 63 1172.28 1172.38 0.0975373
23 63 1035.79 1035.89 0.0975378
33 63 1013.63 1013.73 0.0975376
46 52 1013.67 1013.77 0.102659
44 57 1009.14 1009.24 0.097537
14 63 1022.28 1022.38 0.0975373
16 63 1174.51 1174.62 0.102657
3 57 1023.13 1023.23 0.0975371
45 50 1042.64 1042.97 0.328711
49 55 1169.21 1169.31 0.0975392
46 52 1043.67 1043.77 0.102659
33 63 1043.63 1043.73 0.0975376
8 57 1019.62 1019.72 0.0975378
48 54 1083.03 1083.36 0.328711
46 52 1073.67 1073.77 0.102659
8 57 1049.62 1049.72 0.0975378
44 57 1039.14 1039.24 0.097537
16 63 1064.55 1064.65 0.102657
33 63 1073.63 1073.73 0.0975376
14 63 1052.28 1052.38 0.0975373
33 63 1163.63 1163.73 0.0975376
45 50 1075.19 1075.51 0.328711
8 57 1079.62 1079.72 0.0975378
49 55 1049.21 1049.32 0.102659
49 55 1079.21 1079.32 0.102659
44 57 1069.14 1069.24 0.097537
14 63 1082.28 1082.38 0.0975373
45 50 1107.73 1108.06 0.328711
26 57 1160.54 1162.84 2.30195
3 57 1083.13 1083.23 0.0975371
46 52 1103.67 1103.77 0.102659
23 63 1095.79 1095.89 0.0975378
23 63 1065.79 1065.89 0.0975378
8 57 1169.62 1169.72 0.0975378
49 55 1109.21 1109.32 0.102659
16 63 1084.51 1084.62 0.102657
44 57 1099.14 1099.24 0.097537
46 52 1163.67 1163.77 0.0975391
33 63 1103.63 1103.73 0.0975376
29 57 1145.88 1148.18 2.30195
14 63 1112.28 1112.38 0.0975373
21 0 1144.86 0 -1144.86
23 63 1125.79 1125.89 0.0975378
39 0 1151.87 0 -1151.87
43 60 1142.15 1144.45 2.30196
8 57 1109.62 1109.72 0.0975378
45 50 1140.27 1140.6 0.328711
16 63 1114.51 1114.62 0.102657
37 57 1162.94 1163.04 0.102662
2 0 1164.54 0 -1164.54
17 57 1141.39 1143.69 2.30195
29 57 1373.77 1373.87 0.102659
5 57 1155.31 1157.61 2.30196
24 57 1142.02 1144.32 2.30196
28 0 1151.85 0 -1151.85
3 57 1113.13 1113.23 0.0975371
10 63 1157.84 1160.14 2.30196
43 57 1370.04 1372.34 2.30196
8 57 1139.62 1139.72 0.0975378
30 63 1141.38 1141.99 0.616452
9 60 1143.1 1145.4 2.30196
48 54 1115.57 1115.9 0.328711
1 0 1151.94 0 -1151.94
14 63 1142.28 1142.38 0.0975373
20 57 1157.9 1160.2 2.30195
44 57 1129.14 1129.24 0.097537
46 52 1133.67 1133.77 0.102659
33 63 1133.63 1133.73 0.0975376
27 0 1168.12 0 -1168.12
15 63 1156.23 1158.53 2.30196
19 62 1151.27 1153.57 2.30196
49 55 1139.21 1139.32 0.102659
12 60 1160.72 1163.02 2.30196
0 0 1150.24 0 -1150.24
4 0 1160.27 0 -1160.27
48 54 1148.12 1148.44 0.328711
40 0 1149.29 0 -1149.29
35 0 1150.92 0 -1150.92
32 57 1147.21 1147.31 0.102662
31 57 1146.8 1149.1 2.30195
6 57 1168.3 1170.61 2.30196
13 0 1168.27 0 -1168.27
7 57 1160.39 1162.69 2.30195
38 0 1157.53 0 -1157.53
36 55 1169.43 1171.73 2.30197
42 57 1169.1 1171.4 2.30196
47 60 1159.93 1160.04 0.102659
18 57 1166.76 1169.06 2.30195
22 63 1164.66 1166.96 2.30196
11 0 1166.82 0 -1166.82
34 0 1164.82 0 -1164.82
41 0 1165.31 0 -1165.31
25 0 1166.1 0 -1166.1
9 57 1370.99 1373.29 2.30196
47 60 1170.1 1170.2 0.102659
3 57 1173.13 1173.23 0.0975371
44 57 1159.14 1159.24 0.097537
23 63 1155.79 1155.89 0.0975378
24 57 1369.91 1372.21 2.30196
