16 33 0.388964 2.69093 2.30196
15 32 0.86374 3.1657 2.30196
18 34 25.324 27.6259 2.30196
23 34 1.1326 3.43456 2.30196
27 32 1.46145 3.7634 2.30195
28 31 1.63179 3.93374 2.30196
3 0 932.138 0 -932.138
28 31 931.632 931.734 0.102661
3 33 2.13837 4.44032 2.30196
1 30 930.226 932.528 2.30196
9 30 3.38093 5.68289 2.30196
5 30 3.69333 5.99529 2.30196
26 33 4.33018 6.63213 2.30195
10 31 8.92871 11.2307 2.30196
0 30 8.34494 10.6469 2.30196
8 30 9.36255 11.6645 2.30196
2 30 9.31916 11.6211 2.30196
11 32 938.432 938.617 0.184836
10 31 920.502 920.687 0.184839
14 34 12.0463 14.3483 2.30196
20 33 11.7285 14.0304 2.30196
14 34 1152.05 1152.22 0.1746
29 32 13.8465 16.1484 2.30196
7 33 14.0657 16.3677 2.30196
17 34 933.483 935.785 2.30196
0 0 919.918 0 -919.918
6 33 15.4015 17.7035 2.30196
24 34 15.1816 17.4836 2.30195
25 33 18.9179 21.2198 2.30195
1 0 18.6534 0 -18.6534
21 33 18.2523 20.5542 2.30196
29 34 943.846 943.949 0.102661
12 34 19.6218 21.9238 2.30196
19 0 20.1528 0 -20.1528
4 33 25.5104 27.8123 2.30196
17 34 21.9102 24.2121 2.30196
13 32 23.3764 25.6783 2.30196
22 33 22.9533 25.2552 2.30196
19 34 248.046 250.348 2.30196
11 32 26.8589 29.1609 2.30196
26 33 915.903 918.205 2.30195
12 34 247.515 249.817 2.30196
22 33 250.847 253.148 2.30196
25 33 246.811 249.113 2.30195
13 32 251.27 253.572 2.30196
16 34 911.962 912.578 0.616457
5 33 915.266 917.568 2.30197
9 30 914.954 915.057 0.102662
17 34 249.803 252.105 2.30196
3 33 913.711 913.814 0.102662
23 34 931.133 931.235 0.102662
2 0 465.106 0 -465.106
15 32 912.437 914.739 2.30196
4 33 937.083 939.385 2.30196
24 34 926.755 926.857 0.102658
1 0 246.547 0 -246.547
24 34 470.968 473.27 2.30195
16 33 228.282 230.584 2.30196
15 32 228.757 231.059 2.30196
23 34 229.026 231.328 2.30196
27 32 229.355 231.657 2.30195
28 31 229.525 231.827 2.30196
3 33 230.032 232.334 2.30196
9 30 231.274 233.576 2.30196
5 30 231.587 233.889 2.30196
28 31 913.205 913.307 0.102661
26 33 232.223 234.525 2.30195
0 33 236.238 238.54 2.30196
10 31 236.822 239.124 2.30196
2 0 237.212 0 -237.212
23 34 912.706 912.89 0.184838
8 30 237.256 239.558 2.30196
20 33 239.622 241.924 2.30196
14 31 239.94 242.242 2.30196
29 34 241.74 244.042 2.30196
7 33 241.959 244.261 2.30196
24 34 243.075 245.377 2.30195
6 33 243.295 245.597 2.30196
21 33 246.146 248.447 2.30196
18 33 936.897 937.513 0.61646
21 33 929.825 930.154 0.32871
27 32 913.034 915.336 2.30195
9 30 933.381 933.484 0.102662
6 32 926.974 929.276 2.30197
11 32 254.752 257.054 2.30196
18 34 253.217 255.519 2.30196
4 33 253.404 255.706 2.30196
10 31 938.929 939.103 0.174599
12 34 931.195 933.497 2.30196
4 33 481.297 483.599 2.30196
10 31 464.715 467.017 2.30196
14 34 467.833 470.135 2.30196
6 33 471.188 473.49 2.30196
20 33 467.515 469.817 2.30196
8 0 465.149 0 -465.149
17 34 477.697 479.999 2.30196
19 0 475.939 0 -475.939
21 33 474.039 476.341 2.30196
22 33 934.526 934.711 0.184837
11 32 482.645 484.947 2.30196
0 30 464.131 466.433 2.30196
7 33 469.852 472.154 2.30196
13 32 479.163 481.465 2.30196
12 34 475.408 477.71 2.30196
1 0 474.44 0 -474.44
14 34 923.619 924.236 0.616456
29 34 469.633 471.935 2.30196
25 33 474.704 477.006 2.30195
18 34 709.004 711.306 2.30196
16 33 456.175 458.477 2.30196
15 32 456.65 458.952 2.30196
23 34 456.919 459.221 2.30196
27 32 457.248 459.55 2.30195
28 31 457.418 459.72 2.30196
3 33 457.925 460.227 2.30196
9 30 459.167 461.469 2.30196
5 0 459.48 0 -459.48
26 33 460.117 462.419 2.30195
3 33 1112.14 1112.24 0.102662
25 0 930.491 0 -930.491
22 33 478.74 481.042 2.30196
18 33 481.11 483.412 2.30196
7 30 925.639 927.941 2.30196
13 31 934.949 937.251 2.30196
24 34 1005.18 1005.28 0.102658
8 0 920.936 0 -920.936
17 34 1179.67 1179.78 0.102663
29 34 1003.85 1003.94 0.0975411
4 30 709.19 711.492 2.30196
20 33 923.301 925.603 2.30196
19 32 931.726 934.028 2.30196
11 32 710.539 712.841 2.30196
16 34 684.069 686.371 2.30196
15 0 684.543 0 -684.543
23 34 684.812 687.114 2.30196
27 0 685.141 0 -685.141
28 31 685.312 687.613 2.30196
3 33 685.818 688.12 2.30196
9 30 687.061 689.363 2.30196
5 0 687.373 0 -687.373
26 0 688.01 0 -688.01
0 0 692.025 0 -692.025
10 31 692.608 694.91 2.30196
2 0 692.999 0 -692.999
8 0 693.042 0 -693.042
20 33 695.408 697.71 2.30196
14 34 695.726 698.028 2.30196
29 34 697.526 699.828 2.30196
7 0 697.745 0 -697.745
24 31 698.861 701.163 2.30197
6 0 699.081 0 -699.081
21 33 701.932 704.234 2.30196
1 30 702.333 704.635 2.30196
25 33 702.598 704.9 2.30195
12 34 703.302 705.604 2.30196
19 33 703.833 706.134 2.30196
17 34 705.59 707.892 2.30196
22 33 706.633 708.935 2.30196
13 31 707.056 709.358 2.30196
9 30 1113.38 1113.48 0.0975423
29 34 925.419 925.604 0.184837
18 34 997.925 998.542 0.616457
2 0 920.892 0 -920.892
24 34 945.182 945.284 0.102658
16 34 1188.62 1188.95 0.328713
10 31 1148.93 1149.03 0.0975432
22 33 982.953 983.056 0.102661
10 31 998.929 999.031 0.102663
9 30 963.381 963.484 0.102662
28 31 961.632 961.734 0.102661
21 33 962.367 962.552 0.184838
22 33 952.953 953.128 0.174597
22 33 1162.95 1163.05 0.0975406
26 33 1153.96 1154.06 0.102657
11 32 956.859 956.962 0.10266
25 33 1158.38 1160.69 2.30195
3 33 962.138 962.236 0.0975418
23 34 961.133 961.23 0.0975424
16 34 972.99 973.607 0.616457
23 34 1171.13 1171.24 0.102662
0 30 1147.81 1150.11 2.30196
10 31 1118.93 1119.03 0.0975432
14 34 984.648 985.264 0.616456
10 31 968.929 969.103 0.174599
29 34 973.846 973.944 0.0975411
11 32 986.859 986.956 0.09754
24 34 975.182 975.279 0.0975384
21 33 980.665 980.84 0.174598
27 32 1151.09 1151.19 0.102659
3 33 992.138 992.236 0.0975418
9 30 993.381 993.478 0.0975423
28 31 991.632 991.729 0.0975408
23 34 991.133 991.235 0.102662
29 34 1183.85 1183.94 0.0975411
21 33 1008.25 1008.43 0.174598
28 31 1021.63 1021.73 0.0975408
3 33 1022.14 1022.24 0.0975418
22 33 1012.95 1013.06 0.102661
11 32 1016.86 1016.96 0.09754
23 34 1021.13 1021.24 0.102662
16 34 1034.02 1034.64 0.616457
9 30 1023.38 1023.48 0.0975423
10 31 1028.93 1029.03 0.0975432
21 33 1038.25 1038.43 0.174598
23 34 1051.13 1051.24 0.102662
24 34 1035.18 1035.28 0.102658
9 30 1053.38 1053.48 0.0975423
29 34 1033.85 1033.94 0.0975411
14 34 1045.68 1046 0.328712
3 33 1052.14 1052.24 0.102662
16 34 1095.05 1095.66 0.616457
11 32 1046.86 1046.96 0.09754
22 33 1042.95 1043.05 0.0975406
18 34 1058.95 1059.57 0.616457
14 34 1078.22 1078.55 0.328712
10 31 1058.93 1059.03 0.0975432
28 31 1051.63 1051.73 0.102661
3 33 1172.14 1172.24 0.0975418
11 32 1076.86 1076.96 0.10266
21 33 1068.25 1068.43 0.174598
24 34 1065.18 1065.28 0.0975384
29 34 1063.85 1063.94 0.0975411
28 31 1081.63 1081.73 0.102661
28 31 1171.63 1171.73 0.0975408
18 34 1217.61 1217.94 0.328713
9 30 1083.38 1083.48 0.0975423
26 33 1143.8 1143.9 0.102657
3 33 1082.14 1082.24 0.102662
27 32 1171.46 1171.56 0.102659
22 33 1072.95 1073.06 0.102661
18 33 1185.07 1185.39 0.328716
23 34 1081.13 1081.23 0.0975424
21 33 1098.25 1098.43 0.174598
10 31 1088.93 1089.03 0.0975432
28 31 1111.63 1111.73 0.102661
11 32 1106.86 1106.96 0.10266
18 34 1119.98 1120.31 0.328713
27 32 1140.93 1141.03 0.102659
29 34 1093.85 1093.94 0.0975411
14 34 1110.76 1110.94 0.18484
24 34 1095.18 1095.28 0.0975384
5 30 1143.16 1145.46 2.30196
24 34 1125.18 1125.28 0.0975384
23 34 1111.13 1111.23 0.0975424
8 0 1148.83 0 -1148.83
22 33 1132.95 1133.06 0.102661
17 34 1161.38 1161.56 0.184839
22 33 1102.95 1103.06 0.102661
2 0 1148.79 0 -1148.79
11 32 1136.86 1136.96 0.10266
15 32 1140.33 1140.51 0.184836
11 32 1166.86 1166.96 0.10266
20 33 1151.19 1151.52 0.328711
14 34 1129.06 1129.23 0.1746
1 0 1158.12 0 -1158.12
29 34 1123.85 1123.94 0.0975411
12 34 1159.09 1159.27 0.184838
7 33 1153.53 1154.15 0.616458
4 33 1164.98 1167.28 2.30196
21 33 1128.25 1128.43 0.174598
18 34 1152.52 1152.85 0.328713
15 31 1158.63 1158.73 0.102665
6 30 1154.87 1157.17 2.30196
28 31 1141.63 1141.73 0.0975408
23 34 1141.13 1141.24 0.102662
24 34 1155.18 1155.28 0.0975384
9 30 1143.38 1143.48 0.0975423
19 32 1159.62 1161.92 2.30196
13 31 1162.84 1165.14 2.30196
3 33 1142.14 1142.24 0.0975418
9 30 1173.38 1173.48 0.0975423
16 34 1156.08 1156.4 0.328713
15 32 1170.86 1170.96 0.0975398
5 30 1371.05 1373.35 2.30196
29 34 1153.85 1153.94 0.0975411
12 34 1177.39 1177.49 0.102662
21 33 1158.25 1158.43 0.174598
10 31 1178.93 1179.03 0.0975432
26 33 1174.33 1174.43 0.102657
19 33 1387.51 1389.81 2.30196
0 30 1375.7 1376.32 0.616456
2 30 1376.68 1378.98 2.30196
8 30 1376.72 1379.02 2.30196
22 33 1192.95 1193.05 0.0975406
7 33 1214.56 1214.89 0.328714
1 30 1386.01 1388.31 2.30196
25 0 1386.28 0 -1386.28
4 33 1392.87 1393.49 0.616458
12 34 1189.62 1189.72 0.0975418
6 33 1382.76 1385.06 2.30196
20 33 1183.74 1184.07 0.328711
14 34 1182.05 1182.22 0.1746
21 33 1188.25 1188.43 0.174598
24 0 1185.18 0 -1185.18
17 34 1191.91 1192.01 0.0975434
13 32 1390.74 1391.06 0.328712
11 32 1196.86 1196.96 0.09754
