32 44 0.971336 3.27329 2.30196
9 45 1.44902 3.75097 2.30196
18 42 1087.76 1087.86 0.0975375
22 54 6.72074 9.0227 2.30195
33 48 5.77009 8.07205 2.30196
2 45 5.11633 7.41828 2.30195
38 41 6.06222 8.36418 2.30195
13 50 7.40887 9.71083 2.30196
6 45 5.35589 7.65784 2.30195
17 50 1091.62 1091.72 0.0975402
8 45 1078.44 1078.62 0.174594
26 0 1185.03 0 -1185.03
18 42 7.76358 10.0655 2.30195
10 56 18.0038 20.3057 2.30196
4 45 10.0066 12.3085 2.30195
28 55 9.83321 12.1352 2.30195
17 50 11.6244 13.9264 2.30196
36 58 11.6674 13.9693 2.30195
10 56 1188 1188.11 0.102661
20 42 15.7139 18.0159 2.30196
5 56 12.1714 14.4734 2.30196
11 0 13.4574 0 -13.4574
25 48 13.9931 16.295 2.30195
1 45 13.7364 16.0383 2.30195
15 59 1184.98 1185.07 0.0975399
1 45 1093.74 1093.83 0.0975362
0 56 15.4107 17.7127 2.30196
26 48 15.0299 17.3318 2.30195
15 59 14.9759 17.2779 2.30196
37 49 15.4218 17.7237 2.30195
19 42 15.8211 18.1231 2.30196
19 42 1035.82 1035.92 0.0975409
37 49 1185.42 1185.52 0.0975385
24 54 16.2013 18.5032 2.30195
29 55 29.5119 31.8139 2.30195
30 49 248.191 250.493 2.30196
39 46 1190.02 1190.35 0.328706
7 56 18.5163 20.8182 2.30196
39 46 18.1167 20.4187 2.30195
12 45 18.9157 21.2177 2.30195
27 48 19.3876 21.6895 2.30196
30 0 20.2974 0 -20.2974
36 58 1091.67 1091.76 0.0975367
17 50 1121.62 1121.72 0.0975402
31 0 20.3153 0 -20.3153
39 46 1124.94 1125.27 0.328706
38 41 1086.06 1086.16 0.0975377
3 45 21.2575 23.5595 2.30195
35 47 22.7491 25.051 2.30196
16 50 23.7177 26.0196 2.30196
23 54 23.4995 25.8014 2.30196
14 50 25.4114 27.7133 2.30195
7 45 1385.88 1385.98 0.102659
29 55 1079.51 1079.61 0.102658
21 42 27.3715 29.6734 2.30196
34 47 26.941 29.243 2.30196
8 45 256.334 258.636 2.30195
8 45 28.4411 30.743 2.30195
9 45 1140.92 1143.22 2.30196
37 49 1095.42 1095.52 0.102659
16 50 251.611 253.913 2.30196
27 48 247.281 249.583 2.30196
10 56 1098 1098.11 0.102661
3 45 1101.26 1101.36 0.097537
5 56 467.958 470.26 2.30196
29 55 257.405 259.707 2.30195
18 42 1177.76 1177.86 0.0975375
31 0 248.209 0 -248.209
12 45 246.809 249.111 2.30195
32 44 228.865 231.167 2.30196
9 45 229.342 231.644 2.30196
2 45 233.01 235.312 2.30195
6 45 233.249 235.551 2.30195
33 48 233.663 235.965 2.30196
38 41 233.955 236.257 2.30195
22 54 234.614 236.916 2.30195
13 50 235.302 237.604 2.30196
18 42 235.657 237.959 2.30195
28 55 237.726 240.028 2.30195
4 45 237.9 240.202 2.30195
17 50 239.518 241.82 2.30196
36 58 239.561 241.863 2.30195
5 56 240.065 242.367 2.30196
11 44 241.351 243.653 2.30196
1 45 241.63 243.932 2.30195
25 48 241.886 244.188 2.30195
15 59 242.869 245.171 2.30196
26 48 242.923 245.225 2.30195
0 45 243.304 245.606 2.30195
37 49 243.315 245.617 2.30195
20 42 243.607 245.909 2.30196
19 42 243.714 246.016 2.30196
24 54 244.095 246.396 2.30195
10 56 245.897 248.199 2.30196
39 46 246.01 248.312 2.30195
7 56 246.41 248.711 2.30196
0 45 1185.41 1185.51 0.0975379
22 54 1086.72 1086.9 0.174595
23 54 251.393 253.695 2.30196
3 45 249.151 251.453 2.30195
35 47 250.642 252.944 2.30196
8 45 1108.44 1108.62 0.174594
33 48 1115.77 1115.87 0.10266
8 45 712.121 714.423 2.30195
13 50 1199.69 1200.02 0.328708
31 45 1387.67 1389.98 2.30196
14 50 253.305 255.607 2.30195
34 47 254.834 257.136 2.30196
21 42 255.265 257.567 2.30196
2 0 1144.58 0 -1144.58
33 48 1085.77 1085.87 0.10266
14 50 1075.41 1075.51 0.0975388
35 47 1102.75 1102.85 0.0975396
11 44 469.244 471.546 2.30196
17 50 1181.62 1181.72 0.0975402
5 56 1379.53 1379.63 0.102659
36 58 1181.67 1181.76 0.0975367
27 48 1189.39 1189.49 0.0975401
23 54 1103.5 1103.67 0.174596
25 48 1183.99 1184.09 0.0975383
15 59 1094.98 1095.07 0.0975399
20 42 1095.71 1095.81 0.0975397
39 46 1059.86 1060.19 0.328706
36 58 1121.67 1121.76 0.0975367
36 58 1031.67 1031.76 0.0975367
12 45 930.489 932.791 2.30195
14 50 709.091 711.393 2.30195
25 48 469.78 472.082 2.30195
39 46 994.773 995.102 0.328706
1 45 469.523 471.825 2.30195
27 48 475.174 477.476 2.30196
30 49 476.084 478.386 2.30196
35 47 478.536 480.838 2.30196
34 47 482.728 485.029 2.30196
18 42 463.55 465.852 2.30195
19 42 471.608 473.91 2.30196
14 50 481.198 483.5 2.30195
13 50 463.195 465.497 2.30196
4 45 1149.47 1149.66 0.184834
15 59 470.762 473.064 2.30196
31 0 476.102 0 -476.102
21 42 483.158 485.46 2.30196
24 54 1096.2 1096.3 0.102659
10 56 473.79 476.092 2.30196
7 45 474.303 476.605 2.30196
23 54 479.286 481.588 2.30196
32 44 456.758 459.06 2.30196
9 45 457.236 459.537 2.30196
2 45 460.903 463.205 2.30195
6 45 461.142 463.444 2.30195
33 48 461.557 463.859 2.30196
38 41 461.849 464.151 2.30195
22 54 462.507 464.809 2.30195
17 50 467.411 469.713 2.30196
37 49 471.208 473.51 2.30195
4 45 465.793 468.095 2.30195
28 55 465.62 467.922 2.30195
0 45 471.197 473.499 2.30195
36 58 467.454 469.756 2.30195
20 42 471.5 473.802 2.30196
26 48 470.816 473.118 2.30195
24 54 1186.2 1186.3 0.102659
28 55 1089.83 1089.93 0.0975367
16 50 1103.72 1103.82 0.0975407
22 54 1116.72 1116.9 0.174595
24 54 471.988 474.29 2.30195
3 45 477.044 479.346 2.30195
16 50 479.504 481.806 2.30196
39 46 473.903 476.205 2.30195
12 45 474.702 477.004 2.30195
27 48 1099.39 1099.49 0.10266
13 50 1134.61 1134.94 0.328708
13 50 1102.07 1102.4 0.328708
8 45 484.228 486.53 2.30195
29 55 485.298 487.6 2.30195
29 55 713.192 715.494 2.30195
21 42 711.051 713.353 2.30196
34 57 710.621 712.923 2.30196
35 47 934.322 934.507 0.184836
32 44 684.651 686.953 2.30196
9 45 685.129 687.431 2.30196
2 0 688.796 0 -688.796
6 0 689.036 0 -689.036
33 48 689.45 691.752 2.30196
38 41 689.742 692.044 2.30195
22 54 690.4 692.702 2.30195
13 50 691.089 693.391 2.30196
18 42 691.443 693.745 2.30195
28 55 693.513 695.815 2.30195
4 45 693.686 695.988 2.30195
17 59 695.304 697.606 2.30196
36 58 695.347 697.649 2.30195
5 56 695.851 698.153 2.30196
11 0 697.137 0 -697.137
1 45 697.416 699.718 2.30195
25 48 697.673 699.975 2.30195
15 50 698.656 700.958 2.30196
26 48 698.71 701.012 2.30195
0 45 699.09 701.392 2.30195
37 60 699.102 701.403 2.30196
20 42 699.394 701.696 2.30196
19 42 699.501 701.803 2.30196
24 54 699.881 702.183 2.30195
10 41 701.684 703.985 2.30196
39 46 701.796 704.098 2.30195
7 0 702.196 0 -702.196
12 0 702.595 0 -702.595
27 58 703.067 705.369 2.30196
30 49 703.977 706.279 2.30196
31 0 703.995 0 -703.995
3 45 704.937 707.239 2.30195
35 47 706.429 708.731 2.30196
23 54 707.179 709.481 2.30196
16 59 707.397 709.699 2.30196
38 41 936.062 936.165 0.102658
39 46 929.69 930.018 0.328706
12 45 1188.92 1189.01 0.0975369
4 45 1180.01 1180.1 0.0975377
38 41 1116.06 1116.16 0.0975377
28 55 1179.83 1179.93 0.0975367
8 45 940.014 940.343 0.328706
26 48 1095.03 1095.13 0.0975372
6 0 1144.82 0 -1144.82
24 54 1036.2 1036.3 0.102659
10 56 1038 1038.11 0.102661
7 56 930.089 932.391 2.30196
1 45 925.309 925.412 0.102656
14 50 936.984 937.313 0.328707
20 42 1035.71 1035.82 0.10266
19 42 1095.82 1095.92 0.102661
34 47 938.514 940.816 2.30196
1 45 1033.74 1033.83 0.0975362
15 59 1034.98 1035.07 0.0975399
26 48 1035.03 1035.13 0.0975372
1 45 973.736 973.834 0.0975362
28 55 1029.83 1029.93 0.0975367
17 50 1031.62 1031.72 0.0975402
11 45 925.03 927.332 2.30196
10 56 929.577 929.762 0.184837
32 44 912.544 913.859 1.31482
9 45 913.022 915.324 2.30196
2 0 916.689 0 -916.689
6 0 916.929 0 -916.929
33 48 917.343 917.446 0.10266
38 41 917.635 917.738 0.102658
22 54 918.294 918.479 0.184835
13 50 918.982 919.598 0.616452
18 42 919.337 919.439 0.102658
28 55 921.406 921.509 0.102657
4 45 921.58 923.882 2.30195
17 50 923.197 923.3 0.10266
36 58 923.24 923.343 0.102657
5 56 923.744 926.046 2.30196
14 50 969.526 969.711 0.184835
8 45 972.556 972.884 0.328706
29 55 973.627 973.811 0.184834
20 42 1185.71 1185.82 0.10266
28 55 1119.83 1119.93 0.0975367
16 50 935.291 935.619 0.328709
24 54 927.774 927.877 0.102659
25 58 925.566 927.868 2.30196
18 42 937.764 937.866 0.102658
29 55 941.085 941.414 0.328706
20 42 927.287 927.39 0.10266
27 48 930.961 931.063 0.10266
19 42 927.394 927.497 0.102661
37 49 926.995 927.097 0.102659
0 45 926.984 929.286 2.30195
20 42 945.714 945.817 0.10266
16 50 967.832 968.017 0.184837
30 49 931.87 934.172 2.30196
23 54 935.072 935.401 0.328708
21 42 938.944 941.246 2.30196
3 45 932.831 932.933 0.102657
15 59 926.549 926.652 0.10266
26 48 926.603 926.706 0.102657
36 58 971.667 971.77 0.102657
31 45 931.888 934.19 2.30196
33 48 935.77 935.873 0.10266
35 47 952.749 952.924 0.174596
17 50 941.624 941.722 0.0975402
22 54 936.721 936.895 0.174595
28 55 939.833 939.936 0.102657
15 59 944.976 945.073 0.0975399
19 42 945.821 945.924 0.102661
1 45 943.736 943.834 0.0975362
26 48 1155.03 1155.13 0.0975372
26 48 945.03 945.133 0.102657
37 49 945.422 945.524 0.102659
27 48 949.388 949.49 0.10266
36 58 941.667 941.77 0.102657
10 56 948.004 948.106 0.102661
39 46 962.231 962.56 0.328706
16 50 1193.72 1193.82 0.0975407
24 54 946.201 946.299 0.097539
23 54 967.614 967.799 0.184836
3 45 951.258 951.355 0.097537
13 50 980.01 980.627 0.616452
18 42 967.764 967.866 0.102658
38 41 966.062 966.16 0.0975377
22 54 966.721 966.895 0.174595
17 50 971.624 971.722 0.0975402
19 42 975.821 975.924 0.102661
33 48 965.77 965.873 0.10266
23 54 1193.5 1193.67 0.174596
26 48 975.03 975.127 0.0975372
28 55 969.833 969.936 0.102657
37 49 975.422 975.519 0.0975385
27 48 979.388 979.485 0.0975401
15 59 974.976 975.073 0.0975399
24 54 976.201 976.299 0.097539
3 45 981.258 981.36 0.102657
10 56 978.004 978.106 0.102661
23 54 985.913 986.087 0.174596
38 41 996.062 996.16 0.0975377
20 42 975.714 975.817 0.10266
16 50 986.131 986.233 0.102661
28 55 999.833 999.936 0.102657
36 58 1001.67 1001.77 0.102657
14 50 987.824 987.999 0.174595
8 45 1005.1 1005.43 0.328706
22 54 996.721 996.895 0.174595
35 47 982.749 982.924 0.174596
17 50 1001.62 1001.72 0.0975402
33 48 995.77 995.873 0.10266
29 55 991.925 992.1 0.174594
18 42 997.764 997.866 0.102658
26 48 1005.03 1005.13 0.0975372
20 42 1005.71 1005.82 0.10266
37 49 1065.42 1065.52 0.102659
19 42 1005.82 1005.92 0.102661
1 45 1003.74 1003.83 0.0975362
15 59 1004.98 1005.07 0.0975399
37 49 1005.42 1005.52 0.102659
1 45 1153.74 1153.83 0.0975362
27 48 1009.39 1009.49 0.0975401
24 54 1006.2 1006.3 0.102659
16 50 1013.72 1013.82 0.0975407
10 56 1008 1008.11 0.102661
23 54 1013.5 1013.67 0.174596
3 45 1011.26 1011.36 0.097537
39 46 1027.31 1027.64 0.328706
35 47 1012.75 1012.92 0.174596
13 50 1041.04 1041.66 0.616452
29 55 1019.51 1019.61 0.102658
38 41 1176.06 1176.16 0.0975377
38 41 1026.06 1026.16 0.0975377
37 49 1035.42 1035.52 0.102659
18 42 1027.76 1027.87 0.102658
14 50 1015.41 1015.51 0.102659
22 54 1026.72 1026.9 0.174595
33 48 1025.77 1025.87 0.0975396
32 44 1042.71 1043.33 0.616451
8 45 1037.64 1037.82 0.184834
22 54 1056.72 1056.9 0.174595
18 42 1117.76 1117.86 0.0975375
32 44 1103.74 1104.36 0.616451
23 54 1043.5 1043.67 0.174596
36 58 1151.67 1151.76 0.0975367
3 45 1071.26 1071.36 0.097537
16 50 1043.72 1043.82 0.0975407
3 45 1041.26 1041.36 0.097537
27 48 1039.39 1039.49 0.10266
19 42 1155.82 1155.92 0.0975409
27 48 1069.39 1069.49 0.10266
1 45 1063.74 1063.83 0.0975362
14 50 1105.41 1105.51 0.0975388
29 55 1109.51 1109.61 0.102658
3 45 1191.26 1191.36 0.097537
19 42 1065.82 1065.92 0.0975409
35 47 1042.75 1042.85 0.10266
10 56 1068 1068.11 0.102661
33 48 1055.77 1055.87 0.0975396
39 46 1092.4 1092.73 0.328706
14 50 1045.41 1045.51 0.0975388
38 41 1056.06 1056.16 0.0975377
8 45 1055.94 1056.11 0.174594
35 47 1072.75 1072.85 0.0975396
29 55 1049.51 1049.61 0.102658
28 55 1059.83 1059.93 0.0975367
24 54 1066.2 1066.3 0.102659
20 42 1065.71 1065.82 0.10266
26 48 1065.03 1065.13 0.0975372
15 59 1064.98 1065.07 0.0975399
16 50 1073.72 1073.82 0.0975407
18 42 1057.76 1057.87 0.102658
17 50 1061.62 1061.72 0.0975402
23 54 1073.5 1073.67 0.174596
36 58 1061.67 1061.76 0.0975367
1 45 1183.74 1183.83 0.0975362
30 49 1220.79 1221.12 0.328708
5 56 1151.64 1153.94 2.30196
26 48 1125.03 1125.13 0.0975372
31 45 1159.78 1162.08 2.30196
7 45 1157.98 1160.28 2.30196
37 49 1125.42 1125.52 0.102659
15 59 1124.98 1125.07 0.0975399
20 42 1125.71 1125.81 0.0975397
19 42 1125.82 1125.92 0.102661
0 45 1154.88 1154.98 0.102658
11 45 1152.92 1155.23 2.30196
27 48 1129.39 1129.49 0.0975401
39 46 1157.48 1157.81 0.328706
30 49 1159.76 1160.38 0.616452
1 45 1123.74 1123.83 0.0975362
25 48 1153.46 1153.56 0.102658
3 45 1131.26 1131.36 0.097537
23 54 1133.5 1133.67 0.174596
10 56 1128 1128.1 0.0975408
24 54 1126.2 1126.3 0.097539
35 47 1132.75 1132.85 0.10266
16 50 1133.72 1133.82 0.0975407
12 45 1158.38 1158.48 0.102657
20 42 1155.71 1155.82 0.10266
35 47 1192.75 1192.85 0.10266
19 42 1185.82 1185.92 0.0975409
13 50 1167.15 1167.48 0.328708
14 50 1135.41 1135.51 0.0975388
34 47 1166.41 1166.59 0.184835
29 55 1139.51 1139.61 0.0975376
18 42 1147.76 1147.86 0.0975375
22 54 1146.72 1146.9 0.174595
17 50 1151.62 1151.72 0.0975402
28 55 1149.83 1149.93 0.0975367
4 45 1167.77 1167.87 0.102658
11 45 1380.82 1381 0.184836
38 41 1146.06 1146.16 0.0975377
37 49 1155.42 1155.52 0.0975385
32 44 1164.77 1165.1 0.328707
16 50 1163.72 1163.82 0.0975407
15 59 1154.98 1155.07 0.0975399
8 45 1138.44 1138.54 0.102658
21 42 1166.84 1167.02 0.184835
24 54 1156.2 1156.3 0.102659
33 48 1145.77 1145.87 0.10266
23 54 1163.5 1163.67 0.174596
10 56 1158 1158.1 0.0975408
33 48 1175.77 1175.87 0.0975396
27 48 1159.39 1159.49 0.0975401
3 45 1161.26 1161.36 0.097537
35 47 1162.75 1162.85 0.10266
9 45 1368.81 1371.11 2.30196
32 44 1197.31 1197.64 0.328707
22 54 1176.72 1176.9 0.174595
14 50 1165.41 1165.51 0.0975388
6 56 1372.72 1375.02 2.30196
8 45 1168.44 1168.54 0.097538
29 55 1169.51 1169.61 0.0975376
2 56 1372.48 1374.78 2.30196
14 50 1195.41 1195.51 0.0975388
21 42 1197.37 1197.55 0.174595
8 45 1198.44 1198.54 0.097538
34 47 1196.94 1197.12 0.174595
29 55 1199.51 1199.61 0.0975376
