8 20 0.0202166 2.32218 2.30197
11 0 0.684788 0 -0.684788
5 21 1154.09 1156.39 2.30196
15 0 1146.53 0 -1146.53
12 20 0.744958 3.04692 2.30196
15 20 7.06004 9.362 2.30197
6 21 3.76025 6.06221 2.30196
1 21 6.51801 8.81996 2.30196
13 0 7.66329 0 -7.66329
19 20 7.66602 9.96798 2.30196
9 20 8.6048 10.9068 2.30197
13 0 1147.13 0 -1147.13
4 21 10.2014 12.5034 2.30196
10 20 15.5215 17.8234 2.30196
4 21 1120.2 1120.38 0.1746
5 21 14.6265 16.9285 2.30196
14 20 16.1865 18.4885 2.30196
9 21 1148.07 1150.37 2.30197
18 20 20.4153 22.7172 2.30195
16 20 19.7714 22.0734 2.30197
0 21 20.8022 23.1042 2.30196
18 20 1100.42 1100.51 0.097537
10 0 1154.99 0 -1154.99
2 21 23.1312 25.4331 2.30196
17 0 22.678 0 -22.678
7 21 26.1084 28.4103 2.30196
3 21 26.7534 29.0553 2.30196
6 21 993.76 993.863 0.102664
16 0 247.665 0 -247.665
17 20 250.571 252.873 2.30197
19 20 1177.67 1177.76 0.0975429
6 21 1023.76 1023.86 0.0975436
2 21 251.024 253.326 2.30196
0 21 248.695 250.997 2.30196
10 0 471.308 0 -471.308
15 0 462.847 0 -462.847
18 20 248.309 250.61 2.30195
7 21 254.002 256.304 2.30196
3 0 254.647 0 -254.647
0 21 476.589 478.891 2.30196
3 0 482.54 0 -482.54
9 20 464.391 466.693 2.30197
0 21 1070.8 1070.98 0.174601
17 20 478.465 480.766 2.30197
18 20 1040.42 1040.51 0.097537
8 0 227.913 0 -227.913
11 20 228.578 230.88 2.30197
12 20 228.638 230.94 2.30196
6 21 231.653 233.955 2.30196
1 21 234.411 236.713 2.30196
15 0 234.953 0 -234.953
13 20 235.557 237.859 2.30196
19 20 235.559 237.861 2.30196
9 0 236.498 0 -236.498
4 21 238.095 240.397 2.30196
5 21 242.52 244.822 2.30196
10 20 243.415 245.717 2.30196
14 20 244.08 246.382 2.30196
0 21 1010.8 1010.98 0.174601
14 20 1155.65 1155.84 0.184839
19 20 1147.67 1147.76 0.0975429
12 20 1080.74 1080.84 0.0975441
18 20 1010.42 1010.51 0.097537
12 20 990.745 990.92 0.1746
4 21 1030.2 1030.38 0.1746
6 21 1113.76 1113.86 0.0975436
4 21 1090.2 1090.38 0.1746
19 20 463.453 465.754 2.30196
16 20 475.558 477.86 2.30197
7 21 481.895 484.197 2.30196
13 0 463.45 0 -463.45
5 21 470.413 472.715 2.30196
6 21 1053.76 1053.86 0.0975436
7 0 709.788 0 -709.788
1 21 462.305 464.606 2.30196
6 21 1083.76 1083.86 0.0975436
18 20 476.202 478.504 2.30195
14 20 471.973 474.275 2.30196
2 21 478.918 481.22 2.30196
4 21 465.988 468.29 2.30196
8 0 455.807 0 -455.807
11 0 456.471 0 -456.471
12 20 456.531 458.833 2.30196
6 21 459.547 461.849 2.30196
12 20 1110.74 1110.84 0.0975441
11 0 1140.15 0 -1140.15
8 0 1139.49 0 -1139.49
11 0 1368.04 0 -1368.04
19 20 1027.67 1027.76 0.0975429
0 21 1130.8 1130.98 0.174601
2 21 934.704 937.006 2.30196
0 21 1040.8 1040.98 0.174601
19 20 1087.67 1087.77 0.102663
12 20 963.158 963.333 0.1746
4 21 1060.2 1060.38 0.1746
19 20 937.666 937.769 0.102663
4 21 954.316 954.645 0.328712
3 21 710.433 712.735 2.30196
12 20 1020.74 1020.92 0.1746
19 20 1057.67 1057.76 0.0975429
18 20 1070.42 1070.51 0.097537
8 0 683.7 0 -683.7
11 0 684.365 0 -684.365
12 20 684.425 686.727 2.30196
6 21 687.44 689.742 2.30196
1 0 690.198 0 -690.198
15 20 690.74 693.042 2.30197
13 0 691.343 0 -691.343
19 20 691.346 693.648 2.30196
9 21 692.285 694.587 2.30197
4 21 693.881 696.183 2.30196
5 20 698.306 700.608 2.30197
10 0 699.201 0 -699.201
14 20 699.866 702.168 2.30196
16 20 703.451 705.753 2.30197
18 20 704.095 706.397 2.30195
0 21 704.482 706.784 2.30196
17 21 706.358 708.66 2.30197
2 0 706.811 0 -706.811
0 21 1100.8 1100.98 0.174601
2 21 1162.6 1162.7 0.102659
6 21 1143.76 1143.86 0.0975436
4 21 1005.16 1005.33 0.1746
12 20 1050.74 1050.85 0.102664
1 21 1145.98 1146.09 0.102661
17 20 934.251 936.553 2.30197
3 0 938.326 0 -938.326
0 21 964.917 965.102 0.184841
0 21 932.375 932.704 0.328713
7 0 937.681 0 -937.681
5 21 926.2 928.501 2.30196
6 21 966.173 966.348 0.1746
18 20 950.415 950.513 0.097537
0 21 983.215 983.39 0.174601
4 21 986.858 987.043 0.18484
2 21 1172.76 1172.86 0.102659
14 20 1173.95 1174.05 0.102663
10 20 927.094 929.396 2.30196
18 0 931.988 0 -931.988
12 20 944.86 945.044 0.18484
14 20 927.759 930.061 2.30196
6 21 947.875 948.06 0.18484
12 20 1140.74 1140.84 0.0975441
8 21 911.593 913.895 2.30197
11 21 912.258 914.56 2.30197
12 20 912.318 912.647 0.328712
6 21 915.333 915.662 0.328712
1 21 918.091 920.393 2.30196
15 0 918.633 0 -918.633
13 21 919.236 921.538 2.30197
19 20 919.239 919.342 0.102663
9 0 920.178 0 -920.178
4 21 921.774 922.103 0.328712
19 20 967.666 967.769 0.102663
1 21 1156.15 1156.25 0.102661
16 21 931.344 933.646 2.30198
4 21 1150.2 1150.38 0.1746
16 20 1159.24 1161.54 2.30197
18 20 1130.42 1130.51 0.097537
17 20 1162.14 1164.45 2.30197
3 21 1166.22 1168.52 2.30196
19 20 997.666 997.764 0.0975429
7 21 1165.57 1167.88 2.30196
4 21 1180.2 1180.38 0.1746
18 20 980.415 980.513 0.097537
19 20 1117.67 1117.76 0.0975429
12 20 1170.74 1170.84 0.0975441
8 0 1367.38 0 -1367.38
0 21 1160.8 1160.98 0.174601
18 20 1160.42 1160.51 0.097537
13 20 1375.02 1377.32 2.30196
15 0 1374.42 0 -1374.42
9 20 1375.96 1378.27 2.30197
1 21 1176.52 1176.62 0.102661
2 21 1193.13 1193.23 0.102659
10 20 1382.88 1385.18 2.30196
6 21 1173.76 1173.86 0.0975436
7 21 1393.47 1393.57 0.10266
0 21 1190.8 1190.98 0.174601
17 20 1390.04 1392.34 2.30197
18 20 1190.42 1190.51 0.097537
5 21 1381.99 1382.31 0.32871
14 20 1186.19 1186.28 0.0975429
16 0 1387.13 0 -1387.13
3 20 1394.11 1396.41 2.30197
