14 54 3.19786 5.49982 2.30196
49 51 4.23296 6.53491 2.30195
18 60 9.36147 11.6634 2.30196
6 54 8.85003 11.152 2.30195
20 59 10.6338 12.9357 2.30195
32 59 10.4233 12.7253 2.30195
24 54 8.40891 10.7109 2.30195
41 78 711.118 713.42 2.30195
34 0 4.53867 0 -4.53867
21 54 713.505 715.807 2.30195
31 53 699.12 701.422 2.30195
41 78 1077.44 1077.54 0.0975379
45 75 1078.13 1078.22 0.0975379
2 53 934.628 936.93 2.30196
13 54 4.72159 7.02354 2.30195
38 61 1069.79 1069.89 0.102658
0 60 1066.47 1066.57 0.0975383
3 59 1055.71 1055.81 0.0975378
7 53 4.74381 7.04577 2.30195
16 0 5.05247 0 -5.05247
23 0 708.698 0 -708.698
11 53 5.09779 7.39974 2.30195
27 60 712.213 714.514 2.30195
22 0 5.89848 0 -5.89848
10 0 6.04297 0 -6.04297
3 59 5.71098 8.01293 2.30195
48 77 948.265 948.368 0.102657
44 50 1062.15 1062.25 0.0975375
47 77 6.90753 9.20949 2.30196
9 0 6.60792 0 -6.60792
33 54 1169.17 1169.5 0.328707
8 59 702.106 704.408 2.30195
30 0 704.661 0 -704.661
9 0 918.181 0 -918.181
41 78 987.438 987.541 0.102658
26 54 12.0062 14.3081 2.30195
44 50 12.1502 14.4521 2.30195
19 54 12.6798 14.9817 2.30195
46 72 17.8679 20.1698 2.30195
11 53 688.778 691.079 2.30195
47 77 1056.91 1057.01 0.10266
25 54 1139.25 1139.35 0.0975373
43 80 699.116 701.418 2.30195
31 53 15.4402 17.7421 2.30195
35 53 17.9649 20.2669 2.30196
39 54 14.9679 17.2699 2.30195
1 59 13.9479 16.2499 2.30195
37 53 13.3671 15.6691 2.30195
0 60 16.473 18.7749 2.30195
43 80 15.436 17.738 2.30195
33 54 1201.71 1202.04 0.328707
45 75 939.7 939.803 0.102658
45 75 711.807 714.109 2.30195
39 54 1154.43 1156.74 2.30195
39 55 698.648 700.95 2.30196
33 54 941.275 943.577 2.30196
21 54 1169.29 1171.59 2.30195
16 0 688.732 0 -688.732
4 0 704.286 0 -704.286
25 54 712.931 715.233 2.30195
12 54 17.9948 20.2968 2.30195
26 54 972.006 972.104 0.0975363
1 59 697.628 699.93 2.30195
49 51 934.233 934.336 0.102658
13 54 1054.72 1054.82 0.0975372
48 77 18.2652 20.5672 2.30195
45 75 1138.13 1138.22 0.0975379
42 58 1079.44 1079.55 0.102659
37 0 1152.83 0 -1152.83
8 59 18.4267 20.7286 2.30195
37 53 697.047 699.349 2.30195
12 54 701.675 703.977 2.30195
17 0 707.48 0 -707.48
7 0 688.424 0 -688.424
38 61 19.7865 22.0885 2.30195
6 54 920.423 922.725 2.30195
28 54 21.8549 24.1569 2.30195
4 54 20.6067 22.9086 2.30195
29 59 23.0017 25.3037 2.30195
2 59 23.0547 25.3566 2.30196
30 53 20.9813 23.2833 2.30196
31 53 1154.91 1155.52 0.61645
17 53 23.8 26.1019 2.30195
40 73 21.848 24.1499 2.30195
35 53 701.645 703.947 2.30196
44 50 1122.15 1122.25 0.0975375
28 54 1191.85 1191.95 0.0975373
10 60 917.616 919.918 2.30195
14 54 914.771 917.073 2.30196
21 0 485.612 0 -485.612
13 54 688.401 690.703 2.30195
33 54 713.382 715.684 2.30196
48 77 1038.27 1038.37 0.102657
11 53 1085.1 1085.2 0.0975373
40 73 1041.85 1041.95 0.102657
23 53 936.591 938.893 2.30196
27 60 988.533 988.635 0.102658
22 0 689.578 0 -689.578
2 0 706.734 0 -706.734
5 60 25.4928 27.7948 2.30196
23 0 25.0181 0 -25.0181
15 60 25.2683 27.5703 2.30195
33 0 29.7022 0 -29.7022
41 78 27.438 29.74 2.30195
34 0 688.218 0 -688.218
19 54 696.36 698.661 2.30195
36 53 28.6683 30.9702 2.30195
27 60 28.5328 30.8347 2.30195
45 75 28.1271 30.4291 2.30195
44 50 695.83 698.132 2.30195
46 72 1157.87 1157.97 0.097538
28 54 933.428 935.73 2.30195
26 54 695.686 697.988 2.30195
46 72 1127.87 1127.97 0.097538
29 59 1193 1193.1 0.102657
42 58 29.4433 31.7453 2.30195
25 54 29.2516 31.5536 2.30195
5 0 937.066 0 -937.066
20 59 694.314 696.615 2.30195
49 51 915.806 915.909 0.102658
48 77 929.838 929.941 0.102657
36 53 712.348 714.65 2.30195
36 53 1198.67 1198.77 0.0975377
21 0 29.8257 0 -29.8257
0 60 1126.47 1126.57 0.0975383
2 53 250.948 253.25 2.30196
27 60 256.426 258.728 2.30195
29 59 250.895 253.197 2.30195
20 59 466.42 468.722 2.30195
28 54 249.748 252.05 2.30195
5 60 253.386 255.688 2.30196
17 53 479.586 481.888 2.30195
40 73 249.741 252.043 2.30195
17 53 251.693 253.995 2.30195
43 80 1035.44 1035.54 0.102658
15 60 253.162 255.464 2.30195
23 54 252.911 255.213 2.30195
13 54 916.295 916.397 0.102657
38 61 1129.79 1129.88 0.0975383
14 54 231.091 233.393 2.30196
49 51 232.126 234.428 2.30195
34 0 232.432 0 -232.432
13 54 232.615 234.917 2.30195
7 0 232.637 0 -232.637
16 0 232.946 0 -232.946
11 53 232.991 235.293 2.30195
3 59 233.604 235.906 2.30195
22 0 233.792 0 -233.792
10 0 233.936 0 -233.936
11 53 916.671 916.773 0.102657
9 60 234.501 236.803 2.30196
47 77 234.801 237.103 2.30196
24 54 236.302 238.604 2.30195
6 54 236.743 239.045 2.30195
18 60 237.255 239.557 2.30196
32 59 238.317 240.619 2.30195
20 59 238.527 240.829 2.30195
26 54 239.899 242.201 2.30195
44 50 240.043 242.345 2.30195
19 54 240.573 242.875 2.30195
37 0 241.26 0 -241.26
1 59 241.841 244.143 2.30195
39 54 242.861 245.163 2.30195
43 80 243.329 245.631 2.30195
31 53 243.333 245.635 2.30195
0 60 244.366 246.668 2.30195
46 72 245.761 248.063 2.30195
35 53 245.858 248.16 2.30196
12 54 245.888 248.19 2.30195
48 77 246.158 248.46 2.30195
8 59 246.32 248.622 2.30195
38 61 247.68 249.982 2.30195
4 54 248.5 250.802 2.30195
30 0 248.875 0 -248.875
32 59 694.103 696.405 2.30195
41 78 939.011 939.114 0.102658
15 60 708.948 711.25 2.30195
41 78 1047.44 1047.54 0.102658
5 60 709.173 711.475 2.30196
29 59 1133 1133.1 0.102657
45 75 988.127 988.23 0.102658
18 54 693.041 695.343 2.30195
46 72 701.548 703.85 2.30195
17 53 1391.16 1393.46 2.30195
3 59 917.284 917.387 0.102658
41 78 1197.44 1197.54 0.0975379
6 55 692.53 694.832 2.30196
40 73 933.421 933.606 0.184833
42 58 713.123 715.425 2.30195
23 54 1392.38 1392.48 0.102659
40 73 1191.85 1191.95 0.0975375
24 0 692.089 0 -692.089
30 0 1160.45 0 -1160.45
29 59 706.681 708.983 2.30195
27 60 1078.53 1078.63 0.0975385
34 0 916.112 0 -916.112
38 61 703.466 705.768 2.30195
27 60 1198.53 1198.63 0.0975385
49 51 1174.23 1174.33 0.0975384
33 54 257.595 259.897 2.30196
21 60 257.719 260.021 2.30196
41 78 255.331 257.633 2.30195
38 61 931.36 931.462 0.102658
45 75 256.02 258.322 2.30195
42 58 257.337 259.639 2.30195
36 53 256.562 258.863 2.30195
25 54 257.145 259.447 2.30195
26 54 467.793 470.095 2.30195
49 51 687.913 690.215 2.30195
14 54 686.878 689.18 2.30196
17 53 935.373 937.675 2.30195
3 59 689.391 691.693 2.30195
47 77 918.481 918.665 0.184836
36 53 940.241 942.543 2.30195
47 77 690.587 692.889 2.30196
40 73 705.528 707.83 2.30195
27 60 940.106 940.208 0.102658
16 0 916.625 0 -916.625
49 51 1054.23 1054.33 0.0975384
24 54 919.982 922.284 2.30195
29 59 934.575 934.677 0.102657
41 78 1137.44 1137.54 0.0975379
29 59 983.002 983.099 0.0975373
9 60 690.288 692.59 2.30196
21 54 941.399 943.701 2.30195
40 73 981.848 981.951 0.102657
33 54 485.489 487.791 2.30196
42 58 1049.44 1049.54 0.0975386
44 50 1152.15 1152.25 0.0975375
18 60 920.934 923.236 2.30196
15 60 1392.63 1392.73 0.102659
29 59 1073 1073.1 0.102657
0 60 1036.47 1036.57 0.0975383
10 0 689.723 0 -689.723
0 60 700.153 702.455 2.30195
28 54 705.535 707.837 2.30195
32 59 921.996 924.298 2.30195
42 58 485.23 487.532 2.30195
29 59 1043 1043.1 0.0975373
46 72 1037.87 1037.97 0.097538
43 80 1155.44 1155.53 0.0975377
27 60 484.319 486.621 2.30195
48 77 701.945 704.247 2.30195
7 0 916.317 0 -916.317
45 75 483.914 486.216 2.30195
44 50 467.937 470.239 2.30195
1 59 469.734 472.036 2.30195
19 54 468.466 470.768 2.30195
39 54 470.754 473.056 2.30195
4 0 476.393 0 -476.393
2 59 478.841 481.143 2.30196
25 54 1049.25 1049.35 0.0975373
41 78 483.225 485.526 2.30195
5 60 481.279 483.581 2.30196
25 54 485.038 487.34 2.30195
32 59 466.21 468.512 2.30195
30 0 476.768 0 -476.768
0 60 472.259 474.561 2.30195
48 77 474.052 476.354 2.30195
40 73 477.634 479.936 2.30195
15 60 481.055 483.357 2.30195
4 54 932.18 934.482 2.30195
1 65 925.521 927.823 2.30196
37 0 924.94 0 -924.94
19 55 924.253 926.555 2.30196
44 50 923.723 923.826 0.102657
26 54 923.579 923.682 0.102656
20 59 922.207 924.509 2.30195
18 54 465.148 467.45 2.30195
8 59 474.213 476.515 2.30195
36 53 484.455 486.757 2.30195
11 53 1055.1 1055.2 0.0975373
37 53 469.154 471.456 2.30195
42 58 1139.44 1139.54 0.0975386
36 53 1168.13 1168.24 0.102658
12 54 473.781 476.083 2.30195
28 54 477.641 479.943 2.30195
23 53 480.805 483.107 2.30196
14 0 458.984 0 -458.984
49 51 460.019 462.321 2.30195
34 0 460.325 0 -460.325
13 54 460.508 462.81 2.30195
7 53 460.53 462.832 2.30195
16 0 460.839 0 -460.839
11 53 460.884 463.186 2.30195
3 59 461.497 463.799 2.30195
22 0 461.685 0 -461.685
10 0 461.829 0 -461.829
9 0 462.394 0 -462.394
47 77 462.694 464.996 2.30196
24 54 464.195 466.497 2.30195
6 54 464.637 466.938 2.30195
47 77 1146.91 1147.01 0.0975399
31 53 471.227 473.529 2.30195
43 80 471.223 473.524 2.30195
35 0 473.751 0 -473.751
46 72 473.654 475.956 2.30195
29 59 478.788 481.09 2.30195
38 61 475.573 477.875 2.30195
43 80 927.009 927.194 0.184834
25 54 1199.25 1199.35 0.0975373
43 80 1065.44 1065.54 0.102658
25 54 940.825 940.927 0.102657
22 53 917.471 919.773 2.30196
26 54 1122.01 1122.1 0.0975363
13 54 1144.72 1144.82 0.0975372
46 72 1067.87 1067.97 0.097538
27 60 1138.53 1138.63 0.0975385
45 75 1048.13 1048.23 0.102658
48 77 1158.27 1158.36 0.097537
38 61 1039.79 1039.89 0.102658
12 54 1157.99 1158.09 0.0975388
42 58 941.016 941.201 0.184835
47 77 936.908 937.01 0.10266
21 54 1397.19 1397.37 0.184835
48 77 1068.27 1068.36 0.097537
15 0 936.841 0 -936.841
49 51 1144.23 1144.33 0.0975384
38 61 1159.79 1159.88 0.0975383
5 60 1392.85 1395.15 2.30196
30 0 932.554 0 -932.554
31 53 927.013 929.315 2.30195
0 60 928.046 928.149 0.102658
26 54 942.006 942.104 0.0975363
39 54 926.541 928.843 2.30195
35 53 929.538 931.84 2.30196
46 72 929.441 929.544 0.102658
12 54 929.568 929.753 0.184835
8 59 930 932.302 2.30195
28 54 1161.32 1161.42 0.102657
12 54 1127.99 1128.09 0.0975388
25 54 989.252 989.349 0.0975373
38 61 1189.79 1189.88 0.0975383
8 59 1157.89 1158 0.102659
12 54 1067.99 1068.1 0.102659
48 77 1128.27 1128.36 0.097537
4 0 1160.07 0 -1160.07
18 54 1158.99 1159.09 0.102659
27 60 1168.53 1168.63 0.0975385
1 59 1153.41 1155.72 2.30195
43 80 1125.44 1125.53 0.0975377
32 59 1168.19 1168.29 0.102658
26 54 1062.01 1062.1 0.0975363
3 59 935.711 935.809 0.0975378
13 54 934.722 934.819 0.0975372
11 53 935.098 935.195 0.0975373
44 50 942.15 942.253 0.102657
43 80 945.436 945.539 0.102658
11 53 1025.1 1025.2 0.0975373
12 54 1037.99 1038.1 0.102659
44 50 972.15 972.253 0.102657
45 75 958.127 958.23 0.102658
46 72 947.868 947.971 0.102658
29 59 953.002 953.099 0.0975373
0 60 946.473 946.576 0.102658
12 54 947.995 948.169 0.174595
38 61 949.787 949.889 0.102658
40 73 951.848 951.951 0.102657
27 60 958.533 958.635 0.102658
13 54 964.722 964.819 0.0975372
11 53 965.098 965.195 0.0975373
41 78 957.438 957.541 0.102658
49 51 964.233 964.336 0.102658
42 58 959.443 959.546 0.102659
43 80 975.436 975.534 0.0975377
42 58 989.443 989.541 0.0975386
3 59 1025.71 1025.81 0.0975378
47 77 966.908 967.005 0.0975399
25 54 959.252 959.349 0.0975373
12 54 977.995 978.098 0.102659
3 59 965.711 965.809 0.0975378
46 72 977.868 977.971 0.102658
0 60 976.473 976.571 0.0975383
47 77 1026.91 1027.01 0.10266
48 77 978.265 978.368 0.102657
38 61 979.787 979.889 0.102658
13 54 994.722 994.819 0.0975372
47 77 996.908 997.005 0.0975399
43 80 1005.44 1005.54 0.102658
11 53 995.098 995.195 0.0975373
44 50 1032.15 1032.25 0.102657
44 50 1002.15 1002.25 0.102657
41 78 1017.44 1017.54 0.102658
48 77 1008.27 1008.37 0.102657
13 54 1024.72 1024.82 0.0975372
3 59 995.711 995.809 0.0975378
0 60 1006.47 1006.57 0.0975383
2 53 1162.52 1162.62 0.102659
29 59 1013 1013.1 0.0975373
12 54 1007.99 1008.1 0.102659
45 75 1018.13 1018.23 0.102658
49 51 994.233 994.336 0.102658
42 58 1199.44 1199.54 0.0975386
40 73 1071.85 1071.95 0.102657
45 75 1198.13 1198.22 0.0975379
25 54 1079.25 1079.35 0.0975373
19 54 1152.15 1154.45 2.30195
3 59 1145.71 1145.81 0.0975378
49 51 1084.23 1084.33 0.0975384
27 60 1018.53 1018.64 0.102658
46 72 1007.87 1007.97 0.102658
26 54 1002.01 1002.1 0.0975363
13 54 1084.72 1084.82 0.0975372
38 61 1009.79 1009.89 0.102658
17 53 1163.27 1165.57 2.30195
25 54 1019.25 1019.35 0.0975373
40 73 1011.85 1011.95 0.102657
42 58 1019.44 1019.54 0.0975386
26 54 1032.01 1032.1 0.0975363
49 51 1024.23 1024.33 0.0975384
35 53 1157.43 1159.73 2.30196
15 60 1164.73 1167.04 2.30195
27 60 1048.53 1048.63 0.0975385
40 73 1131.85 1131.95 0.102657
3 59 1085.71 1085.81 0.0975378
44 50 1092.15 1092.25 0.0975375
0 60 1096.47 1096.57 0.0975383
47 77 1086.91 1087.01 0.0975399
48 77 1098.27 1098.36 0.097537
12 54 1097.99 1098.1 0.102659
43 80 1095.44 1095.54 0.102658
46 72 1097.87 1097.97 0.097538
38 61 1099.79 1099.89 0.102658
11 53 1115.1 1115.2 0.0975373
45 75 1108.13 1108.22 0.0975379
26 54 1092.01 1092.1 0.0975363
8 59 1168.06 1168.16 0.102659
26 54 1152.01 1152.1 0.0975363
7 0 1144.21 0 -1144.21
42 58 1109.44 1109.54 0.0975386
27 60 1108.53 1108.63 0.0975385
40 73 1101.85 1101.95 0.102657
40 73 1161.85 1161.95 0.0975375
5 60 1164.96 1167.26 2.30196
0 54 1156.47 1156.57 0.0975397
16 0 1144.52 0 -1144.52
34 53 1144 1146.31 2.30195
13 54 1114.72 1114.82 0.0975372
29 59 1103 1103.1 0.102657
11 53 1145.1 1145.2 0.0975373
10 60 1145.51 1147.81 2.30195
18 54 1148.83 1148.93 0.102659
47 77 1116.91 1117.01 0.0975399
6 54 1148.32 1150.62 2.30195
41 78 1107.44 1107.54 0.0975379
3 59 1115.71 1115.81 0.0975378
2 53 1172.68 1172.79 0.102659
29 59 1163 1163.1 0.102657
2 53 1193.05 1193.16 0.102659
23 53 1164.48 1166.79 2.30196
24 54 1147.88 1147.98 0.102657
20 53 1150.1 1152.4 2.30196
25 54 1109.25 1109.35 0.0975373
9 60 1146.07 1148.38 2.30196
22 53 1145.36 1147.67 2.30196
32 59 1149.89 1150.07 0.184834
14 54 1142.66 1144.97 2.30196
49 51 1114.23 1114.33 0.0975384
30 54 1388.34 1390.64 2.30195
45 75 1168.13 1168.22 0.0975379
41 78 1167.44 1167.54 0.0975379
25 54 1169.25 1169.35 0.0975373
48 77 1188.27 1188.36 0.097537
1 60 1381.31 1383.61 2.30196
19 54 1380.04 1380.14 0.102658
39 54 1382.33 1382.43 0.102658
11 53 1175.1 1175.2 0.0975373
34 59 1371.9 1374.2 2.30196
8 59 1188.43 1188.52 0.0975387
47 77 1176.91 1177.01 0.0975399
14 54 1370.56 1372.86 2.30196
32 59 1180.42 1180.53 0.102658
13 53 1174.72 1174.82 0.097541
35 53 1385.32 1387.63 2.30196
43 80 1185.44 1185.53 0.0975377
16 53 1372.41 1374.71 2.30195
22 0 1373.26 0 -1373.26
3 59 1175.71 1175.81 0.0975378
42 58 1169.44 1169.54 0.0975386
6 54 1376.21 1378.51 2.30195
4 54 1387.97 1390.27 2.30195
10 60 1373.4 1375.7 2.30195
18 54 1179.36 1179.46 0.102659
20 59 1377.99 1380.3 2.30195
44 50 1182.15 1182.25 0.0975375
46 72 1187.87 1187.97 0.097538
9 60 1373.97 1376.27 2.30196
37 53 1380.73 1383.03 2.30195
0 60 1186.47 1186.57 0.0975383
31 53 1215.93 1216.55 0.61645
12 54 1187.99 1188.09 0.0975388
7 53 1372.1 1374.41 2.30195
26 54 1182.01 1182.1 0.0975363
24 54 1178.41 1178.51 0.0975366
