12 55 0.147375 2.44933 2.30195
17 61 0.332863 2.63482 2.30196
29 66 2.89945 5.20141 2.30195
26 46 3.35993 5.66188 2.30195
13 0 3.25229 0 -3.25229
6 61 1008.09 1008.19 0.0975381
5 60 935.725 938.027 2.30195
30 60 1.37545 3.6774 2.30196
20 62 1153.43 1155.74 2.30195
21 56 694.677 696.979 2.30195
28 60 2.07395 4.3759 2.30196
29 66 1022.9 1023 0.0975386
15 62 1176.65 1176.74 0.0975373
4 0 2.228 0 -2.228
15 62 6.6452 8.94716 2.30195
14 61 5.92132 8.22327 2.30195
31 49 4.72488 7.02683 2.30195
19 55 7.39661 9.69857 2.30196
32 54 7.53001 9.83196 2.30195
27 67 7.23342 9.53538 2.30195
21 56 1001 1001.09 0.0975379
33 65 1078.46 1078.64 0.174594
29 66 1082.9 1083 0.0975386
22 55 692.987 695.289 2.30195
13 0 1142.72 0 -1142.72
22 55 9.30738 11.6093 2.30195
16 55 11.0824 13.3844 2.30195
24 46 11.0678 13.3698 2.30195
21 56 10.9969 13.2989 2.30195
34 59 10.6143 12.9162 2.30195
2 60 11.2145 13.5164 2.30195
3 60 702.575 704.877 2.30195
18 62 700.581 702.883 2.30195
34 59 694.294 696.596 2.30195
32 54 1057.53 1057.7 0.174595
26 46 998.315 998.417 0.102658
34 59 1090.61 1090.71 0.0975382
0 54 13.6985 16.0004 2.30195
35 52 13.5547 15.8567 2.30195
11 54 25.2956 27.5975 2.30196
23 41 24.2218 26.5238 2.30196
38 67 25.3887 27.6907 2.30195
5 60 24.1523 26.4543 2.30195
37 54 23.7082 26.0102 2.30195
36 51 1017.04 1017.14 0.102659
39 50 16.1038 18.4057 2.30195
25 41 19.105 21.407 2.30195
20 62 13.9679 16.2698 2.30195
8 60 15.2809 17.5828 2.30196
1 54 15.5435 17.8455 2.30195
18 62 16.9009 19.2028 2.30195
3 60 18.8955 21.1975 2.30195
10 61 16.0033 18.3053 2.30196
14 61 689.601 691.903 2.30195
33 65 712.142 714.444 2.30195
23 41 1014.22 1014.32 0.102659
33 59 940.035 940.364 0.328708
30 66 1140.84 1140.94 0.10266
6 61 18.0941 20.3961 2.30195
39 50 699.784 702.085 2.30195
38 67 936.962 937.064 0.102659
27 67 951.348 951.451 0.102657
0 55 925.271 927.573 2.30196
39 50 1006.1 1006.21 0.102658
33 65 28.4622 30.7642 2.30195
9 60 27.9548 30.2568 2.30196
36 51 27.0377 29.3397 2.30195
7 55 1079.79 1079.89 0.0975387
7 55 29.7924 32.0943 2.30195
9 54 711.635 713.937 2.30196
25 41 246.998 249.3 2.30195
3 60 246.789 249.091 2.30195
1 54 699.223 701.525 2.30195
4 0 1141.69 0 -1141.69
35 52 1003.55 1003.66 0.102658
6 61 245.987 248.289 2.30195
12 55 1020.15 1020.32 0.174593
31 49 994.725 994.828 0.102657
38 67 709.068 711.37 2.30195
12 55 228.041 230.343 2.30195
17 61 228.226 230.528 2.30196
30 66 229.269 231.571 2.30196
28 0 229.967 0 -229.967
4 61 230.121 232.423 2.30195
29 66 230.793 233.095 2.30195
13 62 231.146 233.447 2.30196
26 46 231.253 233.555 2.30195
31 49 232.618 234.92 2.30195
14 61 233.815 236.117 2.30195
15 62 234.538 236.84 2.30195
27 67 235.127 237.429 2.30195
19 55 235.29 237.592 2.30196
32 54 235.423 237.725 2.30195
22 0 237.201 0 -237.201
34 59 238.508 240.809 2.30195
21 56 238.89 241.192 2.30195
24 46 238.961 241.263 2.30195
16 55 238.976 241.278 2.30195
2 60 239.108 241.41 2.30195
35 52 241.448 243.75 2.30195
0 55 241.592 243.894 2.30196
20 62 241.861 244.163 2.30195
8 0 243.174 0 -243.174
1 54 243.437 245.739 2.30195
10 0 243.897 0 -243.897
39 50 243.997 246.299 2.30195
18 62 244.794 247.096 2.30195
37 54 935.281 935.898 0.61645
35 52 697.234 699.536 2.30195
3 60 1068.9 1068.99 0.0975388
32 54 691.21 693.512 2.30195
26 46 1023.36 1023.46 0.097538
3 60 930.469 930.653 0.184835
38 67 1075.39 1075.49 0.102659
38 67 253.282 255.584 2.30195
11 54 253.189 255.491 2.30196
5 60 252.046 254.348 2.30195
23 41 252.115 254.417 2.30196
37 54 251.601 253.903 2.30195
24 46 1091.07 1091.17 0.102657
36 51 254.931 257.233 2.30195
37 54 707.388 709.69 2.30195
27 67 463.02 465.322 2.30195
33 65 256.355 258.657 2.30195
9 60 255.848 258.15 2.30196
7 55 257.686 259.988 2.30195
12 55 1170.15 1170.25 0.102657
6 61 701.774 704.076 2.30195
7 61 713.472 715.774 2.30196
0 54 697.378 699.68 2.30195
20 62 697.648 699.95 2.30195
29 66 1142.9 1143 0.0975386
23 41 1074.22 1074.32 0.0975393
23 41 935.795 935.897 0.102659
38 67 1015.39 1015.49 0.102659
15 62 936.645 936.743 0.0975373
10 55 699.683 701.985 2.30196
19 0 691.076 0 -691.076
17 61 1139.8 1139.98 0.184835
33 65 1108.46 1108.64 0.174594
10 61 1186 1186.18 0.174595
39 50 1186.1 1186.2 0.0975385
24 46 694.748 697.049 2.30195
27 67 690.913 693.215 2.30195
15 62 690.325 692.627 2.30195
16 55 694.762 697.064 2.30195
8 54 698.961 701.263 2.30196
22 55 465.094 467.396 2.30195
8 60 471.067 473.369 2.30196
32 54 463.317 465.618 2.30195
20 62 469.754 472.056 2.30195
39 50 1066.1 1066.21 0.102658
36 51 938.611 938.939 0.328707
19 55 463.183 465.485 2.30196
2 60 467.001 469.303 2.30195
1 54 471.33 473.632 2.30195
35 52 975.968 976.142 0.174594
15 62 462.432 464.734 2.30195
16 55 466.869 469.171 2.30195
34 59 1000.61 1000.71 0.0975382
33 65 484.249 486.551 2.30195
21 56 1091 1091.09 0.0975379
18 62 472.687 474.989 2.30195
12 55 944.262 944.447 0.184833
12 55 455.934 458.236 2.30195
17 62 456.119 458.421 2.30196
30 0 457.162 0 -457.162
28 61 457.86 460.162 2.30195
4 0 458.014 0 -458.014
29 66 458.686 460.988 2.30195
13 0 459.039 0 -459.039
26 46 459.146 461.448 2.30195
31 49 460.511 462.813 2.30195
14 61 461.708 464.01 2.30195
7 55 941.365 941.694 0.328707
35 52 1063.55 1063.65 0.0975384
36 51 1077.04 1077.14 0.102659
34 59 940.614 940.717 0.102658
32 54 997.53 997.705 0.174595
21 56 466.783 469.085 2.30195
24 46 466.854 469.156 2.30195
34 59 466.401 468.703 2.30195
39 50 1096.1 1096.2 0.0975385
39 50 471.89 474.192 2.30195
25 41 702.785 705.087 2.30195
36 51 1107.04 1107.14 0.102659
10 61 471.79 474.092 2.30196
35 52 469.341 471.643 2.30195
0 54 469.485 471.787 2.30195
11 54 1075.3 1075.4 0.102659
2 61 694.894 697.196 2.30196
12 55 1080.15 1080.24 0.0975373
38 67 1105.39 1105.49 0.102659
25 41 1069.11 1069.21 0.102658
29 66 992.899 992.997 0.0975386
15 62 996.645 996.743 0.0975373
26 46 947.475 947.803 0.328706
17 61 1170.33 1170.51 0.174595
24 46 1001.07 1001.17 0.102657
6 61 473.881 476.183 2.30195
25 41 474.892 477.193 2.30195
3 60 474.682 476.984 2.30195
11 54 481.082 483.384 2.30196
37 54 479.495 481.797 2.30195
38 67 481.175 483.477 2.30195
23 41 480.008 482.31 2.30196
5 60 479.939 482.241 2.30195
7 55 485.579 487.881 2.30195
5 60 707.832 710.134 2.30195
36 51 482.824 485.126 2.30195
9 60 483.741 486.043 2.30196
11 55 708.975 711.277 2.30196
36 51 710.717 713.019 2.30195
23 41 707.902 710.204 2.30196
20 62 925.541 927.843 2.30195
12 55 683.827 686.129 2.30195
17 62 684.013 686.315 2.30196
30 66 685.055 687.357 2.30196
28 0 685.754 0 -685.754
4 0 685.908 0 -685.908
29 66 686.579 688.881 2.30195
13 61 686.932 689.234 2.30195
26 46 687.04 689.342 2.30195
31 49 688.405 690.707 2.30195
31 49 934.725 934.828 0.102657
34 59 1150.61 1150.71 0.0975382
4 0 1369.59 0 -1369.59
1 55 927.117 927.219 0.102662
9 60 939.528 941.83 2.30196
11 54 936.869 936.971 0.102659
29 66 932.899 933.002 0.102659
18 62 1066.9 1067 0.0975382
1 54 1005.54 1005.64 0.0975364
32 54 937.53 937.705 0.174595
24 46 941.068 941.17 0.102657
31 49 1174.72 1174.82 0.0975369
3 60 1008.9 1008.99 0.0975388
8 61 926.854 929.156 2.30196
7 55 1019.79 1019.97 0.174595
18 62 1096.9 1097 0.0975382
25 41 1009.11 1009.21 0.102658
21 56 940.997 941.1 0.102658
11 54 1015.3 1015.39 0.097539
27 67 997.233 997.336 0.102657
15 62 1086.65 1086.74 0.0975373
19 55 1374.76 1377.06 2.30196
3 60 1098.9 1098.99 0.0975388
12 55 911.72 912.049 0.328705
17 61 911.906 914.208 2.30196
30 66 912.948 915.25 2.30196
28 60 913.647 915.949 2.30196
4 55 913.801 916.103 2.30196
29 66 914.472 914.575 0.102659
13 55 914.825 917.127 2.30196
26 46 914.933 915.262 0.328706
31 49 916.298 916.401 0.102657
14 61 917.494 919.796 2.30195
15 62 918.218 918.321 0.102657
27 67 918.806 919.135 0.328705
19 55 918.97 921.272 2.30196
32 54 919.103 919.288 0.184835
22 55 920.88 923.182 2.30195
34 59 922.187 922.372 0.184834
21 62 922.57 922.673 0.10266
24 46 922.641 922.743 0.102657
16 55 922.655 924.957 2.30195
2 60 922.787 925.089 2.30195
32 54 1087.53 1087.7 0.174595
25 41 981.518 981.621 0.102658
39 50 927.677 927.779 0.102658
10 61 927.576 929.878 2.30196
6 61 978.094 978.192 0.0975381
35 52 925.128 925.456 0.328706
18 62 928.474 928.577 0.102658
6 61 929.667 929.77 0.102658
26 46 1173.36 1173.46 0.102658
25 41 930.678 931.007 0.328706
26 46 1113.36 1113.46 0.102658
29 66 1112.9 1113 0.0975386
23 41 954.222 954.324 0.102659
11 54 955.296 955.398 0.102659
39 50 946.104 946.206 0.102658
18 62 946.901 947.004 0.102658
1 54 1095.54 1095.64 0.0975364
25 41 963.22 963.405 0.184834
6 61 948.094 948.197 0.102658
35 52 957.669 957.854 0.184834
1 54 945.544 945.646 0.102656
28 61 1141.54 1143.84 2.30195
27 67 1087.23 1087.34 0.102657
7 55 1109.79 1109.89 0.0975387
33 65 1037.66 1037.85 0.184834
30 66 1171.38 1171.47 0.0975399
23 41 1104.22 1104.32 0.102659
32 54 1177.53 1177.7 0.174595
3 60 948.896 948.998 0.102659
24 46 1061.07 1061.17 0.102657
34 59 1060.61 1060.71 0.0975382
18 62 1006.9 1007 0.0975382
33 65 972.577 972.906 0.328706
38 67 955.389 955.491 0.102659
6 61 1068.09 1068.2 0.102658
31 49 1084.72 1084.82 0.0975369
26 46 1083.36 1083.46 0.102658
29 66 962.899 963.002 0.102659
26 46 980.016 980.201 0.184834
31 49 964.725 964.828 0.102657
15 62 966.645 966.743 0.0975373
36 51 971.152 971.337 0.184835
12 55 990.147 990.322 0.174593
27 67 967.233 967.336 0.102657
24 46 971.068 971.17 0.102657
32 54 967.53 967.705 0.174595
21 56 970.997 971.094 0.0975379
7 55 992.205 992.38 0.174595
18 62 976.901 976.998 0.0975382
7 55 973.907 974.092 0.184835
12 55 962.56 962.735 0.174593
3 60 978.896 978.993 0.0975388
39 50 976.104 976.206 0.102658
34 59 970.614 970.712 0.0975382
36 51 989.451 989.625 0.174595
23 41 984.222 984.324 0.102659
38 67 985.389 985.486 0.097539
1 54 975.544 975.641 0.0975364
37 54 1118.37 1118.98 0.61645
11 54 985.296 985.393 0.097539
33 65 1005.12 1005.45 0.328706
37 54 996.31 996.926 0.61645
0 54 1183.7 1183.8 0.0975383
27 67 1027.23 1027.34 0.102657
32 54 1027.53 1027.7 0.174595
31 49 1024.72 1024.83 0.102657
28 61 1369.43 1369.62 0.184835
24 46 1031.07 1031.17 0.102657
34 59 1030.61 1030.71 0.0975382
15 62 1026.65 1026.74 0.0975373
1 54 1185.54 1185.64 0.0975364
7 55 1169.79 1169.89 0.0975387
6 61 1098.09 1098.19 0.0975381
27 67 1057.23 1057.34 0.102657
1 54 1065.54 1065.64 0.0975364
6 61 1038.09 1038.2 0.102658
35 52 1033.55 1033.65 0.0975384
11 54 1105.3 1105.39 0.097539
27 67 1177.23 1177.33 0.0975365
21 56 1031 1031.09 0.0975379
22 55 1179.31 1179.41 0.102658
18 62 1036.9 1037 0.0975382
39 50 1036.1 1036.21 0.102658
1 54 1035.54 1035.64 0.0975364
21 56 1181 1181.09 0.0975379
36 51 1047.04 1047.14 0.0975389
25 41 1039.11 1039.21 0.102658
37 54 1057.34 1057.95 0.61645
31 49 1144.72 1144.82 0.0975369
31 49 1054.72 1054.83 0.102657
7 55 1049.79 1049.9 0.102659
38 67 1045.39 1045.49 0.102659
12 55 1050.15 1050.25 0.102657
29 66 1052.9 1053 0.0975386
15 62 1056.65 1056.74 0.0975373
26 46 1053.36 1053.46 0.097538
23 41 1044.22 1044.32 0.102659
11 54 1045.3 1045.39 0.097539
33 65 1055.96 1056.13 0.174594
3 60 1038.9 1038.99 0.0975388
21 56 1061 1061.09 0.0975379
29 66 1172.9 1173 0.0975386
35 52 1093.55 1093.65 0.0975384
12 55 1110.15 1110.24 0.0975373
24 46 1181.07 1181.17 0.0975373
25 41 1099.11 1099.21 0.102658
26 46 1143.36 1143.46 0.102658
14 62 1145.39 1145.49 0.10266
15 62 1116.65 1116.74 0.0975373
22 55 1148.77 1148.88 0.102658
21 56 1121 1121.09 0.0975379
16 55 1150.55 1152.85 2.30195
0 54 1153.16 1153.27 0.102658
39 50 1126.1 1126.2 0.0975385
32 54 1117.53 1117.7 0.174595
2 60 1150.68 1151.01 0.328707
19 55 1146.86 1149.16 2.30196
27 67 1117.23 1117.34 0.102657
31 49 1114.72 1114.82 0.0975369
35 52 1123.55 1123.65 0.0975384
18 62 1126.9 1127 0.0975382
8 60 1154.75 1154.93 0.184835
10 61 1155.47 1155.65 0.184835
1 54 1125.54 1125.64 0.0975364
6 61 1128.09 1128.19 0.0975381
34 59 1120.61 1120.71 0.0975382
34 59 1180.61 1180.71 0.0975382
24 46 1121.07 1121.17 0.0975373
20 62 1381.33 1381.43 0.102656
3 60 1128.9 1128.99 0.0975388
16 56 1378.44 1378.63 0.184837
2 60 1183.22 1183.55 0.328707
25 41 1129.11 1129.21 0.102658
23 41 1134.22 1134.32 0.0975393
11 54 1135.3 1135.39 0.097539
9 60 1167.42 1167.61 0.184835
38 67 1135.39 1135.49 0.102659
12 55 1140.15 1140.24 0.0975373
36 51 1137.04 1137.14 0.102659
5 60 1163.62 1163.72 0.102659
33 65 1138.46 1138.56 0.102658
8 60 1185.28 1185.38 0.0975394
35 52 1183.55 1183.65 0.0975384
7 55 1139.79 1139.89 0.0975387
32 54 1147.53 1147.7 0.174595
27 67 1147.23 1147.33 0.0975365
8 60 1173.05 1173.15 0.102659
25 41 1159.11 1159.21 0.102658
22 55 1158.94 1159.04 0.102658
24 46 1151.07 1151.17 0.0975373
15 62 1146.65 1146.74 0.0975373
23 41 1164.22 1164.32 0.0975393
21 62 1151 1151.09 0.0975404
14 61 1155.55 1155.65 0.102658
1 54 1155.54 1155.64 0.0975364
18 62 1156.9 1157 0.0975382
13 0 1370.61 0 -1370.61
3 60 1158.9 1158.99 0.0975388
35 52 1153.55 1153.65 0.0975384
39 50 1156.1 1156.2 0.0975385
14 61 1175.92 1176.02 0.102658
6 61 1158.09 1158.19 0.0975381
38 67 1165.39 1165.49 0.097539
33 65 1168.46 1168.56 0.0975383
11 54 1165.3 1165.39 0.097539
37 54 1179.39 1180.01 0.61645
36 51 1167.04 1167.14 0.102659
6 61 1188.09 1188.19 0.0975381
3 60 1188.9 1188.99 0.0975388
25 41 1189.11 1189.2 0.0975381
9 60 1197.95 1198.13 0.174595
18 62 1186.9 1187 0.0975382
37 54 1240.42 1241.04 0.61645
11 54 1195.3 1195.39 0.097539
38 67 1195.39 1195.49 0.097539
36 51 1197.04 1197.14 0.102659
23 41 1194.22 1194.32 0.0975393
5 60 1194.15 1194.25 0.0975385
33 65 1198.46 1198.56 0.0975383
7 55 1199.79 1199.89 0.0975387
