26 40 0.854949 3.15691 2.30196
23 40 10.3052 12.6072 2.30196
31 42 11.339 13.6409 2.30196
25 40 11.7728 14.0747 2.30196
13 42 12.0176 14.3195 2.30195
7 41 1.70631 4.00827 2.30196
33 41 2.50068 4.80264 2.30196
1 0 3.25406 0 -3.25406
2 0 5.36182 0 -5.36182
28 40 5.43513 7.73709 2.30196
4 41 5.56037 7.86233 2.30196
26 40 963.268 963.371 0.102661
38 41 939.378 939.481 0.10266
0 41 937.703 940.005 2.30196
37 0 6.13799 0 -6.13799
14 42 6.68614 8.9881 2.30196
16 0 7.1294 0 -7.1294
9 41 7.71317 10.0151 2.30196
30 42 929.566 931.868 2.30196
38 41 9.3783 11.6803 2.30196
15 42 9.14938 11.4513 2.30196
29 40 7.98088 10.2828 2.30196
19 42 9.75976 12.0617 2.30195
9 41 919.286 921.588 2.30196
16 43 1374.49 1376.79 2.30197
5 0 12.1238 0 -12.1238
22 40 13.1873 15.4892 2.30195
39 43 1153.08 1153.19 0.102661
39 43 13.0843 15.3863 2.30196
35 42 14.7633 17.0653 2.30196
3 0 15.3527 0 -15.3527
34 0 16.1241 0 -16.1241
18 42 15.6071 17.909 2.30196
14 42 918.259 920.561 2.30196
16 42 918.702 921.004 2.30196
21 42 16.435 18.737 2.30196
12 41 16.9947 19.2967 2.30196
32 41 17.3682 19.6702 2.30196
37 0 917.711 0 -917.711
39 43 924.657 924.842 0.184837
30 42 17.9926 20.2945 2.30196
24 40 18.3676 20.6696 2.30195
27 40 19.0021 21.3041 2.30195
36 42 20.0931 22.3951 2.30196
6 41 22.2015 24.5035 2.30196
20 42 26.3489 28.6508 2.30196
38 41 1149.38 1149.48 0.0975398
0 41 26.13 28.4319 2.30196
8 41 25.5408 27.8428 2.30196
39 43 973.084 973.182 0.0975415
4 0 917.133 0 -917.133
10 41 28.0028 30.3047 2.30196
11 41 28.0526 30.3545 2.30196
17 0 28.3954 0 -28.3954
32 43 928.941 931.243 2.30197
29 40 463.767 466.069 2.30196
9 0 463.5 0 -463.5
36 42 247.986 250.288 2.30196
17 42 256.289 258.591 2.30196
18 42 471.394 473.696 2.30196
24 40 948.368 948.465 0.0975363
11 41 255.946 258.248 2.30196
36 42 475.88 478.182 2.30196
8 0 253.434 0 -253.434
0 0 254.023 0 -254.023
32 41 473.155 475.457 2.30196
27 40 246.895 249.197 2.30195
20 42 254.242 256.544 2.30196
10 41 255.896 258.198 2.30196
10 43 483.789 486.091 2.30198
38 41 465.165 467.467 2.30196
5 41 467.91 470.212 2.30196
15 0 464.936 0 -464.936
26 40 228.748 231.05 2.30196
7 41 229.6 231.902 2.30196
33 41 230.394 232.696 2.30196
1 41 231.147 233.449 2.30196
2 0 233.255 0 -233.255
28 40 233.328 235.63 2.30196
4 0 233.454 0 -233.454
37 40 234.031 236.333 2.30197
14 42 234.579 236.881 2.30196
16 42 235.023 237.325 2.30196
9 0 235.606 0 -235.606
29 0 235.874 0 -235.874
15 0 237.043 0 -237.043
38 41 237.272 239.574 2.30196
19 42 237.653 239.955 2.30195
23 40 238.198 240.5 2.30196
31 0 239.232 0 -239.232
25 0 239.666 0 -239.666
13 42 239.911 242.213 2.30195
5 41 240.017 242.319 2.30196
39 43 240.978 243.28 2.30196
22 40 241.081 243.382 2.30195
35 0 242.657 0 -242.657
3 41 243.246 245.548 2.30196
18 42 243.5 245.802 2.30196
34 0 244.017 0 -244.017
21 42 244.328 246.63 2.30196
12 41 244.888 247.19 2.30196
32 41 245.261 247.563 2.30196
30 42 245.886 248.188 2.30196
24 40 246.261 248.563 2.30195
23 40 954.42 954.749 0.328709
6 41 250.095 252.397 2.30196
28 40 935.435 935.538 0.102661
10 41 939.576 941.878 2.30196
17 43 939.968 942.27 2.30197
28 40 965.435 965.533 0.0975412
2 0 916.935 0 -916.935
28 40 917.008 917.111 0.102661
6 41 1072.2 1072.3 0.0975397
31 42 922.912 925.214 2.30196
26 40 1080.85 1080.95 0.097541
1 40 914.827 917.129 2.30197
20 42 937.922 940.224 2.30196
33 41 914.074 916.376 2.30196
5 0 923.697 0 -923.697
8 43 937.114 939.416 2.30198
13 42 923.591 925.893 2.30195
7 41 913.279 915.581 2.30196
12 41 472.781 475.083 2.30196
24 40 474.154 476.456 2.30195
8 40 709.221 711.523 2.30198
20 42 710.029 712.331 2.30196
11 41 483.839 486.141 2.30196
11 41 939.626 941.928 2.30196
22 40 468.974 471.276 2.30195
35 0 470.55 0 -470.55
21 42 946.435 946.533 0.0975404
19 42 465.546 467.848 2.30195
39 43 468.871 471.173 2.30196
6 41 933.775 933.959 0.184836
34 0 471.911 0 -471.911
8 0 481.327 0 -481.327
20 42 482.135 484.437 2.30196
16 0 462.916 0 -462.916
27 40 474.789 477.091 2.30195
17 42 484.182 486.484 2.30196
14 42 462.473 464.775 2.30196
22 40 924.76 927.062 2.30195
21 42 472.222 474.523 2.30196
24 40 929.941 930.043 0.102656
13 42 467.804 470.106 2.30195
3 0 471.139 0 -471.139
39 43 943.084 943.187 0.102661
6 41 952.202 952.304 0.10266
30 42 473.779 476.081 2.30196
6 41 477.988 480.29 2.30196
0 0 481.916 0 -481.916
26 40 456.641 458.943 2.30196
7 41 457.493 459.795 2.30196
33 41 458.287 460.589 2.30196
1 41 459.041 461.343 2.30196
2 41 461.148 463.45 2.30196
28 40 461.222 463.524 2.30196
4 0 461.347 0 -461.347
37 40 461.924 464.226 2.30197
19 0 921.333 0 -921.333
23 40 921.878 922.207 0.328709
38 41 920.951 921.054 0.10266
21 0 928.008 0 -928.008
23 40 466.092 468.394 2.30196
31 42 467.125 469.427 2.30196
25 40 467.559 469.861 2.30196
23 40 1150.31 1150.41 0.102661
29 0 919.554 0 -919.554
15 0 920.722 0 -920.722
25 40 923.346 925.648 2.30196
38 41 969.378 969.476 0.0975398
26 40 912.428 912.757 0.328709
36 42 931.666 933.968 2.30196
27 0 930.575 0 -930.575
0 0 709.81 0 -709.81
26 40 944.97 945.154 0.184837
35 0 926.336 0 -926.336
3 0 926.926 0 -926.926
34 41 927.697 929.999 2.30196
18 40 927.18 929.482 2.30198
26 40 684.535 686.837 2.30196
7 0 685.386 0 -685.386
33 0 686.18 0 -686.18
1 0 686.934 0 -686.934
2 41 689.042 691.344 2.30196
28 40 689.115 691.417 2.30196
4 0 689.24 0 -689.24
37 40 689.818 692.12 2.30197
14 0 690.366 0 -690.366
16 0 690.809 0 -690.809
9 0 691.393 0 -691.393
29 41 691.661 693.963 2.30197
15 42 692.829 695.131 2.30196
38 41 693.058 695.36 2.30196
19 42 693.44 695.741 2.30195
23 41 693.985 696.287 2.30196
31 40 695.019 697.321 2.30196
25 0 695.453 0 -695.453
13 0 695.697 0 -695.697
5 0 695.804 0 -695.804
39 43 696.764 699.066 2.30196
22 40 696.867 699.169 2.30195
35 42 698.443 700.745 2.30196
3 0 699.032 0 -699.032
18 0 699.287 0 -699.287
34 0 699.804 0 -699.804
21 42 700.115 702.417 2.30196
12 41 700.674 702.976 2.30196
32 41 701.048 703.35 2.30196
30 43 701.672 703.974 2.30197
24 40 702.047 704.349 2.30195
27 40 702.682 704.984 2.30195
36 0 703.773 0 -703.773
6 41 705.881 708.183 2.30196
20 42 1184.11 1184.22 0.10266
11 41 711.732 714.034 2.30196
10 0 711.682 0 -711.682
17 42 712.075 714.377 2.30196
12 0 928.568 0 -928.568
28 40 1085.44 1085.53 0.0975412
6 41 1162.2 1162.3 0.0975397
23 40 1090.31 1090.41 0.102661
21 42 1096.44 1096.53 0.0975404
38 41 1089.38 1089.48 0.0975398
39 43 1093.08 1093.18 0.0975415
27 40 1386.36 1388.66 2.30195
23 40 986.962 987.29 0.328709
21 42 976.435 976.533 0.0975404
24 40 978.368 978.465 0.0975363
6 41 982.202 982.304 0.10266
26 40 990.855 990.952 0.097541
28 40 995.435 995.538 0.102661
19 42 1377.12 1379.42 2.30195
31 42 1181.34 1181.51 0.1746
14 42 1374.05 1374.15 0.102662
39 43 1003.08 1003.19 0.102661
13 42 1379.38 1379.48 0.102659
38 41 999.378 999.476 0.0975398
23 40 1019.5 1019.61 0.102661
26 40 1170.85 1170.95 0.097541
21 0 1156.44 0 -1156.44
21 42 1006.44 1006.54 0.10266
29 43 1375.34 1377.64 2.30196
24 40 1008.37 1008.47 0.0975363
26 40 1020.85 1020.95 0.097541
23 40 1180.31 1180.4 0.097541
4 0 1372.92 0 -1372.92
37 41 1373.5 1375.8 2.30196
6 41 1012.2 1012.3 0.10266
36 42 1192.1 1192.43 0.328712
38 41 1029.38 1029.48 0.0975398
28 40 1025.44 1025.53 0.0975412
25 40 1379.13 1379.23 0.102659
23 40 1030.31 1030.41 0.102661
33 41 1369.86 1370.48 0.616453
24 40 1038.37 1038.47 0.0975363
39 43 1033.08 1033.19 0.102661
21 42 1036.44 1036.54 0.10266
6 41 1042.2 1042.3 0.0975397
34 41 1383.48 1385.79 2.30196
38 41 1059.38 1059.48 0.0975398
7 41 1369.07 1371.37 2.30196
26 40 1050.85 1050.95 0.097541
39 43 1183.08 1183.19 0.102661
21 0 1186.44 0 -1186.44
23 40 1060.31 1060.41 0.102661
28 40 1055.44 1055.53 0.0975412
24 40 1068.37 1068.47 0.0975363
21 42 1066.44 1066.54 0.10266
24 40 1158.37 1158.47 0.0975363
39 43 1063.08 1063.19 0.102661
29 0 1147.45 0 -1147.45
24 40 1098.37 1098.47 0.0975363
7 0 1141.17 0 -1141.17
14 42 1146.15 1148.45 2.30196
2 0 1144.83 0 -1144.83
6 41 1102.2 1102.3 0.0975397
25 40 1151.24 1153.54 2.30196
1 41 1142.72 1145.02 2.30196
33 41 1141.97 1144.27 2.30196
3 43 1154.82 1157.12 2.30197
4 0 1145.03 0 -1145.03
5 0 1379.48 0 -1379.48
37 0 1145.6 0 -1145.6
26 40 1110.85 1110.95 0.097541
16 0 1146.6 0 -1146.6
38 41 1119.38 1119.48 0.0975398
18 43 1155.07 1157.38 2.30197
5 41 1151.59 1153.89 2.30196
31 42 1150.81 1150.99 0.18484
10 41 1167.47 1169.77 2.30196
9 41 1147.18 1149.48 2.30196
15 0 1148.62 0 -1148.62
13 42 1151.48 1153.79 2.30195
19 0 1149.23 0 -1149.23
23 40 1120.31 1120.41 0.102661
28 40 1115.44 1115.53 0.0975412
34 0 1155.59 0 -1155.59
36 42 1159.56 1159.89 0.328712
27 40 1158.47 1160.77 2.30195
39 43 1123.08 1123.19 0.102661
24 40 1128.37 1128.47 0.0975363
35 0 1154.23 0 -1154.23
12 0 1156.46 0 -1156.46
18 42 1382.97 1384.28 1.31482
22 41 1152.65 1154.96 2.30197
24 40 1188.37 1188.47 0.0975363
30 42 1157.46 1159.76 2.30196
32 0 1156.83 0 -1156.83
21 42 1126.44 1126.53 0.0975404
20 42 1165.82 1166 0.184836
6 41 1132.2 1132.3 0.0975397
8 41 1165.01 1167.31 2.30196
0 40 1165.6 1167.9 2.30198
11 41 1167.52 1169.82 2.30196
15 42 1376.51 1378.81 2.30196
17 43 1167.86 1169.18 1.31483
26 40 1140.85 1140.95 0.097541
28 40 1145.44 1145.53 0.0975412
30 42 1385.35 1385.68 0.328712
38 41 1179.38 1179.48 0.0975398
6 41 1192.2 1192.3 0.0975397
9 41 1375.07 1377.37 2.30196
22 40 1380.55 1380.65 0.102659
1 40 1370.61 1372.92 2.30197
35 42 1382.12 1384.42 2.30196
12 41 1384.35 1386.66 2.30196
2 41 1372.72 1375.02 2.30196
28 40 1175.44 1175.53 0.0975412
3 43 1382.71 1385.01 2.30197
20 42 1196.35 1196.45 0.10266
11 41 1395.41 1397.71 2.30196
10 41 1395.36 1397.66 2.30196
32 41 1384.73 1387.03 2.30196
8 0 1392.9 0 -1392.9
0 0 1393.49 0 -1393.49
17 42 1298.03 1299.34 1.31482
