13 32 1.8699 4.17186 2.30196
14 32 8.40164 10.7036 2.30196
21 32 1.89487 4.19682 2.30195
0 31 2.72761 5.02957 2.30196
19 32 4.67013 6.97208 2.30196
11 31 6.21551 8.51747 2.30196
17 0 7.30336 0 -7.30336
29 30 7.74393 10.0459 2.30196
29 30 997.744 997.841 0.0975431
15 32 9.52407 11.826 2.30196
7 31 8.62819 10.9302 2.30196
10 0 9.52928 0 -9.52928
1 31 10.293 12.5949 2.30196
6 31 11.5096 13.8116 2.30195
25 32 11.8888 14.1908 2.30196
18 32 15.1364 17.4383 2.30196
2 31 13.6945 15.9965 2.30196
27 30 15.0062 17.3081 2.30196
16 0 18.1637 0 -18.1637
4 31 18.6548 20.9568 2.30196
22 0 19.4499 0 -19.4499
28 0 22.7309 0 -22.7309
26 33 23.187 25.4889 2.30196
23 32 23.3465 25.6484 2.30196
12 0 23.4765 0 -23.4765
21 32 991.895 991.992 0.0975386
20 32 24.3083 26.6103 2.30196
3 0 24.7893 0 -24.7893
8 31 25.5153 27.8173 2.30196
24 32 27.2914 29.5933 2.30196
9 0 28.6893 0 -28.6893
5 0 27.8881 0 -27.8881
26 33 251.08 253.382 2.30196
5 31 255.781 258.083 2.30196
9 31 256.583 258.885 2.30196
23 32 251.24 253.542 2.30196
15 32 465.311 467.613 2.30196
12 30 251.37 253.672 2.30197
8 31 253.409 255.711 2.30196
8 31 481.302 483.604 2.30196
3 0 252.683 0 -252.683
23 32 479.133 481.435 2.30196
6 31 467.296 469.598 2.30195
28 0 250.624 0 -250.624
18 32 470.923 473.225 2.30196
24 32 255.185 257.487 2.30196
27 30 470.793 473.095 2.30196
7 0 464.415 0 -464.415
20 32 252.202 254.504 2.30196
24 32 483.078 485.38 2.30196
13 0 229.763 0 -229.763
21 32 229.788 232.09 2.30195
0 31 230.621 232.923 2.30196
19 32 232.563 234.865 2.30196
11 31 234.109 236.411 2.30196
17 0 235.197 0 -235.197
29 30 235.637 237.939 2.30196
14 32 236.295 238.597 2.30196
7 0 236.521 0 -236.521
15 32 237.417 239.719 2.30196
10 0 237.423 0 -237.423
1 0 238.186 0 -238.186
6 31 239.403 241.705 2.30195
25 32 239.782 242.084 2.30196
2 30 241.588 243.89 2.30197
27 30 242.899 245.201 2.30196
18 32 243.03 245.332 2.30196
16 32 246.057 248.359 2.30196
4 31 246.548 248.85 2.30196
22 32 247.343 249.645 2.30196
23 32 983.346 983.449 0.10266
3 31 480.576 482.878 2.30196
28 33 478.517 480.819 2.30196
12 31 479.263 481.565 2.30196
10 31 465.316 467.618 2.30196
22 32 475.236 477.538 2.30196
14 32 464.188 466.49 2.30196
25 32 1091.89 1091.99 0.10266
2 30 925.268 927.57 2.30197
16 32 473.95 476.252 2.30196
9 31 484.476 486.778 2.30196
24 0 710.971 0 -710.971
29 30 463.53 465.832 2.30196
1 31 466.079 468.381 2.30196
25 32 971.889 972.063 0.174596
20 32 480.095 482.397 2.30196
9 31 712.369 714.671 2.30196
2 31 469.481 471.783 2.30196
21 32 961.895 961.998 0.102659
4 31 474.441 476.743 2.30196
26 33 478.973 481.275 2.30196
5 31 483.675 485.977 2.30196
3 31 936.362 938.664 2.30196
13 32 457.656 459.958 2.30196
21 32 457.681 459.983 2.30195
0 31 458.514 460.816 2.30196
19 32 460.457 462.759 2.30196
11 31 462.002 464.304 2.30196
17 0 463.09 0 -463.09
26 33 983.187 983.29 0.102659
25 32 467.675 469.977 2.30196
23 32 1163.35 1163.44 0.0975403
5 31 711.568 713.87 2.30196
20 32 935.881 938.183 2.30196
26 33 934.76 934.863 0.102659
15 32 953.639 953.824 0.18484
15 32 1059.52 1059.63 0.102664
28 33 934.304 936.606 2.30196
13 32 1141.34 1141.66 0.328709
23 0 934.919 0 -934.919
13 32 685.55 687.852 2.30196
21 32 685.575 687.877 2.30195
0 31 686.407 688.709 2.30196
19 30 688.35 690.652 2.30197
11 0 689.895 0 -689.895
17 0 690.983 0 -690.983
29 32 691.424 693.726 2.30196
14 32 692.081 694.383 2.30196
7 31 692.308 694.61 2.30196
15 30 693.204 695.506 2.30197
10 0 693.209 0 -693.209
1 0 693.973 0 -693.973
6 31 695.189 697.491 2.30195
25 33 695.569 697.871 2.30197
2 0 697.374 0 -697.374
27 30 698.686 700.988 2.30196
18 32 698.816 701.118 2.30196
16 0 701.843 0 -701.843
4 31 702.335 704.637 2.30196
22 30 703.13 705.432 2.30197
28 33 706.411 708.713 2.30196
26 33 706.867 709.169 2.30196
23 32 707.026 709.328 2.30196
12 30 707.156 709.458 2.30197
20 31 707.988 710.29 2.30198
3 0 708.469 0 -708.469
8 0 709.195 0 -709.195
4 31 978.655 978.758 0.10266
9 0 940.262 0 -940.262
12 31 935.049 937.351 2.30196
29 30 970.157 970.26 0.102663
26 33 953.187 953.29 0.102659
26 33 1163.19 1163.28 0.0975395
23 32 953.346 953.444 0.0975403
8 0 937.088 0 -937.088
29 30 951.859 952.043 0.184839
4 31 948.655 948.752 0.0975401
15 0 971.937 0 -971.937
23 32 1073.35 1073.44 0.0975403
24 32 938.864 941.166 2.30196
25 32 941.889 942.063 0.174596
16 0 929.737 0 -929.737
5 0 939.461 0 -939.461
21 32 931.895 931.998 0.102659
13 30 913.443 915.745 2.30197
21 32 913.468 913.571 0.102659
0 31 914.301 916.603 2.30196
19 32 916.243 918.545 2.30196
11 0 917.788 0 -917.788
17 30 918.876 921.178 2.30197
29 30 919.317 919.646 0.328711
14 0 919.975 0 -919.975
7 31 920.201 922.503 2.30196
15 32 921.097 921.426 0.328712
10 0 921.102 0 -921.102
1 0 921.866 0 -921.866
6 31 923.083 925.385 2.30195
25 0 923.462 0 -923.462
27 30 926.579 928.881 2.30196
18 32 926.709 929.011 2.30196
26 33 1103.19 1103.28 0.0975395
4 31 930.228 930.331 0.10266
22 30 931.023 933.325 2.30197
15 32 999.524 999.699 0.1746
25 32 1001.89 1001.99 0.10266
4 31 1008.65 1008.76 0.10266
26 33 1013.19 1013.28 0.0975395
14 0 1375.76 0 -1375.76
23 32 1013.35 1013.45 0.10266
13 32 1173.88 1174.21 0.328709
4 31 1038.65 1038.76 0.10266
29 30 1027.74 1027.84 0.0975431
21 32 1021.89 1021.99 0.0975386
15 32 1179.52 1179.62 0.0975439
25 0 1031.89 0 -1031.89
15 32 1029.52 1029.7 0.1746
12 31 1195.48 1195.59 0.102662
26 33 1043.19 1043.28 0.0975395
19 32 1372.03 1374.33 2.30196
21 32 1051.89 1051.99 0.0975386
1 32 1377.65 1379.95 2.30198
23 32 1043.35 1043.44 0.0975403
29 30 1057.74 1057.84 0.0975431
21 32 1141.89 1141.99 0.0975386
29 30 1087.74 1087.84 0.0975431
26 33 1073.19 1073.28 0.0975395
10 0 1376.89 0 -1376.89
25 32 1061.89 1061.99 0.0975396
4 31 1068.65 1068.75 0.0975401
4 31 1098.65 1098.75 0.0975401
21 0 1171.89 0 -1171.89
21 32 1081.89 1081.99 0.0975386
0 31 1142.19 1142.38 0.184838
7 0 1375.99 0 -1375.99
15 32 1089.52 1089.62 0.0975439
23 32 1103.35 1103.44 0.0975403
21 32 1111.89 1111.99 0.0975386
3 0 1164.26 0 -1164.26
29 30 1117.74 1117.84 0.0975431
19 32 1144.14 1146.44 2.30196
25 32 1121.89 1121.99 0.0975396
17 0 1374.66 0 -1374.66
15 32 1119.52 1119.62 0.0975439
11 31 1145.68 1147.98 2.30196
17 30 1146.77 1149.07 2.30197
12 31 1162.94 1163.27 0.32871
14 0 1147.87 0 -1147.87
7 0 1148.09 0 -1148.09
8 0 1164.98 0 -1164.98
20 32 1163.77 1166.08 2.30196
10 0 1149 0 -1149
27 31 1154.47 1156.77 2.30196
6 31 1150.98 1153.28 2.30195
2 31 1153.16 1155.46 2.30196
18 32 1154.6 1156.9 2.30196
26 33 1133.19 1133.28 0.0975395
23 32 1133.35 1133.45 0.10266
28 33 1162.2 1164.5 2.30196
11 31 1373.57 1375.88 2.30196
4 31 1128.65 1128.75 0.0975401
1 0 1149.76 0 -1149.76
16 30 1157.63 1159.93 2.30197
22 30 1158.92 1159.24 0.328718
9 31 1168.16 1170.46 2.30196
0 30 1172.73 1172.9 0.174604
4 31 1158.65 1158.75 0.0975401
5 31 1167.35 1169.66 2.30196
24 32 1166.76 1169.06 2.30196
15 32 1149.52 1149.62 0.0975439
29 30 1147.74 1147.84 0.0975431
25 32 1151.89 1151.99 0.0975396
6 31 1378.87 1381.17 2.30195
25 32 1181.89 1181.99 0.0975396
29 30 1177.74 1177.84 0.0975431
16 32 1385.52 1387.83 2.30196
18 32 1382.5 1382.68 0.184839
3 31 1392.15 1394.45 2.30196
4 31 1188.65 1188.75 0.0975401
27 33 1382.37 1384.67 2.30197
22 32 1191.46 1191.79 0.328711
2 31 1381.05 1382.37 1.31482
20 32 1391.67 1393.97 2.30196
23 32 1193.35 1193.44 0.0975403
24 32 1394.65 1395.27 0.616454
8 31 1392.87 1395.18 2.30196
28 33 1390.09 1390.28 0.184839
26 33 1193.19 1193.28 0.0975395
9 33 1396.05 1398.35 2.30197
5 31 1395.25 1395.43 0.184837
