24 57 0.0649859 2.36694 2.30195
45 54 0.859675 3.16163 2.30196
37 63 5.40951 7.71147 2.30196
0 50 1064.19 1064.37 0.174596
38 56 1.09785 3.39981 2.30196
21 57 1010.05 1010.15 0.0975392
1 50 1.35718 3.65913 2.30196
39 61 1.94359 4.24555 2.30195
15 0 705.546 0 -705.546
11 53 2 4.30196 2.30196
44 62 1076.95 1077.04 0.0975383
1 50 1021.36 1021.46 0.102659
26 55 945.634 945.737 0.102658
14 53 2.83199 5.13395 2.30195
18 57 4.5356 6.83756 2.30196
9 53 5.41755 7.7195 2.30196
2 50 5.8625 8.16446 2.30196
19 57 6.32884 8.63079 2.30196
13 53 8.35639 10.6583 2.30195
46 51 8.18945 10.4914 2.30196
24 57 1020.06 1020.16 0.0975386
4 50 8.68751 10.9895 2.30196
48 63 1025.6 1025.93 0.328708
32 61 9.35117 11.6531 2.30196
43 62 10.3334 12.6353 2.30196
31 61 12.1981 14.5 2.30196
36 56 11.185 13.487 2.30195
45 54 1020.86 1020.96 0.0975399
25 56 1066.21 1066.3 0.0975401
17 53 981.05 981.152 0.102658
34 58 702.545 704.847 2.30196
27 0 10.5803 0 -10.5803
39 61 1021.94 1022.04 0.0975367
45 54 990.86 990.957 0.0975399
28 55 12.0675 14.3694 2.30195
42 0 11.5192 0 -11.5192
11 53 996.955 997.129 0.174596
4 50 1088.69 1088.79 0.102659
0 50 1004.19 1004.37 0.174596
5 51 705.312 707.614 2.30196
26 55 15.6343 17.9362 2.30195
0 50 14.1931 16.4951 2.30196
20 57 13.7541 16.0561 2.30195
29 55 1078.37 1078.46 0.0975391
8 50 16.905 19.207 2.30196
33 58 15.2743 17.5763 2.30196
23 57 15.3287 17.6306 2.30195
41 61 14.8005 17.1024 2.30195
1 50 1051.36 1051.46 0.102659
25 56 16.2051 18.5071 2.30196
3 50 988.679 988.782 0.102657
38 56 1051.1 1051.2 0.0975397
16 53 16.8371 19.139 2.30196
24 57 990.065 990.163 0.0975386
39 61 991.944 992.041 0.0975367
7 0 17.2166 0 -17.2166
48 63 20.4595 22.7614 2.30196
34 58 18.8655 21.1674 2.30196
17 53 21.0496 23.3515 2.30195
38 56 991.098 991.201 0.10266
21 57 20.0529 22.3548 2.30196
15 0 21.8659 0 -21.8659
5 0 21.6321 0 -21.6321
8 50 1066.9 1067 0.0975392
10 53 22.9745 25.2764 2.30195
6 50 22.8453 25.1472 2.30195
23 57 1095.33 1095.43 0.0975366
23 57 1005.33 1005.43 0.0975366
30 56 25.3528 27.6547 2.30195
47 51 24.331 26.6329 2.30195
22 57 25.6162 27.9182 2.30195
12 53 25.297 27.599 2.30195
49 56 26.2248 28.5267 2.30195
35 63 27.3591 29.6611 2.30195
18 57 1084.54 1084.64 0.102661
10 53 706.654 708.956 2.30195
3 50 1018.68 1018.78 0.0975371
44 62 26.9455 29.2475 2.30195
11 53 1022 1022.1 0.10266
37 63 1025.41 1025.51 0.0975396
7 0 700.896 0 -700.896
29 55 28.366 30.668 2.30196
3 50 28.6788 30.9808 2.30195
40 61 29.0371 31.3391 2.30196
17 52 704.729 707.031 2.30196
21 57 247.946 250.248 2.30196
22 57 253.509 255.811 2.30195
17 52 248.943 251.245 2.30196
34 58 246.759 249.061 2.30196
30 56 253.246 255.548 2.30195
48 63 248.353 250.655 2.30196
5 50 249.525 251.827 2.30196
47 51 252.224 254.526 2.30195
12 53 253.19 255.492 2.30195
29 55 256.259 258.561 2.30196
0 50 469.98 472.282 2.30196
3 50 1078.68 1078.78 0.0975371
34 58 1013.82 1013.99 0.174597
15 0 249.759 0 -249.759
27 55 466.367 468.669 2.30196
24 57 227.958 230.26 2.30195
45 54 228.753 231.055 2.30196
38 56 228.991 231.293 2.30196
1 50 229.25 231.552 2.30196
39 61 229.837 232.139 2.30195
11 53 229.893 232.195 2.30196
14 53 230.725 233.027 2.30195
18 57 232.429 234.731 2.30196
37 63 233.303 235.605 2.30196
9 53 233.311 235.613 2.30196
2 50 233.756 236.058 2.30196
19 57 234.222 236.524 2.30196
46 51 236.083 238.385 2.30196
13 53 236.25 238.552 2.30195
4 50 236.581 238.883 2.30196
32 58 237.244 239.546 2.30196
43 61 238.227 240.529 2.30196
27 0 238.474 0 -238.474
36 56 239.078 241.38 2.30195
42 55 239.412 241.714 2.30196
28 55 239.961 242.263 2.30195
31 61 240.091 242.393 2.30196
20 0 241.647 0 -241.647
0 50 242.086 244.388 2.30196
41 61 242.694 244.996 2.30195
33 61 243.168 245.47 2.30196
23 57 243.222 245.524 2.30195
26 55 243.528 245.829 2.30195
25 56 244.098 246.4 2.30196
16 53 244.73 247.032 2.30196
8 50 244.798 247.1 2.30196
7 0 245.11 0 -245.11
43 55 1090.33 1090.43 0.0975408
41 61 1004.8 1004.9 0.102658
2 50 1085.86 1086.04 0.174597
11 53 1052 1052.1 0.10266
6 50 250.739 253.04 2.30195
10 53 250.868 253.17 2.30195
39 61 1051.94 1052.04 0.0975367
40 55 712.717 715.019 2.30196
49 56 254.118 256.42 2.30195
44 62 254.839 257.141 2.30195
8 50 700.585 702.887 2.30196
35 63 255.252 257.554 2.30195
43 55 1060.33 1060.43 0.0975408
36 56 1061.19 1061.29 0.102658
40 61 256.93 259.232 2.30196
28 55 467.854 470.156 2.30195
41 61 1094.8 1094.9 0.102658
3 50 256.572 258.874 2.30195
6 50 706.525 708.827 2.30195
25 56 699.885 702.187 2.30196
26 55 1065.63 1065.73 0.0975383
48 63 704.139 706.441 2.30196
47 51 984.331 984.434 0.102659
25 56 1096.21 1096.3 0.0975401
43 55 1000.33 1000.44 0.102661
4 50 464.474 466.776 2.30196
38 56 1021.1 1021.2 0.0975397
41 61 1064.8 1064.9 0.102658
24 57 1080.06 1080.16 0.0975386
2 50 995.863 996.037 0.174597
14 53 992.832 992.935 0.102658
14 53 1052.83 1052.93 0.0975375
46 51 1058.19 1058.29 0.10266
17 53 1071.05 1071.15 0.0975376
7 58 928.79 931.092 2.30196
17 53 1011.05 1011.15 0.102658
48 63 1090.69 1091.01 0.328708
23 57 1065.33 1065.43 0.0975366
7 50 473.003 475.305 2.30196
21 57 475.839 478.141 2.30196
47 51 1014.33 1014.43 0.102659
37 63 995.41 995.507 0.0975396
36 56 1091.19 1091.28 0.097538
29 55 1018.37 1018.46 0.0975391
11 53 1082 1082.1 0.10266
16 53 700.517 702.819 2.30196
1 50 1081.36 1081.46 0.102659
48 63 1123.23 1123.56 0.328708
39 61 1081.94 1082.04 0.0975367
21 57 1070.05 1070.16 0.102659
21 56 703.733 706.035 2.30196
46 51 463.976 466.278 2.30196
40 61 484.824 487.126 2.30196
32 0 465.138 0 -465.138
3 50 712.359 714.661 2.30195
33 0 471.061 0 -471.061
17 53 476.836 479.138 2.30195
6 50 478.632 480.934 2.30195
18 57 1009.68 1010.01 0.328709
20 57 469.541 471.843 2.30195
34 58 474.652 476.954 2.30196
30 55 481.139 483.441 2.30196
8 50 1006.9 1007 0.0975392
29 55 484.153 486.454 2.30196
13 53 1058.36 1058.45 0.0975371
48 63 476.246 478.548 2.30196
1 50 991.357 991.455 0.0975392
26 55 1005.63 1005.73 0.0975383
49 56 482.011 484.313 2.30195
3 50 484.465 486.767 2.30195
24 57 1170.06 1170.16 0.0975386
49 56 709.905 712.206 2.30195
44 62 986.946 987.043 0.0975383
19 57 462.115 464.417 2.30196
26 55 471.421 473.723 2.30195
10 53 478.761 481.063 2.30195
47 51 480.117 482.419 2.30195
22 57 481.403 483.705 2.30195
2 50 461.649 463.951 2.30196
12 53 481.084 483.385 2.30195
44 62 482.732 485.034 2.30195
35 63 483.146 485.448 2.30195
30 55 709.033 711.334 2.30196
25 56 1006.21 1006.3 0.0975401
13 53 464.143 466.445 2.30195
23 57 471.115 473.417 2.30195
13 53 1088.36 1088.45 0.0975371
36 56 1001.19 1001.29 0.102658
24 57 455.851 458.153 2.30195
45 54 456.646 458.948 2.30196
38 56 456.884 459.186 2.30196
1 50 457.144 459.446 2.30196
39 61 457.73 460.032 2.30195
11 53 457.786 460.088 2.30196
14 53 458.618 460.92 2.30195
18 60 460.322 462.624 2.30197
37 63 461.196 463.498 2.30196
9 53 461.204 463.506 2.30196
43 62 466.12 468.422 2.30196
31 61 467.985 470.287 2.30196
36 56 466.972 469.273 2.30195
16 53 472.624 474.926 2.30196
42 55 467.306 469.608 2.30196
25 56 471.992 474.294 2.30196
41 61 470.587 472.889 2.30195
8 50 472.691 474.993 2.30196
5 0 477.419 0 -477.419
15 0 477.652 0 -477.652
12 53 708.977 711.279 2.30195
44 62 710.625 712.927 2.30195
35 0 711.039 0 -711.039
25 56 927.778 927.963 0.184836
37 63 967.823 967.925 0.10266
3 50 940.252 940.354 0.102657
22 57 709.296 711.598 2.30195
47 51 708.011 710.313 2.30195
49 56 937.798 940.1 2.30195
29 55 712.046 714.348 2.30196
24 57 683.745 686.047 2.30195
45 54 684.539 686.841 2.30196
38 56 684.778 687.08 2.30196
1 50 685.037 687.339 2.30196
39 61 685.623 687.925 2.30195
11 53 685.68 687.982 2.30196
14 53 686.512 688.814 2.30195
18 57 688.215 690.517 2.30196
37 63 689.089 691.391 2.30196
9 0 689.097 0 -689.097
2 50 689.542 691.844 2.30196
19 57 690.009 692.311 2.30196
46 51 691.869 694.171 2.30196
13 53 692.036 694.338 2.30195
4 51 692.367 694.669 2.30196
32 58 693.031 695.333 2.30196
43 55 694.013 696.315 2.30196
27 0 694.26 0 -694.26
36 63 694.865 697.167 2.30196
42 61 695.199 697.501 2.30196
28 0 695.747 0 -695.747
31 0 695.878 0 -695.878
20 57 697.434 699.736 2.30195
0 50 697.873 700.175 2.30196
41 61 698.48 700.782 2.30195
33 61 698.954 701.256 2.30196
23 57 699.008 701.31 2.30195
26 55 699.314 701.616 2.30195
37 63 1085.41 1085.51 0.0975396
46 51 1088.19 1088.29 0.10266
26 55 1095.63 1095.73 0.0975383
16 53 1066.84 1066.94 0.102661
13 53 998.356 998.459 0.102657
22 57 937.189 939.491 2.30195
0 50 944.193 944.368 0.174596
29 55 988.366 988.469 0.102659
37 63 949.524 949.709 0.184836
16 53 946.837 946.935 0.0975412
31 50 923.771 926.073 2.30197
46 59 938.189 938.292 0.10266
6 50 934.418 936.72 2.30195
21 57 931.626 931.729 0.102659
5 0 933.205 0 -933.205
4 50 938.688 938.862 0.174595
45 54 930.86 931.034 0.174596
47 51 935.904 936.007 0.102659
29 55 939.939 940.042 0.102659
48 63 993.061 993.39 0.328708
43 62 940.333 940.436 0.102661
19 57 996.329 996.431 0.102661
16 53 1006.84 1006.94 0.102661
10 60 934.547 936.849 2.30196
36 56 941.185 941.288 0.102658
41 61 944.8 944.903 0.102658
8 50 928.478 928.581 0.102659
48 63 932.032 932.649 0.616452
35 63 938.932 941.234 2.30195
24 57 911.638 911.741 0.102659
45 54 912.433 912.618 0.184836
38 56 912.671 912.774 0.10266
1 50 912.93 913.033 0.102659
39 61 913.517 913.619 0.102657
11 53 913.573 913.902 0.328708
14 53 914.405 914.59 0.184834
18 57 916.109 916.725 0.616453
37 63 916.983 917.311 0.328708
9 53 916.991 919.292 2.30196
2 50 917.435 917.62 0.184837
19 56 917.902 918.231 0.328713
46 51 919.762 919.947 0.184836
13 53 919.929 920.114 0.184833
4 50 920.261 920.445 0.184835
32 58 920.924 923.226 2.30196
43 55 921.906 922.009 0.102661
27 56 922.153 924.455 2.30196
36 56 922.758 922.861 0.102658
42 0 923.092 0 -923.092
28 55 923.64 925.942 2.30195
40 54 940.61 942.912 2.30196
12 53 936.87 939.172 2.30195
20 57 925.327 927.629 2.30195
24 0 930.065 0 -930.065
16 53 928.41 928.513 0.102661
23 57 926.902 927.004 0.102657
0 50 925.766 925.951 0.184836
41 61 926.373 926.476 0.102658
33 58 926.847 929.149 2.30196
26 55 927.207 927.31 0.102658
34 58 930.438 930.767 0.328709
17 53 932.623 932.725 0.102658
30 55 936.926 939.228 2.30196
38 56 961.098 961.201 0.10266
44 62 938.519 938.621 0.102658
15 0 933.439 0 -933.439
38 56 931.098 931.201 0.10266
1 0 931.357 0 -931.357
19 57 1056.33 1056.43 0.0975409
38 56 1081.1 1081.2 0.0975397
18 57 1054.54 1054.63 0.0975412
18 57 1042.22 1042.32 0.102661
14 53 1022.83 1022.93 0.0975375
19 57 1026.33 1026.43 0.0975409
46 51 998.189 998.287 0.0975402
37 63 1055.41 1055.51 0.0975396
14 53 932.832 932.935 0.102658
39 61 931.944 932.046 0.102657
11 53 946.115 946.443 0.328708
8 50 946.905 947.008 0.102659
19 57 950.444 950.628 0.184837
13 53 938.356 938.459 0.102657
4 50 998.688 998.79 0.102659
3 50 958.679 958.782 0.102657
2 51 935.863 936.037 0.174605
23 57 945.329 945.431 0.102657
25 56 946.205 946.308 0.10266
45 54 960.86 960.962 0.10266
21 57 950.053 950.15 0.0975392
34 58 962.98 963.309 0.328709
29 55 958.366 958.469 0.102659
1 0 961.357 0 -961.357
47 51 954.331 954.434 0.102659
39 61 961.944 962.041 0.0975367
24 57 960.065 960.163 0.0975386
17 53 951.05 951.152 0.102658
44 62 956.946 957.048 0.102658
34 58 995.522 995.707 0.184837
13 53 968.356 968.459 0.102657
4 50 968.688 968.862 0.174595
11 53 978.656 978.841 0.184836
36 56 971.185 971.288 0.102658
14 53 962.832 962.935 0.102658
46 51 968.189 968.287 0.0975402
44 62 1016.95 1017.04 0.0975383
19 57 968.742 968.916 0.174597
18 57 977.137 977.466 0.328709
2 50 965.863 966.037 0.174597
37 63 1145.41 1145.51 0.0975396
25 56 976.205 976.308 0.10266
41 61 974.8 974.898 0.0975379
23 57 975.329 975.426 0.0975366
16 53 976.837 976.94 0.102661
28 55 1161.7 1161.8 0.102659
47 51 1044.33 1044.43 0.102658
43 55 970.333 970.436 0.102661
21 57 980.053 980.15 0.0975392
0 50 974.193 974.368 0.174596
26 55 975.634 975.732 0.0975383
2 50 1025.86 1026.04 0.174597
8 50 976.905 977.003 0.0975392
23 57 1035.33 1035.43 0.0975366
0 50 1034.19 1034.37 0.174596
13 53 1028.36 1028.46 0.102657
41 61 1034.8 1034.9 0.102658
48 63 1058.14 1058.47 0.328708
36 56 1031.19 1031.29 0.102658
46 51 1028.19 1028.29 0.0975402
4 50 1028.69 1028.79 0.102659
44 62 1046.95 1047.04 0.0975383
29 55 1048.37 1048.46 0.0975391
43 55 1030.33 1030.44 0.102661
26 55 1035.63 1035.73 0.0975383
4 50 1148.69 1148.79 0.0975391
34 58 1068.87 1069.04 0.174597
16 53 1096.84 1096.93 0.0975412
16 53 1036.84 1036.94 0.102661
45 54 1080.86 1080.96 0.0975399
4 50 1058.69 1058.79 0.102659
14 53 1082.83 1082.93 0.0975375
8 50 1096.9 1097 0.0975392
2 50 1055.86 1056.04 0.174597
47 51 1074.33 1074.43 0.0975385
8 50 1036.9 1037 0.0975392
3 50 1048.68 1048.78 0.0975371
45 54 1050.86 1050.96 0.0975399
25 56 1036.21 1036.3 0.0975401
0 50 1094.19 1094.37 0.174596
19 57 1086.33 1086.43 0.0975409
21 57 1040.05 1040.15 0.0975392
24 57 1050.06 1050.16 0.0975386
17 53 1041.05 1041.15 0.102658
34 58 1038.87 1039.04 0.174597
34 58 1098.87 1099.04 0.174597
17 53 1101.05 1101.15 0.0975376
29 55 1108.37 1108.46 0.0975391
38 56 1111.1 1111.2 0.0975397
24 57 1110.06 1110.16 0.0975386
12 53 1174.93 1175.03 0.102658
45 54 1110.86 1110.96 0.0975399
3 50 1108.68 1108.78 0.0975371
47 51 1104.33 1104.43 0.0975385
21 57 1100.05 1100.16 0.102659
11 53 1112 1112.1 0.10266
44 62 1106.95 1107.04 0.0975383
39 61 1111.94 1112.04 0.0975367
2 50 1145.86 1146.04 0.174597
1 50 1111.36 1111.45 0.0975392
13 53 1118.36 1118.45 0.0975371
32 58 1148.82 1149.43 0.616456
46 51 1118.19 1118.29 0.10266
12 53 1164.76 1164.87 0.102658
9 53 1144.88 1145.21 0.328708
37 63 1115.41 1115.51 0.0975396
26 55 1125.63 1125.73 0.0975383
2 50 1115.86 1116.04 0.174597
19 57 1116.33 1116.43 0.0975409
14 53 1112.83 1112.93 0.0975375
31 61 1151.66 1151.99 0.328708
18 57 1114.54 1114.64 0.102661
16 53 1126.84 1126.94 0.102661
27 55 1150.05 1152.35 2.30196
28 55 1151.53 1151.64 0.102659
3 50 1138.68 1138.78 0.0975371
36 56 1121.19 1121.28 0.097538
0 50 1124.19 1124.37 0.174596
20 57 1153.22 1155.52 2.30195
11 53 1142 1142.1 0.10266
21 57 1130.05 1130.16 0.102659
43 55 1120.33 1120.44 0.102661
42 61 1150.99 1153.29 2.30196
15 53 1161.33 1163.63 2.30196
7 50 1156.68 1158.98 2.30196
8 50 1126.9 1127 0.0975392
4 50 1118.69 1118.79 0.0975391
30 56 1164.82 1164.92 0.102658
45 54 1140.86 1140.96 0.0975399
39 61 1141.94 1142.04 0.0975367
38 56 1141.1 1141.2 0.0975397
25 56 1126.21 1126.3 0.0975401
29 55 1138.37 1138.46 0.0975391
22 57 1165.08 1165.19 0.102658
41 61 1124.8 1124.9 0.0975379
40 61 1168.5 1168.69 0.184835
23 57 1125.33 1125.43 0.0975366
33 54 1154.74 1157.04 2.30196
35 63 1166.83 1166.93 0.102658
47 51 1134.33 1134.43 0.0975385
6 50 1162.31 1164.61 2.30195
10 53 1162.44 1162.54 0.102656
5 50 1161.1 1163.4 2.30196
34 58 1128.87 1129.04 0.174597
18 57 1144.54 1144.64 0.102661
48 63 1155.77 1156.1 0.328708
17 53 1131.05 1131.15 0.0975376
24 57 1140.06 1140.16 0.0975386
44 62 1136.95 1137.04 0.0975383
49 56 1165.69 1167.99 2.30195
1 50 1141.36 1141.45 0.0975392
17 53 1161.05 1161.15 0.0975376
23 57 1155.33 1155.43 0.0975366
25 56 1156.21 1156.3 0.0975401
19 57 1146.33 1146.43 0.0975409
46 51 1148.19 1148.29 0.10266
14 53 1142.83 1142.93 0.0975375
0 50 1154.19 1154.37 0.174596
36 56 1151.19 1151.28 0.097538
41 0 1154.8 0 -1154.8
43 55 1150.33 1150.44 0.102661
26 55 1155.63 1155.73 0.0975383
3 50 1168.68 1168.78 0.0975371
13 53 1148.36 1148.45 0.0975371
16 53 1156.84 1156.94 0.102661
8 50 1156.9 1157 0.0975392
48 63 1188.31 1188.64 0.328708
1 50 1171.36 1171.45 0.0975392
29 55 1168.37 1168.46 0.0975391
21 57 1160.05 1160.16 0.102659
47 51 1164.33 1164.43 0.0975385
14 53 1172.83 1172.93 0.0975375
34 58 1158.87 1159.04 0.174597
44 62 1166.95 1167.04 0.0975383
38 56 1171.1 1171.2 0.0975397
35 63 1176.99 1177.09 0.102658
11 53 1172 1172.1 0.10266
9 53 1177.43 1177.75 0.328708
39 61 1171.94 1172.04 0.0975367
40 61 1186.8 1186.9 0.102659
19 57 1176.33 1176.43 0.0975409
45 54 1170.86 1170.96 0.0975399
2 50 1175.86 1176.04 0.174597
18 57 1174.54 1174.64 0.102661
37 63 1175.41 1175.51 0.0975396
36 56 1181.19 1181.28 0.097538
13 53 1178.36 1178.45 0.0975371
23 57 1185.33 1185.43 0.0975366
4 50 1178.69 1178.79 0.0975391
42 55 1378.88 1379.21 0.328708
25 56 1186.21 1186.3 0.0975401
41 61 1184.8 1184.9 0.0975379
33 61 1382.63 1383.95 1.31482
31 61 1184.21 1184.53 0.328708
26 55 1185.63 1185.73 0.0975383
32 58 1209.85 1210.17 0.328712
43 55 1180.33 1180.43 0.0975408
7 50 1384.58 1386.88 2.30196
28 55 1182.07 1182.17 0.102659
0 50 1184.19 1184.37 0.174596
8 50 1186.9 1187 0.0975392
27 56 1377.94 1380.24 2.30196
20 57 1381.11 1381.22 0.102659
46 51 1178.19 1178.29 0.0975402
16 53 1186.84 1186.94 0.102661
17 53 1191.05 1191.15 0.0975376
12 53 1195.3 1195.4 0.102658
34 58 1188.87 1189.04 0.174597
30 56 1195.35 1195.45 0.0975383
40 61 1199.04 1199.13 0.0975393
22 57 1195.62 1195.71 0.0975384
6 50 1390.2 1390.31 0.102657
49 56 1393.58 1393.69 0.102657
47 51 1194.33 1194.43 0.0975385
10 53 1192.97 1193.07 0.0975364
44 62 1196.95 1197.04 0.0975383
35 63 1197.36 1197.46 0.102658
21 57 1190.05 1190.16 0.102659
3 50 1198.68 1198.78 0.0975371
29 55 1198.37 1198.46 0.0975391
15 53 1389.23 1391.53 2.30196
5 51 1388.99 1391.29 2.30196
