25 44 0.632408 2.93437 2.30196
21 0 1.11392 0 -1.11392
5 0 5.40838 0 -5.40838
2 40 7.43391 9.73587 2.30196
34 41 8.21647 10.5184 2.30195
10 43 7.25341 9.55537 2.30195
32 45 1.73047 4.03242 2.30195
27 46 956.032 956.134 0.102658
39 41 1.73281 4.03476 2.30195
28 46 2.62374 4.9257 2.30196
3 40 4.63362 6.93558 2.30196
0 40 4.85863 7.16059 2.30196
8 43 4.39342 6.69538 2.30196
1 40 1205.08 1205.41 0.328711
5 0 1372.77 0 -1372.77
30 45 976.664 976.766 0.102659
11 43 8.47103 10.773 2.30196
7 43 9.39357 11.6955 2.30196
29 44 9.34088 11.6428 2.30196
17 45 939.81 942.111 2.30197
28 46 962.624 962.721 0.0975408
28 46 932.624 932.721 0.0975408
16 0 9.40584 0 -9.40584
20 0 942.638 0 -942.638
37 46 9.86869 12.1706 2.30196
22 0 12.249 0 -12.249
18 47 12.1706 14.4725 2.30196
20 45 12.6385 14.9404 2.30195
4 40 14.0338 16.3357 2.30196
36 47 987.336 987.952 0.616454
36 47 14.7344 17.0363 2.30196
35 41 14.5531 16.855 2.30195
29 44 939.341 939.444 0.102661
1 40 16.8538 19.1557 2.30196
30 45 16.6635 18.9655 2.30196
27 46 937.605 937.707 0.102658
13 43 17.6762 19.9782 2.30196
33 44 17.621 19.9229 2.30196
20 45 924.211 924.314 0.102658
12 43 19.1375 21.4394 2.30196
26 47 20.1318 22.4337 2.30196
15 0 22.3736 0 -22.3736
24 40 22.047 24.349 2.30196
3 40 964.634 964.731 0.0975394
19 46 23.1542 25.4562 2.30196
6 40 23.4885 25.7905 2.30196
38 43 24.9741 27.2761 2.30196
12 43 930.71 933.012 2.30196
27 46 26.0316 28.3335 2.30195
9 43 27.1717 29.4736 2.30196
23 44 25.8711 28.1731 2.30196
32 45 961.73 961.828 0.0975375
14 0 27.012 0 -27.012
17 47 28.2365 30.5385 2.30196
37 46 939.869 939.971 0.102659
31 45 28.3468 30.6487 2.30196
2 40 1374.79 1377.1 2.30196
14 0 254.905 0 -254.905
12 43 247.031 249.333 2.30196
26 47 248.025 250.327 2.30196
38 43 252.867 255.169 2.30196
19 46 251.047 253.349 2.30196
11 43 464.258 466.559 2.30196
15 47 250.267 252.569 2.30196
6 40 251.382 253.684 2.30196
27 46 253.925 256.227 2.30195
34 41 464.003 466.305 2.30195
35 41 470.34 472.642 2.30195
9 43 255.065 257.367 2.30196
23 44 253.764 256.066 2.30196
17 0 256.13 0 -256.13
31 45 256.24 258.542 2.30196
26 47 475.918 478.22 2.30196
25 40 228.526 230.828 2.30196
21 45 229.007 231.309 2.30196
32 45 229.624 231.926 2.30195
39 41 229.626 231.928 2.30195
28 46 230.517 232.819 2.30196
8 43 232.287 234.589 2.30196
3 40 232.527 234.829 2.30196
0 0 232.752 0 -232.752
5 0 233.302 0 -233.302
10 43 235.147 237.449 2.30195
2 0 235.327 0 -235.327
34 41 236.11 238.412 2.30195
11 43 236.364 238.666 2.30196
29 44 237.234 239.536 2.30196
7 0 237.287 0 -237.287
16 0 237.299 0 -237.299
37 46 237.762 240.064 2.30196
18 47 240.064 242.366 2.30196
22 0 240.142 0 -240.142
20 45 240.532 242.834 2.30195
4 0 241.927 0 -241.927
35 41 242.446 244.748 2.30195
36 47 242.628 244.93 2.30196
30 45 244.557 246.859 2.30196
1 40 244.747 247.049 2.30196
33 44 245.514 247.816 2.30196
13 43 245.569 247.871 2.30196
24 40 249.94 252.242 2.30196
36 47 1174.48 1174.8 0.32871
3 40 1024.63 1024.73 0.0975394
32 45 1141.73 1141.83 0.0975375
23 44 969.986 970.171 0.184838
19 46 953.154 953.252 0.0975394
37 46 969.869 969.971 0.102659
29 44 969.341 969.444 0.102661
16 47 1376.77 1379.07 2.30196
6 40 953.489 953.591 0.10266
20 45 972.638 972.736 0.0975383
35 41 944.553 944.656 0.102658
11 43 1180.48 1180.58 0.102662
8 43 964.393 964.496 0.102661
30 45 1006.66 1006.77 0.102659
8 43 934.393 934.496 0.102661
34 41 938.216 938.319 0.102658
15 47 933.947 936.249 2.30196
26 47 1025.27 1025.6 0.328708
1 40 989.455 990.072 0.616455
24 40 933.62 935.922 2.30196
38 43 708.654 710.956 2.30196
24 40 477.834 480.135 2.30196
38 43 480.761 483.063 2.30196
23 44 709.551 711.853 2.30196
10 43 463.04 465.342 2.30195
7 0 465.18 0 -465.18
36 47 470.521 472.823 2.30196
31 45 972.461 972.646 0.184837
22 45 468.036 470.337 2.30196
20 45 468.425 470.727 2.30195
30 45 472.45 474.752 2.30196
15 0 478.16 0 -478.16
10 42 967.253 967.356 0.102664
4 40 1381.39 1382.01 0.616454
26 47 1160.13 1160.31 0.174596
27 46 481.818 484.12 2.30195
29 44 465.127 467.429 2.30196
16 0 465.192 0 -465.192
31 45 484.133 486.435 2.30196
6 40 479.275 481.577 2.30196
17 47 484.023 486.325 2.30196
2 0 463.22 0 -463.22
4 0 469.82 0 -469.82
13 43 473.463 475.765 2.30196
12 43 474.924 477.226 2.30196
33 44 473.407 475.709 2.30196
1 40 472.64 474.942 2.30196
23 44 481.658 483.96 2.30196
14 0 482.798 0 -482.798
19 46 478.941 481.243 2.30196
9 43 482.958 485.26 2.30196
25 44 456.419 458.721 2.30196
21 45 456.9 459.202 2.30196
32 45 457.517 459.819 2.30195
39 41 457.519 459.821 2.30195
28 46 458.41 460.712 2.30196
8 43 460.18 462.482 2.30196
3 40 460.42 462.722 2.30196
0 40 460.645 462.947 2.30196
5 0 461.195 0 -461.195
30 45 946.664 946.766 0.102659
18 47 467.957 470.259 2.30196
37 46 465.655 467.957 2.30196
0 0 1372.22 0 -1372.22
34 41 968.216 968.319 0.102658
26 47 931.705 932.321 0.616452
17 46 711.916 714.218 2.30196
19 46 1043.15 1043.25 0.0975394
30 45 928.237 928.421 0.184835
27 46 709.711 712.013 2.30195
14 0 710.692 0 -710.692
10 42 937.253 937.356 0.102664
31 45 939.92 940.248 0.328709
25 44 684.312 686.614 2.30196
21 45 684.794 687.096 2.30196
32 45 685.41 687.712 2.30195
39 41 685.413 687.715 2.30195
28 46 686.303 688.605 2.30196
8 43 688.073 690.375 2.30196
3 40 688.313 690.615 2.30196
0 0 688.538 0 -688.538
5 44 689.088 691.39 2.30198
10 42 690.933 693.235 2.30196
2 0 691.114 0 -691.114
34 41 691.896 694.198 2.30195
11 0 692.151 0 -692.151
29 44 693.021 695.323 2.30196
7 43 693.073 695.375 2.30196
16 0 693.086 0 -693.086
37 46 693.548 695.85 2.30196
18 0 695.85 0 -695.85
22 45 695.929 698.231 2.30196
20 45 696.318 698.62 2.30195
4 40 697.714 700.015 2.30196
35 41 698.233 700.535 2.30195
36 47 698.414 700.716 2.30196
30 44 700.343 702.645 2.30196
1 41 700.534 702.835 2.30196
33 44 701.301 703.603 2.30196
13 43 701.356 703.658 2.30196
12 43 702.817 705.119 2.30196
26 45 703.812 706.113 2.30196
24 44 705.727 708.029 2.30196
15 0 706.053 0 -706.053
19 46 706.834 709.136 2.30196
6 40 707.168 709.47 2.30196
9 43 710.851 713.153 2.30196
32 45 931.73 931.833 0.102658
27 46 1016.03 1016.13 0.102658
31 44 712.027 714.328 2.30196
23 44 937.444 937.773 0.32871
3 40 934.634 934.736 0.102659
6 40 935.062 935.246 0.184836
22 44 923.822 926.124 2.30196
4 41 925.607 927.909 2.30196
14 46 938.585 940.887 2.30197
13 43 1234.39 1235.01 0.616457
19 46 934.727 934.83 0.102659
38 42 936.547 938.849 2.30196
9 43 938.745 941.047 2.30196
25 44 912.205 913.52 1.31482
21 46 912.687 914.989 2.30196
32 45 913.303 913.406 0.102658
39 41 913.306 915.608 2.30195
28 46 914.197 914.299 0.102661
8 43 915.966 916.069 0.102661
3 40 916.207 916.309 0.102659
0 42 916.432 918.734 2.30197
5 0 916.981 0 -916.981
10 43 918.826 919.011 0.184834
2 40 919.007 921.309 2.30196
34 41 919.789 919.892 0.102658
11 43 920.044 922.346 2.30196
29 44 920.914 921.017 0.102661
7 43 920.967 923.269 2.30196
16 46 920.979 923.281 2.30196
37 46 921.442 921.544 0.102659
18 47 923.744 926.046 2.30196
6 40 1013.49 1013.59 0.10266
33 45 929.194 931.496 2.30196
35 41 926.126 926.229 0.102658
36 47 926.307 926.924 0.616454
13 43 929.249 929.866 0.616457
1 40 928.427 929.043 0.616455
26 47 992.733 993.062 0.328708
19 46 1013.15 1013.25 0.0975394
13 43 990.278 990.894 0.616457
19 46 983.154 983.257 0.102659
35 41 974.553 974.656 0.102658
6 40 983.489 983.591 0.10266
36 47 1109.39 1109.72 0.32871
31 45 990.76 990.934 0.174597
27 46 986.032 986.134 0.102658
23 44 988.284 988.459 0.174598
3 40 1144.63 1144.73 0.0975394
3 40 994.634 994.731 0.0975394
10 43 997.253 997.351 0.0975384
32 45 991.73 991.828 0.0975375
37 46 999.869 999.966 0.0975393
34 41 998.216 998.319 0.102658
35 41 1004.55 1004.66 0.102658
28 46 992.624 992.726 0.102661
8 43 994.393 994.496 0.102661
29 44 1119.34 1119.44 0.0975408
29 44 999.341 999.444 0.102661
23 44 1015.87 1016.05 0.174598
38 43 1164.44 1166.74 2.30196
20 45 1002.64 1002.74 0.0975383
14 47 1166.48 1168.78 2.30196
28 46 1022.62 1022.73 0.102661
29 44 1029.34 1029.44 0.102661
34 41 1028.22 1028.31 0.097538
37 46 1179.87 1179.97 0.0975393
31 45 1018.35 1018.52 0.174597
18 47 1182.17 1182.27 0.0975431
13 43 1051.31 1051.92 0.616457
37 46 1149.87 1149.97 0.0975393
27 46 1046.03 1046.13 0.0975378
32 45 1021.73 1021.83 0.0975375
8 43 1024.39 1024.49 0.097541
25 44 1042.37 1043.69 1.31482
35 41 1034.55 1034.65 0.0975382
35 41 1154.55 1154.65 0.0975382
6 40 1043.49 1043.59 0.10266
37 46 1029.87 1029.97 0.0975393
31 45 1048.35 1048.52 0.174597
36 47 1048.36 1048.98 0.616454
26 47 1057.82 1058.15 0.328708
10 43 1027.25 1027.36 0.102658
30 45 1036.66 1036.77 0.102659
1 40 1050.48 1051.1 0.616455
20 45 1032.64 1032.74 0.0975383
23 44 1045.87 1046.05 0.174598
8 43 1054.39 1054.49 0.097541
28 46 1082.62 1082.73 0.102661
32 45 1051.73 1051.83 0.0975375
35 41 1064.55 1064.65 0.0975382
10 43 1057.25 1057.36 0.102658
30 45 1156.66 1156.76 0.0975391
34 41 1058.22 1058.31 0.097538
28 46 1052.62 1052.73 0.102661
3 40 1054.63 1054.73 0.0975394
37 46 1059.87 1059.97 0.0975393
20 45 1062.64 1062.74 0.0975383
13 43 1112.33 1112.95 0.616457
10 43 1087.25 1087.36 0.102658
6 40 1073.49 1073.59 0.10266
27 46 1076.03 1076.13 0.0975378
35 41 1124.55 1124.65 0.0975382
30 45 1066.66 1066.77 0.102659
29 44 1059.34 1059.44 0.102661
31 45 1078.35 1078.52 0.174597
27 46 1166.03 1166.13 0.0975378
26 47 1090.36 1090.54 0.184836
19 46 1073.15 1073.26 0.102659
23 44 1075.87 1076.05 0.174598
1 40 1111.51 1112.13 0.616455
37 46 1089.87 1089.97 0.0975393
34 41 1088.22 1088.31 0.097538
3 40 1084.63 1084.73 0.0975394
8 43 1084.39 1084.49 0.097541
32 45 1081.73 1081.83 0.0975375
27 46 1106.03 1106.13 0.0975378
6 40 1103.49 1103.59 0.0975398
29 44 1089.34 1089.44 0.0975408
26 47 1108.66 1108.83 0.174596
28 46 1112.62 1112.72 0.0975408
35 41 1094.55 1094.65 0.0975382
30 45 1096.66 1096.76 0.0975391
20 45 1092.64 1092.74 0.0975383
2 40 1146.9 1149.2 2.30196
19 46 1103.15 1103.26 0.102659
30 45 1126.66 1126.76 0.0975391
3 40 1114.63 1114.73 0.0975394
23 44 1105.87 1106.05 0.174598
7 42 1148.86 1151.16 2.30197
5 0 1144.87 0 -1144.87
32 45 1111.73 1111.83 0.0975375
34 41 1118.22 1118.31 0.097538
10 43 1117.25 1117.36 0.102658
31 45 1108.35 1108.52 0.174597
0 0 1144.32 0 -1144.32
37 46 1119.87 1119.97 0.0975393
21 45 1140.58 1141.2 0.616456
39 41 1141.2 1141.3 0.102658
11 43 1147.94 1148.27 0.32871
18 47 1151.64 1151.82 0.184839
33 44 1157.09 1159.39 2.30196
8 43 1114.39 1114.49 0.097541
12 43 1158.6 1158.93 0.32871
26 47 1130.13 1130.31 0.174596
16 47 1148.87 1151.17 2.30196
36 47 1141.93 1142.26 0.32871
22 45 1151.72 1154.02 2.30196
20 45 1122.64 1122.74 0.0975383
4 40 1153.5 1155.8 2.30196
6 40 1133.49 1133.59 0.0975398
29 44 1149.34 1149.44 0.102661
10 43 1147.25 1147.35 0.0975384
31 45 1138.35 1138.52 0.174597
8 43 1144.39 1144.49 0.097541
9 42 1166.64 1168.94 2.30196
34 41 1148.22 1148.31 0.097538
1 40 1172.54 1172.87 0.328711
27 46 1136.03 1136.13 0.0975378
23 44 1135.87 1136.05 0.174598
24 40 1161.51 1161.84 0.328713
15 47 1161.84 1164.14 2.30196
19 46 1133.15 1133.26 0.102659
17 47 1167.7 1170 2.30196
18 47 1169.94 1170.04 0.102663
20 45 1152.64 1152.74 0.0975383
28 46 1142.62 1142.72 0.0975408
32 45 1171.73 1171.83 0.0975375
13 43 1173.36 1173.98 0.616457
19 46 1163.15 1163.26 0.102659
6 40 1163.49 1163.59 0.0975398
22 45 1379.61 1379.79 0.184838
25 44 1172.54 1173.85 1.31482
39 41 1171.73 1171.83 0.0975382
8 43 1174.39 1174.49 0.097541
23 44 1165.87 1166.05 0.174598
3 40 1174.63 1174.73 0.0975394
28 46 1172.62 1172.72 0.0975408
30 45 1186.66 1186.76 0.0975391
31 45 1168.35 1168.52 0.174597
21 45 1201.61 1202.22 0.616456
29 44 1179.34 1179.44 0.102661
10 43 1177.25 1177.35 0.0975384
34 41 1178.22 1178.31 0.097538
20 45 1182.64 1182.74 0.0975383
7 43 1376.75 1377.37 0.616456
33 44 1384.98 1387.28 2.30196
35 41 1184.55 1184.65 0.0975382
36 47 1207.02 1207.35 0.32871
26 47 1190.13 1190.31 0.174596
12 43 1191.15 1191.33 0.184838
15 47 1389.73 1392.04 2.30196
31 45 1198.35 1198.52 0.174597
6 40 1193.49 1193.59 0.0975398
27 46 1196.03 1196.13 0.0975378
23 44 1195.87 1196.05 0.174598
14 47 1394.37 1396.67 2.30196
38 43 1392.33 1392.66 0.328709
24 40 1194.05 1194.38 0.328713
19 46 1193.15 1193.26 0.102659
17 47 1395.6 1396.91 1.31482
9 43 1394.53 1394.86 0.328712
