22 31 1.93301 4.23498 2.30196
29 31 7.23113 9.53308 2.30196
21 31 10.1077 12.4096 2.30196
7 0 11.4406 0 -11.4406
28 0 8.2259 0 -8.2259
9 31 5.2308 7.53277 2.30196
0 0 4.64078 0 -4.64078
2 0 5.57164 0 -5.57164
25 0 6.74387 0 -6.74387
10 31 12.532 14.8339 2.30196
12 31 12.7497 15.0516 2.30196
13 0 14.3375 0 -14.3375
4 0 14.3767 0 -14.3767
23 0 14.4156 0 -14.4156
16 0 17.0383 0 -17.0383
8 31 16.2798 18.5818 2.30196
19 0 17.257 0 -17.257
3 31 18.0434 20.3454 2.30196
15 0 22.8254 0 -22.8254
14 31 20.1777 22.4796 2.30197
6 31 22.0503 24.3523 2.30197
27 0 22.7299 0 -22.7299
11 0 22.9985 0 -22.9985
18 31 24.1984 26.5004 2.30196
17 0 24.2697 0 -24.2697
20 0 27.2073 0 -27.2073
26 0 27.4711 0 -27.4711
24 0 27.8403 0 -27.8403
1 31 28.491 30.7929 2.30196
5 0 28.8625 0 -28.8625
7 30 467.227 469.529 2.30197
1 31 256.384 258.686 2.30196
11 0 250.892 0 -250.892
18 0 252.092 0 -252.092
29 31 1027.23 1027.33 0.0975396
21 31 465.894 468.196 2.30196
10 31 468.318 470.62 2.30196
17 0 480.056 0 -480.056
17 0 252.163 0 -252.163
1 31 484.277 486.579 2.30196
26 30 255.364 257.666 2.30197
24 31 711.52 713.822 2.30196
6 0 249.944 0 -249.944
8 31 472.066 474.368 2.30196
24 31 1395.2 1397.5 2.30196
18 31 479.985 482.287 2.30196
26 0 711.151 0 -711.151
14 31 248.071 250.373 2.30197
24 31 255.734 258.035 2.30196
24 31 483.627 485.929 2.30196
20 31 255.101 257.402 2.30196
5 0 256.756 0 -256.756
19 0 928.83 0 -928.83
22 31 229.826 232.128 2.30196
0 0 232.534 0 -232.534
9 0 233.124 0 -233.124
2 0 233.465 0 -233.465
25 30 234.637 236.939 2.30196
29 31 235.124 237.426 2.30196
28 30 236.119 238.421 2.30196
21 31 238.001 240.303 2.30196
7 30 239.334 241.636 2.30197
10 31 240.425 242.727 2.30196
12 0 240.643 0 -240.643
13 0 242.231 0 -242.231
4 31 242.27 244.572 2.30196
23 0 242.309 0 -242.309
8 0 244.173 0 -244.173
16 31 244.932 247.234 2.30197
19 0 245.15 0 -245.15
3 0 245.937 0 -245.937
0 0 460.427 0 -460.427
15 0 250.719 0 -250.719
27 0 250.623 0 -250.623
16 31 472.825 475.127 2.30197
5 0 940.435 0 -940.435
12 0 468.536 0 -468.536
19 0 473.044 0 -473.044
13 31 470.124 472.426 2.30197
14 31 475.964 478.266 2.30197
6 0 477.837 0 -477.837
5 0 484.649 0 -484.649
28 30 464.012 466.314 2.30196
4 0 470.163 0 -470.163
3 31 473.83 476.132 2.30196
15 0 478.612 0 -478.612
20 31 482.994 485.296 2.30196
29 31 1147.23 1147.33 0.0975396
23 0 470.202 0 -470.202
27 0 478.516 0 -478.516
11 31 478.785 481.087 2.30197
26 0 483.258 0 -483.258
27 0 934.303 0 -934.303
22 31 457.72 460.021 2.30196
9 0 461.017 0 -461.017
2 31 461.358 463.66 2.30196
25 30 462.53 464.832 2.30196
29 31 463.018 465.32 2.30196
8 31 1383.64 1385.94 2.30196
24 0 939.413 0 -939.413
25 30 1374.1 1374.72 0.616458
15 0 934.398 0 -934.398
20 31 710.887 713.189 2.30196
29 31 997.231 997.329 0.0975396
14 31 931.751 934.053 2.30197
17 0 1391.63 0 -1391.63
22 31 1369.29 1371.59 2.30196
23 0 925.989 0 -925.989
6 0 933.623 0 -933.623
22 31 685.613 687.915 2.30196
0 30 688.321 690.623 2.30197
9 30 688.911 691.213 2.30197
2 0 689.251 0 -689.251
25 0 690.424 0 -690.424
29 31 690.911 693.213 2.30196
28 0 691.906 0 -691.906
21 30 693.787 696.089 2.30197
7 0 695.12 0 -695.12
10 0 696.212 0 -696.212
12 0 696.429 0 -696.429
13 0 698.017 0 -698.017
4 0 698.056 0 -698.056
23 0 698.095 0 -698.095
8 0 699.96 0 -699.96
16 0 700.718 0 -700.718
19 31 700.937 703.239 2.30197
3 0 701.723 0 -701.723
14 0 703.857 0 -703.857
6 0 705.73 0 -705.73
27 0 706.41 0 -706.41
15 0 706.505 0 -706.505
11 0 706.678 0 -706.678
18 0 707.878 0 -707.878
17 31 707.949 710.251 2.30197
5 0 712.542 0 -712.542
1 0 712.171 0 -712.171
29 31 937.231 937.334 0.10266
29 31 967.231 967.334 0.10266
4 0 925.95 0 -925.95
11 0 934.572 0 -934.572
1 0 940.064 0 -940.064
20 31 1394.57 1395.88 1.31483
4 0 1381.74 0 -1381.74
23 0 1381.78 0 -1381.78
13 0 925.91 0 -925.91
26 0 939.044 0 -939.044
12 0 1380.11 0 -1380.11
2 0 1372.93 0 -1372.93
17 0 935.843 0 -935.843
18 0 935.771 0 -935.771
6 0 1389.41 0 -1389.41
13 31 1381.7 1384 2.30197
20 0 938.78 0 -938.78
22 31 913.506 915.808 2.30196
0 30 916.214 918.516 2.30197
9 0 916.804 0 -916.804
2 0 917.145 0 -917.145
25 30 918.317 920.619 2.30196
29 31 918.804 918.907 0.10266
28 30 919.799 922.101 2.30196
21 0 921.681 0 -921.681
7 31 923.014 925.316 2.30197
10 31 924.105 926.407 2.30196
12 31 924.323 926.625 2.30196
8 0 927.853 0 -927.853
3 31 929.616 931.918 2.30196
16 0 928.611 0 -928.611
5 0 1396.22 0 -1396.22
29 31 1057.23 1057.33 0.0975396
7 30 1378.8 1381.1 2.30197
15 0 1390.18 0 -1390.18
14 31 1387.54 1389.84 2.30197
27 0 1390.09 0 -1390.09
21 31 1377.47 1379.77 2.30196
29 31 1177.23 1177.33 0.0975396
11 31 1390.36 1392.66 2.30197
29 31 1087.23 1087.33 0.0975396
10 0 1379.89 0 -1379.89
9 0 1144.7 0 -1144.7
0 0 1144.11 0 -1144.11
16 0 1384.4 0 -1384.4
1 31 1395.85 1397.17 1.31483
19 0 1384.62 0 -1384.62
0 0 1372 0 -1372
26 30 1394.83 1397.13 2.30197
28 31 1375.59 1377.89 2.30197
22 31 1141.4 1143.7 2.30196
3 31 1385.4 1386.72 1.31483
9 0 1372.59 0 -1372.59
18 0 1391.56 0 -1391.56
2 0 1145.04 0 -1145.04
25 30 1146.21 1148.51 2.30196
29 31 1117.23 1117.33 0.0975396
8 0 1155.75 0 -1155.75
28 0 1147.69 0 -1147.69
21 0 1149.57 0 -1149.57
7 0 1150.91 0 -1150.91
10 0 1152 0 -1152
12 0 1152.22 0 -1152.22
13 0 1153.8 0 -1153.8
15 30 1162.29 1164.59 2.30197
27 0 1162.2 0 -1162.2
16 0 1156.5 0 -1156.5
1 31 1167.96 1170.26 2.30196
3 31 1157.51 1159.81 2.30196
11 0 1162.46 0 -1162.46
6 0 1161.52 0 -1161.52
19 0 1156.72 0 -1156.72
5 31 1168.33 1170.63 2.30196
14 30 1159.64 1161.95 2.30197
18 31 1163.66 1165.97 2.30196
20 30 1166.67 1168.98 2.30197
24 31 1167.31 1169.61 2.30196
17 31 1163.74 1166.04 2.30197
26 30 1166.94 1169.24 2.30197
4 0 1153.84 0 -1153.84
23 0 1153.88 0 -1153.88
