8 40 2.40731 4.70927 2.30196
4 35 9.27456 11.5765 2.30196
0 32 2.97183 5.27378 2.30196
13 37 3.66207 5.96403 2.30196
2 0 3.70787 0 -3.70787
25 41 1196.96 1197.06 0.102657
14 33 1181.77 1181.94 0.174597
20 39 6.86157 9.16352 2.30195
11 37 5.62676 7.92872 2.30196
6 32 6.97006 9.27202 2.30196
28 36 7.89958 10.2015 2.30196
14 33 11.7684 14.0703 2.30196
1 35 12.7603 15.0623 2.30196
7 32 14.6275 16.9294 2.30196
23 40 14.1891 16.491 2.30195
15 33 16.6527 18.9546 2.30196
17 30 19.8877 22.1896 2.30196
16 30 16.9605 19.2625 2.30196
21 39 18.4573 20.7592 2.30195
24 35 936.377 936.993 0.616451
5 35 933.697 934.313 0.616453
19 34 19.2265 21.5285 2.30196
18 39 19.1337 21.4357 2.30195
14 33 1132.83 1133.01 0.174597
22 40 938.916 939.018 0.102656
10 37 1168.21 1168.4 0.184834
5 35 22.1239 24.4259 2.30196
29 39 22.4618 24.7638 2.30196
27 31 28.4376 30.7396 2.30196
12 37 26.8254 29.1273 2.30196
24 35 24.8039 27.1059 2.30195
26 34 26.6051 28.9071 2.30196
25 41 26.9602 29.2622 2.30195
3 35 29.6157 31.9177 2.30196
21 39 930.03 930.133 0.102657
17 30 931.461 933.763 2.30196
20 39 1026.86 1026.96 0.0975387
25 41 1166.43 1166.53 0.102657
22 40 27.3425 29.6445 2.30195
9 37 28.5546 30.8565 2.30195
10 37 28.7461 31.0481 2.30195
4 35 1051.01 1051.34 0.328709
27 31 1108.44 1108.54 0.0975423
19 34 930.8 933.101 2.30196
3 35 1019.62 1019.72 0.102659
29 39 250.355 252.657 2.30196
5 35 250.017 252.319 2.30196
24 35 252.697 254.999 2.30195
25 41 254.853 257.155 2.30195
1 35 924.333 926.635 2.30196
14 33 923.341 923.958 0.616453
4 35 920.848 921.176 0.328709
28 36 919.473 919.575 0.10266
6 32 918.543 920.845 2.30196
20 39 918.435 918.619 0.184835
12 0 254.719 0 -254.719
27 31 1138.44 1138.54 0.0975423
26 41 1196.61 1196.7 0.0975402
10 37 256.639 258.941 2.30195
8 35 230.301 232.603 2.30196
0 32 230.865 233.167 2.30196
13 37 231.555 233.857 2.30196
2 35 231.601 233.903 2.30196
11 41 233.52 235.822 2.30196
20 39 234.755 237.057 2.30195
6 32 234.863 237.165 2.30196
28 36 235.793 238.095 2.30196
4 35 237.168 239.47 2.30196
14 33 239.662 241.964 2.30196
1 35 240.654 242.956 2.30196
23 40 242.082 244.384 2.30195
7 32 242.521 244.823 2.30196
15 33 244.546 246.848 2.30196
16 30 244.854 247.156 2.30196
21 39 246.351 248.652 2.30195
18 39 247.027 249.329 2.30195
19 34 247.12 249.422 2.30196
17 30 247.781 250.083 2.30196
13 37 1023.66 1023.76 0.102659
22 40 255.236 257.538 2.30195
9 37 256.448 258.75 2.30195
13 37 1173.66 1173.76 0.102659
26 41 254.498 256.8 2.30196
20 39 966.862 966.959 0.0975387
9 37 940.128 940.23 0.102656
27 31 256.331 258.633 2.30196
3 35 257.509 259.811 2.30196
26 41 1136.61 1136.7 0.0975402
29 39 1132.46 1132.56 0.10266
20 39 1116.86 1116.96 0.0975387
1 35 1152.23 1154.53 2.30196
29 39 934.035 934.364 0.328708
0 32 1022.97 1023.07 0.0975397
28 36 1117.9 1118 0.10266
17 30 1189.89 1189.99 0.10266
25 41 938.533 940.835 2.30195
9 37 1018.55 1018.65 0.0975361
18 39 474.92 477.222 2.30195
10 37 484.533 486.835 2.30195
29 39 478.248 480.55 2.30196
26 41 482.392 484.694 2.30196
9 37 484.341 486.643 2.30195
7 32 470.414 472.716 2.30196
5 35 477.91 480.212 2.30196
11 37 917.2 919.502 2.30196
2 35 915.281 917.583 2.30196
13 37 915.235 915.42 0.184835
0 32 914.545 914.647 0.10266
8 40 913.98 914.083 0.10266
9 37 1108.55 1108.65 0.0975361
2 35 1143.17 1145.48 2.30196
16 30 472.747 475.049 2.30196
12 37 1394.18 1396.49 2.30196
4 35 465.061 467.363 2.30196
23 40 469.976 472.278 2.30195
1 35 1380.12 1380.45 0.328709
25 41 482.747 485.049 2.30195
0 32 1112.97 1113.07 0.0975397
7 32 1154.09 1154.2 0.102661
26 41 1106.61 1106.7 0.0975402
19 39 475.013 477.315 2.30195
8 35 458.194 460.496 2.30196
0 32 458.758 461.06 2.30196
13 37 459.449 461.751 2.30196
2 35 459.494 461.796 2.30196
11 37 461.413 463.715 2.30196
20 39 462.648 464.95 2.30195
6 32 462.757 465.059 2.30196
28 36 463.686 465.988 2.30196
19 39 1158.69 1159.02 0.328707
28 36 1027.9 1028 0.0975403
15 33 928.226 930.528 2.30196
14 33 467.555 469.857 2.30196
1 35 468.547 470.849 2.30196
15 33 472.439 474.741 2.30196
16 30 928.534 928.636 0.102661
24 35 1104.8 1104.91 0.102659
21 39 474.244 476.546 2.30195
12 0 482.612 0 -482.612
17 30 475.674 477.976 2.30196
24 35 480.59 482.892 2.30195
22 40 483.129 485.431 2.30195
27 31 484.224 486.526 2.30196
3 35 485.402 487.704 2.30196
22 40 711.022 713.324 2.30195
25 41 710.64 712.942 2.30195
13 37 1113.66 1113.76 0.102659
0 32 932.972 933.074 0.10266
13 37 933.662 933.765 0.102659
12 0 938.398 0 -938.398
28 36 1177.9 1178 0.0975403
3 35 1199.62 1199.71 0.0975394
21 39 1188.46 1188.55 0.0975372
27 31 940.011 940.195 0.184838
15 33 1156.12 1158.42 2.30196
12 0 710.505 0 -710.505
27 31 1018.44 1018.54 0.0975423
26 41 710.285 712.587 2.30196
9 37 1138.55 1138.65 0.0975361
22 40 957.343 957.445 0.102656
8 40 686.087 688.389 2.30196
0 32 686.652 688.954 2.30196
13 37 687.342 689.644 2.30196
2 0 687.388 0 -687.388
11 41 689.307 691.608 2.30196
20 39 690.541 692.843 2.30195
6 35 690.65 692.952 2.30196
28 36 691.579 693.881 2.30196
4 32 692.954 695.256 2.30196
14 33 695.448 697.75 2.30196
1 35 696.44 698.742 2.30196
23 40 697.869 700.171 2.30195
7 0 698.307 0 -698.307
15 33 700.332 702.634 2.30196
16 30 700.64 702.942 2.30196
21 39 702.137 704.439 2.30195
18 39 702.813 705.115 2.30195
19 39 702.906 705.208 2.30195
17 0 703.567 0 -703.567
5 35 705.804 708.106 2.30196
29 34 706.142 708.444 2.30196
24 42 708.484 710.786 2.30196
22 40 1137.34 1137.44 0.0975364
8 40 932.407 932.51 0.10266
15 33 1384.01 1384.34 0.328709
18 39 1189.13 1189.23 0.0975372
10 37 940.319 942.621 2.30195
8 40 1022.41 1022.51 0.10266
18 39 1129.13 1129.24 0.102657
16 30 1186.96 1187.06 0.102661
10 37 712.426 714.728 2.30195
9 37 712.234 714.536 2.30195
27 31 712.117 714.419 2.30196
3 35 713.295 715.597 2.30196
18 39 930.707 930.892 0.184833
23 40 925.762 925.865 0.102657
24 35 1194.8 1194.91 0.102659
0 32 1172.97 1173.07 0.0975397
20 39 1176.86 1176.96 0.0975387
11 37 1206.12 1206.74 0.616452
9 37 958.555 958.652 0.0975361
26 41 938.178 938.363 0.184836
4 35 953.389 953.718 0.328709
7 32 926.2 928.502 2.30196
3 35 941.189 941.374 0.184835
21 39 948.457 948.56 0.102657
13 37 1053.66 1053.76 0.102659
16 30 1126.96 1127.06 0.0975408
17 30 1159.35 1159.46 0.10266
23 40 1124.19 1124.29 0.0975367
28 36 967.9 967.997 0.0975403
8 40 962.407 962.505 0.0975404
28 36 937.9 938.002 0.10266
6 32 1146.44 1146.77 0.328712
12 37 1166.29 1168.59 2.30196
5 35 1078.11 1078.28 0.174597
13 37 963.662 963.76 0.097539
20 39 936.862 936.964 0.102659
3 35 1109.62 1109.71 0.0975394
4 35 1148.64 1148.97 0.328709
18 39 949.134 949.308 0.174593
11 37 1145.09 1145.71 0.616452
29 39 966.577 966.905 0.328708
26 41 956.605 956.78 0.174596
23 40 944.189 944.292 0.102657
16 30 946.961 947.063 0.102661
3 35 959.616 959.718 0.102659
27 31 958.438 958.54 0.102662
13 37 993.662 993.76 0.097539
0 32 962.972 963.074 0.10266
4 35 985.931 986.26 0.328709
21 39 978.457 978.56 0.102657
28 36 997.9 998.002 0.10266
18 39 979.134 979.236 0.102657
23 40 974.189 974.292 0.102657
16 30 976.961 977.058 0.0975408
24 35 997.405 997.734 0.328707
14 33 984.37 984.698 0.328709
9 37 1168.55 1168.65 0.0975361
5 35 994.725 995.054 0.328709
26 41 1016.61 1016.78 0.174596
29 39 999.118 999.447 0.328708
9 37 988.555 988.652 0.0975361
26 41 986.605 986.78 0.174596
10 37 1186.51 1186.61 0.102658
0 32 992.972 993.069 0.0975397
8 40 992.407 992.505 0.0975404
3 35 989.616 989.718 0.102659
27 31 988.438 988.535 0.0975423
22 40 987.343 987.44 0.0975364
18 39 1009.13 1009.24 0.102657
14 33 1016.91 1017.24 0.328709
26 41 1166.61 1166.7 0.0975402
16 30 1156.96 1157.06 0.0975408
23 40 1004.19 1004.29 0.102657
16 30 1006.96 1007.06 0.102661
20 39 996.862 996.959 0.0975387
5 35 1027.27 1027.6 0.328709
29 39 1031.66 1031.84 0.184836
21 39 1008.46 1008.55 0.0975372
22 40 1017.34 1017.44 0.0975364
4 35 1018.47 1018.8 0.328709
24 35 1029.95 1030.28 0.328707
21 39 1038.46 1038.55 0.0975372
18 39 1039.13 1039.24 0.102657
3 35 1169.62 1169.71 0.0975394
4 35 1083.56 1083.88 0.328709
29 39 1049.96 1050.13 0.174596
9 37 1048.55 1048.65 0.0975361
3 35 1079.62 1079.72 0.102659
26 41 1046.61 1046.71 0.10266
22 40 1047.34 1047.44 0.0975364
14 33 1049.45 1049.78 0.328709
0 32 1052.97 1053.07 0.10266
5 35 1059.81 1059.99 0.184837
5 35 1192.12 1192.23 0.102661
29 39 1192.46 1192.56 0.0975397
9 37 1198.55 1198.65 0.0975361
16 30 1036.96 1037.06 0.102661
22 40 1077.34 1077.44 0.0975364
23 40 1034.19 1034.29 0.0975367
3 35 1049.62 1049.72 0.102659
24 35 1062.49 1062.67 0.184835
22 40 1197.34 1197.44 0.0975364
10 37 1198.75 1198.85 0.102658
28 36 1057.9 1058 0.0975403
27 31 1048.44 1048.54 0.0975423
20 39 1056.86 1056.96 0.102659
18 39 1069.13 1069.24 0.102657
8 40 1052.41 1052.51 0.10266
9 37 1078.55 1078.65 0.0975361
8 40 1112.41 1112.5 0.0975404
27 31 1078.44 1078.54 0.0975423
14 33 1114.54 1114.72 0.184837
21 39 1068.46 1068.55 0.0975372
14 33 1081.99 1082.32 0.328709
27 31 1168.44 1168.54 0.0975423
16 30 1066.96 1067.06 0.102661
8 40 1082.41 1082.51 0.10266
23 40 1064.19 1064.29 0.0975367
6 32 1178.98 1179.31 0.328712
4 35 1116.1 1116.43 0.328709
29 39 1072.46 1072.64 0.174596
0 32 1082.97 1083.07 0.10266
21 39 1098.46 1098.55 0.0975372
5 35 1102.12 1102.3 0.174597
22 40 1107.34 1107.44 0.0975364
2 35 1371.07 1372.38 1.31482
28 36 1087.9 1088 0.10266
24 35 1080.79 1080.96 0.174595
23 40 1094.19 1094.29 0.0975367
26 41 1076.61 1076.7 0.0975402
20 39 1146.86 1146.96 0.0975387
23 40 1184.19 1184.29 0.0975367
13 37 1083.66 1083.76 0.102659
21 39 1128.46 1128.55 0.0975372
18 39 1099.13 1099.24 0.102657
29 39 1102.46 1102.64 0.174596
16 30 1096.96 1097.06 0.0975408
24 35 1134.8 1134.9 0.0975386
20 39 1086.86 1086.96 0.102659
5 35 1132.12 1132.23 0.102661
3 35 1139.62 1139.71 0.0975394
13 37 1143.66 1143.76 0.102659
28 36 1147.9 1148 0.0975403
0 32 1142.97 1143.07 0.0975397
8 40 1142.41 1142.5 0.0975404
19 39 1191.23 1191.56 0.328707
7 32 1164.26 1164.36 0.102661
7 32 1184.63 1184.73 0.102661
27 31 1198.44 1198.54 0.0975423
4 35 1181.18 1181.51 0.328709
18 39 1159.13 1159.24 0.102657
21 39 1158.46 1158.55 0.0975372
29 39 1162.46 1162.56 0.0975397
14 33 1151.77 1151.94 0.174597
17 30 1169.52 1169.62 0.10266
5 35 1162.12 1162.22 0.0975412
23 40 1154.19 1154.29 0.0975367
25 41 1176.59 1176.69 0.102657
8 40 1172.41 1172.5 0.0975404
22 40 1167.34 1167.44 0.0975364
24 35 1164.8 1164.91 0.102659
