17 31 1.02184 3.3238 2.30196
9 31 7.82585 10.1278 2.30196
3 31 9.65594 11.9579 2.30196
18 20 10.79 13.092 2.30196
13 31 11.5786 13.8806 2.30195
10 0 13.6744 0 -13.6744
8 0 12.3008 0 -12.3008
12 27 12.9769 15.2789 2.30196
7 0 13.6849 0 -13.6849
11 0 13.1222 0 -13.1222
0 31 16.7887 19.0906 2.30196
6 0 15.9911 0 -15.9911
16 27 15.827 18.1289 2.30196
4 27 18.5772 20.8792 2.30196
1 31 17.3558 19.6578 2.30196
14 31 17.5162 19.8182 2.30196
19 22 20.6414 22.9434 2.30196
2 31 21.3774 23.6794 2.30196
5 31 24.7187 27.0207 2.30196
15 31 28.3312 30.6331 2.30196
19 22 248.535 250.837 2.30196
6 0 471.778 0 -471.778
17 31 228.915 231.217 2.30196
9 31 235.719 238.021 2.30196
3 27 237.549 239.851 2.30196
18 20 238.683 240.985 2.30196
13 31 239.472 241.774 2.30195
8 0 240.194 0 -240.194
12 27 240.87 243.172 2.30196
11 27 241.015 243.317 2.30196
10 0 241.568 0 -241.568
7 0 241.578 0 -241.578
16 27 243.72 246.022 2.30196
6 0 243.884 0 -243.884
0 31 244.682 246.984 2.30196
1 31 245.249 247.551 2.30196
14 31 245.409 247.711 2.30196
4 27 246.47 248.772 2.30196
0 0 472.575 0 -472.575
15 31 256.224 258.526 2.30196
2 31 249.271 251.573 2.30196
5 31 252.612 254.914 2.30196
15 31 484.118 486.42 2.30196
16 0 471.613 0 -471.613
7 0 469.471 0 -469.471
19 22 476.428 478.73 2.30196
10 0 469.461 0 -469.461
9 31 463.612 465.914 2.30196
1 31 473.142 475.444 2.30196
5 31 480.505 482.807 2.30196
17 31 456.808 459.11 2.30196
13 31 467.365 469.667 2.30195
14 0 473.303 0 -473.303
3 31 465.442 467.744 2.30196
18 20 466.577 468.878 2.30196
8 31 468.087 470.389 2.30196
11 31 468.909 471.211 2.30196
12 27 468.763 471.065 2.30196
2 31 477.164 479.466 2.30196
4 0 474.364 0 -474.364
11 31 924.695 926.997 2.30196
5 31 708.398 710.7 2.30196
17 31 684.702 687.004 2.30196
9 27 691.506 693.808 2.30196
3 31 693.336 695.638 2.30196
18 20 694.47 696.772 2.30196
13 31 695.258 697.56 2.30195
8 0 695.981 0 -695.981
12 27 696.657 698.959 2.30196
11 0 696.802 0 -696.802
10 0 697.354 0 -697.354
7 0 697.365 0 -697.365
16 26 699.507 701.809 2.30196
6 0 699.671 0 -699.671
0 31 700.468 702.77 2.30196
1 0 701.036 0 -701.036
14 27 701.196 703.498 2.30196
4 0 702.257 0 -702.257
19 22 704.321 706.623 2.30196
2 31 705.057 707.359 2.30196
2 27 932.95 933.567 0.616459
15 31 712.011 714.313 2.30196
19 22 932.214 932.831 0.616452
15 31 972.446 972.775 0.328708
13 31 941.579 941.676 0.0975368
10 0 925.247 0 -925.247
19 22 993.243 993.859 0.616452
7 31 925.258 927.56 2.30195
15 31 939.904 940.233 0.328708
12 27 924.55 926.852 2.30196
17 31 912.595 914.897 2.30196
9 31 919.399 921.701 2.30196
3 31 921.229 923.531 2.30196
18 20 922.363 922.979 0.616455
13 31 923.152 923.254 0.102657
8 31 923.874 926.176 2.30196
16 0 927.4 0 -927.4
5 31 936.292 938.594 2.30196
1 31 928.929 931.231 2.30196
0 0 928.362 0 -928.362
14 31 929.089 931.391 2.30196
4 27 930.15 932.452 2.30196
6 0 927.564 0 -927.564
18 20 983.391 984.008 0.616455
15 31 1004.99 1005.32 0.328708
13 31 971.579 971.676 0.0975368
2 31 993.979 994.595 0.616455
15 31 1037.53 1037.86 0.328708
18 20 1044.42 1045.04 0.616455
2 31 1177.06 1177.68 0.616455
13 31 1001.58 1001.68 0.0975368
13 31 1061.58 1061.68 0.0975368
13 31 1031.58 1031.68 0.0975368
15 31 1138.33 1138.51 0.174596
19 22 1086.81 1087.14 0.328708
15 31 1070.07 1070.4 0.328708
2 31 1116.04 1116.65 0.616455
11 27 1380.48 1382.78 2.30196
2 31 1055.01 1055.62 0.616455
19 22 1054.27 1054.6 0.328708
19 22 1184.44 1184.77 0.328708
4 27 1158.04 1160.35 2.30196
19 22 1151.9 1152.22 0.328708
6 31 1155.46 1157.76 2.30196
19 22 1119.35 1119.68 0.328708
8 0 1151.77 0 -1151.77
5 31 1164.18 1164.8 0.616451
17 31 1140.49 1142.79 2.30196
15 31 1102.61 1102.8 0.184836
7 0 1153.15 0 -1153.15
13 31 1091.58 1091.68 0.0975368
18 20 1105.45 1106.06 0.616455
13 31 1121.58 1121.68 0.0975368
16 26 1155.29 1157.6 2.30196
3 31 1149.12 1151.42 2.30196
9 31 1147.29 1149.59 2.30196
14 31 1156.98 1157.31 0.328709
15 31 1120.91 1121.09 0.174596
3 31 1377.02 1379.32 2.30196
0 0 1156.25 0 -1156.25
12 27 1152.44 1154.75 2.30196
13 31 1151.58 1151.68 0.0975368
1 31 1156.82 1156.92 0.10266
10 27 1153.14 1155.44 2.30196
11 0 1152.59 0 -1152.59
15 31 1168.33 1168.43 0.10266
9 31 1375.19 1377.49 2.30196
18 20 1227.5 1228.12 0.616455
12 27 1380.34 1380.44 0.10266
7 27 1381.04 1383.35 2.30196
10 27 1381.03 1383.34 2.30196
19 22 1216.98 1217.31 0.328708
18 20 1166.48 1167.09 0.616455
14 31 1189.52 1189.71 0.184837
4 27 1385.94 1386.55 0.616455
13 31 1181.58 1181.68 0.0975368
8 0 1379.66 0 -1379.66
17 31 1368.38 1370.68 2.30196
0 31 1384.15 1386.45 2.30196
16 0 1383.19 0 -1383.19
1 31 1187.36 1187.45 0.0975398
6 0 1383.35 0 -1383.35
15 31 1198.33 1198.43 0.09754
2 31 1238.09 1238.42 0.328711
5 31 1225.21 1225.83 0.616451
