23 81 0.642418 2.94437 2.30195
59 60 0.999208 3.30116 2.30195
34 92 6.86951 9.17146 2.30195
12 71 7.66867 9.97062 2.30195
26 89 5.70177 8.00372 2.30195
14 78 936.665 936.993 0.328706
33 85 1.11832 3.42028 2.30195
58 76 469.296 471.598 2.30195
49 86 1.52283 3.82479 2.30195
44 91 999.356 999.453 0.0975369
36 84 477.344 479.646 2.30196
32 85 2.72226 5.02421 2.30195
12 71 463.455 465.757 2.30195
2 79 930.073 930.175 0.102659
15 72 7.22206 9.52402 2.30195
40 102 3.12894 5.43089 2.30196
17 72 483.823 486.125 2.30195
28 85 1060.01 1060.11 0.0975378
31 86 931.848 931.95 0.102659
42 73 6.4769 8.77885 2.30195
11 71 4.40408 6.70604 2.30195
16 0 8.70644 0 -8.70644
52 77 7.32438 9.62633 2.30196
46 66 6.46172 8.76367 2.30195
3 79 7.61941 9.92136 2.30195
30 85 8.13763 10.4396 2.30195
41 66 8.49312 10.7951 2.30196
3 79 937.619 937.722 0.102658
19 0 932.177 0 -932.177
58 76 1003.51 1003.61 0.102657
41 66 464.28 466.582 2.30196
14 78 969.206 969.535 0.328706
53 70 1097.38 1097.47 0.0975389
37 93 465.866 468.168 2.30195
11 71 460.191 462.493 2.30195
28 84 10.015 12.3169 2.30195
44 91 9.35558 11.6575 2.30195
22 0 21.5629 0 -21.5629
37 92 10.0798 12.3818 2.30195
25 82 1072.64 1072.74 0.0975365
50 88 946.477 946.58 0.102657
46 66 462.248 464.55 2.30195
34 92 462.656 464.958 2.30195
45 92 10.4855 12.7874 2.30195
53 70 473.163 475.465 2.30195
56 78 12.1685 14.4705 2.30195
7 71 11.8004 14.1024 2.30195
26 89 461.488 463.79 2.30195
6 80 479.503 481.805 2.30195
25 82 478.431 480.733 2.30195
18 78 478.894 481.196 2.30195
55 63 956.918 957.021 0.102657
58 76 13.5097 15.8117 2.30195
1 0 14.2749 0 -14.2749
38 103 13.4716 15.7736 2.30195
24 82 13.7343 16.0363 2.30195
20 90 13.1995 15.5014 2.30195
19 82 476.391 478.693 2.30195
2 79 474.286 476.588 2.30195
27 77 475.832 478.134 2.30195
40 102 458.915 461.217 2.30196
35 94 475.609 477.911 2.30195
56 78 467.955 470.257 2.30195
7 71 467.587 469.889 2.30195
37 92 940.08 940.182 0.102658
52 84 1117.32 1117.42 0.0975394
28 85 465.801 468.103 2.30195
16 0 464.493 0 -464.493
36 85 933.13 935.432 2.30195
9 0 14.6507 0 -14.6507
43 81 15.2248 17.5268 2.30195
57 80 15.7744 18.0763 2.30195
53 70 17.377 19.6789 2.30195
5 71 14.9379 17.2399 2.30195
10 79 17.3193 19.6213 2.30196
46 66 996.462 996.559 0.0975374
30 85 1118.14 1118.24 0.0975372
32 85 458.509 460.811 2.30195
48 95 946.759 946.861 0.102658
27 77 950.045 950.148 0.102657
48 95 16.7588 19.0608 2.30195
50 88 16.4774 18.7794 2.30195
39 103 484.762 487.064 2.30195
29 85 16.6101 18.9121 2.30195
54 74 21.5304 23.8323 2.30196
29 85 928.183 930.485 2.30195
17 72 939.609 939.712 0.102658
42 73 462.263 464.565 2.30195
2 79 18.4997 20.8016 2.30195
4 72 18.4795 20.7814 2.30195
22 0 477.349 0 -477.349
19 0 20.6043 0 -20.6043
8 71 20.5146 22.8166 2.30195
27 77 20.0453 22.3472 2.30195
35 94 19.8228 22.1247 2.30195
31 85 20.2745 22.5765 2.30195
36 85 21.5571 23.859 2.30195
51 81 254.867 257.169 2.30195
31 85 1070.27 1070.37 0.0975377
55 63 986.918 987.021 0.102657
31 85 476.061 478.363 2.30195
45 84 466.272 468.574 2.30196
27 77 931.618 931.721 0.102657
17 72 988.036 988.134 0.0975384
0 0 477.681 0 -477.681
21 0 477.793 0 -477.793
4 72 474.266 476.568 2.30195
29 85 472.397 474.699 2.30195
9 79 470.437 472.739 2.30195
51 81 482.761 485.063 2.30195
34 92 1056.87 1056.97 0.0975389
3 79 997.619 997.717 0.0975384
21 0 22.0067 0 -22.0067
0 0 21.894 0 -21.894
47 66 987.784 987.881 0.0975386
14 78 480.878 483.18 2.30195
44 91 1059.36 1059.45 0.0975369
48 95 472.545 474.847 2.30195
25 82 22.6442 24.9461 2.30195
18 78 23.1071 25.4091 2.30195
2 79 948.5 948.602 0.102659
6 80 23.717 26.0189 2.30195
48 95 1126.76 1126.86 0.097538
14 78 25.0917 27.3936 2.30195
13 71 25.2017 27.5037 2.30195
51 81 26.9742 29.2762 2.30195
47 66 483.57 485.872 2.30195
55 63 26.9181 29.2201 2.30195
47 66 27.7839 30.0859 2.30195
17 72 28.0361 30.338 2.30195
1 0 470.061 0 -470.061
44 91 465.142 467.444 2.30195
4 72 930.052 932.354 2.30195
24 82 943.734 943.837 0.102657
34 92 996.87 996.972 0.102659
39 103 28.9751 31.277 2.30195
5 71 1004.94 1005.04 0.0975379
47 66 939.357 939.46 0.102659
14 78 252.985 255.287 2.30195
13 71 253.095 255.397 2.30195
55 63 254.811 257.113 2.30195
27 77 247.939 250.24 2.30195
22 82 249.456 251.758 2.30195
3 79 463.406 465.708 2.30195
17 72 255.929 258.231 2.30195
47 66 255.677 257.979 2.30195
35 94 247.716 250.018 2.30195
19 90 248.498 250.8 2.30196
8 71 248.408 250.71 2.30195
50 88 472.264 474.566 2.30195
31 85 248.168 250.47 2.30195
39 103 256.868 259.17 2.30195
33 85 456.905 459.207 2.30195
49 86 457.309 459.611 2.30195
52 77 463.111 465.413 2.30196
13 71 480.988 483.29 2.30195
23 81 228.536 230.838 2.30195
59 60 228.892 231.194 2.30195
33 86 229.012 231.314 2.30196
49 86 229.416 231.718 2.30195
32 85 230.616 232.917 2.30195
40 102 231.022 233.324 2.30196
11 71 232.297 234.599 2.30195
26 89 233.595 235.897 2.30195
46 66 234.355 236.657 2.30195
42 73 234.37 236.672 2.30195
34 92 234.763 237.065 2.30195
15 72 235.115 237.417 2.30195
52 84 235.218 237.52 2.30196
3 79 235.513 237.815 2.30195
12 71 235.562 237.864 2.30195
30 85 236.031 238.333 2.30195
41 66 236.386 238.688 2.30196
16 0 236.6 0 -236.6
44 91 237.249 239.551 2.30195
28 85 237.908 240.21 2.30195
37 93 237.973 240.275 2.30195
45 0 238.379 0 -238.379
7 71 239.694 241.996 2.30195
56 78 240.062 242.364 2.30195
20 90 241.093 243.395 2.30195
38 103 241.365 243.667 2.30195
58 76 241.403 243.705 2.30195
24 82 241.628 243.93 2.30195
1 72 242.168 244.47 2.30195
9 79 242.544 244.846 2.30195
5 71 242.831 245.133 2.30195
43 81 243.118 245.42 2.30195
57 80 243.668 245.97 2.30195
50 88 244.371 246.673 2.30195
29 85 244.503 246.805 2.30195
48 95 244.652 246.954 2.30195
10 72 245.213 247.515 2.30196
53 70 245.27 247.572 2.30195
4 72 246.373 248.675 2.30195
2 79 246.393 248.695 2.30195
51 81 956.974 957.149 0.174594
54 74 477.317 479.619 2.30196
5 71 470.724 473.026 2.30195
58 76 943.51 943.612 0.102657
14 78 1164.46 1164.79 0.328706
8 71 476.301 478.603 2.30195
30 85 938.138 938.235 0.0975372
54 74 249.424 251.726 2.30196
36 85 249.45 251.752 2.30195
25 82 250.537 252.839 2.30195
21 0 249.9 0 -249.9
6 80 251.61 253.912 2.30195
0 66 249.787 252.089 2.30196
20 90 943.199 943.302 0.102657
18 78 251 253.302 2.30195
31 85 1130.27 1130.37 0.0975377
47 66 1137.78 1137.88 0.0975386
55 63 482.705 485.007 2.30195
24 82 469.521 471.823 2.30195
37 92 1000.08 1000.18 0.0975381
43 81 471.011 473.313 2.30195
57 80 471.561 473.863 2.30195
23 82 930.642 930.745 0.102661
57 80 945.774 945.877 0.102658
20 90 468.986 471.288 2.30195
15 72 463.009 465.311 2.30195
23 81 456.429 458.731 2.30195
42 73 996.477 996.574 0.0975367
10 79 473.106 475.408 2.30196
51 81 938.547 938.732 0.184834
30 85 463.924 466.226 2.30195
52 84 997.324 997.422 0.0975394
38 103 943.472 943.646 0.174594
6 80 953.717 953.82 0.102659
53 70 1067.38 1067.47 0.0975389
10 72 928.892 931.194 2.30196
51 81 1136.97 1137.15 0.174594
6 80 935.29 935.393 0.102659
38 103 469.258 471.56 2.30195
59 60 456.786 459.088 2.30195
14 78 708.771 711.073 2.30195
50 88 928.05 928.153 0.102657
59 60 1141 1141.1 0.0975369
38 103 1123.47 1123.57 0.102658
2 79 1068.5 1068.6 0.0975389
30 85 998.138 998.235 0.0975372
23 81 990.642 990.745 0.102657
59 60 930.999 931.102 0.102657
31 85 1010.27 1010.37 0.0975377
39 103 940.548 940.877 0.328705
20 90 1003.2 1003.3 0.102657
5 71 944.938 945.041 0.102658
8 71 932.088 934.39 2.30195
47 66 957.784 957.887 0.102659
57 80 927.347 927.45 0.102658
13 79 708.881 711.183 2.30196
23 81 684.322 686.624 2.30195
59 60 684.679 686.981 2.30195
33 86 684.798 687.1 2.30196
49 86 685.203 687.505 2.30195
32 85 686.402 688.704 2.30195
40 102 686.809 689.111 2.30196
11 71 688.084 690.386 2.30195
26 89 689.382 691.683 2.30195
46 66 690.141 692.443 2.30195
42 73 690.157 692.459 2.30195
34 92 690.549 692.851 2.30195
15 72 690.902 693.204 2.30195
52 77 691.004 693.306 2.30196
3 78 691.299 693.601 2.30195
12 72 691.348 693.65 2.30196
30 85 691.817 694.119 2.30195
41 0 692.173 0 -692.173
16 0 692.386 0 -692.386
44 91 693.035 695.337 2.30195
28 85 693.695 695.997 2.30195
37 93 693.76 696.062 2.30195
45 100 694.165 696.467 2.30196
7 71 695.48 697.782 2.30195
56 78 695.848 698.15 2.30195
20 90 696.879 699.181 2.30195
38 103 697.151 699.453 2.30195
58 76 697.189 699.491 2.30195
24 82 697.414 699.716 2.30195
1 72 697.955 700.257 2.30195
9 0 698.33 0 -698.33
5 71 698.618 700.92 2.30195
43 75 698.905 701.207 2.30196
57 80 699.454 701.756 2.30195
50 88 700.157 702.459 2.30195
29 85 700.29 702.592 2.30195
48 95 700.439 702.741 2.30195
10 0 700.999 0 -700.999
53 69 701.057 703.359 2.30196
4 72 702.159 704.461 2.30195
2 79 702.179 704.481 2.30195
35 93 703.503 705.804 2.30195
27 77 703.725 706.027 2.30195
31 85 703.954 706.256 2.30195
8 0 704.194 0 -704.194
19 0 704.284 0 -704.284
54 74 705.21 707.512 2.30196
36 84 705.237 707.539 2.30196
22 0 705.243 0 -705.243
0 72 705.574 707.876 2.30195
21 0 705.686 0 -705.686
25 82 706.324 708.626 2.30195
18 78 706.787 709.089 2.30195
6 80 707.397 709.699 2.30195
13 72 936.775 939.077 2.30195
40 102 993.129 993.232 0.102659
55 63 1076.92 1077.02 0.0975366
31 85 950.275 950.377 0.102658
38 103 1003.47 1003.57 0.102658
18 78 934.68 936.982 2.30195
28 85 940.015 940.118 0.102658
22 85 933.136 935.438 2.30198
51 81 710.654 712.956 2.30195
55 63 710.598 712.9 2.30195
15 72 997.222 997.32 0.0975384
47 66 711.464 713.766 2.30195
17 72 711.716 714.018 2.30195
0 73 933.467 935.769 2.30196
46 66 1176.46 1176.56 0.0975374
53 70 947.377 947.48 0.102659
48 95 928.332 928.434 0.102658
49 86 1010.72 1011.05 0.328707
30 85 1058.14 1058.24 0.0975372
54 74 1101.53 1101.63 0.0975392
44 91 939.356 939.458 0.102657
53 70 928.95 929.053 0.102659
55 63 938.491 938.594 0.102657
21 82 933.58 935.882 2.30195
39 103 712.655 714.957 2.30195
14 78 1131.91 1132.24 0.328706
50 88 1006.48 1006.57 0.0975369
6 80 1073.72 1073.81 0.0975388
52 84 937.324 937.427 0.102659
33 85 1171.12 1171.22 0.097538
54 74 1011.53 1011.63 0.0975392
20 90 924.772 924.875 0.102657
26 89 935.702 935.804 0.102657
15 72 937.222 937.32 0.0975384
43 81 926.798 929.1 2.30195
5 71 1064.94 1065.04 0.0975379
32 85 932.722 932.825 0.102656
14 78 1001.75 1002.08 0.328706
5 71 926.511 926.614 0.102658
54 74 933.103 933.206 0.102659
35 94 949.823 949.925 0.102658
25 82 934.217 934.32 0.102657
35 94 931.396 931.498 0.102658
49 86 945.638 945.966 0.328707
11 71 934.404 934.507 0.102658
23 81 912.215 912.318 0.102657
59 60 912.572 912.675 0.102657
33 85 912.691 914.993 2.30195
49 86 913.096 913.425 0.328707
32 85 914.295 914.398 0.102656
40 102 914.702 914.805 0.102659
11 71 915.977 916.08 0.102658
26 89 917.275 917.46 0.184833
46 66 918.035 918.137 0.102657
42 73 918.05 918.153 0.102657
34 92 918.442 918.545 0.102659
15 72 918.795 918.898 0.102658
52 84 918.897 919 0.102659
3 79 919.192 919.295 0.102658
12 71 919.242 921.544 2.30195
30 85 919.711 919.813 0.102657
41 74 920.066 922.368 2.30195
16 80 920.279 922.581 2.30196
44 91 920.929 921.031 0.102657
28 85 921.588 921.691 0.102658
37 92 921.653 921.755 0.102658
45 92 922.058 924.36 2.30195
7 70 923.373 925.675 2.30196
56 78 923.741 926.043 2.30195
38 103 925.045 925.229 0.184834
58 76 925.083 925.185 0.102657
9 0 926.224 0 -926.224
24 82 925.307 925.41 0.102657
1 0 925.848 0 -925.848
49 86 1108.35 1108.67 0.328707
35 94 1009.82 1009.92 0.0975381
2 79 1008.5 1008.6 0.0975389
54 74 1131.53 1131.63 0.0975392
57 80 1005.77 1005.87 0.0975384
11 71 994.404 994.507 0.102658
25 82 952.644 952.742 0.0975365
17 72 1078.04 1078.14 0.102658
47 66 1077.78 1077.88 0.0975386
50 88 1096.48 1096.57 0.0975369
32 85 992.722 992.82 0.0975364
48 95 1006.76 1006.86 0.102658
48 95 1096.76 1096.86 0.097538
20 90 1063.2 1063.3 0.0975369
40 102 933.129 933.232 0.102659
26 89 1055.7 1055.8 0.102657
39 103 1108.98 1109.08 0.102657
51 81 1076.97 1077.15 0.174594
2 79 1128.5 1128.6 0.0975389
59 60 1081 1081.1 0.0975369
23 81 1080.64 1080.75 0.102657
46 66 936.462 936.564 0.102657
54 74 951.53 951.633 0.102659
37 92 970.08 970.182 0.102658
2 79 978.5 978.602 0.102659
57 80 1065.77 1065.87 0.0975384
50 88 1066.48 1066.57 0.0975369
28 85 1000.01 1000.11 0.0975378
42 73 936.477 936.58 0.102657
24 82 1003.73 1003.83 0.0975367
34 92 936.87 936.972 0.102659
40 102 963.129 963.232 0.102659
39 103 973.09 973.418 0.328705
59 60 960.999 961.102 0.102657
49 86 978.179 978.508 0.328707
17 72 958.036 958.134 0.0975384
22 82 1161.03 1163.33 2.30195
32 85 962.722 962.82 0.0975364
46 66 966.462 966.559 0.0975374
23 81 960.642 960.74 0.0975367
59 60 990.999 991.097 0.0975369
11 71 964.404 964.507 0.102658
37 92 1030.08 1030.18 0.0975381
14 78 1099.37 1099.7 0.328706
39 103 1005.63 1005.96 0.328705
58 76 1063.51 1063.61 0.0975372
7 71 1151.27 1153.57 2.30195
51 81 1166.97 1167.15 0.174594
26 89 1115.7 1115.8 0.102657
26 89 995.702 995.804 0.102657
9 0 1154.12 0 -1154.12
42 73 966.477 966.58 0.102657
15 72 967.222 967.32 0.0975384
20 90 973.199 973.302 0.102657
44 91 969.356 969.453 0.0975369
52 84 967.324 967.427 0.102659
26 89 965.702 965.799 0.097537
3 79 967.619 967.722 0.102658
38 103 973.472 973.646 0.174594
57 80 975.774 975.872 0.0975384
30 85 968.138 968.235 0.0975372
28 85 970.015 970.113 0.0975378
24 82 973.734 973.837 0.102657
35 94 979.823 979.925 0.102658
34 92 966.87 966.972 0.102659
58 76 1033.51 1033.61 0.0975372
53 70 977.377 977.48 0.102659
50 88 976.477 976.58 0.102657
57 79 1155.77 1155.87 0.0975388
5 71 974.938 975.041 0.102658
54 74 981.53 981.633 0.102659
48 95 976.759 976.861 0.102658
58 76 973.51 973.612 0.102657
25 82 982.644 982.742 0.0975365
27 77 980.045 980.148 0.102657
6 80 983.717 983.82 0.102659
23 81 1050.64 1050.75 0.102657
31 85 980.275 980.372 0.0975377
51 81 986.974 987.149 0.174594
3 79 1057.62 1057.72 0.0975384
27 77 1130.05 1130.14 0.0975371
15 72 1057.22 1057.32 0.0975384
27 77 1010.05 1010.14 0.0975371
53 70 1007.38 1007.48 0.102659
6 80 1013.72 1013.81 0.0975388
14 78 1034.29 1034.62 0.328706
55 63 1016.92 1017.02 0.0975366
39 103 1038.17 1038.36 0.184833
25 82 1012.64 1012.74 0.0975365
51 81 1016.97 1017.15 0.174594
47 66 1017.78 1017.88 0.0975386
40 102 1023.13 1023.23 0.0975394
59 60 1021 1021.1 0.0975369
17 72 1018.04 1018.13 0.0975384
55 63 1166.92 1167.02 0.0975366
52 84 1027.32 1027.42 0.0975394
17 72 1168.04 1168.13 0.0975384
21 82 1161.47 1163.77 2.30195
23 81 1020.64 1020.75 0.102657
42 73 1026.48 1026.57 0.0975367
11 71 1024.4 1024.5 0.0975375
15 72 1027.22 1027.32 0.0975384
32 85 1022.72 1022.82 0.0975364
46 66 1026.46 1026.56 0.0975374
49 86 1043.26 1043.59 0.328707
39 103 1078.98 1079.15 0.174593
19 82 1160.07 1162.37 2.30195
55 63 1106.92 1107.02 0.0975366
59 60 1171 1171.1 0.0975369
37 92 1060.08 1060.18 0.0975381
8 71 1159.98 1160.08 0.102658
27 77 1070.05 1070.14 0.0975371
59 60 1111 1111.1 0.0975369
34 92 1116.87 1116.97 0.0975389
4 72 1157.95 1158.05 0.102657
16 79 1376.07 1378.37 2.30195
56 78 1151.63 1151.82 0.184833
45 92 1149.95 1150.14 0.184834
26 89 1025.7 1025.8 0.102657
54 74 1071.53 1071.63 0.0975392
41 74 1147.96 1148.06 0.102658
18 78 1162.57 1164.88 2.30195
34 92 1026.87 1026.97 0.0975389
23 81 1110.64 1110.75 0.102657
20 90 1123.2 1123.3 0.0975369
43 81 1154.69 1154.79 0.102658
24 82 1033.73 1033.83 0.0975367
50 88 1036.48 1036.57 0.0975369
20 90 1033.2 1033.3 0.0975369
38 103 1033.47 1033.57 0.0975381
3 79 1027.62 1027.72 0.0975384
28 85 1030.01 1030.11 0.0975378
36 85 1161.02 1161.13 0.102658
53 70 1037.38 1037.47 0.0975389
44 91 1029.36 1029.45 0.0975369
48 95 1036.76 1036.86 0.097538
30 85 1028.14 1028.24 0.0975372
44 91 1119.36 1119.45 0.0975369
25 82 1132.64 1132.74 0.0975365
2 79 1098.5 1098.6 0.0975389
59 60 1051 1051.1 0.0975369
5 71 1034.94 1035.04 0.0975379
32 85 1052.72 1052.82 0.0975364
25 82 1042.64 1042.74 0.0975365
2 79 1038.5 1038.6 0.0975389
6 80 1043.72 1043.81 0.0975388
54 74 1041.53 1041.63 0.0975392
27 77 1040.05 1040.14 0.0975371
47 66 1047.78 1047.88 0.0975386
57 80 1035.77 1035.87 0.0975384
14 78 1066.83 1067.16 0.328706
52 84 1057.32 1057.42 0.0975394
55 63 1046.92 1047.02 0.0975366
51 81 1046.97 1047.15 0.174594
11 71 1054.4 1054.5 0.0975375
39 103 1056.47 1056.65 0.174593
35 94 1039.82 1039.92 0.0975381
31 85 1040.27 1040.37 0.0975377
49 86 1075.8 1076.13 0.328707
17 72 1048.04 1048.13 0.0975384
42 73 1056.48 1056.57 0.0975367
46 66 1056.46 1056.56 0.0975374
35 94 1069.82 1069.92 0.0975381
48 95 1066.76 1066.86 0.097538
40 102 1053.13 1053.23 0.0975394
38 103 1063.47 1063.57 0.0975381
24 82 1063.73 1063.83 0.0975367
1 72 1153.74 1156.04 2.30195
49 86 1140.89 1141.22 0.328707
33 85 1140.58 1140.69 0.102658
46 66 1086.46 1086.56 0.0975374
32 85 1082.72 1082.82 0.0975364
42 73 1086.48 1086.57 0.0975367
40 102 1083.13 1083.23 0.0975394
11 71 1084.4 1084.5 0.0975375
24 82 1123.73 1123.83 0.0975367
11 71 1114.4 1114.5 0.0975375
32 85 1112.72 1112.82 0.0975364
35 94 1129.82 1129.92 0.0975381
15 72 1177.22 1177.32 0.0975384
15 72 1117.22 1117.32 0.0975384
23 81 1170.64 1170.74 0.0975367
51 81 1106.97 1107.15 0.174594
52 84 1087.32 1087.42 0.0975394
50 88 1126.48 1126.57 0.0975369
26 89 1085.7 1085.8 0.102657
17 72 1108.04 1108.13 0.0975384
17 72 1138.04 1138.13 0.0975384
58 76 1123.51 1123.61 0.0975372
0 72 1161.36 1163.66 2.30195
46 66 1116.46 1116.56 0.0975374
40 102 1173.13 1173.23 0.0975394
34 92 1086.87 1086.97 0.0975389
15 72 1087.22 1087.32 0.0975384
42 73 1116.48 1116.57 0.0975367
12 71 1147.13 1147.24 0.102657
37 92 1120.08 1120.18 0.0975381
49 86 1173.43 1173.76 0.328707
38 103 1093.47 1093.57 0.102658
24 82 1093.73 1093.83 0.0975367
37 92 1090.08 1090.18 0.0975381
44 91 1089.36 1089.45 0.0975369
58 76 1093.51 1093.61 0.0975372
28 85 1090.01 1090.11 0.0975378
3 79 1087.62 1087.72 0.0975384
57 80 1095.77 1095.87 0.0975384
5 71 1124.94 1125.04 0.0975379
10 72 1156.79 1156.89 0.102659
20 90 1093.2 1093.3 0.0975369
30 85 1088.14 1088.24 0.0975372
57 80 1125.77 1125.87 0.0975384
40 102 1143.13 1143.23 0.0975394
55 63 1136.92 1137.02 0.0975366
40 102 1113.13 1113.23 0.0975394
3 79 1117.62 1117.72 0.0975384
42 73 1146.48 1146.57 0.0975367
53 70 1127.38 1127.47 0.0975389
29 85 1156.08 1156.26 0.184833
6 80 1103.72 1103.81 0.0975388
28 85 1120.01 1120.11 0.0975378
39 103 1138.98 1139.07 0.0975373
39 103 1168.98 1169.08 0.102657
25 82 1102.64 1102.74 0.0975365
16 79 1148.17 1150.47 2.30195
6 80 1133.72 1133.81 0.0975388
13 71 1164.67 1164.85 0.184834
52 84 1177.32 1177.42 0.0975394
5 71 1094.94 1095.04 0.0975379
27 77 1100.05 1100.14 0.0975371
35 94 1099.82 1099.92 0.0975381
31 85 1100.27 1100.37 0.0975377
47 66 1107.78 1107.88 0.0975386
11 71 1144.4 1144.5 0.0975375
46 66 1146.46 1146.56 0.0975374
23 81 1140.64 1140.74 0.0975367
52 84 1147.32 1147.42 0.0975394
39 103 1198.98 1199.08 0.102657
30 85 1178.14 1178.24 0.0975372
34 92 1176.87 1176.97 0.0975389
26 89 1145.7 1145.8 0.102657
34 92 1146.87 1146.97 0.0975389
15 72 1147.22 1147.32 0.0975384
32 85 1142.72 1142.82 0.0975364
32 85 1172.72 1172.82 0.0975364
12 71 1177.67 1177.77 0.0975366
3 79 1177.62 1177.72 0.0975384
44 91 1149.36 1149.45 0.0975369
30 85 1148.14 1148.24 0.0975372
28 85 1150.01 1150.11 0.0975378
41 74 1158.12 1158.22 0.102658
3 79 1147.62 1147.72 0.0975384
12 71 1157.3 1157.4 0.102657
37 92 1150.08 1150.18 0.0975381
45 92 1168.25 1168.35 0.102658
54 74 1161.53 1161.63 0.0975392
13 71 1182.97 1183.07 0.102658
28 85 1180.01 1180.11 0.0975378
26 89 1175.7 1175.8 0.097537
58 76 1153.51 1153.61 0.0975372
38 103 1153.47 1153.57 0.102658
42 73 1176.48 1176.57 0.0975367
48 95 1156.76 1156.86 0.097538
5 72 1154.94 1155.04 0.0975387
50 88 1156.48 1156.57 0.0975369
24 82 1153.73 1153.83 0.0975367
19 90 1387.96 1390.27 2.30196
10 72 1166.95 1167.05 0.102659
20 90 1153.2 1153.3 0.0975369
31 85 1160.27 1160.37 0.0975377
27 77 1160.05 1160.14 0.0975371
43 81 1164.85 1164.96 0.102658
36 85 1191.56 1191.66 0.102658
44 91 1179.36 1179.45 0.0975369
37 92 1180.08 1180.18 0.0975381
41 74 1178.49 1178.6 0.102658
29 85 1174.37 1174.48 0.102657
2 79 1158.5 1158.6 0.0975389
53 70 1157.38 1157.47 0.0975389
8 71 1170.14 1170.25 0.102658
47 66 1167.78 1167.88 0.0975386
4 72 1168.11 1168.21 0.102657
35 94 1159.82 1159.92 0.0975381
36 85 1171.19 1171.29 0.102658
25 82 1162.64 1162.74 0.0975365
6 80 1163.72 1163.81 0.0975388
11 71 1174.4 1174.5 0.0975375
45 92 1180.49 1180.58 0.0975382
20 90 1183.2 1183.3 0.0975369
1 72 1381.63 1383.94 2.30195
24 82 1183.73 1183.83 0.0975367
56 78 1182.17 1182.34 0.174593
7 71 1379.16 1379.34 0.184833
48 95 1186.76 1186.86 0.097538
43 81 1185.22 1185.32 0.0975382
9 79 1382.01 1384.31 2.30195
5 71 1184.94 1185.04 0.0975379
25 82 1192.64 1192.74 0.0975365
58 76 1183.51 1183.61 0.0975372
38 103 1183.47 1183.57 0.102658
18 78 1390.47 1390.8 0.328707
29 85 1186.61 1186.71 0.102657
8 71 1190.51 1190.62 0.102658
21 82 1389.37 1391.67 2.30195
4 72 1188.48 1188.58 0.102657
57 80 1185.77 1185.87 0.0975384
10 72 1187.32 1187.42 0.0975391
27 77 1190.05 1190.14 0.0975371
22 82 1388.92 1391.22 2.30195
53 70 1187.38 1187.47 0.0975389
50 88 1186.48 1186.57 0.0975369
31 85 1190.27 1190.37 0.0975377
0 72 1389.25 1389.36 0.102657
17 72 1198.04 1198.13 0.0975384
54 74 1191.53 1191.63 0.0975392
35 94 1189.82 1189.92 0.0975381
6 80 1193.72 1193.81 0.0975388
13 71 1195.2 1195.3 0.102658
14 78 1197 1197.33 0.328706
2 79 1188.5 1188.6 0.0975389
55 63 1196.92 1197.02 0.0975366
47 66 1197.78 1197.88 0.0975386
51 81 1196.97 1197.08 0.102658
