24 53 0.0649859 2.36694 2.30196
39 51 1.94359 4.24555 2.30196
33 0 471.061 0 -471.061
26 0 471.421 0 -471.421
45 0 0.859675 0 -0.859675
38 53 1.09785 3.39981 2.30195
1 50 1.35718 3.65914 2.30196
11 52 2 4.30196 2.30196
18 53 4.5356 6.83757 2.30196
14 52 2.83199 5.13395 2.30196
2 50 5.8625 8.16446 2.30196
9 0 5.41755 0 -5.41755
37 53 5.40951 7.71147 2.30196
46 50 8.18945 10.4914 2.30196
19 53 6.32884 8.6308 2.30196
13 52 8.35639 10.6584 2.30196
4 50 8.68751 10.9895 2.30196
32 51 9.35117 11.6531 2.30196
43 0 10.3334 0 -10.3334
36 53 11.185 13.487 2.30196
27 0 10.5803 0 -10.5803
42 51 11.5192 13.8211 2.30196
28 53 12.0675 14.3695 2.30197
31 0 12.1981 0 -12.1981
23 53 15.3287 17.6306 2.30196
0 50 14.1931 16.4951 2.30196
20 53 13.7541 16.0561 2.30196
41 51 14.8005 17.1024 2.30196
33 50 15.2743 17.5763 2.30197
26 53 15.6343 17.9362 2.30196
16 52 16.8371 19.139 2.30196
25 53 16.2051 18.5071 2.30196
8 0 16.905 0 -16.905
7 0 17.2166 0 -17.2166
21 0 20.0529 0 -20.0529
34 50 18.8655 21.1674 2.30196
48 52 20.4595 22.7614 2.30196
17 52 21.0496 23.3515 2.30196
15 0 21.8659 0 -21.8659
5 0 21.6321 0 -21.6321
6 50 22.8453 25.1472 2.30196
10 52 22.9745 25.2765 2.30196
47 50 24.331 26.6329 2.30196
12 52 25.297 27.599 2.30196
30 53 25.3528 27.6547 2.30196
22 0 25.6162 0 -25.6162
49 53 26.2248 28.5267 2.30196
35 53 27.3591 29.6611 2.30196
44 0 26.9455 0 -26.9455
3 50 28.6788 30.9808 2.30196
29 0 28.366 0 -28.366
40 51 29.0371 31.3391 2.30195
21 53 247.946 250.248 2.30196
34 50 246.759 249.061 2.30196
35 53 255.252 257.554 2.30196
29 0 256.259 0 -256.259
40 51 484.824 487.126 2.30195
49 53 254.118 256.42 2.30196
46 50 463.976 466.278 2.30196
7 50 473.003 475.305 2.30196
5 50 249.525 251.827 2.30196
17 52 248.943 251.245 2.30196
12 52 253.19 255.492 2.30196
44 0 254.839 0 -254.839
48 53 248.353 250.655 2.30196
15 0 249.759 0 -249.759
22 53 253.509 255.811 2.30196
30 0 253.246 0 -253.246
47 50 252.224 254.526 2.30196
40 51 256.93 259.232 2.30195
3 50 256.572 258.874 2.30196
4 50 464.474 466.776 2.30196
24 0 227.958 0 -227.958
45 51 228.753 231.055 2.30196
38 53 228.991 231.293 2.30195
1 50 229.25 231.552 2.30196
39 51 229.837 232.139 2.30196
11 52 229.893 232.195 2.30196
14 52 230.725 233.027 2.30196
18 53 232.429 234.731 2.30196
37 53 233.303 235.605 2.30196
9 52 233.311 235.613 2.30196
2 50 233.756 236.058 2.30196
19 53 234.222 236.524 2.30196
46 50 236.083 238.385 2.30196
13 52 236.25 238.552 2.30196
4 50 236.581 238.883 2.30196
32 51 237.244 239.546 2.30196
43 51 238.227 240.529 2.30196
27 0 238.474 0 -238.474
36 53 239.078 241.38 2.30196
42 51 239.412 241.714 2.30196
28 0 239.961 0 -239.961
31 51 240.091 242.393 2.30196
20 0 241.647 0 -241.647
0 50 242.086 244.388 2.30196
41 51 242.694 244.996 2.30196
33 51 243.168 245.47 2.30196
23 0 243.222 0 -243.222
26 0 243.528 0 -243.528
25 53 244.098 246.4 2.30196
16 52 244.73 247.032 2.30196
8 0 244.798 0 -244.798
7 0 245.11 0 -245.11
10 0 250.868 0 -250.868
6 50 250.739 253.04 2.30196
34 50 474.652 476.954 2.30196
35 53 483.146 485.448 2.30196
36 53 466.972 469.273 2.30196
41 51 470.587 472.889 2.30196
25 0 471.992 0 -471.992
7 0 928.79 0 -928.79
6 50 478.632 480.934 2.30196
44 0 482.732 0 -482.732
38 53 961.098 961.195 0.0975382
43 51 466.12 468.422 2.30196
32 0 465.138 0 -465.138
23 53 471.115 473.417 2.30196
0 50 469.98 472.282 2.30196
49 0 709.905 0 -709.905
49 53 937.798 940.1 2.30196
5 0 477.419 0 -477.419
17 52 476.836 479.138 2.30196
11 52 974.601 975.218 0.616457
30 0 481.139 0 -481.139
10 52 478.761 481.063 2.30196
47 50 480.117 482.419 2.30196
44 0 710.625 0 -710.625
19 53 950.444 950.628 0.184841
19 53 462.115 464.417 2.30196
42 51 467.306 469.608 2.30196
20 53 469.541 471.843 2.30196
8 50 472.691 474.993 2.30196
47 50 935.904 938.206 2.30196
15 0 477.652 0 -477.652
29 0 484.153 0 -484.153
2 50 461.649 463.951 2.30196
27 53 466.367 468.669 2.30196
28 0 467.854 0 -467.854
29 51 712.046 714.348 2.30196
16 52 472.624 474.926 2.30196
48 53 476.246 478.548 2.30196
22 53 481.403 483.705 2.30196
12 52 708.977 711.279 2.30196
30 51 709.033 711.334 2.30196
31 51 467.985 470.287 2.30196
13 52 464.143 466.445 2.30196
0 50 925.766 928.068 2.30196
21 53 475.839 478.141 2.30196
6 50 934.418 936.72 2.30196
35 0 711.039 0 -711.039
49 53 482.011 484.313 2.30196
12 52 481.084 483.385 2.30196
3 50 484.465 486.767 2.30196
24 53 455.851 458.153 2.30196
45 51 456.646 458.948 2.30196
38 53 456.884 459.186 2.30195
1 50 457.144 459.446 2.30196
39 51 457.73 460.032 2.30196
11 52 457.786 460.088 2.30196
14 52 458.618 460.92 2.30196
18 52 460.322 462.624 2.30198
37 53 461.196 463.498 2.30196
9 52 461.204 463.506 2.30196
15 0 933.439 0 -933.439
44 0 938.519 0 -938.519
35 0 938.932 0 -938.932
1 50 961.357 961.455 0.0975438
16 52 928.41 929.027 0.616459
10 0 934.547 0 -934.547
33 0 926.847 0 -926.847
22 0 709.296 0 -709.296
3 50 712.359 714.661 2.30196
8 0 928.478 0 -928.478
47 50 708.011 710.313 2.30196
17 0 932.623 0 -932.623
39 51 931.944 932.046 0.10266
34 50 962.98 963.309 0.328711
42 51 941.519 941.694 0.174595
38 53 931.098 931.201 0.102658
41 50 926.373 928.675 2.30196
24 0 683.745 0 -683.745
45 51 684.539 686.841 2.30196
38 53 684.778 687.08 2.30195
1 50 685.037 687.339 2.30196
39 51 685.623 687.925 2.30196
11 52 685.68 687.982 2.30196
14 52 686.512 688.814 2.30196
18 0 688.215 0 -688.215
37 0 689.089 0 -689.089
9 0 689.097 0 -689.097
2 50 689.542 691.844 2.30196
19 53 690.009 692.311 2.30196
46 0 691.869 0 -691.869
13 52 692.036 694.338 2.30196
4 0 692.367 0 -692.367
32 0 693.031 0 -693.031
43 51 694.013 696.315 2.30196
27 0 694.26 0 -694.26
36 0 694.865 0 -694.865
42 51 695.199 697.501 2.30196
28 0 695.747 0 -695.747
31 0 695.878 0 -695.878
20 53 697.434 699.736 2.30196
0 50 697.873 700.175 2.30196
41 0 698.48 0 -698.48
33 0 698.954 0 -698.954
23 53 699.008 701.31 2.30196
26 53 699.314 701.616 2.30196
25 53 699.885 702.187 2.30196
16 52 700.517 702.819 2.30196
8 0 700.585 0 -700.585
7 0 700.896 0 -700.896
34 50 702.545 704.847 2.30196
21 53 703.733 706.035 2.30196
48 53 704.139 706.441 2.30196
17 0 704.729 0 -704.729
5 0 705.312 0 -705.312
15 0 705.546 0 -705.546
6 0 706.525 0 -706.525
10 52 706.654 708.956 2.30196
40 51 712.717 715.019 2.30195
26 0 927.207 0 -927.207
30 0 936.926 0 -936.926
12 52 936.87 939.172 2.30196
25 51 927.778 930.08 2.30196
34 51 930.438 930.767 0.328716
22 0 937.189 0 -937.189
21 53 931.626 933.928 2.30196
39 51 961.944 962.041 0.0975399
14 52 965.245 965.42 0.174599
3 50 940.252 942.554 2.30196
16 52 1050.47 1050.8 0.328715
40 51 959.037 959.14 0.102658
31 51 923.771 926.073 2.30196
14 52 946.947 947.132 0.184839
9 52 1372.78 1375.08 2.30196
28 51 923.64 925.942 2.30196
20 0 925.327 0 -925.327
23 0 926.902 0 -926.902
29 51 939.939 942.241 2.30196
40 51 940.61 940.713 0.102658
48 53 932.032 932.649 0.616455
5 0 933.205 0 -933.205
1 0 931.357 0 -931.357
2 50 949.977 950.162 0.184842
16 52 1180.63 1180.96 0.328715
24 52 911.638 913.94 2.30197
45 0 912.433 0 -912.433
38 53 912.671 912.774 0.102658
1 50 912.93 913.115 0.18484
39 51 913.517 913.619 0.10266
11 52 913.573 914.189 0.616457
14 52 914.405 914.734 0.328711
18 53 916.109 918.411 2.30196
37 52 916.983 919.284 2.30196
9 52 916.991 919.293 2.30196
2 50 917.435 917.764 0.328714
19 53 917.902 918.231 0.328713
46 52 919.762 922.064 2.30196
13 52 919.929 922.231 2.30196
4 0 920.261 0 -920.261
32 50 920.924 923.226 2.30196
43 51 921.906 924.208 2.30196
27 53 922.153 924.455 2.30196
36 53 922.758 925.06 2.30196
42 51 923.092 923.277 0.184835
16 52 989.438 990.055 0.616459
19 53 1146.33 1146.5 0.174601
2 50 968.276 968.45 0.174602
19 53 968.742 968.916 0.174601
42 51 971.519 971.694 0.174595
48 53 993.061 993.39 0.328711
40 51 989.037 989.135 0.0975384
40 0 1169.04 0 -1169.04
34 50 995.522 995.851 0.328711
38 53 991.098 991.195 0.0975382
39 51 1171.94 1172.04 0.0975399
39 51 991.944 992.046 0.10266
1 50 991.357 991.455 0.0975438
14 0 992.832 0 -992.832
19 0 996.329 0 -996.329
42 51 1001.52 1001.62 0.102659
34 50 1028.06 1028.39 0.328711
37 53 1372.77 1373.39 0.616453
2 50 995.863 996.037 0.174602
48 53 1025.6 1025.79 0.184839
43 51 1159.96 1160.07 0.102661
4 50 1376.05 1378.35 2.30196
24 53 1367.42 1367.75 0.328707
40 51 1019.04 1019.13 0.0975384
38 53 1021.1 1021.2 0.0975382
14 52 1022.83 1022.93 0.097543
39 51 1021.94 1022.05 0.10266
11 52 1035.63 1035.96 0.328713
1 50 1021.36 1021.45 0.0975438
19 53 1026.33 1026.5 0.174601
1 50 1141.36 1141.45 0.0975438
2 50 1025.86 1026.04 0.174602
38 53 1051.1 1051.2 0.0975382
1 50 1171.36 1171.45 0.0975438
34 50 1060.61 1060.79 0.184839
42 51 1031.52 1031.62 0.0975391
14 52 1052.83 1052.93 0.102663
40 51 1049.04 1049.13 0.0975384
48 53 1043.9 1044.08 0.174599
45 51 1368.22 1368.84 0.616456
39 51 1051.94 1052.04 0.0975399
1 50 1051.36 1051.45 0.0975438
11 52 1068.17 1068.5 0.328713
2 50 1055.86 1056.04 0.174602
42 51 1061.52 1061.62 0.102659
19 53 1056.33 1056.5 0.174601
14 52 1172.83 1172.93 0.102663
48 53 1160.46 1160.63 0.174599
48 53 1070.46 1070.63 0.174599
16 52 1083.01 1083.34 0.328715
34 50 1078.9 1079.08 0.174599
13 52 1375.72 1378.02 2.30196
40 51 1079.04 1079.13 0.0975384
38 53 1081.1 1081.2 0.0975382
38 53 1141.1 1141.2 0.0975382
11 52 1172 1172.17 0.174601
39 51 1081.94 1082.04 0.0975399
11 52 1100.71 1100.9 0.184841
14 52 1082.83 1082.93 0.097543
19 53 1086.33 1086.5 0.174601
1 50 1081.36 1081.45 0.0975438
2 50 1085.86 1086.04 0.174602
42 51 1091.52 1091.62 0.102659
34 50 1158.87 1159.04 0.174599
16 52 1115.55 1115.88 0.328715
38 53 1111.1 1111.2 0.0975382
34 50 1098.87 1099.04 0.174599
48 53 1100.46 1100.63 0.174599
39 51 1111.94 1112.04 0.0975399
2 50 1175.86 1176.04 0.174602
1 50 1111.36 1111.45 0.0975438
40 51 1109.04 1109.13 0.0975384
2 50 1115.86 1116.04 0.174602
45 51 1140.33 1142.63 2.30196
24 53 1139.53 1141.83 2.30196
38 0 1171.1 0 -1171.1
19 53 1116.33 1116.5 0.174601
9 52 1144.88 1147.19 2.30196
34 50 1128.87 1129.04 0.174599
11 52 1119.01 1119.19 0.174601
14 52 1112.83 1112.93 0.097543
27 0 1150.05 0 -1150.05
16 52 1148.09 1148.42 0.328715
28 0 1151.53 0 -1151.53
31 50 1151.66 1153.97 2.30196
18 53 1144 1146.3 2.30196
37 53 1144.88 1147.18 2.30196
36 53 1150.65 1150.75 0.10266
46 50 1147.66 1147.98 0.328711
13 0 1147.82 0 -1147.82
43 51 1149.8 1149.9 0.102661
23 53 1154.79 1157.1 2.30196
49 53 1165.69 1165.79 0.10266
42 51 1121.52 1121.62 0.0975391
32 51 1148.82 1151.12 2.30196
4 51 1148.15 1150.46 2.30197
0 50 1153.66 1155.96 2.30196
8 0 1156.37 0 -1156.37
41 51 1154.27 1154.6 0.328709
20 53 1153.22 1155.52 2.30196
7 0 1156.68 0 -1156.68
33 0 1154.74 0 -1154.74
48 53 1130.46 1130.63 0.174599
17 52 1160.52 1162.82 2.30196
6 50 1162.31 1164.61 2.30196
3 50 1168.15 1168.25 0.102661
40 51 1139.04 1139.13 0.0975384
5 50 1161.1 1163.4 2.30196
15 52 1161.33 1163.63 2.30196
21 0 1159.52 0 -1159.52
26 0 1155.1 0 -1155.1
25 0 1155.67 0 -1155.67
35 53 1166.83 1169.13 2.30196
10 52 1162.44 1164.74 2.30196
39 51 1141.94 1142.04 0.0975399
44 0 1166.41 0 -1166.41
29 52 1167.83 1170.13 2.30198
47 50 1163.8 1166.1 2.30196
12 52 1164.76 1164.87 0.10266
30 53 1164.82 1167.12 2.30196
22 53 1165.08 1167.38 2.30196
11 52 1142 1142.17 0.174601
18 53 1371.9 1373.21 1.31483
14 52 1142.83 1142.93 0.097543
46 50 1180.2 1180.38 0.184839
2 50 1145.86 1146.04 0.174602
42 51 1151.52 1151.62 0.0975391
32 50 1376.71 1379.01 2.30196
36 53 1181.19 1181.28 0.0975402
43 51 1180.33 1180.43 0.0975412
42 51 1181.52 1181.62 0.0975391
28 51 1379.43 1381.73 2.30196
19 53 1176.33 1176.5 0.174601
27 51 1377.94 1380.24 2.30196
31 51 1379.56 1380.17 0.616454
34 50 1188.87 1189.04 0.174599
26 0 1382.99 0 -1382.99
7 50 1384.58 1386.88 2.30196
23 53 1382.69 1382.87 0.184839
20 53 1381.11 1381.73 0.616456
16 52 1213.18 1213.5 0.328715
0 52 1381.55 1383.85 2.30198
29 0 1395.73 0 -1395.73
25 51 1383.56 1385.87 2.30196
41 51 1186.81 1187.14 0.328709
8 50 1384.26 1386.57 2.30196
33 0 1382.63 0 -1382.63
30 53 1392.71 1395.01 2.30196
49 53 1196.22 1196.32 0.0975398
12 52 1195.3 1195.39 0.0975397
5 50 1388.99 1391.29 2.30196
17 52 1388.41 1390.71 2.30196
48 53 1190.46 1190.63 0.174599
21 53 1387.41 1389.71 2.30196
44 53 1394.31 1396.61 2.30196
6 50 1390.2 1390.31 0.10266
47 50 1391.69 1391.79 0.10266
35 53 1394.72 1394.82 0.10266
3 50 1198.68 1198.78 0.0975407
40 51 1199.04 1199.13 0.0975384
15 52 1389.23 1391.53 2.30196
22 53 1392.98 1395.28 2.30196
10 52 1390.33 1390.44 0.102662
