19 0 0.0634995 0 -0.0634995
11 0 0.281811 0 -0.281811
5 0 0.915549 0 -0.915549
39 70 1172.49 1172.59 0.0975372
9 63 2.23216 4.53411 2.30195
27 0 0.589422 0 -0.589422
2 69 938.897 938.995 0.0975376
25 69 2.4655 4.76746 2.30195
39 70 2.48768 4.78963 2.30195
31 69 1076.69 1076.79 0.0975367
3 69 1175.52 1175.62 0.0975371
27 0 684.269 0 -684.269
22 68 3.77908 6.08103 2.30195
14 62 4.32075 6.6227 2.30195
3 69 5.51941 7.82137 2.30195
30 68 5.00926 7.31121 2.30195
20 69 700.723 703.025 2.30195
24 63 5.22203 7.52398 2.30195
35 63 933.324 935.626 2.30195
24 63 935.222 935.32 0.0975375
32 0 690.451 0 -690.451
14 62 1054.32 1054.42 0.0975383
21 0 7.25446 0 -7.25446
28 63 9.28341 11.5854 2.30195
32 62 6.77087 9.07283 2.30195
38 50 6.47683 8.77879 2.30196
2 69 8.89703 11.199 2.30195
12 62 1169.93 1170.02 0.0975376
2 69 1058.9 1058.99 0.0975376
12 56 713.605 715.907 2.30196
8 0 9.32852 0 -9.32852
7 0 8.91508 0 -8.91508
0 63 935.824 935.926 0.102658
31 69 1016.69 1016.79 0.0975367
20 69 1067.04 1067.15 0.102657
18 69 12.494 14.796 2.30195
1 68 12.4261 14.7281 2.30196
17 69 13.7208 16.0227 2.30195
35 63 21.7509 24.0529 2.30195
15 0 712.927 0 -712.927
5 0 684.595 0 -684.595
20 69 17.0432 19.3451 2.30195
33 62 16.6113 18.9133 2.30195
7 69 692.595 694.897 2.30195
33 62 700.291 702.593 2.30195
29 68 23.0705 25.3725 2.30196
13 68 22.985 25.2869 2.30195
36 40 23.9706 26.2725 2.30195
23 62 21.8502 24.1521 2.30195
31 69 938.266 938.369 0.102657
12 62 959.926 960.028 0.102658
24 63 1055.22 1055.32 0.0975375
31 69 710.373 712.675 2.30195
6 69 29.9617 32.2636 2.30195
11 0 683.962 0 -683.962
0 63 24.2507 26.5527 2.30195
16 62 25.3941 27.696 2.30195
10 68 26.7537 29.0556 2.30196
31 69 26.6933 28.9952 2.30195
23 62 705.53 707.832 2.30195
10 69 710.433 712.735 2.30196
34 69 29.339 31.6409 2.30195
37 43 712.941 715.243 2.30195
37 43 29.2612 31.5631 2.30195
15 69 29.2477 31.5496 2.30195
19 63 683.743 686.045 2.30196
26 68 28.258 30.56 2.30195
4 63 28.2008 30.5028 2.30195
10 69 938.327 940.629 2.30196
12 62 29.9256 32.2276 2.30195
37 43 1079.26 1079.36 0.102657
15 69 940.821 943.123 2.30195
13 68 1172.61 1172.72 0.102658
14 62 934.321 934.423 0.102658
38 50 690.157 692.459 2.30196
35 63 249.644 251.946 2.30195
13 68 250.878 253.18 2.30195
17 0 697.401 0 -697.401
4 63 256.094 258.396 2.30195
2 69 692.577 694.879 2.30195
2 69 464.684 466.985 2.30195
32 62 462.557 464.859 2.30195
1 68 696.106 698.408 2.30196
36 40 251.864 254.166 2.30195
26 68 256.151 258.453 2.30195
26 68 711.938 714.24 2.30195
16 62 253.287 255.589 2.30195
0 63 252.144 254.446 2.30195
31 69 254.587 256.888 2.30195
19 63 1367.42 1368.74 1.31482
31 69 956.693 956.791 0.0975367
25 69 1052.47 1052.56 0.0975377
19 63 227.957 230.259 2.30196
11 0 228.175 0 -228.175
27 0 228.483 0 -228.483
5 0 228.809 0 -228.809
9 0 230.125 0 -230.125
25 69 230.359 232.661 2.30195
39 70 230.381 232.683 2.30195
22 76 231.672 233.974 2.30196
14 62 232.214 234.516 2.30195
30 62 232.903 235.204 2.30196
24 63 233.115 235.417 2.30195
3 69 233.413 235.715 2.30195
38 50 234.37 236.672 2.30196
32 62 234.664 236.966 2.30195
21 0 235.148 0 -235.148
2 69 236.79 239.092 2.30195
7 0 236.808 0 -236.808
28 63 237.177 239.479 2.30195
8 0 237.222 0 -237.222
1 68 240.319 242.621 2.30196
18 63 240.387 242.689 2.30196
17 69 241.614 243.916 2.30195
33 62 244.505 246.807 2.30195
20 69 244.936 247.238 2.30195
4 63 939.774 942.076 2.30195
37 43 1049.26 1049.36 0.102657
16 62 1075.39 1075.49 0.0975379
18 63 696.174 698.476 2.30196
29 0 250.964 0 -250.964
35 63 705.431 707.733 2.30195
23 0 249.743 0 -249.743
36 40 707.65 709.952 2.30195
11 0 1367.64 0 -1367.64
13 68 934.558 936.86 2.30195
39 70 1052.49 1052.59 0.0975372
22 68 1053.78 1053.88 0.0975375
34 68 713.019 715.321 2.30196
10 62 254.647 256.949 2.30196
37 43 959.261 959.364 0.102657
6 77 713.641 715.943 2.30196
0 63 954.251 954.353 0.102658
12 62 257.819 260.121 2.30195
6 69 257.855 260.157 2.30195
34 69 257.232 259.534 2.30195
16 62 709.074 711.376 2.30195
37 43 257.154 259.456 2.30195
29 68 706.75 709.052 2.30196
15 69 257.141 259.443 2.30195
38 50 462.263 464.565 2.30196
24 63 688.902 691.204 2.30195
0 63 1074.25 1074.35 0.0975384
18 63 468.281 470.582 2.30196
18 69 1002.49 1002.67 0.174594
30 67 688.689 690.991 2.30196
25 69 686.145 688.447 2.30195
3 0 689.199 0 -689.199
8 69 693.008 695.31 2.30195
39 70 932.488 932.59 0.102657
12 62 941.499 941.601 0.102658
20 69 961.158 961.343 0.184833
18 69 924.067 924.396 0.328706
36 40 1073.97 1074.07 0.102657
34 69 940.912 943.214 2.30195
28 62 692.963 695.265 2.30196
36 40 935.544 935.872 0.328705
36 40 968.085 968.27 0.184833
36 40 1043.97 1044.07 0.102657
15 0 485.034 0 -485.034
37 43 485.048 487.35 2.30195
4 63 483.987 486.289 2.30195
5 0 1368.28 0 -1368.28
17 69 469.507 471.809 2.30195
21 0 463.041 0 -463.041
36 40 479.757 482.059 2.30195
33 62 472.398 474.7 2.30195
4 57 711.881 714.183 2.30196
19 63 455.85 458.152 2.30196
11 69 456.068 458.37 2.30196
27 63 456.376 458.678 2.30195
5 68 456.702 459.004 2.30195
9 63 458.019 460.321 2.30195
25 69 458.252 460.554 2.30195
39 70 458.274 460.576 2.30195
22 68 459.566 461.868 2.30195
14 62 460.107 462.409 2.30195
30 68 460.796 463.098 2.30195
24 63 461.009 463.31 2.30195
3 69 461.306 463.608 2.30195
25 69 1082.47 1082.56 0.0975377
20 69 1037.04 1037.14 0.0975375
24 63 1175.22 1175.32 0.0975375
38 50 936.477 936.579 0.10266
22 68 933.779 933.882 0.102657
22 68 687.459 689.761 2.30195
13 68 706.665 708.967 2.30195
14 62 1024.32 1024.42 0.0975383
39 70 1022.49 1022.59 0.102657
0 63 707.93 710.232 2.30195
7 68 464.702 467.004 2.30196
28 63 465.07 467.372 2.30195
8 69 465.115 467.417 2.30195
1 68 468.213 470.515 2.30196
6 69 1179.59 1179.69 0.102658
25 69 932.466 932.568 0.102658
39 70 1082.49 1082.59 0.0975372
21 0 690.934 0 -690.934
0 63 1044.25 1044.35 0.0975384
20 69 472.83 475.132 2.30195
22 68 1083.78 1083.88 0.0975375
26 68 958.258 958.361 0.102658
9 0 685.912 0 -685.912
14 62 688 690.302 2.30195
39 70 686.167 688.469 2.30195
26 69 939.831 939.934 0.10266
31 69 482.48 484.782 2.30195
16 62 481.181 483.483 2.30195
6 0 485.748 0 -485.748
26 68 484.045 486.346 2.30195
23 62 477.637 479.939 2.30195
10 62 482.54 484.842 2.30196
29 68 478.857 481.159 2.30196
13 68 478.771 481.073 2.30195
34 0 485.125 0 -485.125
0 63 480.037 482.339 2.30195
35 63 477.537 479.839 2.30195
12 62 485.712 488.014 2.30195
23 62 933.423 935.725 2.30195
16 62 936.967 937.152 0.184834
20 69 928.616 928.945 0.328705
37 43 940.834 941.019 0.184833
29 0 934.644 0 -934.644
38 50 1176.48 1176.57 0.0975395
2 69 1028.9 1028.99 0.0975376
0 63 1164.25 1164.35 0.0975384
36 40 1163.97 1164.07 0.097537
31 69 1046.69 1046.79 0.0975367
12 62 1049.93 1050.02 0.0975376
16 62 955.394 955.569 0.174594
17 69 925.294 927.596 2.30195
18 69 956.609 956.794 0.184834
22 68 1023.78 1023.88 0.0975375
1 62 923.999 926.301 2.30196
19 0 911.636 0 -911.636
11 0 911.855 0 -911.855
27 0 912.162 0 -912.162
5 68 912.489 914.79 2.30195
9 63 913.805 916.107 2.30195
25 69 914.038 914.141 0.102658
39 70 914.061 914.163 0.102657
22 68 915.352 915.455 0.102657
14 62 915.894 915.996 0.102658
30 68 916.582 918.884 2.30195
24 63 916.795 916.898 0.102658
3 69 917.092 919.394 2.30195
38 50 918.05 918.235 0.184836
32 62 918.344 920.646 2.30195
21 0 918.827 0 -918.827
2 0 920.47 0 -920.47
7 68 920.488 922.79 2.30196
28 63 920.856 923.158 2.30195
8 68 920.902 923.203 2.30196
6 69 941.535 943.837 2.30195
33 62 960.726 960.911 0.184834
26 68 1078.26 1078.36 0.097538
38 50 1056.48 1056.57 0.0975395
12 62 1079.93 1080.02 0.0975376
33 62 928.184 928.513 0.328706
22 68 1173.78 1173.88 0.0975375
24 63 965.222 965.32 0.0975375
25 69 962.466 962.568 0.102658
39 70 962.488 962.59 0.102657
2 69 968.897 969 0.102658
21 69 1374.61 1376.92 2.30195
38 50 966.477 966.574 0.0975395
22 68 963.779 963.877 0.0975375
18 69 974.907 975.082 0.174594
4 63 1177.83 1177.93 0.102657
14 62 964.321 964.418 0.0975383
30 68 1372.37 1372.55 0.184834
7 69 1376.27 1376.89 0.616451
33 62 1066.61 1066.71 0.0975383
24 63 995.222 995.32 0.0975375
16 62 985.394 985.569 0.174594
27 69 1367.95 1370.25 2.30196
12 62 989.926 990.028 0.102658
37 43 989.261 989.359 0.0975373
24 63 1145.22 1145.32 0.0975375
20 69 1007.04 1007.14 0.0975375
20 69 979.456 979.559 0.102657
33 62 979.024 979.127 0.102658
14 62 994.321 994.418 0.0975383
38 50 996.477 996.574 0.0975395
39 70 992.488 992.59 0.102657
22 68 993.779 993.877 0.0975375
36 40 986.384 986.486 0.102657
0 63 984.251 984.348 0.0975384
25 69 992.466 992.563 0.0975377
0 63 1014.25 1014.35 0.0975384
26 68 1018.26 1018.36 0.097538
37 43 1169.26 1169.36 0.102657
26 68 988.258 988.356 0.097538
31 69 986.693 986.791 0.0975367
39 70 1142.49 1142.59 0.0975372
24 63 1025.22 1025.32 0.0975375
2 69 998.897 998.995 0.0975376
18 69 1062.49 1062.6 0.102658
37 43 1019.26 1019.36 0.102657
12 62 1019.93 1020.02 0.0975376
38 50 1026.48 1026.57 0.0975395
33 62 1006.61 1006.71 0.102658
16 62 1015.39 1015.5 0.102658
18 69 1032.49 1032.6 0.102658
26 68 1048.26 1048.36 0.097538
25 69 1022.47 1022.57 0.102658
33 62 1036.61 1036.71 0.0975383
36 40 1013.97 1014.07 0.102657
16 62 1045.39 1045.49 0.0975379
14 62 1084.32 1084.42 0.0975383
24 63 1085.22 1085.32 0.0975375
38 50 1086.48 1086.57 0.0975395
18 69 1092.49 1092.59 0.0975385
20 69 1097.04 1097.15 0.102657
0 63 1104.25 1104.35 0.0975384
2 69 1088.9 1088.99 0.0975376
2 69 1148.9 1148.99 0.0975376
26 68 1168.26 1168.36 0.097538
33 62 1096.61 1096.71 0.102658
2 69 1178.9 1178.99 0.0975376
16 62 1105.39 1105.49 0.0975379
36 40 1103.97 1104.07 0.102657
31 69 1166.69 1166.79 0.0975367
25 69 1172.47 1172.56 0.0975377
37 43 1109.26 1109.36 0.102657
19 63 1139.53 1141.83 2.30196
32 62 1374.13 1374.23 0.102658
12 62 1109.93 1110.02 0.0975376
32 62 1146.24 1148.54 2.30195
27 0 1140.06 0 -1140.06
26 68 1108.26 1108.36 0.097538
14 62 1114.32 1114.42 0.0975383
21 69 1146.72 1149.02 2.30195
5 68 1140.38 1142.68 2.30195
11 68 1139.75 1142.05 2.30196
25 69 1112.47 1112.56 0.0975377
20 69 1127.04 1127.15 0.102657
28 63 1158.91 1159.02 0.102659
38 50 1116.48 1116.57 0.0975395
9 0 1141.7 0 -1141.7
39 70 1112.49 1112.59 0.0975372
30 68 1144.48 1146.78 2.30195
3 69 1144.99 1145.09 0.102657
24 63 1115.22 1115.32 0.0975375
15 68 1168.71 1171.02 2.30196
1 68 1151.89 1153.21 1.31482
18 69 1122.49 1122.59 0.0975385
37 43 1139.26 1139.36 0.102657
22 68 1113.78 1113.88 0.0975375
26 68 1138.26 1138.36 0.097538
16 62 1135.39 1135.49 0.0975379
25 69 1142.47 1142.56 0.0975377
31 69 1106.69 1106.79 0.0975367
34 69 1168.81 1168.99 0.184834
12 62 1139.93 1140.02 0.0975376
4 63 1167.67 1167.77 0.102657
16 62 1165.39 1165.49 0.0975379
9 69 1369.59 1371.89 2.30196
14 62 1174.32 1174.42 0.0975383
8 69 1376.69 1376.87 0.184834
18 69 1152.49 1152.59 0.0975385
14 62 1144.32 1144.42 0.0975383
6 69 1169.43 1169.53 0.102658
2 69 1118.9 1118.99 0.0975376
7 63 1148.38 1150.68 2.30196
28 63 1148.75 1148.85 0.102659
8 76 1148.79 1151.1 2.30196
35 62 1161.22 1161.4 0.184836
17 69 1153.19 1153.29 0.102657
33 62 1126.61 1126.71 0.102658
22 68 1143.78 1143.88 0.0975375
13 68 1162.45 1162.55 0.102658
29 68 1162.54 1164.84 2.30196
23 62 1161.32 1161.93 0.616451
36 40 1133.97 1134.07 0.097537
0 63 1134.25 1134.35 0.0975384
31 69 1136.69 1136.79 0.0975367
10 69 1166.22 1168.52 2.30196
28 63 1179.28 1179.39 0.102659
38 50 1146.48 1146.57 0.0975395
20 69 1157.04 1157.15 0.102657
33 62 1156.61 1156.71 0.0975383
20 69 1187.04 1187.15 0.102657
1 68 1282.06 1282.68 0.616451
18 63 1182.49 1182.59 0.0975405
6 69 1199.96 1200.06 0.102658
36 40 1193.97 1194.07 0.097537
37 43 1199.26 1199.36 0.0975373
0 63 1194.25 1194.35 0.0975384
16 62 1195.39 1195.49 0.0975379
33 62 1186.61 1186.71 0.0975383
12 62 1199.93 1200.03 0.102658
29 68 1390.43 1390.61 0.184835
17 69 1183.72 1183.82 0.0975366
4 63 1198.2 1198.3 0.0975373
26 68 1198.26 1198.36 0.097538
13 68 1192.98 1193.08 0.0975376
23 62 1222.34 1222.67 0.328707
35 63 1191.75 1191.93 0.174595
15 69 1396.61 1396.79 0.184835
34 69 1199.34 1199.51 0.174594
31 69 1196.69 1196.79 0.0975367
10 69 1394.11 1394.3 0.184836
