33 0 0.846599 0 -0.846599
41 51 2.16277 4.46473 2.30196
14 51 2.46596 4.76792 2.30196
25 50 3.15859 5.46055 2.30196
26 0 1158.73 0 -1158.73
12 51 2.59909 4.90105 2.30196
46 52 1168.51 1168.61 0.102664
34 0 3.19227 0 -3.19227
41 0 1141.63 0 -1141.63
28 0 2.28007 0 -2.28007
22 50 1146.59 1146.92 0.328711
4 51 1136.77 1136.94 0.174599
45 50 3.59225 5.89421 2.30196
29 0 3.73046 0 -3.73046
9 0 4.22701 0 -4.22701
23 50 5.63936 7.94132 2.30196
43 53 5.23053 7.53249 2.30196
6 0 6.84071 0 -6.84071
35 53 6.75335 9.05531 2.30196
40 51 6.22616 8.52812 2.30196
34 54 1142.66 1144.96 2.30196
16 0 1168.09 0 -1168.09
44 53 1151.21 1153.51 2.30196
31 54 1148.42 1150.72 2.30196
32 54 8.27901 10.581 2.30196
31 54 8.95593 11.2579 2.30196
10 51 9.90618 12.2081 2.30196
47 0 923.328 0 -923.328
40 51 917.799 917.902 0.102661
21 50 10.28 12.582 2.30196
35 0 918.326 0 -918.326
32 0 919.852 0 -919.852
47 54 11.7546 14.0565 2.30196
0 0 11.9131 0 -11.9131
44 53 11.7409 14.0429 2.30196
30 0 1169.19 0 -1169.19
35 53 1146.22 1148.52 2.30196
45 50 963.592 963.69 0.0975395
40 51 966.226 966.329 0.102661
13 0 11.9912 0 -11.9912
38 0 12.409 0 -12.409
22 50 15.3341 17.636 2.30196
49 50 18.2165 20.5184 2.30196
20 50 16.8745 19.1765 2.30196
8 51 15.3833 17.6853 2.30196
39 53 1128.92 1129.02 0.0975423
6 54 918.414 920.716 2.30196
7 51 1169.16 1171.46 2.30196
5 54 17.7716 20.0735 2.30196
17 0 18.2992 0 -18.2992
21 50 1120.28 1120.38 0.0975396
25 50 1142.62 1142.73 0.102662
15 0 18.4634 0 -18.4634
2 0 18.6705 0 -18.6705
1 0 18.7664 0 -18.7664
16 51 940.195 942.497 2.30196
39 53 18.9194 21.2214 2.30196
0 51 923.486 925.788 2.30196
39 53 930.492 930.677 0.184838
26 50 19.2623 21.5643 2.30196
23 50 1145.11 1145.29 0.18484
24 50 21.7211 24.023 2.30196
3 51 21.6466 23.9485 2.30196
27 50 22.6277 24.9297 2.30196
48 53 22.6537 24.9557 2.30196
42 51 23.5949 25.8968 2.30196
36 53 23.7018 26.0038 2.30196
37 53 27.4519 29.7539 2.30196
4 51 26.7683 29.0703 2.30196
16 0 28.6216 0 -28.6216
46 51 28.5109 30.8128 2.30196
11 0 28.9022 0 -28.9022
32 54 1147.75 1150.05 2.30196
38 53 1151.88 1154.18 2.30196
18 0 29.7096 0 -29.7096
30 0 29.7244 0 -29.7244
7 0 29.6893 0 -29.6893
42 51 1163.06 1165.36 2.30196
47 53 1151.22 1153.52 2.30196
36 53 967.816 968.145 0.328709
24 50 249.614 251.916 2.30196
19 50 29.9777 32.2797 2.30196
3 51 249.54 251.842 2.30196
4 51 254.662 256.964 2.30196
30 0 257.618 0 -257.618
30 54 485.511 487.813 2.30196
36 53 251.595 253.897 2.30196
37 53 255.345 257.647 2.30196
46 51 256.404 258.706 2.30196
18 0 257.603 0 -257.603
48 0 478.44 0 -478.44
13 51 923.564 925.866 2.30196
10 54 921.479 921.808 0.328713
19 50 941.551 943.853 2.30196
26 50 247.156 249.458 2.30196
42 51 251.488 253.79 2.30196
48 53 250.547 252.849 2.30196
18 51 941.283 943.585 2.30196
7 51 257.583 259.884 2.30196
19 50 257.871 260.173 2.30196
28 54 1141.75 1144.05 2.30196
44 0 923.314 0 -923.314
39 53 246.813 249.115 2.30196
10 51 465.693 467.995 2.30196
1 54 246.66 248.962 2.30196
27 50 250.521 252.823 2.30196
11 54 256.795 259.097 2.30196
33 54 912.42 914.722 2.30196
39 53 474.706 477.008 2.30196
16 0 256.515 0 -256.515
14 0 914.039 0 -914.039
20 50 1156.34 1156.96 0.616455
41 0 913.736 0 -913.736
33 54 228.74 231.042 2.30196
41 0 230.056 0 -230.056
28 54 230.173 232.475 2.30196
14 0 230.359 0 -230.359
12 0 230.492 0 -230.492
25 50 231.052 233.354 2.30196
34 0 231.086 0 -231.086
45 50 231.485 233.787 2.30196
29 54 231.624 233.926 2.30196
9 53 232.12 234.422 2.30197
43 53 233.124 235.426 2.30196
23 50 233.533 235.835 2.30196
21 0 921.853 0 -921.853
40 51 234.119 236.421 2.30196
35 53 234.647 236.949 2.30196
6 51 234.734 237.036 2.30197
32 0 236.172 0 -236.172
31 0 236.849 0 -236.849
10 54 237.799 240.101 2.30196
21 50 238.173 240.475 2.30196
44 0 239.634 0 -239.634
47 54 239.648 241.95 2.30196
0 51 239.806 242.108 2.30196
13 51 239.884 242.186 2.30196
38 0 240.302 0 -240.302
22 50 243.227 245.529 2.30196
8 51 243.277 245.579 2.30196
20 50 244.768 247.07 2.30196
5 0 245.665 0 -245.665
49 53 246.11 248.412 2.30196
17 0 246.192 0 -246.192
15 0 246.357 0 -246.357
2 0 246.564 0 -246.564
45 50 1113.59 1113.69 0.0975395
39 53 948.919 949.022 0.102662
19 50 1169.44 1169.55 0.102661
21 50 940.28 940.378 0.0975396
29 0 1143.2 0 -1143.2
0 0 1151.38 0 -1151.38
43 53 965.231 965.328 0.0975415
46 51 958.511 958.608 0.0975409
6 0 1146.31 0 -1146.31
27 50 1162.09 1164.4 2.30196
18 51 1169.18 1171.48 2.30196
25 50 1173.16 1173.26 0.0975417
31 53 920.529 922.831 2.30197
13 0 1151.46 0 -1151.46
24 50 1161.19 1161.29 0.10266
23 50 917.212 919.514 2.30196
10 54 954.021 954.35 0.328713
37 53 1166.92 1167.25 0.328712
28 0 1369.64 0 -1369.64
23 50 1163.4 1163.51 0.102664
25 50 1152.79 1152.89 0.102662
40 51 936.226 936.329 0.102661
43 53 916.804 916.906 0.102661
32 54 464.066 466.367 2.30196
5 0 929.345 0 -929.345
38 0 468.196 0 -468.196
47 0 467.541 0 -467.541
37 53 939.025 941.327 2.30196
24 50 477.508 479.81 2.30196
49 0 474.003 0 -474.003
16 0 712.301 0 -712.301
4 51 710.448 712.75 2.30196
18 51 485.496 487.798 2.30196
43 53 1115.23 1115.33 0.0975415
11 0 712.582 0 -712.582
1 54 474.553 476.855 2.30196
17 0 474.086 0 -474.086
9 0 915.8 0 -915.8
29 0 915.303 0 -915.303
7 0 485.476 0 -485.476
45 50 915.165 915.268 0.102659
40 51 1026.23 1026.33 0.102661
45 50 1143.59 1143.69 0.0975395
44 53 467.527 469.829 2.30196
46 51 1138.51 1138.61 0.0975409
2 0 474.457 0 -474.457
14 0 1141.93 0 -1141.93
6 51 462.627 464.929 2.30197
13 0 467.778 0 -467.778
22 50 471.121 473.423 2.30196
36 53 479.488 481.79 2.30196
46 51 484.297 486.599 2.30196
37 53 483.238 485.54 2.30196
45 50 933.592 933.695 0.102659
16 0 484.408 0 -484.408
35 53 462.54 464.842 2.30196
21 50 466.066 468.368 2.30196
15 0 474.25 0 -474.25
20 0 472.661 0 -472.661
27 50 478.414 480.716 2.30196
4 51 482.555 484.857 2.30196
42 0 479.381 0 -479.381
30 0 713.404 0 -713.404
11 54 484.689 486.991 2.30196
30 0 941.297 0 -941.297
31 54 464.742 467.044 2.30196
12 0 1142.07 0 -1142.07
34 0 914.765 0 -914.765
49 53 929.789 932.091 2.30196
0 0 467.7 0 -467.7
25 53 914.732 917.034 2.30197
5 0 473.558 0 -473.558
8 51 471.17 473.472 2.30196
3 51 477.433 479.735 2.30196
26 50 475.049 477.351 2.30196
12 0 914.172 0 -914.172
19 50 713.657 715.959 2.30196
19 50 485.764 488.066 2.30196
38 0 923.982 0 -923.982
33 54 456.633 458.935 2.30196
41 51 457.949 460.251 2.30196
28 0 913.853 0 -913.853
28 54 458.067 460.369 2.30196
14 0 458.252 0 -458.252
12 0 458.386 0 -458.386
25 50 458.945 461.247 2.30196
34 0 458.979 0 -458.979
45 50 459.379 461.681 2.30196
29 0 459.517 0 -459.517
9 0 460.014 0 -460.014
43 53 461.017 463.319 2.30196
23 50 461.426 463.728 2.30196
40 51 462.013 464.315 2.30196
48 54 1162.12 1164.42 2.30197
40 51 1116.23 1116.32 0.097541
8 51 926.956 927.573 0.616459
1 0 930.339 0 -930.339
7 0 713.369 0 -713.369
46 51 940.084 940.187 0.102661
27 50 934.201 936.503 2.30196
17 0 929.872 0 -929.872
18 0 713.389 0 -713.389
11 54 940.475 942.777 2.30196
42 51 935.168 937.47 2.30196
37 53 711.132 713.434 2.30196
46 51 712.191 714.493 2.30196
2 0 930.243 0 -930.243
24 50 933.294 935.596 2.30196
48 53 934.227 936.529 2.30196
7 0 941.262 0 -941.262
15 51 930.036 932.338 2.30196
33 54 684.526 686.828 2.30196
41 51 685.843 688.144 2.30196
28 54 685.96 688.262 2.30196
14 51 686.146 688.448 2.30196
12 0 686.279 0 -686.279
25 0 686.838 0 -686.838
34 54 686.872 689.174 2.30196
45 50 687.272 689.574 2.30196
29 0 687.41 0 -687.41
9 0 687.907 0 -687.907
43 53 688.91 691.212 2.30196
23 0 689.319 0 -689.319
40 51 689.906 692.208 2.30196
35 0 690.433 0 -690.433
6 0 690.52 0 -690.52
32 54 691.959 694.261 2.30196
31 54 692.636 694.938 2.30196
10 54 693.586 695.888 2.30196
21 50 693.96 696.262 2.30196
44 53 695.421 697.723 2.30196
47 53 695.434 697.736 2.30196
0 51 695.593 697.895 2.30196
13 51 695.671 697.973 2.30196
38 53 696.089 698.391 2.30196
22 53 699.014 701.316 2.30197
8 51 699.063 701.365 2.30196
20 50 700.554 702.856 2.30196
5 0 701.451 0 -701.451
49 0 701.896 0 -701.896
17 0 701.979 0 -701.979
15 0 702.143 0 -702.143
2 0 702.35 0 -702.35
1 54 702.446 704.748 2.30196
39 53 702.599 704.901 2.30196
26 50 702.942 705.244 2.30196
3 51 705.326 707.628 2.30196
24 0 705.401 0 -705.401
27 0 706.307 0 -706.307
48 0 706.333 0 -706.333
42 51 707.275 709.577 2.30196
36 52 707.382 709.684 2.30196
43 53 935.231 935.333 0.102661
22 50 926.907 927.524 0.616455
20 50 928.448 930.749 2.30196
26 0 930.835 0 -930.835
3 51 933.22 933.836 0.616458
4 54 938.341 938.958 0.616458
36 53 935.275 935.604 0.328709
3 51 994.248 994.577 0.328714
21 50 970.28 970.378 0.0975396
8 51 987.985 988.601 0.616459
22 50 987.935 988.552 0.616455
40 51 1176.23 1176.33 0.102661
39 53 978.919 979.017 0.0975423
39 53 1158.92 1159.02 0.102662
10 54 986.563 986.891 0.328713
11 54 1168.37 1170.67 2.30196
36 53 1133.7 1133.88 0.174597
4 51 999.37 999.698 0.328711
36 53 1000.36 1000.54 0.184837
10 54 1149.27 1149.6 0.328713
15 51 1157.93 1160.23 2.30196
3 51 1156.96 1157.29 0.328714
1 0 1158.23 0 -1158.23
29 0 1371.09 0 -1371.09
46 51 988.511 988.614 0.102661
2 0 1158.14 0 -1158.14
5 54 1157.24 1159.54 2.30196
17 0 1157.77 0 -1157.77
9 0 1143.69 0 -1143.69
19 50 1179.61 1179.71 0.102661
40 51 996.226 996.324 0.097541
45 50 993.592 993.695 0.102659
43 53 995.231 995.328 0.0975415
49 53 1157.68 1159.98 2.30196
46 51 1018.51 1018.61 0.0975409
21 50 1000.28 1000.38 0.0975396
9 52 1371.59 1373.89 2.30196
10 54 1019.1 1019.43 0.328713
4 51 1031.91 1032.24 0.328711
3 51 1026.79 1027.12 0.328714
14 0 1369.83 0 -1369.83
39 53 1008.92 1009.02 0.102662
36 53 1018.66 1018.83 0.174597
43 53 1025.23 1025.33 0.0975415
45 50 1023.59 1023.69 0.102659
23 50 1175.64 1175.74 0.0975442
8 51 1049.01 1049.63 0.616459
10 54 1051.65 1051.97 0.328713
21 50 1030.28 1030.38 0.0975396
3 51 1059.33 1059.66 0.328714
21 50 1180.28 1180.38 0.0975396
39 53 1038.92 1039.02 0.102662
43 53 1055.23 1055.33 0.0975415
4 51 1064.45 1064.64 0.184839
22 50 1048.96 1049.29 0.328711
6 54 1374.2 1376.5 2.30196
36 53 1043.7 1043.88 0.174597
46 51 1048.51 1048.61 0.102661
36 53 1073.7 1073.88 0.174597
40 51 1146.23 1146.33 0.102661
40 51 1056.23 1056.33 0.102661
45 50 1053.59 1053.69 0.102659
4 51 1082.75 1082.93 0.174599
10 54 1084.19 1084.52 0.328713
21 50 1060.28 1060.38 0.0975396
3 51 1091.87 1092.2 0.328714
39 53 1068.92 1069.02 0.102662
22 50 1081.51 1081.83 0.328711
8 51 1171.07 1171.69 0.616459
43 53 1085.23 1085.33 0.0975415
3 51 1189.5 1189.83 0.328714
33 54 1201.34 1201.96 0.616454
46 51 1078.51 1078.61 0.0975409
10 54 1116.73 1117.06 0.328713
45 50 1083.59 1083.69 0.0975395
46 51 1108.51 1108.61 0.0975409
41 0 1369.52 0 -1369.52
43 53 1145.23 1145.33 0.0975415
39 53 1098.92 1099.02 0.0975423
40 51 1086.23 1086.32 0.097541
22 50 1114.05 1114.38 0.328711
21 50 1090.28 1090.38 0.10266
43 53 1175.23 1175.33 0.0975415
3 51 1124.41 1124.74 0.328714
45 50 1173.59 1173.69 0.0975395
4 51 1106.77 1106.94 0.174599
8 51 1110.04 1110.66 0.616459
36 53 1103.7 1103.88 0.174597
12 0 1369.96 0 -1369.96
33 54 1140.31 1140.93 0.616454
34 0 1370.55 0 -1370.55
32 52 1375.64 1377.94 2.30197
22 50 1179.13 1179.46 0.328711
21 50 1150.28 1150.38 0.0975396
35 53 1374.11 1374.22 0.102662
2 0 1386.03 0 -1386.03
36 53 1163.7 1163.88 0.174597
44 0 1379.1 0 -1379.1
37 53 1199.46 1199.79 0.328712
4 51 1166.77 1166.94 0.174599
38 0 1379.77 0 -1379.77
22 50 1211.67 1212 0.328711
31 54 1376.32 1376.42 0.102661
1 0 1386.13 0 -1386.13
16 51 1395.98 1398.28 2.30196
4 51 1196.77 1196.94 0.174599
10 54 1181.81 1182.14 0.328713
27 52 1389.99 1392.29 2.30197
26 50 1386.62 1388.92 2.30196
46 51 1198.51 1198.61 0.0975409
39 53 1188.92 1189.02 0.102662
24 50 1191.72 1191.82 0.0975404
0 0 1379.27 0 -1379.27
13 51 1379.35 1381.65 2.30196
47 54 1379.11 1381.42 2.30196
20 50 1217.37 1217.7 0.328711
5 0 1385.13 0 -1385.13
8 51 1232.1 1232.71 0.616459
17 0 1385.66 0 -1385.66
15 51 1385.82 1388.12 2.30196
49 50 1385.58 1386.19 0.616454
11 54 1396.26 1398.56 2.30196
19 50 1199.98 1200.08 0.0975406
42 51 1390.95 1391.28 0.328715
36 53 1193.7 1193.88 0.174597
48 53 1390.01 1390.34 0.328712
7 0 1397.05 0 -1397.05
18 0 1397.07 0 -1397.07
30 0 1397.08 0 -1397.08
