14 23 0.447044 2.74901 2.30196
10 20 18.3815 20.6834 2.30196
1 22 0.942207 3.24416 2.30196
15 23 1.221 3.52296 2.30196
7 22 1.98868 4.29064 2.30195
11 22 3.82815 6.13011 2.30196
6 22 6.55261 8.85457 2.30196
16 20 10.0659 12.3678 2.30196
4 22 9.44014 11.7421 2.30196
0 23 10.9791 13.2811 2.30197
8 22 11.8971 14.199 2.30195
18 21 13.0524 15.3544 2.30196
12 23 12.5392 14.8411 2.30195
9 22 16.2807 18.5827 2.30195
17 21 15.8625 18.1645 2.30196
5 22 16.7833 19.0852 2.30196
19 20 26.7242 29.0262 2.30196
3 22 21.6876 23.9895 2.30196
13 23 26.3193 28.6212 2.30196
2 22 29.1498 31.4517 2.30196
3 22 249.581 251.883 2.30196
19 20 254.617 256.919 2.30196
2 22 257.043 259.345 2.30196
9 22 472.067 474.369 2.30195
16 20 465.852 468.154 2.30196
13 23 254.213 256.514 2.30196
10 22 246.275 248.577 2.30196
14 23 228.34 230.642 2.30196
1 22 228.835 231.137 2.30196
15 23 229.114 231.416 2.30196
7 22 229.882 232.184 2.30195
11 23 231.721 234.023 2.30197
6 22 234.446 236.748 2.30196
4 22 237.333 239.635 2.30196
16 20 237.959 240.261 2.30196
0 0 238.872 0 -238.872
8 22 239.79 242.092 2.30195
12 23 240.432 242.734 2.30195
18 21 240.946 243.248 2.30196
17 21 243.756 246.058 2.30196
9 22 244.174 246.476 2.30195
5 22 244.677 246.978 2.30196
19 20 482.511 484.813 2.30196
8 22 467.684 469.986 2.30195
5 23 472.57 474.872 2.30197
18 21 468.839 471.141 2.30196
2 22 484.936 487.238 2.30196
4 22 465.227 467.529 2.30196
3 22 477.474 479.776 2.30196
13 23 709.999 712.301 2.30196
0 22 466.766 469.068 2.30196
12 23 468.326 470.628 2.30195
6 22 462.339 464.641 2.30196
10 20 474.168 476.47 2.30196
13 23 482.106 484.408 2.30196
14 21 456.234 458.536 2.30197
1 22 456.729 459.031 2.30196
15 0 457.007 0 -457.007
7 22 457.775 460.077 2.30195
11 22 459.615 461.917 2.30196
17 21 471.649 473.951 2.30196
13 23 1166.32 1166.42 0.0975392
19 20 710.404 712.706 2.30196
3 22 1193.59 1194.91 1.31483
13 23 937.892 938.509 0.616451
14 23 973.048 973.665 0.616457
14 23 684.127 686.429 2.30196
1 22 684.622 686.924 2.30196
15 23 684.901 687.203 2.30196
7 20 685.668 687.97 2.30197
11 0 687.508 0 -687.508
6 22 690.232 692.534 2.30196
4 22 693.12 695.422 2.30196
16 20 693.746 696.048 2.30196
0 0 694.659 0 -694.659
8 20 695.577 697.879 2.30197
12 23 696.219 698.521 2.30195
18 21 696.732 699.034 2.30196
17 0 699.542 0 -699.542
9 22 699.96 702.262 2.30195
5 22 700.463 702.765 2.30196
10 22 702.061 704.363 2.30196
3 22 705.367 707.669 2.30196
2 22 940.723 941.339 0.616451
2 22 712.83 715.131 2.30196
5 22 928.356 930.658 2.30196
13 23 998.921 999.249 0.328707
9 22 927.854 930.156 2.30195
7 22 961.989 962.091 0.102658
13 0 1196.32 0 -1196.32
12 23 942.539 942.642 0.102658
16 20 954.181 954.365 0.184839
10 20 929.954 932.256 2.30196
18 21 924.625 926.927 2.30196
4 22 969.44 969.538 0.0975391
12 23 924.112 924.215 0.102658
7 22 931.989 932.091 0.102658
17 0 927.436 0 -927.436
19 20 938.297 940.599 2.30196
16 20 1030.07 1030.16 0.0975431
4 22 939.44 939.543 0.102659
14 23 912.02 912.636 0.616457
1 0 912.515 0 -912.515
15 23 912.794 915.096 2.30196
7 22 913.562 913.664 0.102658
11 22 915.401 917.703 2.30196
6 22 918.126 920.428 2.30196
4 22 921.013 921.116 0.102659
16 20 921.639 921.968 0.328711
0 23 922.552 924.854 2.30197
8 20 923.47 925.772 2.30197
12 23 972.539 972.637 0.0975382
3 23 933.261 934.575 1.31483
16 20 972.479 972.582 0.102663
2 22 1001.75 1002.08 0.328707
13 23 1076.32 1076.42 0.102659
7 22 1021.99 1022.09 0.0975379
7 22 991.989 992.086 0.0975379
16 20 1000.07 1000.16 0.0975431
12 23 1002.54 1002.64 0.102658
4 22 1029.44 1029.54 0.0975391
4 22 999.44 999.543 0.102659
12 23 1152.54 1152.64 0.0975382
14 23 1034.08 1034.69 0.616457
13 23 1031.46 1031.79 0.328707
2 22 1034.29 1034.48 0.184835
7 22 1051.99 1052.09 0.0975379
16 20 1060.07 1060.16 0.0975431
12 23 1062.54 1062.64 0.0975382
13 23 1106.32 1106.42 0.102659
12 23 1032.54 1032.64 0.0975382
3 22 1063.43 1064.74 1.31483
2 22 1052.59 1052.69 0.102659
13 23 1064 1064.11 0.102659
4 22 1059.44 1059.54 0.0975391
14 23 1095.11 1095.43 0.328713
16 20 1090.07 1090.16 0.0975431
2 22 1079.15 1079.25 0.102659
6 22 1146.02 1146.64 0.616453
0 22 1150.45 1152.75 2.30196
4 22 1089.44 1089.54 0.0975391
7 22 1081.99 1082.09 0.0975379
12 23 1092.54 1092.64 0.0975382
15 23 1140.69 1141.3 0.616458
7 22 1171.99 1172.09 0.0975379
2 22 1109.15 1109.25 0.102659
1 22 1140.41 1142.71 2.30196
7 22 1111.99 1112.09 0.0975379
16 20 1120.07 1120.16 0.0975431
5 22 1156.25 1158.55 2.30196
7 22 1141.99 1142.09 0.0975379
11 23 1143.29 1143.91 0.616461
8 22 1151.36 1151.69 0.328706
12 23 1122.54 1122.64 0.0975382
14 23 1127.65 1127.98 0.328713
4 22 1119.44 1119.54 0.0975391
17 21 1155.33 1157.63 2.30196
9 22 1155.75 1158.05 2.30195
10 20 1157.85 1160.15 2.30196
13 23 1136.32 1136.42 0.102659
18 21 1152.52 1152.85 0.328708
14 23 1160.19 1160.52 0.328713
19 20 1166.19 1167.51 1.31482
4 22 1149.44 1149.54 0.0975391
16 20 1150.07 1150.16 0.0975431
2 22 1139.15 1139.25 0.097539
2 22 1169.15 1169.25 0.097539
19 20 1296.36 1297.67 1.31482
4 22 1179.44 1179.54 0.0975391
6 22 1207.05 1207.38 0.328709
15 23 1201.72 1202.04 0.328714
12 23 1182.54 1182.64 0.0975382
16 20 1180.07 1180.16 0.0975431
18 21 1185.06 1185.25 0.184836
8 22 1183.91 1184.23 0.328706
14 23 1192.73 1193.06 0.328713
1 22 1368.3 1368.63 0.328709
0 22 1378.34 1380.64 2.30196
2 22 1199.15 1199.25 0.097539
17 21 1383.22 1384.54 1.31482
11 22 1204.32 1204.94 0.616452
9 22 1383.64 1383.74 0.102659
10 23 1385.74 1388.04 2.30197
5 23 1384.14 1386.44 2.30197
