19 0 0.0634995 0 -0.0634995
8 0 9.32852 0 -9.32852
1 41 12.4261 14.7281 2.30196
18 41 12.494 14.796 2.30196
37 42 1109.26 1109.36 0.0975433
11 0 0.281811 0 -0.281811
27 0 0.589422 0 -0.589422
20 41 1156.51 1158.81 2.30196
5 0 0.915549 0 -0.915549
9 41 2.23216 4.53412 2.30196
25 0 2.4655 0 -2.4655
39 0 2.48768 0 -2.48768
22 0 3.77908 0 -3.77908
14 0 4.32075 0 -4.32075
3 0 5.51941 0 -5.51941
24 0 5.22203 0 -5.22203
30 41 5.00926 7.31122 2.30196
0 0 1163.72 0 -1163.72
38 42 6.47683 8.77879 2.30196
32 0 6.77087 0 -6.77087
21 0 7.25446 0 -7.25446
2 0 8.89703 0 -8.89703
7 0 8.91508 0 -8.91508
28 0 9.28341 0 -9.28341
36 0 1163.44 0 -1163.44
17 41 13.7208 16.0227 2.30196
20 41 17.0432 19.3451 2.30196
23 41 21.8502 24.1521 2.30196
33 41 16.6113 18.9133 2.30196
16 41 1135.39 1135.5 0.102662
35 42 21.7509 24.0529 2.30197
23 41 1161.32 1161.93 0.616455
13 41 22.985 25.2869 2.30196
1 41 1151.89 1153.21 1.31482
29 41 23.0705 25.3725 2.30196
36 40 23.9706 26.2725 2.30197
16 41 25.3941 27.696 2.30196
0 0 24.2507 0 -24.2507
10 41 1166.22 1168.52 2.30196
31 0 26.6933 0 -26.6933
38 42 996.477 996.574 0.0975428
10 0 26.7537 0 -26.7537
26 0 28.258 0 -28.258
4 0 28.2008 0 -28.2008
14 42 1143.79 1146.09 2.30197
4 0 1167.67 0 -1167.67
15 0 29.2477 0 -29.2477
37 42 29.2612 31.5631 2.30196
34 41 29.339 31.6409 2.30196
38 42 1056.48 1056.58 0.102663
12 41 29.9256 32.2276 2.30196
27 0 1367.95 0 -1367.95
6 0 29.9617 0 -29.9617
0 0 252.144 0 -252.144
4 0 256.094 0 -256.094
25 0 1141.93 0 -1141.93
13 41 478.771 481.073 2.30196
9 41 1369.59 1371.89 2.30196
39 0 1369.85 0 -1369.85
35 0 249.644 0 -249.644
36 40 251.864 254.166 2.30197
10 0 254.647 0 -254.647
12 0 257.819 0 -257.819
32 0 1146.24 0 -1146.24
16 41 709.074 711.376 2.30196
28 0 1148.75 0 -1148.75
29 0 478.857 0 -478.857
13 0 250.878 0 -250.878
16 41 253.287 255.589 2.30196
26 0 256.151 0 -256.151
9 0 1141.7 0 -1141.7
6 41 257.855 260.157 2.30196
32 0 462.557 0 -462.557
31 0 1166.16 0 -1166.16
29 0 250.964 0 -250.964
31 0 254.587 0 -254.587
17 0 469.507 0 -469.507
15 41 257.141 259.443 2.30196
15 0 485.034 0 -485.034
13 41 1162.45 1164.75 2.30196
7 41 464.702 467.004 2.30196
37 42 485.048 487.35 2.30196
23 0 249.743 0 -249.743
37 42 257.154 259.456 2.30196
18 41 924.067 926.369 2.30196
1 41 468.213 470.515 2.30196
4 0 483.987 0 -483.987
26 0 1167.72 0 -1167.72
38 42 1086.48 1086.57 0.0975428
34 0 257.232 0 -257.232
27 0 1140.06 0 -1140.06
19 41 227.957 230.259 2.30196
11 0 228.175 0 -228.175
27 0 228.483 0 -228.483
5 0 228.809 0 -228.809
9 0 230.125 0 -230.125
25 0 230.359 0 -230.359
39 40 230.381 232.683 2.30197
22 0 231.672 0 -231.672
14 41 232.214 234.516 2.30196
30 0 232.903 0 -232.903
24 0 233.115 0 -233.115
3 41 233.413 235.715 2.30196
38 42 234.37 236.672 2.30196
32 0 234.664 0 -234.664
21 0 235.148 0 -235.148
2 41 236.79 239.092 2.30196
7 0 236.808 0 -236.808
28 0 237.177 0 -237.177
8 0 237.222 0 -237.222
1 41 240.319 242.621 2.30196
18 41 240.387 242.689 2.30196
17 0 241.614 0 -241.614
33 41 244.505 246.807 2.30196
20 41 244.936 247.238 2.30196
30 41 1144.48 1146.78 2.30196
3 0 1144.99 0 -1144.99
7 42 1148.38 1150.68 2.30197
22 0 1143.25 0 -1143.25
33 41 1286.24 1286.86 0.616455
35 41 1161.22 1163.52 2.30196
38 42 1116.48 1116.57 0.0975428
29 41 1162.54 1164.84 2.30196
19 41 1139.53 1141.83 2.30196
24 41 1144.69 1146.99 2.30196
19 0 1367.42 0 -1367.42
3 0 1372.88 0 -1372.88
37 42 1049.26 1049.36 0.0975433
39 0 1141.95 0 -1141.95
8 0 1148.79 0 -1148.79
34 0 1168.81 0 -1168.81
12 41 1169.39 1171.69 2.30196
37 42 1079.26 1079.36 0.0975433
11 0 1139.75 0 -1139.75
16 41 1075.39 1075.49 0.0975425
26 0 711.938 0 -711.938
23 42 477.637 479.939 2.30197
31 0 482.48 0 -482.48
26 0 484.045 0 -484.045
10 0 482.54 0 -482.54
22 0 1371.14 0 -1371.14
37 42 1139.26 1139.36 0.0975433
15 0 1168.71 0 -1168.71
37 42 940.834 940.937 0.102663
21 0 463.041 0 -463.041
31 0 710.373 0 -710.373
6 0 941.535 0 -941.535
38 42 966.477 966.574 0.0975428
0 0 480.037 0 -480.037
16 41 481.181 483.483 2.30196
13 0 934.558 0 -934.558
34 42 713.019 715.321 2.30197
16 41 1045.39 1045.49 0.0975425
38 42 462.263 464.565 2.30196
8 41 465.115 467.417 2.30196
15 42 940.821 943.123 2.30197
33 41 472.398 474.7 2.30196
20 41 472.83 475.132 2.30196
6 0 485.748 0 -485.748
6 41 1169.43 1171.73 2.30196
5 41 1140.38 1142.68 2.30196
33 41 1156.08 1157.39 1.31482
2 0 464.684 0 -464.684
17 41 1153.19 1155.49 2.30196
35 41 933.324 935.626 2.30196
18 41 468.281 470.582 2.30196
16 41 1015.39 1015.5 0.102662
34 0 485.125 0 -485.125
36 0 479.757 0 -479.757
35 41 477.537 479.839 2.30196
36 0 707.65 0 -707.65
12 0 485.712 0 -485.712
37 42 712.941 715.243 2.30196
18 41 1151.96 1154.26 2.30196
19 41 455.85 458.152 2.30196
11 41 456.068 458.37 2.30196
27 0 456.376 0 -456.376
5 41 456.702 459.004 2.30196
9 0 458.019 0 -458.019
25 0 458.252 0 -458.252
39 0 458.274 0 -458.274
22 41 459.566 461.868 2.30196
14 0 460.107 0 -460.107
30 0 460.796 0 -460.796
24 0 461.009 0 -461.009
3 0 461.306 0 -461.306
2 0 1148.36 0 -1148.36
21 0 1146.72 0 -1146.72
28 41 465.07 467.372 2.30196
16 41 1105.39 1105.5 0.102662
12 0 713.605 0 -713.605
0 0 707.93 0 -707.93
10 0 710.433 0 -710.433
4 0 711.881 0 -711.881
6 0 713.641 0 -713.641
16 41 936.967 937.296 0.32871
15 0 712.927 0 -712.927
20 41 928.616 930.918 2.30196
26 0 939.831 0 -939.831
33 42 928.184 930.486 2.30197
19 41 683.743 686.045 2.30196
11 0 683.962 0 -683.962
27 0 684.269 0 -684.269
5 0 684.595 0 -684.595
9 0 685.912 0 -685.912
25 41 686.145 688.447 2.30196
39 0 686.167 0 -686.167
22 0 687.459 0 -687.459
14 0 688 0 -688
30 41 688.689 690.991 2.30196
24 0 688.902 0 -688.902
3 0 689.199 0 -689.199
38 42 690.157 692.459 2.30196
32 0 690.451 0 -690.451
21 0 690.934 0 -690.934
2 0 692.577 0 -692.577
7 41 692.595 694.897 2.30196
28 0 692.963 0 -692.963
8 41 693.008 695.31 2.30196
1 41 696.106 698.408 2.30196
18 41 696.174 698.476 2.30196
17 0 697.401 0 -697.401
33 0 700.291 0 -700.291
20 41 700.723 703.025 2.30196
35 42 705.431 707.733 2.30197
23 41 705.53 707.832 2.30196
13 41 706.665 708.967 2.30196
29 41 706.75 709.052 2.30196
5 0 1368.28 0 -1368.28
4 0 939.774 0 -939.774
37 42 1019.26 1019.36 0.0975433
23 41 933.423 935.725 2.30196
0 0 935.824 0 -935.824
31 0 938.266 0 -938.266
37 42 989.261 989.359 0.0975433
38 42 936.477 936.579 0.102663
17 0 925.294 0 -925.294
11 0 1367.64 0 -1367.64
36 0 935.544 0 -935.544
10 0 938.327 0 -938.327
16 41 1165.39 1165.5 0.102662
38 42 1146.48 1146.57 0.0975428
37 42 959.261 959.359 0.0975433
1 41 923.999 926.301 2.30196
16 41 969.509 969.694 0.184838
29 0 934.644 0 -934.644
16 41 987.807 987.982 0.174598
38 42 1026.48 1026.58 0.102663
12 41 941.499 943.801 2.30196
34 41 940.912 943.214 2.30196
19 0 911.636 0 -911.636
11 0 911.855 0 -911.855
27 0 912.162 0 -912.162
5 41 912.489 914.791 2.30196
9 41 913.805 916.107 2.30196
25 0 914.038 0 -914.038
39 0 914.061 0 -914.061
22 0 915.352 0 -915.352
14 0 915.894 0 -915.894
30 41 916.582 918.884 2.30196
24 0 916.795 0 -916.795
3 0 917.092 0 -917.092
38 42 918.05 918.235 0.184839
32 0 918.344 0 -918.344
21 0 918.827 0 -918.827
2 0 920.47 0 -920.47
7 41 920.488 922.79 2.30196
28 0 920.856 0 -920.856
8 0 920.902 0 -920.902
37 42 1169.26 1169.36 0.0975433
25 0 1369.82 0 -1369.82
32 0 1374.13 0 -1374.13
24 0 1372.58 0 -1372.58
21 0 1374.61 0 -1374.61
30 41 1372.37 1372.55 0.184838
14 0 1371.68 0 -1371.68
38 42 1176.48 1176.57 0.0975428
2 41 1376.26 1378.56 2.30196
28 0 1376.64 0 -1376.64
37 42 1199.26 1199.36 0.0975433
1 41 1282.06 1283.37 1.31482
7 0 1376.27 0 -1376.27
29 0 1390.43 0 -1390.43
23 41 1222.34 1222.96 0.616455
8 41 1376.69 1378.99 2.30196
35 41 1389.11 1390.43 1.31482
0 41 1391.61 1393.91 2.30196
13 0 1390.34 0 -1390.34
16 41 1195.39 1195.49 0.0975425
36 0 1391.33 0 -1391.33
6 0 1397.32 0 -1397.32
26 41 1395.62 1397.92 2.30196
31 41 1394.05 1396.35 2.30196
20 41 1384.4 1386.7 2.30196
10 41 1394.11 1396.42 2.30196
15 41 1396.61 1398.91 2.30196
4 0 1395.56 0 -1395.56
18 41 1379.85 1382.16 2.30196
17 42 1381.08 1383.38 2.30197
34 0 1396.7 0 -1396.7
12 41 1397.29 1399.59 2.30196
