33 58 0.846599 3.14856 2.30196
43 55 5.23053 7.53249 2.30196
23 50 5.63936 7.94131 2.30196
41 56 2.16277 4.46473 2.30196
28 57 2.28007 4.58203 2.30196
14 57 2.46596 4.76792 2.30195
12 57 2.59909 4.90104 2.30196
17 0 929.872 0 -929.872
16 62 940.195 942.497 2.30196
46 61 988.511 988.614 0.102658
25 51 3.15859 5.46054 2.30196
34 0 3.19227 0 -3.19227
45 59 3.59225 5.89421 2.30195
48 52 982.654 982.756 0.102659
23 50 965.639 965.737 0.097543
29 58 3.73046 6.03242 2.30196
9 0 4.22701 0 -4.22701
42 56 1133.59 1133.7 0.102662
40 56 6.22616 8.52812 2.30195
35 52 6.75335 9.0553 2.30196
6 57 6.84071 9.14267 2.30196
18 61 941.283 943.585 2.30196
32 58 8.27901 10.581 2.30196
31 58 8.95593 11.2579 2.30195
25 51 1152.79 1152.89 0.102661
10 57 9.90618 12.2081 2.30195
21 50 10.28 12.582 2.30196
48 52 1072.65 1072.76 0.102659
0 0 11.9131 0 -11.9131
47 55 11.7546 14.0565 2.30195
13 0 11.9912 0 -11.9912
44 55 11.7409 14.0429 2.30195
20 51 928.448 930.749 2.30196
33 58 912.42 914.722 2.30196
47 55 971.755 971.857 0.102659
26 50 930.835 930.938 0.102659
38 52 12.409 14.711 2.30196
17 0 1157.77 0 -1157.77
49 51 18.2165 20.5184 2.30196
8 57 15.3833 17.6853 2.30196
20 51 16.8745 19.1765 2.30196
5 57 17.7716 20.0735 2.30196
22 51 15.3341 17.636 2.30196
17 0 18.2992 0 -18.2992
21 50 1060.28 1060.38 0.0975393
22 51 1089.62 1089.94 0.328709
21 50 921.853 921.956 0.102659
21 50 1150.28 1150.38 0.0975393
32 0 919.852 0 -919.852
48 52 1132.65 1132.75 0.0975394
19 51 989.978 990.08 0.102661
14 57 914.039 914.142 0.102658
40 56 966.226 966.324 0.0975363
15 61 18.4634 20.7654 2.30196
27 51 934.201 936.503 2.30196
48 52 934.227 934.329 0.102659
49 51 978.216 978.319 0.102659
44 55 971.741 971.838 0.0975384
39 52 18.9194 21.2214 2.30196
2 0 18.6705 0 -18.6705
1 0 18.7664 0 -18.7664
10 57 1059.91 1060 0.0975383
26 50 19.2623 21.5643 2.30196
9 57 915.8 918.102 2.30195
24 50 21.7211 24.023 2.30196
42 56 23.5949 25.8968 2.30196
3 57 21.6466 23.9485 2.30196
11 62 1168.37 1170.67 2.30196
36 55 23.7018 26.0038 2.30196
27 51 22.6277 24.9297 2.30196
48 52 22.6537 24.9557 2.30196
22 51 991.99 992.319 0.328709
10 57 921.479 921.582 0.102658
4 57 999.37 999.698 0.328706
37 52 27.4519 29.7539 2.30196
49 51 1128.22 1128.31 0.0975392
4 57 26.7683 29.0703 2.30195
11 0 28.9022 0 -28.9022
46 61 28.5109 30.8128 2.30195
16 0 28.6216 0 -28.6216
45 59 915.165 915.268 0.102659
36 55 1133.7 1133.8 0.0975404
42 56 983.595 983.698 0.102662
1 0 930.339 0 -930.339
15 57 930.036 932.338 2.30196
30 58 29.7244 32.0264 2.30196
18 0 29.7096 0 -29.7096
7 0 29.6893 0 -29.6893
15 57 1157.93 1158.03 0.102659
8 57 1154.75 1155.08 0.328709
13 57 923.564 925.866 2.30196
44 55 923.314 923.499 0.184834
24 50 249.614 251.916 2.30196
19 51 29.9777 32.2797 2.30196
36 55 251.595 253.897 2.30196
7 57 257.583 259.884 2.30195
48 52 250.547 252.849 2.30196
42 56 251.488 253.79 2.30196
37 52 255.345 257.647 2.30196
46 61 256.404 258.706 2.30195
4 57 1136.77 1136.87 0.102658
26 50 247.156 249.458 2.30196
16 57 256.515 258.817 2.30195
30 58 257.618 259.92 2.30196
37 55 939.025 941.327 2.30196
19 51 257.871 260.173 2.30196
6 57 918.414 920.716 2.30196
27 51 478.414 480.716 2.30196
39 52 246.813 249.115 2.30196
3 57 249.54 251.842 2.30196
1 57 246.66 248.962 2.30196
27 51 250.521 252.823 2.30196
4 57 254.662 256.964 2.30195
18 0 257.603 0 -257.603
25 51 914.732 917.034 2.30196
21 50 970.28 970.383 0.102659
4 61 710.448 712.75 2.30196
33 58 228.74 231.042 2.30196
41 56 230.056 232.358 2.30196
28 0 230.173 0 -230.173
14 57 230.359 232.661 2.30195
12 0 230.492 0 -230.492
25 51 231.052 233.354 2.30196
34 0 231.086 0 -231.086
45 59 231.485 233.787 2.30195
29 58 231.624 233.926 2.30196
9 58 232.12 234.422 2.30196
43 55 233.124 235.426 2.30196
23 50 233.533 235.835 2.30196
40 56 234.119 236.421 2.30195
35 52 234.647 236.949 2.30196
6 57 234.734 237.036 2.30196
32 0 236.172 0 -236.172
31 58 236.849 239.151 2.30195
10 57 237.799 240.101 2.30195
21 50 238.173 240.475 2.30196
44 55 239.634 241.936 2.30195
47 55 239.648 241.95 2.30195
0 57 239.806 242.108 2.30196
13 61 239.884 242.186 2.30196
38 0 240.302 0 -240.302
22 51 243.227 245.529 2.30196
8 57 243.277 245.579 2.30196
20 51 244.768 247.07 2.30196
31 58 920.529 922.831 2.30195
5 0 245.665 0 -245.665
49 51 246.11 248.412 2.30196
17 0 246.192 0 -246.192
15 61 246.357 248.659 2.30196
2 0 246.564 0 -246.564
8 57 1089.66 1089.99 0.328709
23 50 917.212 917.397 0.184839
26 50 979.262 979.36 0.0975392
36 55 1073.7 1073.8 0.0975404
35 52 918.326 918.511 0.184836
3 57 933.22 933.548 0.328708
28 0 913.853 0 -913.853
38 52 923.982 926.284 2.30196
45 59 933.592 933.695 0.102659
36 55 935.275 935.604 0.328708
43 55 965.231 965.333 0.10266
11 62 256.795 259.097 2.30196
43 55 916.804 916.906 0.10266
36 55 986.115 986.289 0.174596
30 58 989.724 989.827 0.102661
39 52 1128.92 1129.02 0.0975412
49 51 1068.22 1068.31 0.0975392
22 50 471.121 473.423 2.30196
10 57 465.693 467.995 2.30195
46 61 940.084 940.187 0.102658
11 62 940.475 942.777 2.30196
34 0 914.765 0 -914.765
30 58 941.297 941.4 0.102661
47 62 1061.75 1061.85 0.0975421
26 50 1129.26 1129.36 0.0975392
44 52 1061.74 1061.84 0.102665
3 57 998.303 998.632 0.328708
29 0 915.303 0 -915.303
49 51 1038.22 1038.31 0.0975392
35 52 966.753 966.856 0.10266
8 57 992.04 992.368 0.328709
46 61 1138.51 1138.61 0.0975385
40 61 917.799 917.902 0.102664
27 51 1162.09 1162.42 0.328709
24 59 933.294 935.596 2.30196
47 55 923.328 923.43 0.102659
0 57 923.486 925.788 2.30196
1 58 1158.23 1160.53 2.30196
11 62 484.689 486.991 2.30196
2 0 930.243 0 -930.243
4 57 938.341 938.958 0.61645
2 56 1158.14 1160.44 2.30196
14 57 1142.47 1142.56 0.0975382
14 57 962.466 962.564 0.0975382
42 56 1043.59 1043.69 0.0975421
12 56 914.172 916.474 2.30196
41 56 913.736 916.038 2.30196
22 51 1154.7 1155.03 0.328709
46 61 484.297 486.599 2.30195
30 58 485.511 487.813 2.30196
32 58 464.066 466.367 2.30196
21 50 466.066 468.368 2.30196
0 0 467.7 0 -467.7
21 50 940.28 940.383 0.102659
5 0 473.558 0 -473.558
2 0 474.457 0 -474.457
4 57 482.555 484.857 2.30195
18 57 485.496 487.798 2.30195
24 50 477.508 479.81 2.30196
26 50 475.049 477.351 2.30196
7 0 485.476 0 -485.476
10 57 969.906 970.009 0.102658
13 0 467.778 0 -467.778
47 55 467.541 469.843 2.30195
5 0 929.345 0 -929.345
39 52 978.919 979.017 0.0975412
49 51 474.003 476.305 2.30196
48 52 478.44 480.742 2.30196
15 61 474.25 476.552 2.30196
37 52 483.238 485.54 2.30196
6 57 462.627 464.929 2.30196
3 57 477.433 479.735 2.30196
44 55 467.527 469.829 2.30195
17 0 474.086 0 -474.086
16 57 484.408 486.71 2.30195
49 51 1158.22 1158.31 0.0975392
35 52 462.54 464.842 2.30196
31 58 464.742 467.044 2.30195
42 56 479.381 481.683 2.30196
36 55 479.488 481.79 2.30196
42 56 1073.59 1073.69 0.0975421
39 52 930.492 930.677 0.184837
38 0 468.196 0 -468.196
8 57 471.17 473.472 2.30196
20 0 472.661 0 -472.661
1 57 474.553 476.855 2.30196
39 52 474.706 477.008 2.30196
19 51 485.764 488.066 2.30196
33 58 456.633 458.935 2.30196
41 56 457.949 460.251 2.30196
28 0 458.067 0 -458.067
14 57 458.252 460.554 2.30195
12 0 458.386 0 -458.386
25 51 458.945 461.247 2.30196
34 0 458.979 0 -458.979
45 59 459.379 461.681 2.30195
29 58 459.517 461.819 2.30196
9 0 460.014 0 -460.014
43 55 461.017 463.319 2.30196
23 50 461.426 463.728 2.30196
40 56 462.013 464.315 2.30195
19 51 941.551 941.653 0.102661
5 62 1157.24 1159.54 2.30196
4 57 1082.75 1082.85 0.102658
7 57 713.369 715.671 2.30195
19 51 713.657 715.959 2.30196
11 0 712.582 0 -712.582
47 55 941.755 941.852 0.0975387
44 55 941.741 941.844 0.102658
16 57 712.301 714.603 2.30195
8 57 926.956 927.285 0.328709
30 58 713.404 715.706 2.30196
42 56 935.168 935.353 0.184838
37 52 711.132 713.434 2.30196
46 61 712.191 714.493 2.30195
18 56 713.389 715.691 2.30196
26 50 1069.26 1069.36 0.0975392
33 58 684.526 686.828 2.30196
41 56 685.843 688.144 2.30196
28 62 685.96 688.262 2.30196
14 57 686.146 688.448 2.30195
12 0 686.279 0 -686.279
25 0 686.838 0 -686.838
34 57 686.872 689.174 2.30196
45 59 687.272 689.574 2.30195
29 0 687.41 0 -687.41
9 0 687.907 0 -687.907
43 55 688.91 691.212 2.30196
23 50 689.319 691.621 2.30196
40 61 689.906 692.208 2.30196
35 52 690.433 692.735 2.30196
6 0 690.52 0 -690.52
32 58 691.959 694.261 2.30196
31 58 692.636 694.938 2.30195
10 57 693.586 695.888 2.30195
21 50 693.96 696.262 2.30196
44 55 695.421 697.723 2.30195
47 55 695.434 697.736 2.30195
0 56 695.593 697.895 2.30196
13 56 695.671 697.973 2.30196
38 55 696.089 698.391 2.30196
22 51 699.014 701.316 2.30196
8 57 699.063 701.365 2.30196
20 51 700.554 702.856 2.30196
5 57 701.451 703.753 2.30196
49 51 701.896 704.198 2.30196
17 0 701.979 0 -701.979
15 0 702.143 0 -702.143
2 0 702.35 0 -702.35
1 57 702.446 704.748 2.30196
39 52 702.599 704.901 2.30196
26 50 702.942 705.244 2.30196
3 57 705.326 707.628 2.30196
24 0 705.401 0 -705.401
27 0 706.307 0 -706.307
48 55 706.333 708.635 2.30196
42 56 707.275 709.577 2.30196
36 55 707.382 709.684 2.30196
49 51 929.789 929.892 0.102659
22 51 926.907 927.236 0.328709
7 0 941.262 0 -941.262
40 56 936.226 936.324 0.0975363
14 57 932.466 932.569 0.102658
22 51 1024.53 1024.86 0.328709
45 59 963.592 963.69 0.0975387
3 57 1095.93 1096.26 0.328708
35 52 1146.75 1146.85 0.0975395
30 58 1079.72 1079.83 0.102661
19 51 1139.98 1140.08 0.0975406
23 50 935.639 935.742 0.102663
10 57 1029.91 1030 0.0975383
26 50 949.262 949.365 0.102659
43 55 935.231 935.333 0.10266
35 52 936.753 936.856 0.10266
18 0 1169.18 0 -1169.18
39 52 1068.92 1069.02 0.0975412
19 51 1079.98 1080.08 0.102661
31 58 1158.59 1158.69 0.102658
10 57 939.906 940.004 0.0975383
19 51 1169.98 1170.08 0.0975406
8 57 959.498 959.827 0.328709
22 51 959.449 959.777 0.328709
49 51 948.216 948.319 0.102659
44 55 1031.74 1031.84 0.0975384
42 56 953.595 953.698 0.102662
19 51 959.978 960.08 0.102661
3 57 965.761 966.09 0.328708
36 55 967.816 968.001 0.184836
3 57 1063.39 1063.72 0.328708
39 52 948.919 949.022 0.102661
39 52 1158.92 1159.02 0.0975412
48 52 952.654 952.751 0.0975394
30 58 959.724 959.827 0.102661
46 61 958.511 958.614 0.102658
45 59 993.592 993.69 0.0975387
14 57 992.466 992.564 0.0975382
46 61 1078.51 1078.61 0.0975385
8 57 1024.58 1024.91 0.328709
39 52 1008.92 1009.02 0.0975412
23 50 995.639 995.737 0.097543
40 56 996.226 996.329 0.102656
26 50 1009.26 1009.36 0.0975392
36 55 1013.7 1013.88 0.174596
28 0 1369.64 0 -1369.64
14 57 1082.47 1082.56 0.0975382
10 57 1149.91 1150.01 0.102658
35 52 996.753 996.856 0.10266
43 55 995.231 995.333 0.10266
44 55 1151.74 1151.84 0.0975384
16 57 1168.09 1170.39 2.30195
20 51 1156.34 1156.67 0.328708
26 50 1039.26 1039.36 0.0975392
10 57 999.906 1000 0.0975383
21 50 1000.28 1000.38 0.102659
47 55 1001.75 1001.86 0.102659
42 56 1013.59 1013.7 0.102662
48 52 1012.65 1012.76 0.102659
41 56 1151.79 1151.89 0.10266
44 55 1001.74 1001.84 0.0975384
43 55 1025.23 1025.33 0.10266
49 51 1008.22 1008.31 0.0975392
3 57 1030.84 1031.17 0.328708
8 57 1057.12 1057.45 0.328709
37 52 1166.92 1167.25 0.32871
19 51 1019.98 1020.08 0.0975406
45 59 1023.59 1023.69 0.0975387
0 0 1151.38 0 -1151.38
23 50 1145.64 1145.74 0.097543
14 57 1022.47 1022.56 0.0975382
30 58 1019.72 1019.82 0.0975409
46 61 1018.51 1018.61 0.0975385
4 57 1031.91 1032.24 0.328706
47 0 1031.75 0 -1031.75
31 58 1148.42 1148.52 0.102658
46 61 1168.51 1168.61 0.0975385
36 55 1043.7 1043.8 0.10266
23 50 1025.64 1025.74 0.097543
40 56 1026.23 1026.33 0.102656
35 52 1026.75 1026.86 0.10266
7 57 1169.16 1171.46 2.30195
21 50 1030.28 1030.38 0.102659
48 52 1042.65 1042.76 0.102659
39 52 1038.92 1039.02 0.0975412
45 59 1143.59 1143.69 0.0975387
43 55 1145.23 1145.33 0.0975395
22 51 1057.07 1057.4 0.328709
19 51 1049.98 1050.08 0.0975406
45 59 1053.59 1053.69 0.0975387
30 58 1049.72 1049.82 0.0975409
40 56 1056.23 1056.32 0.0975363
14 57 1052.47 1052.56 0.0975382
35 52 1056.75 1056.86 0.10266
46 61 1048.51 1048.61 0.102658
4 57 1064.45 1064.64 0.184834
23 50 1055.64 1055.74 0.097543
43 55 1055.23 1055.33 0.10266
3 57 1128.47 1128.8 0.328708
45 59 1083.59 1083.69 0.0975387
43 55 1085.23 1085.33 0.0975395
42 56 1103.59 1103.69 0.0975421
8 57 1122.21 1122.54 0.328709
40 56 1146.23 1146.32 0.0975363
25 51 1142.62 1142.73 0.102661
35 52 1086.75 1086.85 0.0975395
21 50 1090.28 1090.38 0.0975393
30 58 1139.72 1139.83 0.102661
44 55 1091.74 1091.84 0.0975384
47 55 1121.75 1121.85 0.0975387
36 55 1103.7 1103.8 0.0975404
10 57 1089.91 1090.01 0.102658
47 55 1151.75 1151.85 0.0975387
39 52 1098.92 1099.02 0.102661
23 50 1085.64 1085.74 0.097543
40 56 1086.23 1086.32 0.0975363
32 58 1147.75 1150.05 2.30196
39 52 1188.92 1189.02 0.0975412
37 52 1199.46 1199.79 0.32871
3 57 1161.01 1161.34 0.328708
38 55 1151.88 1154.18 2.30196
47 55 1091.75 1091.86 0.102659
28 58 1141.75 1144.05 2.30196
48 52 1102.65 1102.75 0.0975394
44 55 1121.74 1121.84 0.0975384
15 57 1168.09 1168.2 0.102659
29 58 1143.2 1145.5 2.30196
22 51 1122.16 1122.49 0.328709
40 56 1116.23 1116.32 0.0975363
49 51 1098.22 1098.31 0.0975392
19 51 1109.98 1110.08 0.102661
26 50 1099.26 1099.36 0.0975392
35 52 1116.75 1116.85 0.0975395
23 50 1115.64 1115.74 0.097543
12 0 1142.07 0 -1142.07
10 57 1119.91 1120.01 0.102658
30 58 1109.72 1109.83 0.102661
34 57 1142.66 1144.96 2.30196
33 58 1140.31 1140.93 0.616452
24 50 1161.19 1161.52 0.328709
41 56 1141.63 1141.73 0.10266
9 57 1143.69 1146 2.30195
14 57 1112.47 1112.56 0.0975382
45 59 1113.59 1113.69 0.0975387
4 57 1106.77 1106.87 0.0975377
13 0 1151.46 0 -1151.46
31 58 1178.96 1179.05 0.0975382
21 50 1120.28 1120.38 0.0975393
46 61 1108.51 1108.61 0.0975385
6 57 1146.31 1146.64 0.328709
43 55 1115.23 1115.33 0.0975395
33 62 1201.34 1201.96 0.616457
38 55 1379.77 1379.95 0.184838
34 0 1370.55 0 -1370.55
26 50 1159.26 1159.36 0.0975392
36 55 1163.7 1163.8 0.10266
40 56 1176.23 1176.32 0.0975363
44 55 1181.74 1181.84 0.0975384
32 58 1375.64 1377.94 2.30196
48 52 1162.65 1162.75 0.0975394
42 56 1163.59 1163.69 0.0975421
0 57 1379.27 1381.57 2.30196
30 58 1169.72 1169.82 0.0975409
45 59 1173.59 1173.69 0.0975387
29 58 1371.09 1371.27 0.184838
20 51 1188.88 1189.21 0.328708
12 57 1369.96 1372.26 2.30196
41 56 1172.16 1172.27 0.10266
21 50 1180.28 1180.38 0.0975393
15 57 1188.46 1188.57 0.102659
25 51 1173.16 1173.26 0.102661
14 57 1172.47 1172.56 0.0975382
4 57 1166.77 1166.87 0.102658
35 52 1176.75 1176.85 0.0975395
23 50 1175.64 1175.74 0.097543
9 57 1371.59 1373.89 2.30195
8 57 1187.29 1187.62 0.328709
13 57 1379.35 1381.65 2.30196
26 50 1189.26 1189.36 0.0975392
47 55 1181.75 1181.85 0.0975387
10 57 1179.91 1180.01 0.102658
6 57 1178.85 1179.18 0.328709
49 51 1188.22 1188.31 0.0975392
5 57 1385.13 1387.43 2.30196
43 55 1175.23 1175.33 0.10266
22 51 1187.24 1187.57 0.328709
17 57 1385.66 1387.96 2.30195
42 56 1193.59 1193.69 0.0975421
1 57 1386.13 1386.31 0.184837
30 58 1199.72 1199.82 0.0975409
36 55 1193.7 1193.8 0.10266
3 57 1193.55 1193.88 0.328708
24 50 1193.73 1193.91 0.184837
27 51 1194.64 1194.96 0.328709
16 57 1395.98 1398.28 2.30195
48 52 1192.65 1192.75 0.0975394
19 51 1199.98 1200.08 0.0975406
2 56 1386.03 1388.33 2.30196
11 57 1396.26 1396.59 0.328707
46 61 1198.51 1198.61 0.0975385
18 0 1397.07 0 -1397.07
4 57 1196.77 1196.87 0.102658
7 0 1397.05 0 -1397.05
