23 55 0.0958158 2.39777 2.30196
7 51 0.362015 2.66397 2.30196
22 55 10.8279 13.1299 2.30195
15 55 9.41777 11.7197 2.30196
35 64 5.31345 7.61541 2.30196
38 64 7.61444 9.91639 2.30195
34 64 0.620451 2.9224 2.30195
30 53 1192.07 1192.17 0.0975383
44 60 0.849017 3.15097 2.30195
27 53 1.5447 3.84665 2.30195
30 53 984.487 984.59 0.102658
4 51 2.62693 4.92888 2.30196
46 60 699.128 701.43 2.30196
42 53 2.46235 4.7643 2.30196
3 59 1393.81 1396.11 2.30196
46 60 1125.45 1125.55 0.0975395
20 0 1150.88 0 -1150.88
41 58 9.27855 11.5805 2.30196
12 51 12.3204 14.6224 2.30196
9 50 704.99 707.292 2.30195
1 50 10.8004 13.1023 2.30196
10 50 10.2758 12.5778 2.30196
13 50 1380.49 1380.82 0.32871
37 64 1121.38 1121.48 0.0975388
29 53 1391.7 1391.8 0.102662
4 51 1172.63 1172.72 0.097539
32 53 936.728 936.831 0.102659
11 51 703.003 705.305 2.30195
20 55 11.4137 13.7157 2.30196
37 64 11.3776 13.6795 2.30195
33 53 11.0952 13.3971 2.30195
21 54 12.3824 14.6844 2.30196
24 56 1381.18 1383.48 2.30196
37 64 1181.38 1181.48 0.0975388
10 50 1150.28 1150.38 0.102661
37 64 971.378 971.48 0.102659
8 0 1392.91 0 -1392.91
39 64 938.285 938.388 0.102657
1 50 694.48 696.782 2.30196
23 55 944.211 944.313 0.102661
6 51 703.529 705.831 2.30195
16 55 982.999 983.101 0.102658
30 53 1132.07 1132.18 0.102658
13 50 13.1304 15.4323 2.30196
31 0 698.309 0 -698.309
0 51 15.9031 18.205 2.30196
43 53 14.1604 16.4624 2.30195
24 0 13.8229 0 -13.8229
24 54 1153.29 1155.59 2.30196
31 53 14.6296 16.9315 2.30196
26 52 711.593 713.895 2.30196
22 55 1180.83 1180.93 0.0975382
43 53 697.84 700.142 2.30195
17 54 15.6124 17.9143 2.30196
46 60 15.4483 17.7503 2.30196
25 55 1195.99 1196.09 0.0975406
42 53 686.142 688.444 2.30196
19 55 702.272 704.574 2.30196
41 58 1083.56 1083.89 0.328711
11 51 1386.68 1386.79 0.102657
36 64 16.7974 19.0994 2.30196
26 53 1197.91 1198.02 0.10266
14 51 18.1064 20.4084 2.30195
19 55 18.5921 20.894 2.30196
45 63 1198.81 1198.91 0.0975378
11 51 19.3232 21.6252 2.30195
6 51 19.8489 22.1508 2.30195
31 53 1381.99 1382.17 0.184836
33 53 1181.1 1181.19 0.0975379
41 58 1148.64 1148.97 0.328711
16 55 1193 1193.1 0.0975382
40 61 1163.11 1165.41 2.30196
43 53 1184.16 1184.26 0.0975389
17 54 1185.61 1185.71 0.0975401
9 50 21.3104 23.6124 2.30195
5 51 1134.53 1134.63 0.0975373
15 55 693.098 695.399 2.30196
30 53 22.0742 24.3762 2.30195
29 53 24.3427 26.6447 2.30196
16 55 22.9987 25.3006 2.30195
10 50 693.956 696.258 2.30196
2 0 26.2565 0 -26.2565
18 0 23.155 0 -23.155
40 61 23.6453 25.9472 2.30196
48 51 937.887 940.189 2.30195
1 50 1180.8 1180.9 0.10266
14 51 1157.57 1157.9 0.328706
13 0 696.81 0 -696.81
14 0 701.786 0 -701.786
32 53 25.1553 27.4572 2.30196
49 0 24.7309 0 -24.7309
24 0 697.503 0 -697.503
5 51 24.5277 26.8297 2.30195
28 0 1166.37 0 -1166.37
2 0 1165.72 0 -1165.72
21 0 1151.85 0 -1151.85
8 0 25.5463 0 -25.5463
25 55 25.9899 28.2918 2.30196
47 0 26.2634 0 -26.2634
36 61 700.477 702.779 2.30196
41 61 692.958 695.26 2.30196
25 55 937.563 937.666 0.102661
12 51 1151.79 1154.09 2.30196
39 64 1196.71 1196.81 0.0975371
36 64 976.797 976.972 0.174597
26 53 1137.91 1138.02 0.10266
48 0 26.3137 0 -26.3137
39 64 26.7119 29.0138 2.30195
3 0 26.453 0 -26.453
46 60 975.448 975.546 0.0975395
30 53 705.754 708.056 2.30195
38 64 691.294 693.596 2.30195
44 60 930.849 930.952 0.102657
28 0 26.908 0 -26.908
47 0 1393.62 0 -1393.62
45 63 28.8102 31.1121 2.30195
11 51 247.216 249.518 2.30195
26 53 27.9132 30.2152 2.30196
6 51 247.742 250.044 2.30195
40 0 251.539 0 -251.539
19 55 246.485 248.787 2.30196
35 64 688.993 691.295 2.30196
45 63 1138.81 1138.91 0.0975378
45 63 256.703 259.005 2.30195
47 50 1165.73 1168.03 2.30196
4 50 686.307 688.609 2.30196
48 51 254.207 256.509 2.30195
47 50 254.157 256.459 2.30196
44 60 684.529 686.831 2.30195
34 64 684.3 686.602 2.30195
7 51 684.042 686.344 2.30196
23 55 683.776 686.078 2.30196
20 55 467.2 469.502 2.30196
3 0 710.133 0 -710.133
5 51 1194.53 1194.63 0.0975373
8 51 1165.01 1167.31 2.30196
14 51 246 248.302 2.30195
27 53 685.224 687.526 2.30195
49 0 252.624 0 -252.624
27 53 1141.54 1141.64 0.0975381
30 53 477.861 480.163 2.30195
21 0 696.062 0 -696.062
12 0 696 0 -696
20 0 695.093 0 -695.093
37 64 695.057 697.359 2.30195
33 53 694.775 697.077 2.30195
46 60 1185.45 1185.55 0.0975395
45 63 484.597 486.899 2.30195
22 55 694.508 696.81 2.30195
18 55 478.942 481.243 2.30196
23 55 227.989 230.291 2.30196
7 51 228.255 230.557 2.30196
34 64 228.514 230.816 2.30195
44 60 228.742 231.044 2.30195
27 53 229.438 231.74 2.30195
42 53 230.356 232.658 2.30196
4 51 230.52 232.822 2.30196
35 64 233.207 235.509 2.30196
38 64 235.508 237.81 2.30195
41 58 237.172 239.474 2.30196
15 0 237.311 0 -237.311
10 50 238.169 240.471 2.30196
1 50 238.694 240.996 2.30196
22 55 238.721 241.023 2.30195
33 53 238.988 241.29 2.30195
37 64 239.271 241.573 2.30195
20 54 239.307 241.609 2.30196
12 51 240.214 242.516 2.30196
21 0 240.276 0 -240.276
13 50 241.024 243.326 2.30196
24 0 241.716 0 -241.716
43 53 242.054 244.356 2.30195
31 53 242.523 244.825 2.30196
46 60 243.342 245.644 2.30196
17 54 243.506 245.808 2.30196
0 51 243.796 246.098 2.30196
36 64 244.691 246.993 2.30196
3 51 938.026 940.328 2.30196
35 64 1025.31 1025.49 0.174595
16 55 934.572 934.674 0.102658
32 53 1135.16 1135.25 0.0975395
41 58 1181.19 1181.51 0.328711
30 53 249.967 252.269 2.30195
9 50 249.204 251.506 2.30195
32 53 253.049 255.35 2.30196
16 55 250.892 253.194 2.30195
29 53 252.236 254.538 2.30196
18 0 251.048 0 -251.048
40 61 1391 1391.33 0.328712
25 55 253.883 256.185 2.30196
2 0 254.15 0 -254.15
3 0 254.346 0 -254.346
5 51 252.421 254.723 2.30195
23 55 1140.1 1140.19 0.0975412
38 64 1177.61 1177.71 0.0975389
28 0 710.588 0 -710.588
8 0 253.44 0 -253.44
39 64 254.605 256.907 2.30195
28 0 254.801 0 -254.801
26 52 255.806 258.108 2.30196
22 55 1120.83 1120.93 0.0975382
34 64 930.62 930.718 0.0975376
40 61 935.218 937.52 2.30196
40 61 707.325 709.627 2.30196
36 64 1186.8 1186.97 0.174597
4 51 1142.63 1142.72 0.097539
0 51 699.583 701.885 2.30196
16 55 1073 1073.1 0.0975382
26 53 987.913 988.011 0.0975399
15 55 1376.78 1379.08 2.30196
45 63 712.49 714.792 2.30195
18 55 1390.51 1390.84 0.328709
0 51 1185.9 1186 0.0975398
38 64 1117.61 1117.71 0.0975389
12 51 1379.68 1379.86 0.184837
18 55 706.835 709.137 2.30196
8 51 481.333 483.635 2.30196
48 51 482.1 484.402 2.30195
29 0 708.022 0 -708.022
16 55 706.678 708.98 2.30195
48 51 1165.78 1168.08 2.30195
17 54 699.292 701.594 2.30196
21 54 1379.74 1382.04 2.30196
6 51 1159.32 1161.62 2.30195
31 53 1154.1 1156.4 2.30196
36 64 1126.8 1126.97 0.174597
28 53 1394.27 1396.57 2.30196
16 55 1133 1133.1 0.0975382
10 50 1060.28 1060.38 0.102661
37 64 467.164 469.466 2.30195
31 0 470.416 0 -470.416
47 0 482.05 0 -482.05
26 53 483.7 486.002 2.30196
2 0 1393.62 0 -1393.62
16 55 478.785 481.087 2.30195
49 0 480.517 0 -480.517
19 55 474.379 476.681 2.30196
5 51 708.207 710.509 2.30195
32 53 480.942 483.244 2.30196
2 0 482.043 0 -482.043
10 50 1180.28 1180.37 0.0975409
32 53 708.835 711.137 2.30196
30 52 933.647 933.976 0.328712
41 58 465.065 467.367 2.30196
12 51 468.107 470.409 2.30196
6 0 475.635 0 -475.635
36 64 472.584 474.886 2.30196
3 0 1165.92 0 -1165.92
33 53 1150.56 1150.66 0.102658
49 0 708.411 0 -708.411
25 54 709.67 711.972 2.30196
38 64 463.401 465.703 2.30195
10 50 466.062 468.364 2.30196
15 0 465.204 0 -465.204
14 51 473.893 476.195 2.30195
11 0 475.11 0 -475.11
5 51 480.314 482.616 2.30195
40 0 479.432 0 -479.432
28 53 482.695 484.996 2.30196
39 64 482.498 484.8 2.30195
28 53 938.481 940.783 2.30196
39 64 986.712 986.815 0.102657
1 50 466.587 468.889 2.30196
3 61 482.24 484.541 2.30197
25 55 481.776 484.078 2.30196
47 0 709.943 0 -709.943
23 55 455.882 458.184 2.30196
7 51 456.149 458.45 2.30196
34 64 456.407 458.709 2.30195
44 60 456.636 458.937 2.30195
27 53 457.331 459.633 2.30195
42 60 458.249 460.551 2.30196
4 51 458.413 460.715 2.30196
35 64 461.1 463.402 2.30196
34 64 1140.62 1140.72 0.102658
6 51 1387.21 1387.54 0.328706
22 55 1060.83 1060.93 0.0975382
13 50 468.917 471.219 2.30196
22 55 466.614 468.916 2.30195
33 53 466.882 469.184 2.30195
21 54 468.169 470.471 2.30196
43 53 469.947 472.249 2.30195
24 0 469.609 0 -469.609
17 54 471.399 473.701 2.30196
29 0 480.129 0 -480.129
9 50 477.097 479.399 2.30195
46 60 471.235 473.537 2.30196
8 0 709.226 0 -709.226
48 0 709.993 0 -709.993
2 0 709.936 0 -709.936
0 51 471.69 473.992 2.30196
39 64 710.392 712.694 2.30195
26 53 939.486 939.589 0.10266
1 50 1060.8 1060.9 0.10266
48 51 1393.67 1393.78 0.102657
25 55 1135.99 1136.09 0.0975406
49 0 936.304 0 -936.304
2 51 937.83 940.131 2.30196
32 53 1195.16 1195.25 0.0975395
14 51 1190.11 1190.44 0.328706
25 55 985.99 986.093 0.102661
20 54 1378.77 1381.08 2.30196
13 50 1152.6 1154.9 2.30196
11 51 1158.79 1161.09 2.30195
32 53 985.155 985.258 0.102659
5 51 984.528 984.63 0.102657
19 55 1158.06 1158.24 0.184838
37 64 1061.38 1061.48 0.102659
0 50 1155.37 1155.47 0.102662
27 53 931.545 931.647 0.102658
31 52 926.203 928.505 2.30196
5 51 936.101 936.203 0.102657
10 50 1000.28 1000.37 0.0975409
22 55 1150.83 1150.93 0.0975382
19 54 930.165 932.467 2.30196
6 0 931.422 0 -931.422
29 53 935.916 938.218 2.30196
22 55 940.828 940.925 0.0975382
46 60 945.448 945.551 0.102659
7 50 1170.36 1170.54 0.174598
41 58 953.393 953.722 0.328711
14 51 929.679 931.981 2.30195
38 64 951.729 951.914 0.184835
10 50 940.276 940.378 0.102661
42 53 932.462 932.56 0.0975391
8 0 937.119 0 -937.119
4 51 932.627 932.73 0.102659
1 50 940.8 940.898 0.0975396
43 53 925.733 925.836 0.102659
9 50 932.883 932.986 0.102658
18 55 934.728 937.03 2.30196
47 0 937.836 0 -937.836
45 63 940.383 940.568 0.184834
37 64 941.378 941.48 0.102659
23 55 911.669 911.998 0.328709
7 51 911.935 914.237 2.30196
34 64 912.193 912.296 0.102658
44 60 912.422 912.525 0.102657
27 53 913.118 913.22 0.102658
42 53 914.035 914.138 0.102659
4 51 914.2 914.303 0.102659
35 64 916.886 917.215 0.328707
38 64 919.187 919.516 0.328707
41 58 920.852 921.18 0.328711
15 55 920.991 923.293 2.30196
10 50 921.849 921.951 0.102661
1 50 922.373 922.476 0.10266
22 55 922.401 922.504 0.102658
33 53 922.668 924.97 2.30195
37 64 922.951 923.053 0.102659
20 55 922.987 925.289 2.30196
21 55 923.955 926.257 2.30196
12 0 923.893 0 -923.893
0 51 927.476 929.778 2.30196
17 55 927.185 929.487 2.30196
36 64 928.37 928.555 0.184837
46 60 927.021 927.206 0.184835
11 0 930.896 0 -930.896
24 55 925.396 927.698 2.30196
13 0 924.703 0 -924.703
45 63 1018.81 1018.91 0.102658
49 0 1392.09 0 -1392.09
30 53 966.189 966.374 0.184834
4 51 962.627 962.73 0.102659
43 53 1124.16 1124.26 0.0975389
46 60 1035.45 1035.55 0.0975395
15 55 1148.88 1151.19 2.30196
17 54 1155.08 1155.26 0.184836
38 64 1057.61 1057.72 0.102659
10 50 1120.28 1120.38 0.102661
9 50 1131.31 1131.41 0.097538
42 53 1142.46 1142.56 0.0975391
43 53 944.16 944.263 0.102659
35 64 949.428 949.757 0.328707
22 55 1030.83 1030.93 0.0975382
22 55 970.828 970.931 0.102658
5 51 954.528 954.63 0.102657
36 64 946.797 946.972 0.174597
32 53 955.155 955.258 0.102659
25 55 955.99 956.093 0.102661
5 51 1164.53 1164.63 0.0975373
45 63 958.81 958.913 0.102658
39 64 956.712 956.815 0.102657
34 64 960.62 960.718 0.0975376
26 52 957.913 958.011 0.0975416
9 50 951.31 951.413 0.102658
16 55 952.999 953.101 0.102658
44 60 960.849 960.947 0.0975368
42 53 962.462 962.565 0.102659
23 55 960.096 960.193 0.0975412
38 64 970.027 970.202 0.174595
1 50 970.8 970.903 0.10266
27 53 961.545 961.647 0.102658
9 50 981.31 981.413 0.102658
35 64 981.97 982.155 0.184835
43 53 974.16 974.258 0.0975389
10 50 970.276 970.373 0.0975409
41 58 985.935 986.264 0.328711
39 64 1166.71 1166.81 0.0975371
1 50 1120.8 1120.9 0.0975396
49 0 1164.2 0 -1164.2
35 64 1000.27 1000.44 0.174595
22 55 1000.83 1000.93 0.102658
45 63 988.81 988.913 0.102658
44 60 990.849 990.947 0.0975368
34 64 990.62 990.723 0.102658
38 64 997.614 997.789 0.174595
4 51 992.627 992.73 0.102659
23 55 990.096 990.193 0.0975412
46 60 1005.45 1005.55 0.0975395
1 50 1000.8 1000.9 0.10266
27 53 991.545 991.642 0.0975381
42 53 992.462 992.565 0.102659
30 53 1012.07 1012.17 0.0975383
16 55 1013 1013.1 0.0975382
37 64 1001.38 1001.48 0.102659
32 53 1015.16 1015.25 0.0975395
43 53 1004.16 1004.26 0.0975389
41 58 1018.48 1018.81 0.328711
5 51 1014.53 1014.63 0.0975373
39 64 1016.71 1016.81 0.102657
25 55 1015.99 1016.09 0.102661
26 53 1167.91 1168.02 0.10266
4 51 1112.63 1112.72 0.097539
26 53 1017.91 1018.01 0.0975399
43 53 1154.16 1154.26 0.0975389
36 64 1006.8 1006.97 0.174597
9 50 1011.31 1011.41 0.097538
44 60 1020.85 1020.95 0.0975368
42 53 1022.46 1022.56 0.0975391
4 51 1022.63 1022.73 0.102659
32 53 1045.16 1045.25 0.0975395
1 50 1030.8 1030.9 0.10266
34 64 1020.62 1020.72 0.102658
23 55 1020.1 1020.19 0.0975412
27 53 1021.54 1021.64 0.0975381
43 53 1034.16 1034.26 0.0975389
34 64 1050.62 1050.72 0.102658
37 64 1031.38 1031.48 0.102659
39 64 1046.71 1046.81 0.0975371
16 55 1043 1043.1 0.0975382
5 51 1044.53 1044.63 0.0975373
25 55 1045.99 1046.09 0.0975406
9 50 1071.31 1071.41 0.097538
45 63 1048.81 1048.91 0.102658
41 58 1051.02 1051.35 0.328711
10 50 1030.28 1030.37 0.0975409
38 64 1027.61 1027.79 0.174595
43 53 1064.16 1064.26 0.0975389
36 64 1036.8 1036.97 0.174597
26 53 1047.91 1048.01 0.0975399
46 60 1065.45 1065.55 0.0975395
30 53 1042.07 1042.18 0.102658
25 55 1165.99 1166.09 0.0975406
35 64 1055.31 1055.49 0.174595
9 50 1041.31 1041.41 0.097538
30 53 1072.07 1072.18 0.102658
5 51 1074.53 1074.63 0.0975373
27 53 1051.54 1051.64 0.0975381
44 60 1050.85 1050.95 0.0975368
23 55 1050.1 1050.19 0.0975412
36 64 1066.8 1066.97 0.174597
42 53 1052.46 1052.56 0.0975391
4 51 1052.63 1052.73 0.102659
18 55 1162.62 1164.92 2.30196
25 55 1075.99 1076.09 0.0975406
44 60 1080.85 1080.95 0.0975368
45 63 1078.81 1078.91 0.102658
26 53 1077.91 1078.01 0.0975399
23 55 1110.1 1110.19 0.0975412
39 64 1076.71 1076.81 0.0975371
35 64 1145.31 1145.41 0.0975391
32 53 1075.16 1075.25 0.0975395
39 64 1136.71 1136.81 0.0975371
44 60 1140.85 1140.95 0.0975368
34 64 1080.62 1080.72 0.102658
38 64 1147.61 1147.71 0.0975389
19 55 1188.59 1188.77 0.174598
33 53 1160.72 1160.83 0.102658
41 58 1116.1 1116.43 0.328711
44 60 1110.85 1110.95 0.0975368
42 53 1082.46 1082.56 0.0975391
23 55 1080.1 1080.19 0.0975412
35 64 1175.31 1175.41 0.0975391
22 55 1090.83 1090.93 0.0975382
27 53 1081.54 1081.64 0.0975381
4 51 1082.63 1082.72 0.097539
1 50 1090.8 1090.9 0.0975396
37 64 1091.38 1091.48 0.102659
1 50 1150.8 1150.9 0.10266
35 64 1085.31 1085.42 0.102659
36 64 1096.8 1096.97 0.174597
46 60 1095.45 1095.55 0.0975395
5 51 1104.53 1104.63 0.0975373
35 64 1115.31 1115.41 0.0975391
42 53 1112.46 1112.56 0.0975391
43 53 1094.16 1094.26 0.0975389
37 64 1151.38 1151.48 0.0975388
7 51 1139.83 1140.01 0.184835
39 64 1106.71 1106.81 0.0975371
16 55 1103 1103.1 0.0975382
25 55 1105.99 1106.09 0.0975406
10 50 1090.28 1090.38 0.102661
34 64 1110.62 1110.72 0.102658
45 63 1108.81 1108.91 0.102658
26 53 1107.91 1108.02 0.10266
38 64 1087.61 1087.71 0.0975389
32 53 1105.16 1105.25 0.0975395
30 53 1102.07 1102.18 0.102658
9 50 1101.31 1101.41 0.097538
27 53 1111.54 1111.64 0.0975381
29 53 1163.81 1166.11 2.30196
46 60 1155.45 1155.55 0.0975395
17 54 1173.38 1173.48 0.10266
23 55 1170.1 1170.19 0.0975412
9 50 1191.31 1191.41 0.097538
9 50 1161.31 1161.41 0.097538
34 64 1170.62 1170.72 0.0975376
42 53 1172.46 1172.56 0.0975391
16 55 1163 1163.1 0.0975382
45 63 1168.81 1168.91 0.0975378
30 53 1162.07 1162.17 0.0975383
32 53 1165.16 1165.25 0.0975395
36 64 1156.8 1156.97 0.174597
27 53 1171.54 1171.64 0.0975381
44 60 1170.85 1170.95 0.0975368
