0 41 1.32261 3.62456 2.30195
39 0 1.98449 0 -1.98449
16 46 14.7353 17.0373 2.30196
10 42 687.433 689.735 2.30195
12 0 2.73362 0 -2.73362
33 42 690.964 693.266 2.30196
26 50 2.84057 5.14252 2.30195
21 52 3.16082 5.46278 2.30196
28 42 698.523 700.825 2.30195
17 45 3.39799 5.69995 2.30196
5 41 3.91077 6.21273 2.30196
10 0 3.75355 0 -3.75355
15 52 4.66486 6.96681 2.30195
3 0 4.92899 0 -4.92899
8 41 689.718 692.02 2.30196
19 52 5.45733 7.75928 2.30195
1 0 5.37794 0 -5.37794
30 42 706.459 708.76 2.30196
17 0 687.078 0 -687.078
8 41 6.03856 8.34051 2.30196
28 42 14.8436 17.1456 2.30195
33 42 7.28449 9.58645 2.30196
31 46 7.79561 10.0976 2.30195
37 52 16.3329 18.6349 2.30196
9 41 8.85844 11.1604 2.30195
7 42 19.234 21.536 2.30196
25 50 11.2435 13.5454 2.30195
23 53 14.5308 16.8327 2.30196
22 53 19.4258 21.7277 2.30196
38 44 18.8084 21.1104 2.30196
2 41 17.9216 20.2235 2.30196
4 42 18.7562 21.0582 2.30196
20 52 707.786 710.088 2.30195
18 45 22.2783 24.5803 2.30196
16 46 698.415 700.717 2.30196
29 42 23.9175 26.2194 2.30195
20 52 24.1067 26.4087 2.30195
30 0 22.7788 0 -22.7788
32 46 23.4107 25.7126 2.30195
34 42 25.2573 27.5592 2.30196
11 0 25.7413 0 -25.7413
6 0 25.6462 0 -25.6462
35 52 26.9523 29.2542 2.30196
24 53 26.4387 28.7407 2.30196
27 50 27.5508 29.8528 2.30196
14 52 29.4483 31.7502 2.30196
36 45 27.8132 30.1151 2.30195
18 45 250.172 252.474 2.30196
32 46 251.304 253.606 2.30195
13 41 29.4459 31.7479 2.30195
20 52 252 254.302 2.30195
29 42 251.811 254.113 2.30195
26 50 686.52 688.822 2.30195
30 42 250.672 252.974 2.30196
32 46 934.984 935.086 0.102659
27 50 255.444 257.746 2.30196
22 53 247.319 249.621 2.30196
15 52 688.345 690.647 2.30195
11 41 253.635 255.937 2.30196
21 0 686.841 0 -686.841
7 0 247.127 0 -247.127
14 51 713.128 715.43 2.30196
27 0 711.231 0 -711.231
13 41 713.126 715.428 2.30195
9 41 464.645 466.947 2.30195
0 41 229.216 231.518 2.30195
39 50 229.878 232.18 2.30196
12 42 230.627 232.929 2.30195
26 50 230.734 233.036 2.30195
21 0 231.054 0 -231.054
17 0 231.291 0 -231.291
10 42 231.647 233.949 2.30195
5 41 231.804 234.106 2.30196
15 52 232.558 234.86 2.30195
3 42 232.822 235.124 2.30195
1 0 233.271 0 -233.271
19 52 233.351 235.653 2.30195
8 41 233.932 236.234 2.30196
33 42 235.178 237.48 2.30196
31 46 235.689 237.991 2.30195
9 41 236.752 239.054 2.30195
25 50 239.137 241.439 2.30195
23 53 242.424 244.726 2.30196
16 46 242.629 244.931 2.30196
28 42 242.737 245.039 2.30195
37 52 244.226 246.528 2.30196
2 0 245.815 0 -245.815
4 0 246.649 0 -246.649
38 44 246.702 249.004 2.30196
18 45 705.958 708.26 2.30196
18 45 478.065 480.367 2.30196
7 42 702.914 705.216 2.30196
38 44 702.488 704.79 2.30196
6 41 253.539 255.841 2.30196
34 42 253.151 255.452 2.30196
35 52 254.846 257.147 2.30196
24 53 254.332 256.634 2.30196
36 45 255.706 258.008 2.30195
29 42 707.597 709.899 2.30195
2 41 701.601 703.903 2.30196
14 52 257.342 259.643 2.30196
13 41 257.339 259.641 2.30195
31 46 463.582 465.884 2.30195
23 0 698.21 0 -698.21
3 47 688.609 690.911 2.30198
5 0 687.591 0 -687.591
32 46 707.09 709.392 2.30195
19 52 689.137 691.439 2.30195
25 50 694.923 697.225 2.30195
35 52 482.739 485.041 2.30196
38 44 474.595 476.897 2.30196
32 46 479.197 481.499 2.30195
20 52 479.893 482.195 2.30195
30 42 478.565 480.867 2.30196
6 41 481.433 483.735 2.30196
7 42 475.021 477.322 2.30196
22 53 475.212 477.514 2.30196
12 42 686.413 688.715 2.30195
39 50 685.664 687.966 2.30196
0 41 685.002 687.304 2.30195
4 42 702.436 704.738 2.30196
2 41 473.708 476.01 2.30196
34 43 708.937 711.239 2.30196
14 52 485.235 487.537 2.30196
24 0 710.118 0 -710.118
34 43 481.044 483.346 2.30196
36 45 483.6 485.902 2.30195
36 44 711.493 713.795 2.30196
33 42 463.071 465.373 2.30196
25 50 467.03 469.332 2.30195
23 53 470.317 472.619 2.30196
11 41 481.528 483.83 2.30196
27 0 483.337 0 -483.337
24 0 482.225 0 -482.225
35 52 710.632 712.934 2.30196
4 42 474.543 476.845 2.30196
16 46 470.522 472.824 2.30196
28 42 470.63 472.932 2.30195
37 52 472.119 474.421 2.30196
11 41 709.421 711.723 2.30196
0 41 457.109 459.411 2.30195
39 0 457.771 0 -457.771
12 42 458.52 460.822 2.30195
26 50 458.627 460.929 2.30195
21 0 458.947 0 -458.947
17 0 459.184 0 -459.184
10 42 459.54 461.842 2.30195
5 0 459.697 0 -459.697
15 0 460.451 0 -460.451
3 42 460.715 463.017 2.30195
1 0 461.164 0 -461.164
19 52 461.244 463.546 2.30195
8 41 461.825 464.127 2.30196
18 45 933.851 934.036 0.184837
6 41 709.326 711.628 2.30196
1 42 689.058 691.36 2.30196
9 41 692.538 694.84 2.30195
37 52 700.013 702.315 2.30196
22 53 703.106 705.407 2.30196
31 46 691.475 693.777 2.30195
13 41 485.232 487.534 2.30195
29 42 479.704 482.006 2.30195
34 42 936.83 936.933 0.10266
31 46 937.796 937.898 0.102658
20 45 935.68 937.982 2.30196
33 42 937.284 937.459 0.174597
16 46 926.308 928.61 2.30196
32 46 953.411 953.508 0.0975386
18 45 952.278 952.453 0.174597
2 41 929.495 931.797 2.30196
23 53 926.104 928.406 2.30196
22 53 930.999 933.301 2.30196
29 49 935.49 937.792 2.30196
38 44 930.381 930.484 0.102661
7 42 930.807 933.109 2.30196
28 42 926.417 928.719 2.30195
13 41 941.019 941.204 0.184834
0 41 912.896 912.998 0.102658
39 43 913.557 915.859 2.30196
12 42 914.307 916.609 2.30195
26 50 914.414 914.516 0.102659
21 0 914.734 0 -914.734
17 0 914.971 0 -914.971
10 0 915.327 0 -915.327
5 0 915.484 0 -915.484
15 49 916.238 918.54 2.30196
3 0 916.502 0 -916.502
1 0 916.951 0 -916.951
19 52 917.03 917.133 0.102657
8 41 917.612 919.914 2.30196
33 42 918.857 919.042 0.184837
31 46 919.369 919.553 0.184834
9 41 920.431 920.534 0.102656
25 50 922.816 925.118 2.30195
0 41 961.323 961.425 0.102658
4 42 930.329 932.631 2.30196
30 43 934.352 936.654 2.30196
11 41 937.314 939.616 2.30196
37 52 927.906 928.009 0.10266
6 42 937.219 939.521 2.30196
26 50 932.841 932.943 0.102659
24 50 938.012 940.314 2.30196
35 52 938.525 938.71 0.184836
27 50 939.124 941.426 2.30196
36 44 939.386 939.571 0.184839
14 52 941.021 943.323 2.30196
0 41 931.323 931.425 0.102658
19 52 935.457 935.56 0.102657
9 41 938.858 938.956 0.0975363
34 42 955.257 955.355 0.0975399
35 52 956.952 957.127 0.174596
19 52 1025.46 1025.55 0.097537
37 52 946.333 946.436 0.10266
38 44 948.808 948.911 0.102661
9 41 968.858 968.961 0.102656
31 46 997.796 997.898 0.102658
36 45 957.813 957.988 0.174594
15 52 1154.29 1154.4 0.102659
13 41 959.446 959.62 0.174594
33 42 967.284 967.459 0.174597
26 50 962.841 962.943 0.102659
37 52 976.333 976.43 0.0975397
19 52 965.457 965.555 0.097537
31 46 967.796 967.893 0.0975383
18 45 982.278 982.453 0.174597
9 41 998.858 998.956 0.0975363
35 52 986.952 987.127 0.174596
32 46 983.411 983.513 0.102659
38 44 978.808 978.911 0.102661
19 52 995.457 995.555 0.097537
13 41 989.446 989.549 0.102658
32 46 1133.41 1133.51 0.0975386
26 50 992.841 992.943 0.102659
36 45 1017.81 1017.91 0.0975378
34 42 985.257 985.36 0.10266
26 50 1022.84 1022.94 0.102659
36 45 987.813 987.916 0.102658
35 52 1016.95 1017.13 0.174596
37 52 1006.33 1006.44 0.10266
0 41 991.323 991.425 0.102658
33 42 997.284 997.459 0.174597
9 41 1028.86 1028.96 0.0975363
32 46 1013.41 1013.51 0.102659
37 52 1186.33 1186.43 0.0975397
18 45 1012.28 1012.45 0.174597
26 50 1052.84 1052.94 0.0975389
38 44 1008.81 1008.91 0.102661
33 42 1027.28 1027.39 0.102661
31 46 1027.8 1027.89 0.0975383
37 52 1036.33 1036.44 0.10266
34 42 1015.26 1015.36 0.10266
13 41 1019.45 1019.54 0.0975384
0 41 1021.32 1021.43 0.102658
31 46 1057.8 1057.89 0.0975383
32 46 1043.41 1043.51 0.102659
38 44 1038.81 1038.91 0.102661
18 45 1042.28 1042.38 0.102661
34 42 1045.26 1045.36 0.10266
31 46 1087.8 1087.89 0.0975383
36 45 1047.81 1047.92 0.102658
13 41 1049.45 1049.55 0.102658
37 52 1066.33 1066.44 0.10266
35 52 1046.95 1047.13 0.174596
37 52 1096.33 1096.43 0.0975397
33 42 1057.28 1057.39 0.102661
35 52 1076.95 1077.13 0.174596
28 42 1154.31 1156.61 2.30195
15 52 1174.66 1174.77 0.102659
19 52 1055.46 1055.55 0.097537
0 41 1051.32 1051.42 0.0975383
35 52 1166.95 1167.13 0.174596
36 45 1077.81 1077.92 0.102658
18 45 1072.28 1072.38 0.0975408
21 51 1142.63 1144.93 2.30196
33 42 1087.28 1087.39 0.102661
9 41 1058.86 1058.96 0.0975363
38 44 1068.81 1068.91 0.102661
34 42 1075.26 1075.36 0.10266
19 52 1085.46 1085.55 0.097537
38 44 1098.81 1098.91 0.0975412
13 41 1139.45 1139.55 0.102658
32 46 1073.41 1073.51 0.102659
26 50 1082.84 1082.94 0.0975389
3 48 1144.4 1146.7 2.30196
23 53 1154 1154.1 0.102661
0 41 1081.32 1081.43 0.102658
13 41 1079.45 1079.55 0.102658
15 52 1144.13 1144.23 0.102659
26 50 1142.84 1142.94 0.0975389
17 46 1142.86 1145.17 2.30196
18 45 1102.28 1102.38 0.0975408
11 41 1165.21 1167.51 2.30196
36 45 1107.81 1107.92 0.102658
10 41 1143.22 1145.52 2.30196
31 46 1117.8 1117.89 0.0975383
2 41 1157.39 1157.49 0.10266
38 44 1128.81 1128.91 0.102661
9 41 1088.86 1088.96 0.102656
4 42 1158.22 1158.33 0.102661
34 42 1105.26 1105.35 0.0975399
26 50 1112.84 1112.94 0.0975389
6 42 1165.11 1167.41 2.30196
7 42 1158.7 1158.89 0.184837
39 50 1141.45 1143.75 2.30196
8 41 1145.5 1145.61 0.10266
35 52 1106.95 1107.13 0.174596
32 46 1103.41 1103.51 0.102659
33 42 1117.28 1117.39 0.102661
30 0 1162.25 0 -1162.25
13 41 1109.45 1109.55 0.102658
22 53 1158.89 1159.22 0.32871
1 0 1144.84 0 -1144.84
12 42 1142.2 1144.5 2.30195
25 50 1150.71 1151.33 0.616451
0 41 1111.32 1111.42 0.0975383
36 45 1137.81 1137.92 0.102658
7 42 1177 1177.1 0.102661
19 52 1145.46 1145.55 0.097537
18 45 1162.28 1162.38 0.102661
37 52 1126.33 1126.43 0.0975397
19 52 1115.46 1115.55 0.097537
5 0 1143.38 0 -1143.38
9 41 1118.86 1118.96 0.0975363
16 46 1154.2 1154.3 0.102659
18 45 1132.28 1132.38 0.102661
34 42 1135.26 1135.35 0.0975399
27 50 1167.02 1169.32 2.30196
24 53 1165.9 1168.21 2.30196
35 52 1136.95 1137.13 0.174596
20 52 1163.57 1163.68 0.102659
29 42 1163.38 1165.69 2.30195
33 42 1147.28 1147.39 0.102661
31 46 1147.8 1147.89 0.0975383
14 52 1168.91 1169.53 0.616452
0 41 1141.32 1141.42 0.0975383
23 53 1164.16 1164.26 0.102661
37 52 1156.33 1156.43 0.0975397
36 45 1167.81 1167.92 0.102658
38 44 1158.81 1158.91 0.102661
9 41 1148.86 1148.96 0.0975363
13 42 1169.45 1169.55 0.102662
34 42 1165.26 1165.36 0.10266
5 0 1371.27 0 -1371.27
21 52 1370.52 1372.82 2.30196
19 52 1175.46 1175.55 0.097537
32 46 1163.41 1163.51 0.0975386
17 52 1370.76 1373.06 2.30196
3 42 1372.29 1372.9 0.61645
1 42 1372.74 1375.04 2.30196
9 41 1178.86 1178.96 0.0975363
0 41 1171.32 1171.42 0.0975383
12 42 1370.09 1370.2 0.102659
22 53 1191.43 1191.62 0.184838
8 41 1176.04 1176.14 0.0975403
38 44 1188.81 1188.91 0.102661
31 46 1177.8 1177.89 0.0975383
10 49 1371.11 1373.41 2.30196
26 50 1172.84 1172.94 0.0975389
39 50 1369.34 1369.67 0.328711
33 42 1177.28 1177.39 0.102661
28 42 1382.2 1382.82 0.616449
24 53 1393.8 1394.13 0.32871
25 50 1211.74 1212.35 0.616451
4 42 1188.76 1188.85 0.0975413
16 46 1184.74 1184.83 0.0975391
7 42 1189.23 1189.33 0.0975411
6 42 1393.01 1393.11 0.10266
18 45 1192.28 1192.38 0.102661
2 41 1187.92 1188.02 0.09754
23 53 1184.53 1184.63 0.0975406
11 41 1393.1 1393.2 0.102661
30 0 1390.14 0 -1390.14
35 52 1196.95 1197.13 0.174596
29 42 1391.28 1393.58 2.30195
34 42 1195.26 1195.36 0.10266
20 52 1194.11 1194.2 0.0975386
32 46 1193.41 1193.51 0.0975386
27 53 1394.91 1395.24 0.328711
36 45 1197.81 1197.92 0.102658
14 52 1229.94 1230.27 0.328708
13 41 1199.45 1199.55 0.102658
