7 26 2.71559 5.01755 2.30196
1 28 3.69082 5.99278 2.30196
2 24 8.67593 10.9779 2.30195
14 28 12.0482 14.3501 2.30195
16 29 8.24929 10.5513 2.30196
13 34 7.1446 9.44655 2.30196
0 24 9.18327 11.4852 2.30196
6 28 1184.88 1184.99 0.102658
15 31 12.8395 15.1415 2.30195
11 34 12.0971 14.399 2.30196
6 28 14.8834 17.1854 2.30195
4 28 21.9274 24.2294 2.30196
19 30 19.8316 22.1335 2.30195
3 28 20.8169 23.1189 2.30196
17 36 22.3594 24.6613 2.30195
18 27 24.94 27.242 2.30196
10 26 24.9356 27.2376 2.30196
1 28 1159.38 1159.71 0.328708
9 31 25.5144 27.8164 2.30196
12 34 1067.55 1067.74 0.184834
5 24 28.7555 31.0575 2.30195
8 26 29.213 31.5149 2.30196
12 34 29.8696 32.1716 2.30195
5 24 1062.39 1062.71 0.328707
9 30 253.408 255.71 2.30196
4 28 249.821 252.123 2.30196
17 36 250.253 252.555 2.30195
3 28 248.71 251.012 2.30196
7 26 1190.94 1191.27 0.328708
8 26 257.106 259.408 2.30196
7 26 230.609 232.911 2.30196
1 28 231.584 233.886 2.30196
13 34 235.038 237.34 2.30196
16 29 236.143 238.444 2.30196
2 24 236.569 238.871 2.30195
0 25 237.077 239.378 2.30196
14 28 239.941 242.243 2.30195
11 34 239.99 242.292 2.30196
15 31 240.733 243.035 2.30195
6 28 242.777 245.079 2.30195
19 30 247.725 250.027 2.30195
16 29 1204.59 1204.92 0.32871
4 28 1041.93 1042.02 0.0975401
5 24 256.649 258.951 2.30195
18 27 252.833 255.135 2.30196
10 30 252.829 255.131 2.30196
18 27 1164.94 1165.04 0.0975391
12 34 257.763 260.065 2.30195
19 30 1159.83 1160.01 0.174594
2 24 1028.68 1028.77 0.0975384
15 31 1182.84 1182.94 0.0975371
5 24 484.542 486.844 2.30195
19 30 475.618 477.92 2.30195
0 24 464.97 467.272 2.30196
2 24 464.462 466.764 2.30195
5 24 1178.31 1178.48 0.174595
12 34 485.656 487.958 2.30195
15 31 1152.84 1152.94 0.102657
7 26 458.502 460.804 2.30196
1 28 459.477 461.779 2.30196
13 34 462.931 465.233 2.30196
16 29 464.036 466.338 2.30196
14 28 1045.68 1046.01 0.328707
11 34 467.884 470.186 2.30196
6 28 470.67 472.972 2.30195
15 31 468.626 470.928 2.30195
14 28 467.835 470.137 2.30195
7 26 1036.35 1036.96 0.616452
8 26 1062.84 1063.46 0.616452
4 24 1161.93 1162.02 0.0975419
9 0 481.301 0 -481.301
3 28 476.603 478.905 2.30196
18 27 480.726 483.028 2.30196
4 28 477.714 480.016 2.30196
10 0 480.722 0 -480.722
17 36 478.146 480.448 2.30195
8 26 484.999 487.301 2.30196
18 27 1134.94 1135.04 0.0975391
16 29 1049.99 1050.61 0.616454
3 28 1160.28 1160.9 0.616453
18 27 936.513 936.616 0.102659
0 24 1209.68 1210.29 0.616453
7 26 686.395 688.697 2.30196
1 28 687.371 689.673 2.30196
13 34 690.824 693.126 2.30196
16 29 691.929 694.231 2.30196
2 24 692.356 694.658 2.30195
0 0 692.863 0 -692.863
14 28 695.728 698.03 2.30195
11 34 695.777 698.079 2.30196
15 31 696.519 698.821 2.30195
6 28 698.563 700.865 2.30195
19 30 703.511 705.813 2.30195
3 29 704.497 706.799 2.30196
4 24 705.607 707.909 2.30196
17 26 706.039 708.341 2.30196
10 26 708.615 710.917 2.30196
18 27 708.62 710.922 2.30196
9 31 709.194 711.496 2.30196
13 34 1177.14 1177.25 0.102659
8 26 712.893 715.195 2.30196
5 24 712.435 714.737 2.30195
12 34 713.549 715.851 2.30195
18 27 1044.94 1045.04 0.102659
4 28 1131.93 1132.02 0.0975401
13 34 1027.14 1027.32 0.174595
17 26 933.932 936.234 2.30196
19 30 1057.52 1057.85 0.328706
13 34 1147.14 1147.24 0.0975393
11 34 1053.84 1054.17 0.328708
2 24 1178.68 1178.77 0.0975384
17 36 1161.83 1162.44 0.616451
2 24 938.676 938.779 0.102658
13 34 951.259 951.444 0.184835
13 34 1057.14 1057.25 0.102659
1 28 1037.32 1037.94 0.616452
7 26 1158.4 1158.73 0.328708
8 26 940.786 941.402 0.616452
7 26 975.317 975.933 0.616452
11 34 988.753 989.082 0.328708
6 28 1052.57 1052.75 0.184834
6 28 1154.88 1154.99 0.102658
14 28 1182.05 1182.22 0.174595
10 30 1164.4 1166.7 2.30196
6 28 926.456 927.073 0.61645
19 30 931.405 932.021 0.61645
10 0 936.509 0 -936.509
11 34 956.212 956.54 0.328708
7 26 914.289 914.905 0.616452
1 28 915.264 915.88 0.616452
13 34 918.718 919.046 0.328707
16 29 919.822 921.137 1.31482
2 24 920.249 920.352 0.102658
0 28 920.756 923.058 2.30196
14 29 923.621 924.238 0.616456
11 34 923.67 923.999 0.328708
15 31 924.413 924.597 0.184833
4 28 933.5 933.829 0.328708
3 28 932.39 934.692 2.30196
2 24 1148.68 1148.77 0.0975384
12 34 941.443 942.059 0.61645
9 31 937.087 939.389 2.30196
12 34 1169.87 1169.97 0.102658
5 28 940.329 940.945 0.616456
4 28 966.042 966.227 0.184836
18 27 1104.94 1105.04 0.0975391
18 27 954.94 955.043 0.102659
15 31 942.84 943.014 0.174593
13 34 969.558 969.732 0.174595
18 27 984.94 985.043 0.102659
1 28 976.292 976.909 0.616452
15 31 972.84 972.942 0.102657
2 24 968.676 968.779 0.102658
14 28 984.65 985.266 0.616451
12 34 1002.47 1002.8 0.328706
8 26 1001.81 1002.43 0.616452
6 28 987.485 987.813 0.328706
4 28 984.34 984.515 0.174596
5 24 1001.36 1001.97 0.616451
19 30 992.433 992.762 0.328706
15 31 1032.84 1032.94 0.0975371
11 34 1021.3 1021.62 0.328708
15 31 1002.84 1002.94 0.0975371
2 24 998.676 998.773 0.0975384
12 34 1035.01 1035.34 0.328706
13 34 997.145 997.319 0.174595
18 27 1014.94 1015.04 0.0975391
19 30 1024.97 1025.3 0.328706
6 28 1020.03 1020.36 0.328706
4 28 1011.93 1012.03 0.10266
7 26 1097.37 1097.99 0.616452
16 29 1111.02 1111.63 0.616454
11 34 1086.38 1086.71 0.328708
12 34 1085.85 1086.03 0.174594
15 31 1062.84 1062.94 0.0975371
2 24 1058.68 1058.77 0.0975384
11 34 1184 1184.33 0.328708
19 30 1189.83 1190.01 0.174594
18 27 1074.94 1075.04 0.102659
4 28 1071.93 1072.02 0.0975401
14 28 1078.22 1078.55 0.328707
5 24 1094.93 1095.26 0.328707
6 28 1124.88 1124.98 0.0975382
19 30 1090.06 1090.24 0.184834
6 28 1070.87 1071.04 0.174594
2 24 1088.68 1088.77 0.0975384
19 30 1129.83 1130.01 0.174594
1 28 1191.92 1192.25 0.328708
8 26 1188.95 1189.14 0.184836
14 28 1152.05 1152.22 0.174595
1 28 1098.35 1098.97 0.616452
6 28 1094.88 1094.99 0.102658
13 34 1087.14 1087.24 0.0975393
5 24 1127.47 1127.8 0.328707
8 26 1156.41 1156.74 0.328708
15 31 1092.84 1092.94 0.102657
14 28 1110.76 1110.95 0.184835
11 34 1118.92 1119.25 0.328708
4 28 1101.93 1102.02 0.0975401
9 30 1164.98 1165.17 0.184837
0 24 1148.65 1149.27 0.616453
8 26 1123.87 1124.2 0.328708
2 24 1118.68 1118.77 0.0975384
19 30 1108.36 1108.53 0.174594
16 29 1172.05 1172.37 0.32871
12 34 1109.87 1110.04 0.174594
13 34 1117.14 1117.24 0.0975393
5 24 1160.01 1160.2 0.184835
12 34 1139.87 1140.04 0.174594
11 34 1151.46 1151.79 0.328708
14 28 1129.06 1129.23 0.174595
15 31 1122.84 1122.94 0.102657
9 30 1195.51 1195.69 0.174597
18 27 1194.94 1195.04 0.0975391
12 34 1199.87 1199.97 0.0975383
4 28 1191.93 1192.02 0.0975401
8 26 1207.25 1207.43 0.174596
10 30 1392.3 1392.4 0.102662
5 24 1198.76 1198.93 0.174595
3 28 1221.31 1221.64 0.328709
17 36 1222.85 1223.47 0.616451
