0 10 2.61843 4.92039 2.30196
3 10 4.04879 6.35076 2.30196
5 0 8.31036 0 -8.31036
7 10 6.26693 8.5689 2.30197
8 10 5.36687 7.66884 2.30197
4 10 9.20429 11.5063 2.30196
1 10 17.0866 19.3886 2.30196
9 10 19.888 22.19 2.30197
2 10 23.2062 25.5081 2.30196
6 10 26.5787 28.8806 2.30196
2 10 251.099 253.401 2.30196
1 10 472.873 475.175 2.30196
6 10 482.365 484.667 2.30196
6 10 254.472 256.774 2.30196
0 0 230.512 0 -230.512
3 0 231.942 0 -231.942
8 10 233.26 235.562 2.30197
7 0 234.16 0 -234.16
5 0 236.204 0 -236.204
4 10 237.098 239.399 2.30196
1 10 244.98 247.282 2.30196
9 10 247.781 250.083 2.30197
4 10 464.991 467.293 2.30196
2 10 478.993 481.295 2.30196
9 10 475.675 477.977 2.30197
1 10 928.66 929.276 0.616461
0 10 458.405 460.707 2.30196
3 10 459.835 462.137 2.30196
8 10 461.153 463.455 2.30197
7 10 462.053 464.355 2.30197
5 10 464.097 466.399 2.30196
6 10 710.258 712.56 2.30196
4 10 939.204 939.307 0.102662
0 0 686.298 0 -686.298
3 0 687.729 0 -687.729
8 0 689.047 0 -689.047
7 0 689.947 0 -689.947
5 0 691.99 0 -691.99
4 10 692.884 695.186 2.30196
1 10 700.766 703.068 2.30196
9 0 703.568 0 -703.568
2 10 706.886 709.188 2.30196
6 10 938.152 940.454 2.30196
4 10 969.204 969.307 0.102662
9 10 931.461 933.763 2.30197
2 0 934.779 0 -934.779
5 0 1375.67 0 -1375.67
1 10 989.688 990.304 0.616461
0 10 914.191 916.493 2.30196
3 10 915.622 917.924 2.30196
8 0 916.94 0 -916.94
7 10 917.84 920.142 2.30197
5 0 919.883 0 -919.883
4 10 920.777 920.88 0.102662
4 10 999.204 999.307 0.102662
8 0 1372.73 0 -1372.73
0 10 1369.98 1370.59 0.61646
4 10 1029.2 1029.3 0.0975423
1 10 1050.72 1051.33 0.616461
5 10 1147.78 1150.08 2.30196
3 10 1371.41 1373.71 2.30196
4 10 1179.2 1179.3 0.0975423
4 10 1059.2 1059.3 0.0975423
3 0 1143.52 0 -1143.52
7 0 1373.63 0 -1373.63
1 10 1111.74 1112.36 0.616461
1 10 1233.8 1234.42 0.616461
4 10 1089.2 1089.31 0.102662
7 0 1145.73 0 -1145.73
6 0 1166.04 0 -1166.04
8 0 1144.83 0 -1144.83
2 10 1162.67 1164.97 2.30196
0 10 1142.08 1144.39 2.30196
4 10 1119.2 1119.31 0.102662
9 10 1159.35 1160.67 1.31483
2 10 1390.57 1391.18 0.616461
4 10 1149.2 1149.3 0.0975423
6 10 1393.94 1396.24 2.30196
1 10 1172.77 1173.39 0.616461
9 10 1289.52 1290.84 1.31483
