22 45 2.48584 4.7878 2.30196
20 45 2.91617 5.21813 2.30196
13 0 10.0632 0 -10.0632
6 42 8.59255 10.8945 2.30196
0 45 10.1069 12.4089 2.30196
11 0 9.36275 0 -9.36275
35 40 1151.35 1151.45 0.0975382
32 40 3.49162 5.79357 2.30195
39 43 3.49422 5.79618 2.30196
17 42 4.36663 6.66859 2.30196
31 0 4.48857 0 -4.48857
33 0 5.26518 0 -5.26518
27 45 6.66657 8.96853 2.30196
23 45 6.48913 8.79109 2.30196
34 40 7.50228 9.80423 2.30195
3 45 6.70041 9.00237 2.30196
35 40 11.348 13.65 2.30195
38 43 11.8136 14.1156 2.30196
25 45 14.9095 17.2115 2.30196
10 41 12.7537 15.0557 2.30196
14 45 14.0659 16.3678 2.30196
16 0 16.7118 0 -16.7118
0 45 1377.47 1379.77 2.30196
8 0 15.9086 0 -15.9086
21 0 15.4418 0 -15.4418
36 40 16.2854 18.5873 2.30195
4 42 17.09 19.392 2.30196
19 0 19.2758 0 -19.2758
15 0 18.4129 0 -18.4129
7 45 18.277 20.579 2.30196
26 45 19.0931 21.395 2.30196
9 0 18.9793 0 -18.9793
24 45 22.7888 25.0907 2.30196
2 42 20.848 23.1499 2.30196
29 0 21.3768 0 -21.3768
22 45 1369.85 1371.16 1.31483
6 42 1178.59 1178.69 0.0975412
18 0 22.9252 0 -22.9252
12 42 24.3098 26.6118 2.30196
5 45 24.925 27.2269 2.30196
37 40 25.118 27.42 2.30195
1 41 26.5226 28.8246 2.30196
28 45 28.1631 30.4651 2.30196
30 40 29.4702 31.7722 2.30196
2 42 248.741 251.043 2.30196
24 45 250.682 252.984 2.30196
1 41 254.416 256.718 2.30196
36 40 472.072 474.374 2.30195
34 40 1157.13 1157.23 0.102658
30 40 485.257 487.559 2.30196
11 44 465.149 467.451 2.30196
12 0 480.096 0 -480.096
37 40 253.011 255.313 2.30195
30 40 257.363 259.665 2.30196
18 41 478.712 481.014 2.30196
38 43 1181.81 1181.99 0.174601
33 40 1372.62 1372.73 0.102658
6 42 1148.59 1148.69 0.0975412
5 45 252.818 255.12 2.30196
15 0 474.199 0 -474.199
29 45 249.27 251.572 2.30196
18 41 250.818 253.12 2.30196
12 42 252.203 254.505 2.30196
28 45 256.056 258.358 2.30196
22 45 230.379 232.681 2.30196
20 45 230.809 233.111 2.30196
32 40 231.385 233.687 2.30195
35 40 1181.35 1181.45 0.0975382
39 43 231.387 233.689 2.30196
17 42 232.26 234.562 2.30196
31 40 232.382 234.684 2.30196
33 0 233.158 0 -233.158
23 45 234.382 236.684 2.30196
27 0 234.56 0 -234.56
3 0 234.594 0 -234.594
34 40 235.396 237.697 2.30195
6 42 236.486 238.788 2.30196
11 0 237.256 0 -237.256
13 0 237.956 0 -237.956
0 45 238 240.302 2.30196
35 40 239.241 241.543 2.30195
38 43 239.707 242.009 2.30196
10 41 240.647 242.949 2.30196
14 42 241.959 244.261 2.30196
25 45 242.803 245.105 2.30196
21 45 243.335 245.637 2.30196
8 45 243.802 246.104 2.30196
36 40 244.179 246.481 2.30195
16 42 244.605 246.907 2.30196
4 0 244.983 0 -244.983
7 0 246.17 0 -246.17
15 0 246.306 0 -246.306
9 45 246.873 249.174 2.30196
26 0 246.986 0 -246.986
19 0 247.169 0 -247.169
38 43 1151.81 1151.99 0.174601
34 40 1177.5 1177.6 0.102658
4 0 472.877 0 -472.877
38 43 467.6 469.902 2.30196
2 42 476.634 478.936 2.30196
28 45 711.843 714.145 2.30196
8 45 471.695 473.997 2.30196
21 0 471.228 0 -471.228
5 0 480.711 0 -480.711
0 0 465.893 0 -465.893
26 0 474.88 0 -474.88
25 0 470.696 0 -470.696
14 42 469.852 472.154 2.30196
7 0 474.064 0 -474.064
20 45 932.916 933.019 0.102661
7 43 1157.74 1160.05 2.30197
24 45 478.575 480.877 2.30196
15 0 929.986 0 -929.986
1 0 482.309 0 -482.309
13 0 465.85 0 -465.85
16 42 472.498 474.8 2.30196
37 40 480.905 483.206 2.30195
6 42 464.379 466.681 2.30196
10 41 468.54 470.842 2.30196
29 0 477.163 0 -477.163
35 40 467.135 469.436 2.30195
9 0 474.766 0 -474.766
19 0 475.062 0 -475.062
28 45 483.95 486.252 2.30196
22 0 458.272 0 -458.272
20 45 458.703 461.005 2.30196
32 40 459.278 461.58 2.30195
39 43 459.281 461.583 2.30196
17 42 460.153 462.455 2.30196
31 43 460.275 462.577 2.30196
33 40 461.052 463.354 2.30195
23 45 462.276 464.578 2.30196
27 45 462.453 464.755 2.30196
3 45 462.487 464.789 2.30196
34 40 463.289 465.591 2.30195
13 45 1377.42 1379.72 2.30196
23 45 1176.49 1176.66 0.174596
27 0 1374.03 0 -1374.03
25 0 926.483 0 -926.483
21 45 1154.91 1157.21 2.30196
30 41 713.15 715.452 2.30196
36 40 946.285 946.388 0.102658
24 0 934.362 0 -934.362
1 41 710.202 712.504 2.30196
37 40 955.118 955.216 0.0975372
26 45 930.666 932.968 2.30196
19 41 930.849 933.151 2.30196
8 0 927.482 0 -927.482
22 0 686.166 0 -686.166
20 45 686.596 688.898 2.30196
32 40 687.171 689.473 2.30195
39 43 687.174 689.476 2.30196
17 42 688.046 690.348 2.30196
31 43 688.168 690.47 2.30196
33 41 688.945 691.247 2.30196
23 0 690.169 0 -690.169
27 0 690.346 0 -690.346
3 0 690.38 0 -690.38
34 0 691.182 0 -691.182
6 45 692.272 694.574 2.30196
11 0 693.042 0 -693.042
13 45 693.743 696.045 2.30196
0 0 693.787 0 -693.787
35 40 695.028 697.33 2.30195
38 43 695.493 697.795 2.30196
10 40 696.433 698.735 2.30197
14 45 697.746 700.048 2.30196
25 0 698.589 0 -698.589
21 0 699.121 0 -699.121
8 44 699.588 701.89 2.30196
36 41 699.965 702.267 2.30196
16 0 700.392 0 -700.392
4 0 700.77 0 -700.77
7 0 701.957 0 -701.957
15 45 702.093 704.395 2.30196
9 42 702.659 704.961 2.30196
26 0 702.773 0 -702.773
19 0 702.956 0 -702.956
2 42 704.528 706.83 2.30196
29 0 705.057 0 -705.057
24 45 706.469 708.77 2.30196
18 44 706.605 708.907 2.30196
12 0 707.99 0 -707.99
5 0 708.605 0 -708.605
37 40 708.798 711.1 2.30195
28 45 939.736 939.921 0.184836
21 0 927.015 0 -927.015
1 42 938.096 940.398 2.30196
30 40 941.043 941.66 0.616451
32 40 933.492 933.594 0.102658
17 42 934.367 934.469 0.102664
14 45 925.639 927.941 2.30196
11 0 1148.83 0 -1148.83
35 40 941.348 941.451 0.102658
29 0 932.95 0 -932.95
2 42 932.421 934.723 2.30196
18 41 934.498 936.8 2.30196
17 42 1084.37 1084.46 0.0975436
28 45 958.163 958.266 0.10266
39 43 933.494 933.597 0.102659
38 43 955.928 956.113 0.184841
6 42 938.593 938.69 0.0975412
22 44 914.059 916.361 2.30197
20 45 914.489 914.592 0.102661
32 40 915.065 915.167 0.102658
39 43 915.067 915.17 0.102659
17 42 915.94 916.124 0.18484
31 44 916.062 918.364 2.30197
33 40 916.838 919.14 2.30195
23 45 918.062 920.364 2.30196
27 0 918.24 0 -918.24
3 42 918.273 920.575 2.30196
34 40 919.075 921.377 2.30195
6 42 920.166 920.268 0.102661
11 41 920.936 923.238 2.30196
13 42 921.636 923.938 2.30196
0 42 921.68 923.982 2.30196
35 41 922.921 923.024 0.102663
38 43 923.387 923.715 0.328713
10 41 924.327 926.629 2.30196
16 0 928.285 0 -928.285
4 0 928.663 0 -928.663
9 41 930.552 932.854 2.30197
7 0 929.85 0 -929.85
36 40 927.858 927.961 0.102658
36 40 1156.29 1156.38 0.0975382
3 42 1374.06 1376.36 2.30196
20 45 1172.92 1173.01 0.0975408
37 40 936.691 936.794 0.102657
17 42 1114.37 1114.46 0.0975436
39 43 963.494 963.597 0.102659
12 41 935.883 938.185 2.30196
5 44 936.498 938.8 2.30196
28 45 988.163 988.266 0.10266
32 40 963.492 963.589 0.0975378
17 42 964.367 964.464 0.0975436
20 45 962.916 963.019 0.102661
38 43 974.227 974.401 0.174601
36 40 976.285 976.383 0.0975382
35 40 971.348 971.451 0.102658
30 40 1169.47 1169.57 0.102659
37 40 985.118 985.216 0.0975372
6 42 968.593 968.69 0.0975412
30 40 1002.07 1002.69 0.616451
17 42 994.367 994.464 0.0975436
39 43 993.494 993.592 0.0975393
17 42 1144.37 1144.46 0.0975436
20 45 992.916 993.014 0.0975408
28 45 1018.16 1018.26 0.0975402
32 40 993.492 993.594 0.102658
32 40 1023.49 1023.59 0.0975378
35 40 1001.35 1001.45 0.102658
38 43 1001.81 1001.99 0.174601
6 42 998.593 998.69 0.0975412
39 43 1173.49 1173.59 0.0975393
37 40 1015.12 1015.22 0.0975372
11 44 1376.72 1379.02 2.30196
32 40 1173.49 1173.59 0.0975378
17 42 1024.37 1024.46 0.0975436
36 40 1006.29 1006.39 0.102658
31 40 1143.95 1144.57 0.616453
39 43 1023.49 1023.59 0.0975393
20 45 1022.92 1023.01 0.0975408
28 45 1048.16 1048.27 0.10266
39 43 1143.49 1143.59 0.0975393
17 42 1054.37 1054.46 0.0975436
36 40 1036.29 1036.38 0.0975382
35 40 1031.35 1031.45 0.102658
37 40 1045.12 1045.22 0.0975372
6 42 1028.59 1028.69 0.0975412
38 43 1031.81 1031.99 0.174601
39 43 1053.49 1053.59 0.0975393
30 40 1063.1 1063.43 0.328707
32 40 1053.49 1053.59 0.0975378
6 42 1058.59 1058.69 0.0975412
20 45 1052.92 1053.01 0.0975408
39 43 1083.49 1083.59 0.0975393
35 40 1061.35 1061.45 0.0975382
28 45 1078.16 1078.27 0.10266
17 42 1174.37 1174.46 0.0975436
37 40 1105.12 1105.22 0.0975372
20 45 1082.92 1083.02 0.102661
38 43 1061.81 1061.99 0.174601
30 40 1095.64 1095.97 0.328707
37 40 1075.12 1075.22 0.0975372
28 45 1168.16 1168.26 0.0975402
37 40 1165.12 1165.22 0.0975372
36 40 1066.29 1066.38 0.0975382
32 40 1083.49 1083.59 0.0975378
22 45 1141.95 1144.25 2.30196
38 43 1091.81 1091.99 0.174601
35 40 1091.35 1091.45 0.0975382
36 40 1096.29 1096.38 0.0975382
20 45 1112.92 1113.02 0.102661
6 42 1088.59 1088.69 0.0975412
39 43 1113.49 1113.59 0.0975393
28 45 1138.16 1138.26 0.0975402
30 40 1128.18 1128.37 0.184835
0 0 1149.57 0 -1149.57
15 0 1157.88 0 -1157.88
28 45 1108.16 1108.27 0.10266
33 40 1144.73 1147.03 2.30195
32 40 1113.49 1113.59 0.0975378
31 40 1204.98 1205.6 0.616453
10 41 1152.22 1154.52 2.30196
9 0 1158.45 0 -1158.45
26 0 1158.56 0 -1158.56
35 40 1121.35 1121.45 0.0975382
38 43 1121.81 1121.99 0.174601
1 41 1165.99 1166.32 0.328712
36 40 1126.29 1126.38 0.0975382
13 45 1149.53 1151.83 2.30196
30 40 1146.48 1146.66 0.174595
14 0 1153.53 0 -1153.53
16 42 1156.18 1158.48 2.30196
25 45 1154.38 1156.68 2.30196
8 0 1155.37 0 -1155.37
19 0 1158.74 0 -1158.74
20 45 1142.92 1143.02 0.102661
23 44 1145.96 1146.14 0.184844
27 0 1146.13 0 -1146.13
3 42 1146.17 1148.47 2.30196
34 40 1146.97 1147.07 0.102658
6 42 1118.59 1118.69 0.0975412
4 0 1156.56 0 -1156.56
32 40 1143.49 1143.59 0.0975378
2 42 1160.31 1160.5 0.184838
29 0 1160.84 0 -1160.84
18 41 1162.39 1162.72 0.328713
5 0 1164.39 0 -1164.39
37 40 1135.12 1135.22 0.0975372
12 42 1163.78 1166.08 2.30196
24 45 1162.25 1164.56 2.30196
14 42 1381.43 1383.73 2.30196
29 45 1388.74 1391.04 2.30196
10 42 1380.11 1382.42 2.30196
9 0 1386.34 0 -1386.34
7 0 1385.64 0 -1385.64
26 0 1386.45 0 -1386.45
15 0 1385.77 0 -1385.77
30 40 1199.47 1199.57 0.102659
36 40 1186.29 1186.38 0.0975382
16 42 1384.07 1386.37 2.30196
4 0 1384.45 0 -1384.45
8 42 1383.27 1385.57 2.30196
19 41 1386.64 1388.94 2.30196
25 45 1382.27 1384.57 2.30196
21 0 1382.8 0 -1382.8
1 41 1198.53 1198.86 0.328712
2 42 1190.85 1191.02 0.174598
24 45 1390.15 1390.76 0.616452
18 41 1194.93 1195.26 0.328713
12 42 1391.67 1391.85 0.184839
5 45 1392.28 1394.59 2.30196
37 40 1195.12 1195.22 0.0975372
28 45 1198.16 1198.26 0.0975402
