53 83 0.955568 3.25752 2.30195
39 84 1.26763 3.56958 2.30195
30 101 3.11421 5.41617 2.30195
52 95 6.44447 8.74643 2.30195
33 0 4.4915 0 -4.4915
24 101 6.3476 8.64956 2.30195
6 0 3.59062 0 -3.59062
8 94 4.92438 7.22633 2.30195
40 91 7.03492 9.33688 2.30195
3 108 4.76648 7.06844 2.30195
42 104 4.34686 6.64882 2.30195
21 100 1155.77 1158.07 2.30195
56 74 1116.93 1117.03 0.0975372
25 101 973.015 973.2 0.184835
3 0 460.553 0 -460.553
33 0 460.278 0 -460.278
56 74 6.93105 9.233 2.30195
5 0 6.84451 0 -6.84451
51 95 7.19809 9.50005 2.30196
58 84 6.83284 9.13479 2.30195
13 100 952.392 952.489 0.0975366
0 94 477.584 479.886 2.30195
50 61 940.843 940.941 0.0975365
7 107 1120.06 1120.15 0.0975378
38 83 10.8873 13.1892 2.30195
7 107 10.0553 12.3573 2.30195
48 112 480.063 482.365 2.30195
29 94 7.16484 9.4668 2.30195
14 93 7.38095 9.68291 2.30195
43 95 8.23321 10.5352 2.30196
17 107 8.02837 10.3303 2.30196
41 90 9.46142 11.7634 2.30195
45 89 942.751 942.854 0.102657
51 110 462.985 465.287 2.30196
50 61 1120.84 1120.94 0.0975365
50 61 10.8432 13.1451 2.30195
49 61 11.4134 13.7154 2.30195
18 100 1034.36 1034.46 0.0975366
44 97 978.245 978.419 0.174594
23 100 481.471 483.773 2.30195
26 100 480.691 482.993 2.30195
43 95 464.02 466.322 2.30196
54 86 469.175 471.477 2.30195
44 97 948.245 948.419 0.174594
45 89 12.7509 15.0528 2.30195
22 94 12.6607 14.9627 2.30195
2 94 12.3758 14.6777 2.30195
42 104 460.133 462.435 2.30195
30 101 1023.11 1023.21 0.0975364
36 83 1101.37 1101.47 0.0975385
37 84 13.2634 15.5653 2.30195
17 108 463.815 466.117 2.30196
54 86 13.3889 15.6909 2.30195
4 100 13.6321 15.9341 2.30195
59 66 470.64 472.942 2.30195
58 84 462.619 464.921 2.30195
18 100 14.3577 16.6596 2.30195
2 94 468.162 470.464 2.30195
59 66 14.8536 17.1555 2.30195
39 84 457.054 459.356 2.30195
21 107 16.2991 18.6011 2.30196
32 100 16.0076 18.3096 2.30195
35 108 16.8699 19.1718 2.30195
44 97 18.2447 20.5466 2.30195
57 60 18.4156 20.7175 2.30195
1 93 478.203 480.505 2.30195
19 108 474.927 477.229 2.30195
40 91 462.821 465.123 2.30195
27 93 19.9717 22.2737 2.30195
28 107 21.1299 23.4319 2.30195
20 107 19.5173 21.8193 2.30195
19 108 19.1404 21.4424 2.30195
13 100 478.178 480.48 2.30195
46 88 22.5328 24.8348 2.30195
8 94 460.711 463.013 2.30195
34 0 19.9717 0 -19.9717
54 86 943.389 943.492 0.102657
7 107 465.842 468.144 2.30195
11 116 933.811 936.112 2.30196
0 94 1101.8 1101.9 0.0975382
47 112 1048.74 1048.83 0.0975373
35 108 1096.87 1096.97 0.0975379
36 83 21.3713 23.6732 2.30195
5 101 462.631 464.933 2.30195
32 0 471.794 0 -471.794
13 100 22.3919 24.6938 2.30195
0 94 21.7976 24.0996 2.30195
1 0 22.4161 0 -22.4161
31 0 22.3129 0 -22.3129
11 101 22.2375 24.5395 2.30195
30 101 1083.11 1083.21 0.0975364
53 83 456.742 459.044 2.30195
49 68 467.2 469.502 2.30196
23 100 25.6844 27.9863 2.30195
26 100 24.9048 27.2068 2.30195
55 99 25.3323 27.6343 2.30195
48 112 24.2761 26.578 2.30195
12 108 24.5723 26.8743 2.30195
15 101 26.5714 28.8734 2.30195
52 95 966.444 966.542 0.0975381
4 0 469.419 0 -469.419
15 101 482.358 484.66 2.30195
46 88 478.319 480.621 2.30195
16 100 27.4234 29.7253 2.30195
55 99 481.119 483.421 2.30195
10 0 482.566 0 -482.566
12 108 480.359 482.661 2.30195
44 97 474.031 476.333 2.30195
10 0 26.7799 0 -26.7799
9 107 26.7377 29.0396 2.30195
35 108 946.87 946.973 0.102658
25 101 28.9002 31.2022 2.30195
30 101 458.901 461.203 2.30195
47 112 28.7352 31.0371 2.30195
36 83 1041.37 1041.47 0.0975385
34 101 247.865 250.167 2.30195
13 100 250.285 252.587 2.30195
20 107 247.411 249.713 2.30195
16 0 255.317 0 -255.317
6 101 459.377 461.679 2.30195
28 107 249.023 251.325 2.30195
38 83 466.674 468.976 2.30195
27 100 247.865 250.167 2.30195
9 0 254.631 0 -254.631
56 74 462.718 465.019 2.30195
41 90 465.248 467.55 2.30195
19 108 247.034 249.336 2.30195
55 99 253.226 255.528 2.30195
45 89 468.537 470.839 2.30195
14 93 463.167 465.469 2.30195
35 108 472.656 474.958 2.30195
55 99 936.905 939.207 2.30195
53 83 228.849 231.151 2.30195
39 84 229.161 231.463 2.30195
30 101 231.007 233.309 2.30195
6 0 231.484 0 -231.484
42 104 232.24 234.542 2.30195
33 108 232.385 234.687 2.30195
3 107 232.66 234.962 2.30196
8 94 232.818 235.12 2.30195
24 101 234.241 236.543 2.30195
52 95 234.338 236.64 2.30195
58 84 234.726 237.028 2.30195
5 101 234.738 237.04 2.30195
56 74 234.824 237.126 2.30195
40 91 234.928 237.23 2.30195
29 101 235.058 237.36 2.30195
51 110 235.091 237.393 2.30196
14 100 235.274 237.576 2.30195
17 107 235.922 238.224 2.30196
43 95 236.126 238.428 2.30196
41 90 237.355 239.657 2.30195
7 107 237.949 240.251 2.30195
50 61 238.736 241.038 2.30195
38 83 238.781 241.082 2.30195
49 61 239.307 241.609 2.30195
2 0 240.269 0 -240.269
22 0 240.554 0 -240.554
45 89 240.644 242.946 2.30195
37 84 241.157 243.459 2.30195
54 86 241.282 243.584 2.30195
4 100 241.525 243.827 2.30195
18 100 242.251 244.553 2.30195
59 66 242.747 245.049 2.30195
32 100 243.901 246.203 2.30195
21 0 244.192 0 -244.192
35 108 244.763 247.065 2.30195
44 97 246.138 248.44 2.30195
57 60 246.309 248.611 2.30195
10 100 254.673 256.975 2.30195
22 94 468.447 470.749 2.30195
0 94 981.798 981.895 0.0975382
31 100 478.099 480.401 2.30195
37 84 469.05 471.352 2.30195
42 104 934.347 934.45 0.102658
24 0 462.134 0 -462.134
9 0 482.524 0 -482.524
52 95 462.231 464.533 2.30195
48 112 252.169 254.471 2.30195
36 83 249.265 251.566 2.30195
46 88 250.426 252.728 2.30195
0 94 249.691 251.993 2.30195
11 101 250.131 252.433 2.30195
31 0 250.206 0 -250.206
26 0 252.798 0 -252.798
1 0 250.309 0 -250.309
0 94 951.798 951.9 0.102658
15 101 938.144 938.247 0.102658
55 99 1174.96 1175.06 0.102658
57 60 474.202 476.504 2.30195
12 108 1044.57 1044.67 0.0975379
34 101 475.758 478.06 2.30195
18 100 470.144 472.446 2.30195
11 101 478.024 480.326 2.30195
17 100 968.028 968.126 0.0975389
23 0 253.578 0 -253.578
12 108 252.466 254.768 2.30195
27 93 475.758 478.06 2.30195
16 0 483.21 0 -483.21
57 60 1038.42 1038.52 0.102658
29 101 462.951 465.253 2.30195
50 61 466.63 468.932 2.30195
20 107 475.304 477.606 2.30195
15 101 254.465 256.767 2.30195
36 83 981.371 981.469 0.0975385
25 101 256.793 259.095 2.30195
47 112 256.628 258.93 2.30195
56 74 1086.93 1087.03 0.0975372
38 83 1150.35 1150.46 0.102659
59 66 1034.85 1034.95 0.097538
36 83 477.158 479.46 2.30195
28 0 476.916 0 -476.916
4 100 1153.1 1153.2 0.102658
16 0 938.996 0 -938.996
14 100 967.381 967.478 0.0975387
57 60 978.416 978.513 0.097538
13 100 933.965 934.068 0.102657
39 84 931.268 931.442 0.174595
14 100 1027.38 1027.48 0.0975387
37 84 1093.26 1093.36 0.0975368
1 100 933.989 936.291 2.30195
21 0 472.086 0 -472.086
51 96 967.198 967.301 0.102657
27 93 931.545 933.847 2.30195
54 86 1033.39 1033.49 0.102657
7 107 970.055 970.153 0.0975378
47 112 484.522 486.824 2.30195
25 94 484.687 486.989 2.30196
42 104 964.347 964.444 0.0975381
23 0 709.364 0 -709.364
18 100 944.358 944.46 0.102657
53 83 1020.96 1021.13 0.174594
30 101 686.794 689.096 2.30195
6 0 687.27 0 -687.27
42 104 688.027 690.329 2.30195
33 108 688.171 690.473 2.30195
3 107 688.446 690.748 2.30196
8 94 688.604 690.906 2.30195
24 0 690.027 0 -690.027
52 95 690.124 692.426 2.30195
58 84 690.513 692.815 2.30195
5 0 690.524 0 -690.524
56 74 690.611 692.913 2.30195
40 0 690.715 0 -690.715
29 0 690.845 0 -690.845
51 95 690.878 693.18 2.30196
14 93 691.061 693.363 2.30195
17 101 691.708 694.01 2.30196
43 88 691.913 694.215 2.30196
41 90 693.141 695.443 2.30195
7 107 693.735 696.037 2.30195
50 61 694.523 696.825 2.30195
38 0 694.567 0 -694.567
49 68 695.093 697.395 2.30196
2 0 696.056 0 -696.056
22 0 696.34 0 -696.34
45 89 696.431 698.733 2.30195
37 84 696.943 699.245 2.30195
54 93 697.069 699.371 2.30196
4 100 697.312 699.614 2.30195
18 100 698.037 700.339 2.30195
10 0 710.46 0 -710.46
55 99 709.012 711.314 2.30195
53 83 684.635 686.937 2.30195
39 84 684.947 687.249 2.30195
57 60 1158.42 1158.52 0.102658
9 0 710.417 0 -710.417
15 101 710.251 712.553 2.30195
26 107 708.585 710.886 2.30195
59 66 698.533 700.835 2.30195
32 93 699.687 701.989 2.30196
21 107 699.979 702.281 2.30196
35 108 700.55 702.852 2.30195
44 97 701.924 704.226 2.30195
57 60 702.095 704.397 2.30195
19 101 702.82 705.122 2.30196
20 107 703.197 705.499 2.30195
34 101 703.651 705.953 2.30195
27 100 703.651 705.953 2.30195
28 0 704.81 0 -704.81
36 83 705.051 707.353 2.30195
0 94 705.477 707.779 2.30195
11 101 705.917 708.219 2.30195
31 0 705.993 0 -705.993
13 100 706.072 708.374 2.30195
1 0 706.096 0 -706.096
46 88 706.213 708.515 2.30195
48 112 707.956 710.258 2.30195
12 108 708.252 710.554 2.30195
46 88 934.106 934.208 0.102658
37 84 1033.26 1033.36 0.0975368
35 108 976.87 976.973 0.102658
54 86 1093.39 1093.49 0.102657
43 96 1147.7 1147.88 0.184833
29 101 1146.63 1148.93 2.30195
16 0 711.103 0 -711.103
47 111 712.415 714.717 2.30196
25 94 712.58 714.882 2.30196
41 90 1029.46 1029.56 0.0975386
5 101 1146.31 1148.61 2.30195
42 104 1024.35 1024.44 0.0975381
54 86 973.389 973.486 0.0975369
56 74 1056.93 1057.03 0.102657
31 100 933.886 936.188 2.30195
48 112 1044.28 1044.38 0.102658
17 100 1088.03 1088.13 0.0975389
59 66 974.854 974.956 0.102658
0 94 1041.8 1041.9 0.0975382
46 88 1162.53 1162.63 0.0975382
56 74 1026.93 1027.03 0.102657
30 101 933.114 933.212 0.0975364
53 83 945.07 945.399 0.328706
44 97 1038.24 1038.42 0.174594
50 61 970.843 970.941 0.0975365
35 108 1126.87 1126.97 0.0975379
22 94 1152.13 1154.43 2.30195
12 116 936.145 936.248 0.102662
48 112 935.849 936.034 0.184834
47 112 940.308 940.637 0.328705
37 84 1153.26 1153.36 0.0975368
58 84 1116.83 1116.93 0.0975372
26 0 936.478 0 -936.478
41 90 969.461 969.564 0.102659
59 66 1124.85 1124.95 0.097538
56 74 936.931 937.034 0.102657
45 89 924.324 924.427 0.102657
57 60 1008.42 1008.52 0.102658
22 0 924.234 0 -924.234
28 107 932.703 935.005 2.30195
44 97 929.818 930.003 0.184834
47 112 972.85 973.035 0.184833
44 97 1128.24 1128.42 0.174594
14 100 1117.38 1117.48 0.0975387
20 107 1169.15 1169.25 0.102658
54 86 1123.39 1123.49 0.102657
23 107 937.257 939.559 2.30196
57 60 1098.42 1098.52 0.102658
36 83 932.944 933.129 0.184834
9 0 938.311 0 -938.311
10 0 938.353 0 -938.353
25 101 940.473 940.802 0.328707
0 94 933.371 933.473 0.102658
53 83 912.529 912.857 0.328706
39 84 912.841 913.025 0.184835
30 101 914.687 914.79 0.102656
6 0 915.164 0 -915.164
42 104 915.92 916.105 0.184834
33 108 916.064 918.366 2.30195
3 107 916.339 918.641 2.30196
8 94 916.497 918.799 2.30195
24 108 917.921 920.223 2.30196
52 95 918.017 918.12 0.102658
58 84 918.406 918.508 0.102657
5 0 918.418 0 -918.418
56 74 918.504 918.607 0.102657
40 91 918.608 920.91 2.30195
29 0 918.738 0 -918.738
51 96 918.771 918.956 0.184833
14 100 918.954 919.057 0.102659
17 100 919.601 919.704 0.102659
43 89 919.806 922.108 2.30196
41 90 921.034 921.137 0.102659
7 107 921.628 921.731 0.102658
50 61 922.416 922.519 0.102656
38 83 922.46 924.762 2.30195
49 61 922.986 925.288 2.30195
2 0 923.949 0 -923.949
58 84 1026.83 1026.93 0.0975372
25 101 1108.9 1109 0.102659
18 100 925.931 926.033 0.102657
4 101 925.205 927.507 2.30196
59 66 926.427 926.529 0.102658
54 86 924.962 925.065 0.102657
37 84 924.836 924.939 0.102657
18 100 974.358 974.455 0.0975366
35 108 928.443 928.546 0.102658
21 0 927.872 0 -927.872
57 60 929.989 930.173 0.184834
19 108 930.713 933.015 2.30195
20 107 931.09 933.392 2.30195
34 101 931.545 933.847 2.30195
13 100 982.392 982.489 0.0975366
45 89 1032.75 1032.85 0.097537
32 0 927.581 0 -927.581
58 84 936.833 936.935 0.102657
14 100 937.381 937.484 0.102659
37 84 973.263 973.361 0.0975368
52 95 936.444 936.547 0.102658
58 84 966.833 966.93 0.0975372
30 101 963.114 963.212 0.0975364
34 101 1169.6 1169.7 0.102658
46 88 952.533 952.635 0.102658
37 84 943.263 943.366 0.102657
51 96 937.198 937.301 0.102657
41 90 1089.46 1089.56 0.0975386
51 96 1027.2 1027.3 0.102657
13 100 1042.39 1042.49 0.0975366
57 60 948.416 948.518 0.102658
48 112 954.276 954.379 0.102658
50 61 1030.84 1030.94 0.0975365
15 101 956.571 956.669 0.0975378
59 66 944.854 944.956 0.102658
42 104 1084.35 1084.44 0.0975381
56 74 1146.93 1147.03 0.0975372
7 107 940.055 940.153 0.0975378
41 90 939.461 939.564 0.102659
56 74 966.931 967.034 0.102657
45 89 972.751 972.854 0.102657
17 100 938.028 938.131 0.102659
47 112 1108.74 1108.84 0.102657
44 97 1158.24 1158.42 0.174594
46 88 1042.53 1042.64 0.102658
53 83 977.612 977.797 0.184834
59 66 1094.85 1094.95 0.097538
36 83 951.371 951.474 0.102658
39 84 961.268 961.442 0.174595
12 108 954.572 954.675 0.102658
52 95 1086.44 1086.54 0.0975381
48 112 1164.28 1164.37 0.0975379
33 0 1143.96 0 -1143.96
12 108 1104.57 1104.67 0.0975379
44 97 1098.24 1098.42 0.174594
51 96 1057.2 1057.3 0.102657
35 108 1036.87 1036.97 0.0975379
40 91 1146.5 1146.6 0.102658
39 84 991.268 991.442 0.174595
47 112 991.148 991.323 0.174593
53 83 995.91 996.085 0.174594
14 100 1087.38 1087.48 0.0975387
48 112 984.276 984.379 0.102658
12 108 984.572 984.675 0.102658
15 101 986.571 986.669 0.0975378
25 101 991.313 991.416 0.102659
46 88 982.533 982.635 0.102658
52 95 1116.44 1116.54 0.0975381
58 84 1056.83 1056.93 0.0975372
18 100 1124.36 1124.46 0.0975366
8 94 1144.39 1144.49 0.102659
25 101 1048.9 1049 0.0975389
42 104 1114.35 1114.44 0.0975381
13 100 1102.39 1102.49 0.0975366
52 95 1026.44 1026.54 0.0975381
57 60 1128.42 1128.52 0.102658
53 83 1050.96 1051.13 0.174594
39 84 1051.27 1051.44 0.174595
52 95 1056.44 1056.54 0.0975381
56 74 996.931 997.034 0.102657
42 104 994.347 994.45 0.102658
45 89 1002.75 1002.85 0.102657
58 84 996.833 996.93 0.0975372
52 95 996.444 996.542 0.0975381
7 107 1000.06 1000.16 0.102658
46 88 1012.53 1012.64 0.102658
54 86 1003.39 1003.49 0.102657
18 100 1094.36 1094.46 0.0975366
37 84 1003.26 1003.36 0.0975368
14 100 997.381 997.478 0.0975387
12 108 1014.57 1014.67 0.0975379
30 101 993.114 993.212 0.0975364
51 96 1087.2 1087.3 0.102657
15 101 1046.57 1046.67 0.0975378
25 101 1018.9 1019 0.0975389
17 100 998.028 998.126 0.0975389
0 94 1011.8 1011.9 0.0975382
41 90 999.461 999.559 0.0975386
50 61 1000.84 1000.94 0.0975365
18 100 1004.36 1004.46 0.0975366
44 97 1008.24 1008.42 0.174594
35 108 1006.87 1006.97 0.102658
48 112 1014.28 1014.38 0.102658
17 100 1028.03 1028.13 0.0975389
39 84 1021.27 1021.44 0.174595
12 108 1164.57 1164.67 0.0975379
13 100 1012.39 1012.49 0.0975366
15 101 1016.57 1016.67 0.0975378
59 66 1004.85 1004.95 0.097538
47 112 1018.74 1018.84 0.102657
7 107 1030.06 1030.16 0.102658
36 83 1011.37 1011.47 0.102658
51 96 997.198 997.301 0.102657
42 104 1054.35 1054.44 0.0975381
30 101 1053.11 1053.21 0.0975364
24 0 1145.81 0 -1145.81
53 83 1110.96 1111.05 0.097538
58 84 1086.83 1086.93 0.0975372
4 100 1163.26 1163.36 0.102658
41 90 1119.46 1119.56 0.0975386
46 88 1102.53 1102.64 0.102658
14 100 1057.38 1057.48 0.0975387
3 108 1144.23 1144.34 0.102659
7 107 1060.06 1060.16 0.102658
41 90 1059.46 1059.56 0.0975386
17 100 1058.03 1058.13 0.0975389
50 61 1060.84 1060.94 0.0975365
37 84 1063.26 1063.36 0.0975368
17 100 1118.03 1118.13 0.0975389
39 84 1111.27 1111.44 0.174595
30 101 1113.11 1113.21 0.0975364
48 112 1104.28 1104.38 0.102658
45 89 1062.75 1062.85 0.097537
45 89 1122.75 1122.85 0.097537
7 107 1090.06 1090.16 0.102658
54 86 1063.39 1063.49 0.102657
2 94 1151.84 1154.14 2.30195
35 108 1066.87 1066.97 0.0975379
39 84 1081.27 1081.44 0.174595
35 108 1156.87 1156.97 0.0975379
15 101 1076.57 1076.67 0.0975378
46 88 1072.53 1072.64 0.102658
57 60 1068.42 1068.52 0.102658
18 100 1064.36 1064.46 0.0975366
51 96 1117.2 1117.3 0.102657
44 97 1068.24 1068.42 0.174594
0 94 1071.8 1071.9 0.0975382
59 66 1064.85 1064.95 0.097538
6 0 1143.06 0 -1143.06
15 101 1106.57 1106.67 0.0975378
0 94 1161.8 1161.9 0.0975382
49 61 1150.88 1150.98 0.102658
19 108 1158.61 1160.91 2.30195
12 108 1074.57 1074.67 0.0975379
47 112 1078.74 1078.84 0.102657
36 83 1071.37 1071.47 0.102658
25 101 1078.9 1079 0.102659
37 84 1123.26 1123.36 0.0975368
48 112 1074.28 1074.38 0.102658
32 100 1155.47 1157.78 2.30195
13 100 1072.39 1072.49 0.0975366
45 89 1092.75 1092.85 0.097537
50 61 1090.84 1090.94 0.0975365
54 86 1153.39 1153.49 0.0975369
13 100 1162.39 1162.49 0.0975366
53 83 1080.96 1081.06 0.102658
48 112 1134.28 1134.38 0.102658
23 93 1165.15 1167.45 2.30196
15 101 1136.57 1136.67 0.0975378
28 107 1160.6 1162.9 2.30195
36 83 1131.37 1131.47 0.0975385
34 101 1159.44 1159.54 0.102658
12 108 1134.57 1134.67 0.0975379
55 99 1164.8 1164.9 0.102658
9 107 1166.2 1168.51 2.30195
10 0 1166.25 0 -1166.25
16 107 1166.89 1169.19 2.30196
39 84 1141.27 1141.44 0.174595
46 88 1132.53 1132.63 0.0975382
25 101 1138.9 1139 0.102659
26 0 1164.37 0 -1164.37
31 100 1161.78 1164.08 2.30195
47 112 1138.74 1138.84 0.102657
0 94 1131.8 1131.9 0.0975382
11 101 1161.7 1164.01 2.30195
13 100 1132.39 1132.49 0.0975366
1 100 1161.88 1164.18 2.30195
27 93 1159.44 1161.74 2.30195
20 100 1158.98 1159.09 0.102659
53 83 1140.96 1141.05 0.097538
45 89 1152.75 1152.85 0.097537
18 100 1154.36 1154.46 0.0975366
15 108 1166.57 1166.67 0.0975395
7 107 1150.06 1150.15 0.0975378
52 95 1146.44 1146.54 0.0975381
8 94 1154.55 1154.66 0.102659
30 101 1143.11 1143.21 0.0975364
3 108 1154.4 1154.5 0.102659
42 104 1144.35 1144.44 0.0975381
59 66 1154.85 1154.95 0.097538
13 100 1192.39 1192.49 0.0975366
58 84 1146.83 1146.93 0.0975372
36 83 1161.37 1161.47 0.0975385
55 99 1195.33 1195.43 0.0975378
51 96 1147.2 1147.3 0.0975371
40 91 1156.66 1156.77 0.102658
14 100 1147.38 1147.48 0.0975387
49 61 1161.04 1161.15 0.102658
41 90 1149.46 1149.56 0.0975386
17 100 1148.03 1148.13 0.0975389
50 61 1150.84 1150.94 0.0975365
47 112 1168.74 1168.84 0.102657
25 101 1168.9 1169 0.102659
42 104 1174.35 1174.44 0.0975381
39 84 1171.27 1171.44 0.174595
3 108 1174.77 1174.87 0.102659
33 108 1371.85 1374.15 2.30195
53 83 1170.96 1171.05 0.097538
11 101 1389.6 1389.7 0.102657
30 101 1173.11 1173.21 0.0975364
6 101 1370.95 1373.25 2.30195
8 94 1174.92 1175.03 0.102659
45 89 1182.75 1182.85 0.097537
17 100 1178.03 1178.13 0.0975389
41 90 1179.46 1179.56 0.0975386
29 101 1374.52 1374.63 0.102658
24 100 1373.71 1376.01 2.30196
52 95 1176.44 1176.54 0.0975381
56 74 1176.93 1177.03 0.0975372
43 96 1178.23 1178.41 0.174593
40 91 1177.03 1177.14 0.102658
58 84 1176.83 1176.93 0.0975372
51 96 1177.2 1177.3 0.0975371
5 100 1374.2 1376.51 2.30196
14 100 1177.38 1177.48 0.0975387
7 107 1180.06 1180.15 0.0975378
46 88 1192.53 1192.63 0.0975382
54 86 1183.39 1183.49 0.0975369
28 107 1388.49 1388.59 0.102659
50 61 1180.84 1180.94 0.0975365
38 83 1180.89 1180.98 0.097539
27 100 1387.33 1389.63 2.30195
25 101 1198.9 1199 0.0975389
18 100 1184.36 1184.46 0.0975366
4 100 1183.63 1183.73 0.097538
23 100 1393.04 1395.35 2.30195
26 100 1392.26 1394.57 2.30195
36 83 1191.37 1191.47 0.0975385
19 108 1386.5 1388.8 2.30195
31 100 1389.67 1391.97 2.30195
22 94 1380.02 1382.32 2.30195
12 108 1194.57 1194.67 0.0975379
10 100 1394.14 1396.44 2.30195
35 108 1186.87 1186.97 0.0975379
2 94 1379.74 1382.04 2.30195
1 100 1389.78 1392.08 2.30195
47 112 1198.74 1198.84 0.102657
59 66 1184.85 1184.95 0.097538
44 97 1188.24 1188.42 0.174594
49 61 1181.41 1181.52 0.102658
57 60 1188.42 1188.51 0.097538
48 112 1194.28 1194.37 0.0975379
16 100 1394.78 1397.08 2.30195
21 0 1383.66 0 -1383.66
37 84 1183.26 1183.36 0.0975368
32 0 1383.37 0 -1383.37
0 94 1191.8 1191.9 0.0975382
34 101 1189.97 1190.07 0.0975382
20 107 1189.52 1189.61 0.0975379
9 0 1394.1 0 -1394.1
15 101 1196.57 1196.67 0.0975378
