16 25 2.48823 4.79019 2.30196
11 20 2.80307 5.10503 2.30196
0 27 3.37372 5.67568 2.30196
10 27 1019.64 1019.75 0.102658
9 26 3.96916 6.27112 2.30196
3 0 2.84858 0 -2.84858
6 27 5.44495 7.74691 2.30195
17 21 7.20004 9.502 2.30195
4 27 12.7905 15.0925 2.30195
15 26 15.7294 18.0313 2.30195
2 27 16.4483 18.7503 2.30196
1 24 17.2772 19.5792 2.30196
13 28 21.8853 24.1872 2.30195
7 27 21.0192 23.3212 2.30195
5 27 20.8201 23.1221 2.30196
18 20 27.2024 29.5043 2.30196
8 27 28.8092 31.1112 2.30196
19 24 25.9145 28.2165 2.30195
14 27 24.979 27.281 2.30196
12 20 29.432 31.734 2.30195
10 27 29.6427 31.9446 2.30195
5 27 248.713 251.015 2.30196
14 27 252.872 255.174 2.30196
13 28 249.779 252.08 2.30195
2 27 1036.45 1036.62 0.174597
5 27 1160.82 1160.99 0.174597
8 27 484.596 486.898 2.30196
8 0 256.702 0 -256.702
4 27 468.577 470.879 2.30195
7 27 248.912 251.214 2.30195
16 25 230.381 232.683 2.30196
11 20 230.696 232.998 2.30196
3 27 230.742 233.044 2.30196
0 0 231.267 0 -231.267
9 27 231.862 234.164 2.30195
6 27 233.338 235.64 2.30195
17 21 235.093 237.395 2.30195
4 27 240.684 242.986 2.30195
15 26 243.623 245.925 2.30195
2 27 244.342 246.644 2.30196
1 24 245.17 247.472 2.30196
17 21 997.2 997.303 0.102658
10 27 257.536 259.838 2.30195
18 20 255.096 257.398 2.30196
19 24 253.808 256.11 2.30195
12 20 257.325 259.627 2.30195
13 28 1011.89 1011.98 0.0975369
5 24 476.607 478.909 2.30196
13 28 1191.89 1191.98 0.0975369
6 27 995.445 995.548 0.102657
11 20 1172.8 1172.9 0.0975396
19 24 1015.91 1016.09 0.174594
12 20 485.219 487.52 2.30195
13 28 477.672 479.974 2.30195
14 27 480.766 483.067 2.30196
10 27 485.429 487.731 2.30195
16 25 458.275 460.577 2.30196
11 20 458.59 460.892 2.30196
3 27 458.635 460.937 2.30196
0 24 459.16 461.462 2.30196
9 27 459.756 462.058 2.30195
6 27 461.231 463.533 2.30195
17 21 462.987 465.288 2.30195
6 27 1025.44 1025.54 0.0975372
15 26 1035.73 1035.83 0.0975382
2 27 472.235 474.537 2.30196
15 26 471.516 473.818 2.30195
18 20 482.989 485.291 2.30196
1 24 473.064 475.366 2.30196
7 27 476.806 479.108 2.30195
19 24 481.701 484.003 2.30195
18 21 710.882 713.184 2.30196
17 21 1027.2 1027.3 0.102658
7 27 1191.02 1191.12 0.0975385
8 27 712.489 714.791 2.30196
2 27 928.021 928.35 0.328709
12 20 713.112 715.414 2.30195
1 24 1185.13 1185.46 0.328709
15 26 927.302 927.405 0.102658
7 27 1178.78 1178.89 0.102659
16 25 686.168 688.47 2.30196
11 20 686.483 688.785 2.30196
3 27 686.528 688.83 2.30196
0 24 687.053 689.355 2.30196
9 0 687.649 0 -687.649
6 27 689.125 691.427 2.30195
17 21 690.88 693.182 2.30195
4 27 696.47 698.772 2.30195
15 26 699.409 701.711 2.30195
2 27 700.128 702.43 2.30196
1 24 700.957 703.259 2.30196
5 27 704.5 706.802 2.30196
7 27 704.699 707.001 2.30195
13 28 705.565 707.867 2.30195
14 25 708.659 710.961 2.30196
19 24 709.594 711.896 2.30195
12 20 1019.43 1019.53 0.0975363
15 26 1005.73 1005.83 0.102658
16 25 1172.49 1172.59 0.0975405
5 27 1190.82 1190.99 0.174597
6 27 1175.44 1175.54 0.0975372
10 27 713.322 715.624 2.30195
5 27 932.393 932.722 0.328709
17 21 1177.2 1177.3 0.0975381
4 27 1184.8 1184.98 0.184833
19 24 937.488 937.672 0.184834
13 28 1161.89 1161.98 0.0975369
18 21 1199.11 1199.73 0.616456
16 25 1022.49 1022.59 0.0975405
5 27 1010.82 1010.99 0.174597
11 20 1022.8 1022.9 0.0975396
19 24 955.915 956.089 0.174594
18 20 938.775 940.09 1.31482
14 28 936.552 938.854 2.30196
12 20 941.005 941.108 0.102656
10 27 941.216 941.318 0.102658
13 28 951.885 951.983 0.0975369
0 27 1175.38 1175.57 0.184837
12 20 1169.43 1169.53 0.0975363
10 27 1169.64 1169.74 0.0975383
15 0 945.729 0 -945.729
12 20 1109.43 1109.53 0.0975363
17 21 951.315 951.5 0.184834
6 27 935.445 935.542 0.0975372
16 25 914.061 914.164 0.10266
11 20 914.376 914.479 0.10266
3 27 914.422 916.724 2.30196
0 24 914.947 917.249 2.30196
9 0 915.542 0 -915.542
6 27 917.018 917.121 0.102657
17 21 918.773 919.102 0.328706
4 27 924.364 926.665 2.30195
2 27 960.563 960.892 0.328709
1 24 928.85 929.467 0.616453
7 27 932.592 934.894 2.30195
8 27 940.382 942.684 2.30196
7 27 1160.49 1160.67 0.184835
13 28 933.458 933.561 0.102657
11 20 932.803 932.906 0.10266
16 25 932.488 932.591 0.10266
6 27 1115.44 1115.54 0.0975372
19 24 1105.91 1106.09 0.174594
5 27 964.935 965.12 0.184837
10 27 959.643 959.745 0.102658
6 27 965.445 965.548 0.102657
2 27 993.105 993.29 0.184837
12 20 959.432 959.535 0.102656
2 27 1011.4 1011.58 0.174597
11 20 962.803 962.906 0.10266
16 25 962.488 962.586 0.0975405
10 27 989.643 989.74 0.0975383
5 27 1070.82 1070.99 0.174597
5 27 983.233 983.408 0.174597
1 24 1022.42 1022.75 0.328709
17 21 969.613 969.716 0.102658
11 20 992.803 992.901 0.0975396
1 24 989.879 990.207 0.328709
13 28 981.885 981.983 0.0975369
12 20 989.432 989.53 0.0975363
15 26 975.729 975.827 0.0975382
19 24 985.915 986.089 0.174594
16 25 992.488 992.586 0.0975405
1 24 1054.96 1055.29 0.328709
5 27 1040.82 1040.99 0.174597
19 24 1075.91 1076.09 0.174594
13 28 1101.89 1101.99 0.102657
16 25 1052.49 1052.59 0.0975405
10 27 1049.64 1049.75 0.102658
19 24 1045.91 1046.09 0.174594
11 20 1052.8 1052.9 0.0975396
13 28 1041.89 1041.98 0.0975369
2 27 1066.45 1066.62 0.174597
13 28 1071.89 1071.99 0.102657
1 24 1087.5 1087.83 0.328709
10 27 1139.64 1139.74 0.0975383
12 20 1049.43 1049.53 0.0975363
18 20 1068.94 1070.26 1.31482
6 27 1055.44 1055.54 0.0975372
19 24 1165.91 1166.09 0.174594
10 27 1079.64 1079.75 0.102658
17 21 1057.2 1057.3 0.102658
15 26 1065.73 1065.83 0.0975382
17 21 1087.2 1087.3 0.102658
11 20 1082.8 1082.9 0.0975396
16 25 1142.49 1142.59 0.0975405
16 25 1082.49 1082.59 0.0975405
12 20 1079.43 1079.53 0.0975363
12 20 1199.43 1199.53 0.0975363
0 27 1142.84 1143.17 0.328709
1 24 1120.05 1120.37 0.328709
11 20 1112.8 1112.9 0.0975396
6 27 1085.44 1085.55 0.102657
3 27 1142.31 1142.5 0.184837
9 26 1143.44 1145.74 2.30196
1 24 1152.59 1152.92 0.328709
17 21 1117.2 1117.3 0.102658
15 26 1095.73 1095.83 0.0975382
2 27 1096.45 1096.62 0.174597
16 25 1112.49 1112.59 0.0975405
5 27 1100.82 1100.99 0.174597
10 27 1109.64 1109.74 0.0975383
13 28 1131.89 1131.98 0.0975369
6 27 1145.44 1145.54 0.0975372
3 27 1172.85 1173.02 0.174597
14 27 1164.45 1164.77 0.328709
19 24 1135.91 1136.09 0.174594
11 20 1142.8 1142.9 0.0975396
2 27 1126.45 1126.62 0.174597
4 27 1152.26 1152.59 0.328705
15 26 1125.73 1125.83 0.0975382
17 21 1147.2 1147.3 0.0975381
5 27 1130.82 1130.99 0.174597
15 26 1185.73 1185.83 0.0975382
12 20 1139.43 1139.53 0.0975363
8 27 1168.28 1168.89 0.616453
9 27 1371.33 1371.43 0.102658
8 27 1229.3 1229.92 0.616453
10 27 1199.64 1199.74 0.0975383
15 26 1155.73 1155.83 0.0975382
2 27 1156.45 1156.62 0.174597
19 24 1195.91 1196.09 0.174594
14 27 1196.99 1197.32 0.328709
2 27 1186.45 1186.62 0.174597
