35 47 0.15734 2.45929 2.30195
39 40 0.22307 2.52503 2.30196
16 45 7.4295 9.73145 2.30195
33 51 19.6401 21.9421 2.30195
37 65 1.08357 3.38552 2.30195
9 42 1007.05 1007.15 0.102659
31 67 1.65399 3.95594 2.30196
16 45 919.002 919.105 0.102657
38 59 1.96907 4.27103 2.30196
31 67 996.609 996.783 0.174596
3 43 2.8622 5.16416 2.30196
26 63 3.87928 6.18123 2.30195
37 65 1141.08 1141.18 0.0975385
20 44 3.82903 6.13099 2.30195
23 49 3.91275 6.2147 2.30196
2 42 4.50751 6.80947 2.30196
15 45 8.62555 10.9275 2.30195
19 44 9.3359 11.6379 2.30195
19 44 999.336 999.433 0.0975388
13 44 7.05885 9.36081 2.30195
7 43 10.3505 12.6525 2.30195
30 57 9.97211 12.2741 2.30196
6 43 10.5422 12.8442 2.30196
18 45 11.5235 13.8255 2.30195
7 43 1150.35 1150.45 0.102657
29 68 11.8816 14.1835 2.30196
16 45 997.429 997.527 0.0975374
14 45 12.3944 14.6963 2.30195
4 42 15.6999 18.0019 2.30196
5 42 14.394 16.696 2.30195
9 42 17.051 19.353 2.30195
27 55 16.916 19.218 2.30196
20 44 1173.83 1173.93 0.0975384
11 42 1164.32 1166.62 2.30195
21 45 18.833 21.1349 2.30195
35 47 990.157 990.26 0.102659
28 56 19.3043 21.6062 2.30195
29 68 1181.88 1181.98 0.0975399
10 42 28.2532 30.5552 2.30195
36 41 26.2621 28.5641 2.30195
34 65 25.9713 28.2733 2.30195
32 53 21.6495 23.9515 2.30195
34 65 985.971 986.074 0.102659
17 45 27.2677 29.5697 2.30195
1 42 25.7091 28.0111 2.30196
25 63 26.9664 29.2683 2.30195
11 0 24.8496 0 -24.8496
0 0 26.0743 0 -26.0743
8 48 24.5234 26.8253 2.30196
9 42 947.051 947.154 0.102659
12 45 27.5611 29.8631 2.30195
24 49 25.6969 27.9988 2.30196
3 43 992.862 992.96 0.0975391
22 48 1001.79 1002.12 0.328707
33 51 1159.64 1159.74 0.102658
26 63 1083.88 1083.98 0.0975372
9 42 1067.05 1067.15 0.102659
5 42 1004.39 1004.5 0.102659
38 59 991.969 992.072 0.10266
23 49 1143.91 1144.01 0.0975403
22 48 29.189 31.4909 2.30195
21 45 246.726 249.028 2.30195
28 56 247.198 249.499 2.30195
33 51 247.533 249.835 2.30195
12 45 255.454 257.756 2.30195
1 0 253.602 0 -253.602
24 49 253.59 255.892 2.30196
34 65 253.865 256.166 2.30195
25 63 254.86 257.162 2.30195
15 45 920.199 922.5 2.30195
30 57 1029.97 1030.07 0.10266
10 42 256.146 258.448 2.30195
22 48 257.082 259.384 2.30195
35 47 228.051 230.353 2.30195
39 41 228.116 230.418 2.30196
37 65 228.977 231.279 2.30195
31 67 229.547 231.849 2.30196
38 59 229.862 232.164 2.30196
3 43 230.755 233.057 2.30196
20 44 231.722 234.024 2.30195
26 63 231.773 234.074 2.30195
23 49 231.806 234.108 2.30196
2 42 232.401 234.703 2.30196
13 44 234.952 237.254 2.30195
16 45 235.323 237.625 2.30195
15 0 236.519 0 -236.519
19 44 237.229 239.531 2.30195
30 57 237.865 240.167 2.30196
7 43 238.244 240.546 2.30195
6 43 238.435 240.737 2.30196
18 45 239.417 241.719 2.30195
29 68 239.775 242.077 2.30196
14 44 240.288 242.59 2.30196
5 43 242.287 244.589 2.30196
4 48 243.593 245.895 2.30196
27 55 244.809 247.111 2.30196
9 42 244.944 247.246 2.30195
19 44 920.909 921.012 0.102659
12 45 939.134 939.237 0.102658
38 59 1141.97 1142.07 0.09754
19 44 1179.34 1179.43 0.0975388
13 44 918.632 918.735 0.102658
32 53 249.543 251.845 2.30195
17 45 255.161 257.463 2.30195
0 0 253.968 0 -253.968
36 41 254.155 256.457 2.30195
8 48 252.417 254.719 2.30196
7 43 921.924 922.54 0.616449
11 0 252.743 0 -252.743
25 63 1196.97 1197.06 0.0975383
12 45 1107.56 1107.66 0.0975377
6 43 922.115 924.417 2.30196
33 51 1009.64 1009.81 0.174594
25 63 1166.97 1167.06 0.0975383
12 45 987.561 987.664 0.102658
26 63 993.879 993.982 0.102657
28 56 1024.45 1024.78 0.328707
26 63 915.452 915.555 0.102657
27 55 1066.92 1067.09 0.174596
13 44 997.059 997.162 0.102658
8 42 984.523 984.626 0.102659
29 68 1001.88 1001.98 0.10266
2 42 1144.51 1144.61 0.102659
29 68 1091.88 1091.98 0.10266
37 65 991.084 991.181 0.0975385
35 47 1170.16 1170.25 0.0975387
2 42 994.508 994.605 0.0975391
0 0 481.861 0 -481.861
17 45 483.054 485.356 2.30195
4 48 471.486 473.788 2.30196
14 45 468.181 470.483 2.30195
33 51 1069.64 1069.74 0.0975383
9 42 472.838 475.139 2.30195
8 48 708.203 710.505 2.30196
24 49 481.483 483.785 2.30196
34 65 481.758 484.06 2.30195
20 44 963.829 963.927 0.0975384
12 51 711.241 713.543 2.30196
16 45 463.216 465.518 2.30195
5 42 470.181 472.482 2.30195
22 48 484.975 487.277 2.30195
13 44 462.845 465.147 2.30195
6 43 466.329 468.631 2.30196
10 42 484.04 486.342 2.30195
27 55 472.702 475.004 2.30196
39 41 990.223 990.326 0.102659
35 47 455.944 458.246 2.30195
39 41 456.01 458.312 2.30196
37 65 456.87 459.172 2.30195
31 67 457.44 459.742 2.30196
38 59 457.756 460.058 2.30196
3 43 458.649 460.951 2.30196
20 44 459.616 461.917 2.30195
26 63 459.666 461.968 2.30195
23 55 459.699 462.001 2.30196
2 42 460.294 462.596 2.30196
11 42 1392.21 1394.51 2.30195
30 57 921.545 921.648 0.10266
23 49 915.486 915.671 0.184836
18 45 923.097 925.398 2.30195
2 42 916.081 916.265 0.184835
5 42 1184.39 1184.49 0.097539
30 57 1149.97 1150.07 0.0975397
28 56 475.091 477.393 2.30195
15 45 464.412 466.714 2.30195
19 44 1149.34 1149.43 0.0975388
30 57 999.972 1000.07 0.10266
29 68 467.668 469.97 2.30196
7 43 466.137 468.439 2.30195
30 57 465.759 468.061 2.30196
18 45 467.31 469.612 2.30195
19 44 465.122 467.424 2.30195
23 49 1173.91 1174.01 0.0975403
33 51 1099.64 1099.74 0.102658
34 65 1075.97 1076.07 0.102659
22 48 1199.19 1199.36 0.174595
4 42 927.273 929.575 2.30196
7 43 1015.49 1015.82 0.328705
28 56 1189.3 1189.4 0.0975385
23 49 993.913 994.01 0.0975403
8 42 1194.52 1194.62 0.0975392
14 45 1379.75 1379.94 0.184833
21 45 474.619 476.921 2.30195
33 51 475.427 477.729 2.30195
8 42 480.31 482.612 2.30196
11 0 480.636 0 -480.636
36 41 482.049 484.351 2.30195
32 53 477.436 479.738 2.30195
1 0 481.496 0 -481.496
25 63 482.753 485.055 2.30195
12 45 483.348 485.65 2.30195
24 49 709.377 711.679 2.30196
11 0 708.529 0 -708.529
36 41 709.942 712.244 2.30195
0 0 709.754 0 -709.754
0 43 937.647 939.949 2.30196
34 65 709.651 711.953 2.30195
25 63 710.646 712.948 2.30195
1 0 709.389 0 -709.389
35 47 683.837 686.139 2.30195
39 40 683.903 686.205 2.30196
37 65 684.763 687.065 2.30195
31 67 685.334 687.636 2.30196
38 59 685.649 687.951 2.30196
3 43 686.542 688.844 2.30196
20 44 687.509 689.811 2.30195
26 63 687.559 689.861 2.30195
23 49 687.592 689.894 2.30196
2 42 688.187 690.489 2.30196
13 45 690.739 693.041 2.30196
16 45 691.109 693.411 2.30195
15 0 692.305 0 -692.305
19 44 693.016 695.318 2.30195
30 57 693.652 695.954 2.30196
7 43 694.03 696.332 2.30195
6 43 694.222 696.524 2.30196
18 0 695.203 0 -695.203
29 68 695.561 697.863 2.30196
14 51 696.074 698.376 2.30196
5 42 698.074 700.376 2.30195
4 42 699.38 701.682 2.30196
27 55 700.596 702.898 2.30196
9 42 700.731 703.033 2.30195
21 45 702.513 704.815 2.30195
28 56 702.984 705.286 2.30195
33 51 703.32 705.622 2.30195
32 53 705.329 707.631 2.30195
32 53 1191.65 1191.75 0.0975387
17 0 710.947 0 -710.947
22 54 712.869 715.171 2.30196
10 42 711.933 714.235 2.30195
8 42 1074.52 1074.63 0.102659
5 42 925.967 926.152 0.184835
34 65 937.544 937.729 0.184835
1 0 1165.18 0 -1165.18
15 45 1375.99 1376.09 0.102658
35 47 1140.16 1140.26 0.102659
29 68 1151.88 1151.98 0.0975399
19 44 939.336 939.439 0.102659
5 42 944.394 944.497 0.102659
32 53 933.223 933.839 0.616451
27 55 1006.92 1007.09 0.174596
6 43 1182.55 1182.73 0.184835
26 63 1173.88 1173.98 0.0975372
25 63 938.539 938.642 0.102658
28 56 930.877 931.494 0.616451
22 48 940.762 941.378 0.616451
24 49 1165.16 1165.27 0.102659
27 55 928.489 928.674 0.184836
36 41 986.262 986.36 0.0975369
25 63 986.966 987.069 0.102658
36 41 1196.26 1196.36 0.0975369
25 63 1076.97 1077.07 0.102658
2 42 1084.51 1084.61 0.0975391
26 63 1143.88 1143.98 0.0975372
16 45 1087.43 1087.53 0.0975374
11 42 936.423 938.725 2.30195
21 45 930.406 930.509 0.102659
21 45 1008.83 1008.93 0.0975386
20 44 993.829 993.927 0.0975384
20 44 1083.83 1083.93 0.0975384
29 68 941.882 941.984 0.10266
35 47 911.73 911.833 0.102659
39 41 911.796 911.981 0.184835
37 65 912.657 912.759 0.102659
31 67 913.227 913.556 0.328708
38 59 913.542 913.645 0.10266
3 43 914.435 914.62 0.184835
20 44 915.402 915.505 0.102658
29 68 923.455 923.639 0.184836
14 0 923.967 0 -923.967
33 51 931.213 931.542 0.328706
36 41 937.835 937.938 0.102657
9 42 928.624 928.727 0.102659
35 47 930.157 930.255 0.0975387
1 0 937.282 0 -937.282
24 49 937.27 939.572 2.30196
8 42 936.096 936.199 0.102659
31 67 945.769 946.097 0.328708
17 45 938.841 941.143 2.30195
10 42 939.826 942.128 2.30195
20 44 933.829 933.932 0.102658
38 59 931.969 932.072 0.10266
23 49 933.913 934.015 0.10266
37 65 961.084 961.181 0.0975385
39 41 930.223 930.398 0.174595
30 57 939.972 940.075 0.10266
37 65 931.084 931.186 0.102659
3 43 932.862 932.965 0.102659
27 55 946.916 947.091 0.174596
2 42 934.508 934.61 0.102659
16 45 937.429 937.527 0.0975374
26 63 933.879 933.982 0.102657
13 44 937.059 937.162 0.102658
21 45 948.833 948.936 0.102659
19 44 969.336 969.433 0.0975388
33 51 963.755 963.94 0.184834
3 43 962.862 962.96 0.0975391
34 65 955.971 956.074 0.102659
36 41 956.262 956.365 0.102657
23 49 963.913 964.01 0.0975403
34 65 1165.97 1166.07 0.097539
25 63 956.966 957.069 0.102658
8 42 954.523 954.621 0.0975392
26 63 963.879 963.982 0.102657
31 67 978.31 978.495 0.184836
35 47 960.157 960.255 0.0975387
2 42 964.508 964.605 0.0975391
39 41 960.223 960.326 0.102659
1 42 1393.07 1395.37 2.30196
3 43 1142.86 1142.96 0.102659
3 43 1172.86 1172.96 0.102659
34 65 1135.97 1136.07 0.097539
34 65 1195.97 1196.07 0.097539
17 45 1166.73 1166.84 0.102658
12 45 957.561 957.664 0.102658
38 59 961.969 962.072 0.10266
13 44 967.059 967.162 0.102658
30 57 969.972 970.075 0.10266
28 56 991.906 992.234 0.328707
7 43 982.952 983.281 0.328705
29 68 971.882 971.984 0.10266
7 43 1048.04 1048.36 0.328705
16 45 967.429 967.527 0.0975374
21 45 978.833 978.931 0.0975386
5 42 974.394 974.492 0.097539
33 51 982.053 982.228 0.174594
9 42 977.051 977.154 0.102659
27 55 976.916 977.091 0.174596
32 53 994.251 994.58 0.328707
34 65 1015.97 1016.07 0.102659
22 48 1034.33 1034.66 0.328707
12 45 1017.56 1017.66 0.102658
36 41 1016.26 1016.36 0.102657
31 67 1021.65 1021.83 0.174596
37 65 1021.08 1021.18 0.0975385
32 53 1026.79 1027.12 0.328707
35 47 1020.16 1020.25 0.0975387
8 42 1014.52 1014.63 0.102659
19 44 1089.34 1089.43 0.0975388
12 45 1077.56 1077.66 0.0975377
31 67 1171.65 1171.83 0.174596
20 44 1143.83 1143.93 0.0975384
39 41 1140.22 1140.32 0.0975392
30 57 1089.97 1090.07 0.10266
25 63 1136.97 1137.06 0.0975383
23 55 1083.91 1084.01 0.0975404
39 41 1020.22 1020.32 0.0975392
25 63 1016.97 1017.07 0.102658
4 42 1185.7 1185.87 0.174595
10 42 1167.72 1167.9 0.184833
31 67 1081.65 1081.83 0.174596
21 45 1068.83 1068.93 0.0975386
2 42 1174.51 1174.61 0.0975391
32 53 1077.63 1077.81 0.174595
28 56 1075.29 1075.46 0.174595
38 59 1021.97 1022.07 0.09754
16 45 1177.43 1177.53 0.0975374
20 44 1023.83 1023.93 0.0975384
19 44 1029.34 1029.43 0.0975388
19 44 1059.34 1059.43 0.0975388
2 42 1024.51 1024.61 0.0975391
23 49 1023.91 1024.01 0.0975403
5 42 1094.39 1094.5 0.102659
0 42 1393.43 1395.74 2.30195
26 63 1023.88 1023.98 0.102657
3 43 1022.86 1022.96 0.0975391
29 68 1031.88 1031.98 0.10266
36 41 1136.26 1136.36 0.0975369
13 44 1147.06 1147.16 0.0975381
18 45 1181.52 1181.62 0.0975368
22 48 1150.26 1150.43 0.174595
5 42 1034.39 1034.5 0.102659
16 45 1027.43 1027.53 0.0975374
7 43 1080.58 1080.76 0.184833
21 45 1038.83 1038.93 0.0975386
8 42 1044.52 1044.63 0.102659
25 63 1046.97 1047.07 0.102658
33 51 1039.64 1039.74 0.102658
36 41 1046.26 1046.36 0.102657
20 44 1053.83 1053.93 0.0975384
28 56 1056.99 1057.17 0.184835
30 57 1059.97 1060.07 0.10266
38 59 1051.97 1052.07 0.09754
13 44 1027.06 1027.16 0.102658
34 65 1045.97 1046.07 0.102659
2 42 1054.51 1054.61 0.0975391
32 53 1059.33 1059.52 0.184835
37 65 1111.08 1111.18 0.0975385
14 44 1151.86 1154.16 2.30196
22 48 1066.87 1067.2 0.328707
12 45 1047.56 1047.66 0.0975377
27 55 1036.92 1037.09 0.174596
9 42 1037.05 1037.15 0.102659
37 65 1051.08 1051.18 0.0975385
37 65 1081.08 1081.18 0.0975385
31 67 1051.65 1051.83 0.174596
13 44 1057.06 1057.16 0.102658
26 63 1053.88 1053.98 0.0975372
16 45 1057.43 1057.53 0.0975374
35 47 1050.16 1050.25 0.0975387
39 41 1050.22 1050.33 0.102659
29 68 1061.88 1061.98 0.10266
3 43 1052.86 1052.96 0.102659
23 49 1053.91 1054.01 0.0975403
5 42 1064.39 1064.5 0.102659
36 41 1076.26 1076.36 0.102657
16 45 1117.43 1117.53 0.0975374
38 59 1081.97 1082.07 0.10266
22 48 1099.42 1099.74 0.328707
39 41 1080.22 1080.33 0.102659
3 43 1082.86 1082.96 0.102659
35 47 1080.16 1080.25 0.0975387
7 43 1098.88 1098.98 0.102657
30 57 1179.97 1180.07 0.10266
17 45 1197.27 1197.37 0.0975378
16 45 1147.43 1147.53 0.0975374
10 42 1198.25 1198.35 0.097537
28 56 1159.3 1159.41 0.102659
32 53 1131.65 1131.75 0.102659
27 55 1186.92 1187.09 0.174596
33 51 1189.64 1189.74 0.102658
13 44 1177.06 1177.16 0.0975381
21 45 1188.83 1188.93 0.0975386
13 44 1087.06 1087.16 0.102658
9 42 1187.05 1187.15 0.0975385
28 56 1099.3 1099.48 0.174595
38 59 1171.97 1172.07 0.09754
7 43 1180.35 1180.45 0.102657
20 44 1113.83 1113.93 0.0975384
9 42 1097.05 1097.15 0.0975385
22 48 1169.19 1169.36 0.174595
39 0 1110.22 0 -1110.22
27 55 1096.92 1097.09 0.174596
5 42 1124.39 1124.5 0.102659
4 42 1155.17 1155.35 0.184835
6 43 1150.01 1150.34 0.328707
12 45 1167.56 1167.66 0.0975377
15 45 1148.09 1150.39 2.30195
26 63 1113.88 1113.98 0.0975372
35 47 1110.16 1110.26 0.102659
36 41 1106.26 1106.36 0.0975369
22 48 1131.96 1132.14 0.184835
34 65 1105.97 1106.07 0.102659
38 59 1111.97 1112.07 0.10266
7 43 1120.35 1120.45 0.0975372
21 45 1098.83 1098.93 0.0975386
9 42 1127.05 1127.15 0.0975385
2 42 1114.51 1114.61 0.102659
25 63 1106.97 1107.07 0.102658
31 67 1111.65 1111.83 0.174596
8 42 1134.52 1134.62 0.0975392
19 44 1119.34 1119.43 0.0975388
33 51 1129.64 1129.74 0.102658
3 43 1112.86 1112.96 0.102659
8 42 1104.52 1104.63 0.102659
28 56 1129.3 1129.48 0.174595
23 49 1113.91 1114.01 0.0975403
31 67 1141.65 1141.83 0.174596
12 45 1137.56 1137.66 0.0975377
32 53 1101.65 1101.82 0.174595
30 57 1119.97 1120.07 0.0975397
13 44 1117.06 1117.16 0.0975381
0 42 1165.54 1167.84 2.30195
21 45 1128.83 1128.93 0.0975386
27 55 1126.92 1127.09 0.174596
29 68 1121.88 1121.98 0.10266
18 45 1150.99 1151.09 0.102657
32 53 1161.65 1161.75 0.0975387
37 65 1171.08 1171.18 0.0975385
27 55 1156.92 1157.09 0.174596
21 45 1158.83 1158.93 0.0975386
9 42 1157.05 1157.15 0.0975385
10 42 1186.02 1186.12 0.102657
36 41 1166.26 1166.36 0.0975369
24 49 1175.33 1175.43 0.102659
5 42 1154.39 1154.5 0.102659
24 49 1195.7 1195.79 0.0975391
17 45 1176.9 1177 0.102658
39 41 1170.22 1170.32 0.0975392
12 45 1197.56 1197.66 0.0975377
8 42 1164.52 1164.62 0.0975392
