22 44 0.837409 3.13936 2.30195
34 61 1.73679 4.03874 2.30196
5 59 703.339 705.641 2.30195
36 69 6.27376 8.57572 2.30195
13 65 8.56105 10.863 2.30195
10 58 5.5034 7.80536 2.30195
12 64 1150.4 1152.7 2.30196
9 64 3.01514 5.31709 2.30196
9 64 1142.48 1142.67 0.184835
25 50 950.938 951.041 0.102658
31 50 3.0712 5.37315 2.30195
0 59 3.09054 5.39249 2.30195
5 59 1129.66 1129.76 0.0975383
36 69 1086.27 1086.38 0.102658
38 66 6.89128 9.19323 2.30195
34 61 685.417 687.718 2.30196
38 66 1026.89 1026.99 0.0975381
2 58 12.6777 14.9797 2.30195
28 44 8.73377 11.0357 2.30195
20 44 702.052 704.354 2.30195
12 64 10.9355 13.2375 2.30196
14 64 13.2301 15.5321 2.30195
22 44 684.517 686.819 2.30195
27 49 11.7913 14.0932 2.30196
26 43 11.4862 13.7881 2.30195
1 58 11.1159 13.4178 2.30196
36 69 1116.27 1116.38 0.102658
28 44 1028.73 1028.84 0.102657
37 48 13.1007 15.4027 2.30195
32 49 12.5706 14.8725 2.30195
7 58 712.994 715.296 2.30195
39 40 946.859 946.961 0.102658
15 64 13.5192 15.8212 2.30195
23 0 703.881 0 -703.881
8 0 703.896 0 -703.896
19 44 14.3059 16.6078 2.30195
37 48 1033.1 1033.2 0.097538
1 58 694.796 697.098 2.30196
21 43 17.1373 19.4392 2.30195
17 44 15.8173 18.1192 2.30195
4 59 16.3949 18.6969 2.30196
39 40 16.8586 19.1606 2.30195
14 64 696.91 699.212 2.30195
29 50 16.6291 18.9311 2.30195
11 58 17.1062 19.4081 2.30195
18 49 17.2245 19.5264 2.30196
25 50 932.511 932.614 0.102658
36 69 689.954 692.255 2.30195
9 64 1173.02 1173.11 0.0975392
32 49 1152.04 1154.34 2.30195
35 53 704.432 706.734 2.30195
29 50 700.309 702.611 2.30195
5 59 1099.66 1099.76 0.0975383
25 50 1010.94 1011.04 0.0975383
15 0 697.199 0 -697.199
21 43 700.817 703.119 2.30195
25 50 704.618 706.92 2.30195
4 59 700.075 702.377 2.30196
6 65 936.14 937.455 1.31482
20 44 18.3726 20.6746 2.30195
37 48 1093.1 1093.2 0.097538
5 59 19.6595 21.9614 2.30195
3 64 19.7813 22.0833 2.30195
30 44 19.7212 22.0231 2.30196
23 44 20.2009 22.5028 2.30195
18 49 1007.22 1007.32 0.0975394
10 58 689.183 691.485 2.30195
8 64 20.216 22.5179 2.30195
12 58 694.615 696.917 2.30196
31 50 1030.57 1030.67 0.102658
25 50 20.938 23.2399 2.30195
35 53 20.7526 23.0545 2.30195
27 0 695.471 0 -695.471
30 0 703.401 0 -703.401
39 40 700.538 702.84 2.30195
1 58 1181.12 1181.22 0.102659
33 50 711.132 713.434 2.30196
24 49 24.2428 26.5448 2.30195
6 65 24.5673 26.8693 2.30195
7 58 29.3139 31.6158 2.30195
33 50 27.4527 29.7547 2.30196
16 64 27.0707 29.3726 2.30195
37 48 696.78 699.082 2.30195
34 61 1029.23 1029.41 0.174596
16 64 710.75 713.052 2.30195
5 59 247.553 249.855 2.30195
8 64 248.109 250.411 2.30195
35 53 248.646 250.948 2.30195
37 48 468.887 471.189 2.30195
23 44 248.094 250.396 2.30195
18 49 700.904 703.206 2.30196
3 64 247.675 249.977 2.30195
17 44 699.497 701.799 2.30195
30 0 247.614 0 -247.614
25 50 248.831 251.133 2.30195
3 64 703.461 705.763 2.30195
14 64 1093.23 1093.33 0.0975363
11 58 700.786 703.088 2.30195
14 64 1003.23 1003.33 0.0975363
22 44 228.731 231.033 2.30195
34 61 229.63 231.932 2.30196
9 64 230.908 233.21 2.30196
31 50 230.964 233.266 2.30195
0 59 230.984 233.286 2.30195
10 58 233.397 235.699 2.30195
36 69 234.167 236.469 2.30195
38 66 234.785 237.086 2.30195
13 65 236.454 238.756 2.30195
28 44 236.627 238.929 2.30195
12 64 238.829 241.131 2.30196
1 58 239.009 241.311 2.30196
26 43 239.379 241.681 2.30195
27 50 239.685 241.986 2.30196
32 0 240.464 0 -240.464
2 58 240.571 242.873 2.30195
37 48 240.994 243.296 2.30195
14 64 241.123 243.425 2.30195
15 64 241.412 243.714 2.30195
19 44 242.199 244.501 2.30195
17 0 243.711 0 -243.711
4 59 244.288 246.59 2.30196
29 50 244.522 246.824 2.30195
39 40 244.752 247.054 2.30195
11 58 244.999 247.301 2.30195
21 43 245.031 247.332 2.30195
18 49 245.118 247.42 2.30196
20 44 246.266 248.568 2.30195
33 50 1077.45 1077.56 0.102659
28 44 1118.73 1118.84 0.102657
17 44 1383.18 1383.28 0.102658
37 48 1003.1 1003.2 0.102658
33 50 989.866 990.04 0.174595
35 53 1010.75 1010.86 0.102657
16 64 999.672 1000 0.328706
6 65 252.461 254.762 2.30195
14 64 1033.23 1033.33 0.0975363
24 49 252.136 254.438 2.30195
33 50 255.346 257.648 2.30196
20 50 948.373 948.47 0.0975415
34 61 1010.93 1011.12 0.184836
16 64 254.964 257.266 2.30195
4 59 1096.39 1096.5 0.102659
26 0 695.166 0 -695.166
7 58 257.207 259.509 2.30195
2 58 1182.68 1182.78 0.0975381
23 44 931.774 934.076 2.30195
0 59 686.77 689.072 2.30195
1 58 1091.12 1091.21 0.097539
5 59 1009.66 1009.76 0.0975383
38 66 1086.89 1086.99 0.102658
38 66 690.571 692.873 2.30195
31 50 686.751 689.053 2.30195
13 65 464.348 466.65 2.30195
28 44 692.414 694.715 2.30195
31 50 1012.27 1012.45 0.184834
37 48 1183.1 1183.2 0.097538
4 59 1036.39 1036.49 0.0975393
6 65 708.247 710.549 2.30195
2 58 696.357 698.659 2.30195
19 44 697.986 700.288 2.30195
3 64 1159.25 1159.35 0.102656
30 50 475.508 477.81 2.30196
9 64 686.695 688.997 2.30196
35 53 932.326 932.51 0.184833
1 58 1001.12 1001.29 0.174595
32 0 696.25 0 -696.25
25 50 1130.94 1131.04 0.0975383
3 64 475.568 477.87 2.30195
20 44 474.159 476.461 2.30195
25 50 476.724 479.026 2.30195
32 49 468.357 470.659 2.30195
14 64 469.017 471.319 2.30195
7 58 485.1 487.402 2.30195
29 50 1383.99 1384.09 0.102658
33 50 483.239 485.541 2.30196
33 50 1107.45 1107.56 0.102659
28 44 464.52 466.822 2.30195
39 40 472.645 474.947 2.30195
24 49 480.029 482.331 2.30195
25 50 1100.94 1101.04 0.0975383
0 59 1173.09 1173.19 0.0975387
16 64 482.857 485.159 2.30195
38 66 462.678 464.98 2.30195
18 49 473.011 475.313 2.30196
6 65 480.354 482.656 2.30195
22 44 456.624 458.926 2.30195
34 61 457.523 459.825 2.30196
9 64 458.802 461.104 2.30196
31 50 458.858 461.16 2.30195
0 59 458.877 461.179 2.30195
10 58 461.29 463.592 2.30195
36 69 462.06 464.362 2.30195
35 53 476.539 478.841 2.30195
0 59 993.091 993.193 0.102659
15 64 925.092 927.394 2.30195
1 58 1121.12 1121.21 0.097539
10 58 1115.5 1115.61 0.102659
1 58 1031.12 1031.29 0.174595
11 58 1156.57 1158.87 2.30195
39 40 1036.86 1036.96 0.102658
12 58 466.722 469.024 2.30196
2 58 468.464 470.766 2.30195
19 44 470.092 472.394 2.30195
1 59 466.902 469.204 2.30196
8 64 476.002 478.304 2.30195
27 49 467.578 469.88 2.30196
26 43 467.273 469.575 2.30195
4 59 472.181 474.483 2.30196
15 64 469.306 471.608 2.30195
17 0 471.604 0 -471.604
38 66 1176.89 1176.99 0.0975381
24 49 707.923 710.225 2.30195
5 59 949.659 949.762 0.102658
29 50 472.416 474.718 2.30195
11 58 472.893 475.195 2.30195
21 43 472.924 475.226 2.30195
13 65 692.241 694.543 2.30195
28 44 1178.73 1178.84 0.102657
0 59 1023.09 1023.19 0.102659
2 64 1152.14 1152.25 0.10266
21 43 1156.6 1157.22 0.616449
20 44 1038.37 1038.47 0.0975365
29 49 1156.1 1158.4 2.30196
19 44 1153.77 1156.07 2.30195
23 44 475.987 478.289 2.30195
5 59 475.446 477.748 2.30195
18 49 947.224 947.327 0.102659
16 65 1032.21 1032.54 0.328708
22 44 1005.98 1006.31 0.328706
37 48 1123.1 1123.2 0.097538
36 69 1026.27 1026.38 0.102658
14 0 1153.23 0 -1153.23
0 59 1083.09 1083.19 0.0975387
15 58 1152.99 1155.29 2.30196
35 53 1160.75 1160.85 0.0975375
21 43 1217.63 1217.96 0.328705
31 50 1113.07 1113.17 0.102658
35 53 1100.75 1100.85 0.0975375
24 49 1163.71 1164.33 0.61645
38 66 996.891 996.989 0.0975381
13 65 1148.03 1148.36 0.328707
20 44 1008.37 1008.47 0.0975365
18 49 1097.22 1097.32 0.0975394
35 53 1040.75 1040.85 0.0975375
31 50 947.186 947.515 0.328706
8 64 1169.85 1169.95 0.102657
39 40 1126.86 1126.96 0.0975377
16 64 938.644 939.26 0.61645
30 44 931.294 933.596 2.30196
8 64 931.789 934.091 2.30195
28 44 952.848 953.033 0.184833
34 61 1081.74 1081.91 0.174596
6 65 1188.36 1188.69 0.328707
2 58 924.251 926.553 2.30195
7 58 940.887 943.189 2.30195
20 44 1098.37 1098.47 0.0975365
20 44 1158.37 1158.47 0.0975365
39 40 1006.86 1006.96 0.102658
8 64 1159.68 1159.78 0.102657
39 40 1186.86 1186.96 0.0975377
0 59 1113.09 1113.19 0.0975387
22 44 1110.84 1110.93 0.0975384
19 44 1381.67 1381.77 0.102657
18 49 1037.22 1037.32 0.0975394
15 64 1380.88 1380.98 0.102658
32 49 1379.93 1382.23 2.30195
22 44 1038.52 1038.71 0.184834
16 64 1115.6 1115.7 0.102658
32 49 924.144 926.446 2.30195
21 43 928.71 931.012 2.30195
20 44 929.946 930.048 0.102657
34 61 945.851 946.18 0.328708
22 44 912.41 913.027 0.61645
34 61 913.31 913.638 0.328708
9 64 914.588 916.89 2.30196
31 50 914.644 914.973 0.328706
0 59 914.664 914.766 0.102659
10 58 917.076 917.405 0.328707
36 69 917.847 918.175 0.328706
38 66 918.464 918.649 0.184834
13 65 920.134 922.436 2.30195
28 44 920.307 920.635 0.328705
12 64 922.509 924.81 2.30196
1 58 922.689 922.874 0.184835
26 43 923.059 925.361 2.30195
27 49 923.364 925.666 2.30196
28 44 998.734 998.831 0.0975374
5 59 931.232 931.335 0.102658
17 44 927.39 929.692 2.30195
14 64 924.803 924.906 0.102656
37 48 924.674 924.776 0.102658
4 59 1186.39 1186.49 0.0975393
39 40 928.432 928.534 0.102658
11 59 928.679 930.981 2.30196
18 49 928.797 928.9 0.102659
3 64 931.354 933.656 2.30195
4 59 927.968 928.153 0.184835
19 44 925.879 928.181 2.30195
25 50 980.938 981.035 0.0975383
29 49 928.202 930.504 2.30196
24 49 935.816 938.118 2.30195
0 59 933.091 933.193 0.102659
33 50 939.026 939.354 0.328707
1 58 941.116 941.29 0.174595
10 58 949.618 949.947 0.328707
38 66 936.891 936.994 0.102658
36 69 950.388 950.573 0.184834
37 48 943.101 943.203 0.102658
14 64 943.23 943.333 0.102656
35 53 950.753 950.855 0.102657
4 59 946.395 946.57 0.174595
36 69 968.687 968.861 0.174594
18 49 1157.22 1157.33 0.102659
4 59 1006.39 1006.5 0.102659
31 50 979.728 980.056 0.328706
18 49 977.224 977.327 0.102659
0 59 963.091 963.188 0.0975387
16 64 1097.3 1097.48 0.184834
33 50 1017.45 1017.56 0.102659
34 61 978.393 978.722 0.328708
14 64 973.23 973.328 0.0975363
10 58 982.16 982.488 0.328707
22 44 973.439 973.767 0.328706
38 66 966.891 966.989 0.0975381
33 50 971.567 971.752 0.184835
17 43 1155.28 1157.59 2.30196
10 58 1014.7 1015.03 0.328707
11 58 1384.47 1384.65 0.184835
10 58 1047.24 1047.43 0.184835
33 50 1137.45 1137.56 0.102659
20 44 1128.37 1128.47 0.0975365
28 44 971.147 971.249 0.102657
1 58 971.116 971.29 0.174595
4 59 976.395 976.57 0.174595
39 40 976.859 976.961 0.102658
36 69 996.274 996.376 0.102658
20 44 978.373 978.47 0.0975365
5 59 979.659 979.757 0.0975383
37 48 973.101 973.203 0.102658
12 58 1378.3 1378.62 0.328707
35 53 980.753 980.855 0.102657
5 59 1039.66 1039.76 0.0975383
14 64 1123.23 1123.33 0.0975363
16 64 1064.76 1065.08 0.328706
6 65 1066.31 1066.92 0.616451
6 65 1127.34 1127.95 0.616451
35 53 1070.75 1070.86 0.102657
33 50 1047.45 1047.55 0.097539
25 50 1040.94 1041.04 0.102658
31 50 1083.07 1083.17 0.102658
22 44 1080.84 1080.94 0.102658
20 44 1068.37 1068.47 0.0975365
28 44 1088.73 1088.84 0.102657
26 43 1181.49 1181.58 0.0975382
4 59 1126.39 1126.5 0.102659
36 69 1176.27 1176.38 0.102658
10 58 1065.54 1065.72 0.174595
36 69 1056.27 1056.38 0.102658
34 61 1051.74 1051.91 0.174596
38 66 1056.89 1056.99 0.102658
22 44 1056.82 1057 0.174594
0 59 1053.09 1053.19 0.102659
31 50 1053.07 1053.17 0.102658
33 50 1167.45 1167.56 0.102659
27 49 1151.26 1153.56 2.30196
10 58 1085.5 1085.68 0.174595
16 64 1137.07 1137.17 0.097538
14 64 1063.23 1063.33 0.0975363
5 59 1069.66 1069.76 0.0975383
38 66 1116.89 1116.99 0.102658
25 50 1070.94 1071.04 0.102658
1 58 1061.12 1061.22 0.102659
18 49 1067.22 1067.32 0.0975394
18 49 1127.22 1127.32 0.0975394
26 43 1150.95 1151.06 0.102658
1 58 1151.12 1151.21 0.097539
28 44 1058.73 1058.84 0.102657
35 53 1130.75 1130.85 0.0975375
23 44 1159.67 1159.77 0.102658
18 49 1187.22 1187.32 0.0975394
34 61 1111.74 1111.84 0.10266
37 48 1063.1 1063.2 0.097538
13 65 1180.57 1180.9 0.328707
4 59 1156.39 1156.49 0.0975393
4 59 1066.39 1066.49 0.0975393
39 40 1096.86 1096.96 0.0975377
39 40 1066.86 1066.96 0.0975377
30 44 1159.19 1161.49 2.30196
16 64 1167.07 1167.17 0.102658
34 61 1141.74 1141.83 0.0975401
34 61 1171.74 1171.83 0.0975401
7 58 1168.78 1169.4 0.61645
37 48 1153.1 1153.2 0.097538
36 69 1146.27 1146.38 0.102658
38 66 1146.89 1146.99 0.0975381
10 58 1145.5 1145.6 0.097539
22 44 1140.84 1140.94 0.102658
5 59 1159.66 1159.76 0.0975383
23 44 1169.83 1169.93 0.102658
14 64 1183.23 1183.33 0.0975363
28 44 1148.73 1148.84 0.102657
0 59 1143.09 1143.19 0.0975387
9 65 1160.78 1160.88 0.10266
10 58 1175.5 1175.6 0.097539
31 50 1143.07 1143.17 0.102658
3 64 1189.78 1189.88 0.0975364
2 58 1162.31 1162.41 0.102658
26 43 1161.12 1161.22 0.102658
22 44 1170.84 1170.94 0.102658
27 49 1379.15 1381.45 2.30196
25 50 1160.94 1161.04 0.0975383
39 40 1156.86 1156.96 0.0975377
31 50 1173.07 1173.17 0.0975383
5 59 1189.66 1189.76 0.0975383
23 44 1190.2 1190.3 0.0975379
20 44 1188.37 1188.47 0.0975365
8 64 1190.22 1190.32 0.102657
33 50 1197.45 1197.55 0.097539
25 50 1190.94 1191.04 0.0975383
35 53 1190.75 1190.85 0.0975375
24 49 1224.74 1225.07 0.328706
16 64 1197.07 1197.17 0.102658
6 65 1220.91 1221.23 0.328707
7 58 1229.81 1230.14 0.328706
30 44 1387.08 1387.18 0.102659
