15 42 2.10755 4.4095 2.30196
18 48 2.69773 4.99969 2.30196
6 39 20.9154 23.2173 2.30196
12 42 925.16 925.489 0.328708
14 0 21.0193 0 -21.0193
19 44 973.396 973.499 0.102657
22 43 3.90625 6.2082 2.30195
22 43 915.479 915.582 0.102659
27 30 941.088 941.19 0.102658
24 46 4.71839 7.02035 2.30196
23 41 240.02 242.321 2.30196
11 42 7.85139 10.1533 2.30196
20 40 7.84554 10.1475 2.30195
16 42 9.23754 11.5395 2.30196
27 30 11.0877 13.3896 2.30195
2 34 10.5749 12.8768 2.30196
25 43 10.5117 12.8136 2.30196
12 42 1153.59 1153.76 0.174596
15 42 913.681 914.009 0.32871
15 42 946.222 946.551 0.32871
23 41 12.1263 14.4282 2.30196
5 34 12.4214 14.7234 2.30196
0 34 19.7018 22.0038 2.30196
12 42 13.587 15.889 2.30196
19 44 13.3961 15.6981 2.30195
29 37 18.4106 20.7126 2.30195
10 42 17.3361 19.638 2.30195
3 34 19.25 21.5519 2.30196
4 0 19.5316 0 -19.5316
11 42 1208.35 1208.96 0.616453
0 34 931.275 931.377 0.102659
6 38 932.488 932.591 0.102661
2 34 1090.57 1090.67 0.0975399
2 34 1150.57 1150.67 0.0975399
21 45 1005.9 1006.23 0.32871
5 34 240.315 242.617 2.30196
13 0 22.2854 0 -22.2854
1 34 21.6078 23.9097 2.30195
17 35 27.4158 29.7177 2.30196
28 30 27.0182 29.3201 2.30195
9 42 27.6971 29.999 2.30196
8 34 25.5026 27.8046 2.30196
28 30 938.591 940.893 2.30195
11 42 919.424 921.726 2.30196
16 42 920.811 920.913 0.10266
23 41 923.699 923.884 0.184836
29 37 978.411 978.513 0.102659
2 34 922.148 922.333 0.184836
27 30 922.661 922.846 0.184834
5 34 923.994 924.179 0.184837
19 44 924.969 925.072 0.102657
26 33 28.3257 30.6276 2.30195
7 38 27.9404 30.2424 2.30196
27 30 971.088 971.185 0.0975377
1 34 1161.61 1161.71 0.097539
21 45 29.2483 31.5502 2.30196
19 44 241.289 243.591 2.30195
6 39 248.809 251.111 2.30196
10 42 961.451 961.636 0.184835
7 38 255.834 258.136 2.30196
4 30 475.318 477.62 2.30196
13 42 250.179 252.481 2.30196
12 42 976 976.175 0.174596
1 34 249.501 251.803 2.30195
21 45 257.142 259.443 2.30196
14 0 248.913 0 -248.913
26 33 256.219 258.521 2.30195
10 42 979.749 979.852 0.102659
15 42 230.001 232.303 2.30196
18 48 230.591 232.893 2.30196
22 43 231.799 234.101 2.30195
24 46 232.612 234.914 2.30196
20 40 235.739 238.041 2.30195
11 42 235.745 238.047 2.30196
16 42 237.131 239.433 2.30196
25 43 238.405 240.707 2.30196
2 34 238.468 240.77 2.30196
27 30 238.981 241.283 2.30195
12 42 241.48 243.782 2.30196
10 42 245.229 247.531 2.30195
29 37 246.304 248.606 2.30195
3 34 247.143 249.445 2.30196
4 34 247.425 249.727 2.30196
0 34 247.595 249.897 2.30196
9 42 1167.7 1167.79 0.0975415
22 43 963.906 964.004 0.0975387
20 40 1147.85 1147.94 0.0975386
9 42 255.59 257.892 2.30196
8 35 253.396 255.698 2.30196
28 30 254.911 257.213 2.30195
17 35 255.309 257.611 2.30196
1 34 1101.61 1101.71 0.097539
12 42 1003.59 1003.76 0.174596
8 34 937.076 937.692 0.616453
0 34 979.702 979.799 0.0975393
3 38 930.823 933.125 2.30196
25 43 970.512 970.614 0.10266
13 42 933.858 936.16 2.30196
24 46 994.718 994.816 0.097539
10 42 928.909 929.238 0.328707
9 42 957.697 957.795 0.0975415
27 30 466.874 469.176 2.30195
8 34 1189.3 1189.63 0.328709
1 34 933.181 933.283 0.102659
24 46 916.291 916.476 0.184835
20 40 919.419 919.747 0.328707
25 43 922.085 922.187 0.10266
19 44 1153.4 1153.49 0.0975367
17 35 483.202 485.504 2.30196
26 33 484.112 486.414 2.30195
1 34 477.394 479.696 2.30195
3 0 475.036 0 -475.036
9 42 483.484 485.786 2.30196
0 34 475.488 477.79 2.30196
6 39 476.702 479.004 2.30196
6 38 1160.92 1161.01 0.097541
16 42 465.024 467.326 2.30196
18 48 1172.7 1172.8 0.0975394
16 42 969.238 969.34 0.10266
8 34 481.289 483.591 2.30196
28 30 482.805 485.107 2.30195
7 38 483.727 486.029 2.30196
21 45 485.035 487.337 2.30196
7 38 1167.94 1168.04 0.0975391
28 30 710.698 713 2.30195
7 38 711.62 713.922 2.30196
21 45 973.363 973.692 0.32871
15 42 457.894 460.196 2.30196
18 48 458.484 460.786 2.30196
22 43 459.693 461.995 2.30195
24 46 460.505 462.807 2.30196
20 40 463.632 465.934 2.30195
11 42 463.638 465.94 2.30196
5 34 972.421 972.519 0.0975407
18 48 946.812 947.141 0.328707
28 30 1176.65 1176.75 0.102659
9 42 987.697 987.795 0.0975415
29 37 929.984 930.168 0.184835
6 38 950.915 951.018 0.102661
2 34 466.361 468.663 2.30196
25 43 466.298 468.6 2.30196
7 38 939.513 939.616 0.102659
5 35 468.208 470.51 2.30196
23 41 467.913 470.215 2.30196
19 44 469.183 471.485 2.30195
12 42 469.373 471.675 2.30196
14 42 476.806 479.108 2.30196
10 42 473.123 475.425 2.30195
18 48 914.271 914.599 0.328707
15 42 978.764 979.093 0.32871
26 33 988.326 988.428 0.102657
29 37 474.197 476.499 2.30195
20 40 970.259 970.433 0.174595
13 43 478.072 480.374 2.30196
17 35 938.989 939.174 0.184835
23 41 972.126 972.224 0.0975396
18 48 979.354 979.539 0.184835
0 34 949.702 949.799 0.0975393
26 33 939.899 940.001 0.102657
23 41 1152.13 1152.22 0.0975396
19 44 1003.4 1003.49 0.0975367
22 43 993.906 994.009 0.102659
15 42 1011.31 1011.49 0.184838
1 34 981.608 981.705 0.097539
21 45 940.821 941.15 0.32871
9 42 711.377 713.679 2.30196
17 35 711.096 713.397 2.30196
7 38 957.94 958.043 0.102659
26 33 712.005 714.307 2.30195
29 37 1038.41 1038.51 0.102659
17 35 957.416 957.518 0.102659
16 38 939.238 939.335 0.0975437
15 42 685.787 688.089 2.30196
18 48 686.377 688.679 2.30196
22 43 687.586 689.888 2.30195
24 46 688.398 690.7 2.30196
20 40 691.525 693.827 2.30195
11 0 691.531 0 -691.531
16 42 692.917 695.219 2.30196
25 43 694.191 696.493 2.30196
2 34 694.255 696.557 2.30196
27 30 694.767 697.069 2.30195
23 41 695.806 698.108 2.30196
5 35 696.101 698.403 2.30196
19 44 697.076 699.378 2.30195
12 42 697.267 699.569 2.30196
10 42 701.016 703.318 2.30195
29 37 702.09 704.392 2.30195
3 38 702.93 705.232 2.30196
4 34 703.211 705.513 2.30196
0 30 703.382 705.684 2.30196
6 39 704.595 706.897 2.30196
14 43 704.699 707.001 2.30196
1 34 705.288 707.589 2.30195
13 43 705.965 708.267 2.30196
8 35 709.182 711.484 2.30196
0 34 1159.7 1159.8 0.0975393
7 38 987.94 988.043 0.102659
26 33 958.326 958.428 0.102657
9 43 939.27 939.373 0.102663
14 42 932.592 934.894 2.30196
18 48 997.652 997.827 0.174595
29 37 948.411 948.513 0.102659
4 34 931.105 933.407 2.30196
21 45 712.928 715.23 2.30196
2 34 970.575 970.672 0.0975399
24 46 964.718 964.821 0.102659
22 43 933.906 934.004 0.0975387
25 43 1090.51 1090.61 0.0975398
8 34 998.104 998.72 0.616453
24 46 934.718 934.893 0.174595
6 38 980.915 981.018 0.102661
17 35 987.416 987.513 0.0975392
20 40 997.846 997.948 0.102659
20 40 951.96 952.145 0.184835
1 34 951.608 951.71 0.102659
2 34 940.575 940.678 0.10266
25 43 940.512 940.614 0.10266
25 43 1180.51 1180.61 0.0975398
27 30 1001.09 1001.19 0.102658
5 34 942.421 942.524 0.102661
20 40 1177.85 1177.94 0.0975386
27 30 1181.09 1181.19 0.0975377
23 41 942.126 942.229 0.10266
20 40 1087.85 1087.94 0.0975386
18 48 1142.7 1142.8 0.0975394
19 44 943.396 943.499 0.102657
12 42 957.702 957.887 0.184836
23 41 1002.13 1002.23 0.10266
24 46 1084.72 1084.82 0.102659
25 43 1000.51 1000.61 0.10266
2 34 1000.57 1000.67 0.0975399
29 37 1008.41 1008.51 0.102659
0 34 1009.7 1009.8 0.102659
16 42 999.238 999.335 0.09754
5 34 1002.42 1002.52 0.0975407
16 42 1149.24 1149.34 0.09754
29 37 1158.41 1158.51 0.0975386
7 38 1197.94 1198.04 0.0975391
24 46 1174.72 1174.82 0.097539
2 34 1180.57 1180.67 0.0975399
16 42 1179.24 1179.34 0.09754
10 42 1007.34 1007.43 0.0975387
9 42 1017.7 1017.79 0.0975415
9 42 1047.7 1047.79 0.0975415
7 38 1017.94 1018.04 0.102659
1 34 1011.61 1011.71 0.097539
6 38 1010.92 1011.01 0.097541
17 35 1017.42 1017.52 0.102659
23 41 1032.13 1032.23 0.10266
18 48 1022.7 1022.87 0.174595
1 34 1041.61 1041.71 0.097539
26 33 1018.33 1018.43 0.102657
20 40 1027.85 1027.94 0.0975386
15 42 1029.6 1029.78 0.174598
7 38 1047.94 1048.04 0.0975391
24 46 1024.72 1024.82 0.097539
10 42 1037.34 1037.43 0.0975387
2 34 1030.57 1030.67 0.0975399
26 33 1048.33 1048.42 0.0975369
21 45 1038.45 1038.78 0.32871
6 38 1040.92 1041.01 0.097541
19 44 1033.4 1033.49 0.0975367
25 43 1030.51 1030.61 0.0975398
22 43 1023.91 1024.01 0.102659
27 30 1031.09 1031.19 0.102658
12 42 1033.59 1033.76 0.174596
5 34 1032.42 1032.52 0.0975407
16 42 1029.24 1029.34 0.09754
0 34 1039.7 1039.8 0.0975393
8 34 1059.13 1059.46 0.328709
17 35 1047.42 1047.51 0.0975392
15 42 1142.11 1142.28 0.174598
24 46 1054.72 1054.82 0.102659
25 43 1060.51 1060.61 0.0975398
18 48 1052.7 1052.87 0.174595
7 38 1077.94 1078.04 0.0975391
21 45 1070.99 1071.32 0.32871
15 42 1052.11 1052.28 0.174598
17 35 1077.42 1077.51 0.0975392
5 34 1062.42 1062.52 0.0975407
16 42 1089.24 1089.34 0.09754
8 34 1091.67 1092 0.328709
0 34 1069.7 1069.8 0.102659
20 40 1057.85 1057.94 0.0975386
19 44 1063.4 1063.49 0.0975367
1 34 1071.61 1071.71 0.097539
27 30 1061.09 1061.19 0.102658
29 37 1068.41 1068.51 0.102659
26 33 1078.33 1078.42 0.0975369
22 43 1053.91 1054.01 0.102659
28 30 1166.48 1166.59 0.102659
23 41 1062.13 1062.23 0.10266
5 34 1092.42 1092.52 0.0975407
16 42 1059.24 1059.34 0.09754
2 34 1060.57 1060.67 0.0975399
10 42 1067.34 1067.44 0.102659
12 42 1063.59 1063.76 0.174596
9 42 1077.7 1077.79 0.0975415
6 38 1070.92 1071.02 0.102661
12 42 1093.59 1093.76 0.174596
22 43 1083.91 1084.01 0.102659
27 30 1091.09 1091.19 0.102658
15 42 1082.11 1082.28 0.174598
21 45 1103.53 1103.86 0.32871
23 41 1092.13 1092.23 0.10266
7 38 1107.94 1108.04 0.0975391
18 48 1082.7 1082.8 0.102659
10 42 1097.34 1097.44 0.102659
6 38 1100.92 1101.02 0.102661
0 34 1099.7 1099.8 0.0975393
26 33 1108.33 1108.42 0.0975369
19 44 1093.4 1093.49 0.0975367
9 42 1107.7 1107.79 0.0975415
8 34 1124.22 1124.54 0.328709
13 42 1161.75 1162.37 0.616455
29 37 1098.41 1098.51 0.102659
22 43 1143.91 1144.01 0.102659
20 40 1117.85 1117.94 0.0975386
15 42 1112.11 1112.28 0.174598
21 45 1168.61 1168.94 0.32871
22 43 1173.91 1174 0.0975387
15 42 1172.11 1172.28 0.174598
26 33 1168.33 1168.42 0.0975369
17 35 1167.42 1167.51 0.0975392
17 35 1107.42 1107.51 0.0975392
18 48 1112.7 1112.8 0.0975394
24 46 1114.72 1114.82 0.102659
21 45 1136.07 1136.4 0.32871
1 34 1131.61 1131.71 0.097539
25 43 1120.51 1120.61 0.0975398
19 44 1123.4 1123.49 0.0975367
4 34 1159 1159.33 0.328709
27 30 1121.09 1121.19 0.102658
2 34 1120.57 1120.67 0.0975399
3 38 1158.72 1158.9 0.184837
9 42 1137.7 1137.79 0.0975415
10 42 1157.34 1157.44 0.102659
11 42 1147.32 1147.93 0.616453
23 41 1122.13 1122.23 0.10266
24 46 1144.72 1144.82 0.097539
5 34 1122.42 1122.52 0.0975407
26 33 1138.33 1138.42 0.0975369
12 42 1123.59 1123.76 0.174596
7 38 1137.94 1138.04 0.0975391
22 43 1113.91 1114.01 0.102659
16 42 1119.24 1119.34 0.09754
0 34 1129.7 1129.8 0.0975393
29 37 1128.41 1128.51 0.102659
8 34 1156.76 1157.09 0.328709
5 34 1152.42 1152.52 0.0975407
6 38 1130.92 1131.02 0.102661
14 42 1160.49 1162.79 2.30196
27 30 1151.09 1151.19 0.102658
25 43 1150.51 1150.61 0.0975398
17 35 1137.42 1137.51 0.0975392
10 42 1127.34 1127.44 0.102659
19 44 1183.4 1183.49 0.0975367
0 34 1189.7 1189.8 0.0975393
3 38 1189.25 1189.42 0.174597
5 34 1182.42 1182.52 0.0975407
23 41 1182.13 1182.22 0.0975396
14 42 1388.38 1388.71 0.328711
17 35 1197.42 1197.51 0.0975392
10 42 1187.34 1187.44 0.102659
12 42 1183.59 1183.76 0.174596
29 37 1188.41 1188.51 0.0975386
9 42 1197.7 1197.79 0.0975415
4 34 1191.54 1191.72 0.184837
21 45 1201.15 1201.48 0.32871
26 33 1198.33 1198.42 0.0975369
8 34 1221.84 1222.17 0.328709
13 42 1222.78 1223.11 0.328711
28 30 1197.02 1197.12 0.102659
1 34 1191.61 1191.71 0.097539
6 38 1190.92 1191.01 0.097541
