24 51 0.0885737 2.39053 2.30196
39 47 0.474746 2.7767 2.30196
27 51 930.008 932.31 2.30196
14 0 14.8307 0 -14.8307
1 0 14.2331 0 -14.2331
2 44 14.9952 17.2971 2.30195
28 49 1.5243 3.82626 2.30196
6 44 1380.06 1382.36 2.30195
17 50 2.4292 4.73116 2.30196
3 44 3.15741 5.45937 2.30196
35 41 1152.02 1152.13 0.102658
22 50 6.36571 8.66767 2.30195
21 50 704.56 706.862 2.30196
37 44 7.54778 9.84974 2.30196
25 48 7.57746 9.87941 2.30196
12 0 11.1573 0 -11.1573
31 49 694.783 697.085 2.30196
34 0 696.692 0 -696.692
36 52 9.34093 11.6429 2.30196
33 42 9.30364 11.6056 2.30196
31 49 11.1028 13.4048 2.30196
33 42 1376.66 1376.99 0.328708
35 41 12.5566 14.8585 2.30195
16 43 12.7588 15.0608 2.30195
11 44 12.1199 14.4219 2.30196
22 43 690.045 692.347 2.30196
5 0 12.8964 0 -12.8964
34 0 13.0122 0 -13.0122
32 42 13.3297 15.6317 2.30196
6 44 12.6999 15.0019 2.30195
2 44 1382.35 1382.54 0.184834
5 0 696.576 0 -696.576
22 50 1145.83 1146.45 0.616451
29 49 1196.46 1196.56 0.0975399
3 44 686.837 689.139 2.30196
17 50 1174.34 1174.66 0.328711
14 0 1154.3 0 -1154.3
29 49 1106.46 1106.56 0.0975399
17 50 686.109 688.411 2.30196
38 52 709.483 711.785 2.30195
26 51 16.5881 18.89 2.30196
20 50 15.2973 17.5993 2.30196
4 44 704.102 706.404 2.30196
13 0 18.8284 0 -18.8284
30 49 16.0873 18.3893 2.30196
27 40 18.4353 20.7372 2.30196
8 0 709.848 0 -709.848
30 49 699.767 702.069 2.30196
18 43 21.6313 23.9332 2.30196
4 0 20.4222 0 -20.4222
36 52 693.021 695.323 2.30196
15 44 20.9169 23.2189 2.30195
16 43 696.439 698.741 2.30195
23 51 22.5725 24.8745 2.30196
7 0 20.191 0 -20.191
0 44 22.5384 24.8404 2.30196
19 43 21.639 23.9409 2.30196
21 50 20.8799 23.1818 2.30196
28 49 685.204 687.506 2.30196
30 49 1126.09 1126.18 0.0975392
30 49 1096.09 1096.18 0.0975392
28 49 1171.52 1171.62 0.0975393
39 47 684.154 686.456 2.30196
37 44 1117.55 1117.65 0.102661
14 0 698.51 0 -698.51
31 49 1091.1 1091.2 0.0975401
29 49 26.458 28.76 2.30196
38 52 25.8032 28.1052 2.30195
10 44 24.7532 27.0552 2.30195
8 44 26.1684 28.4703 2.30196
27 51 246.329 248.63 2.30196
9 44 28.7378 31.0397 2.30196
35 0 696.236 0 -696.236
25 48 691.257 693.559 2.30196
12 44 694.837 697.139 2.30196
7 0 248.084 0 -248.084
21 50 248.773 251.075 2.30196
6 0 696.38 0 -696.38
36 52 465.127 467.429 2.30196
20 50 471.084 473.386 2.30196
15 44 248.81 251.112 2.30195
8 44 1393.53 1395.83 2.30196
13 44 246.722 249.024 2.30196
19 43 249.532 251.834 2.30196
18 43 249.525 251.826 2.30196
15 44 932.49 932.593 0.102658
9 44 256.631 258.933 2.30196
8 0 254.062 0 -254.062
24 51 227.982 230.284 2.30196
39 47 228.368 230.67 2.30196
28 49 229.418 231.72 2.30196
17 50 230.322 232.624 2.30196
37 45 691.228 693.529 2.30196
3 44 231.051 233.353 2.30196
22 50 234.259 236.561 2.30195
37 44 235.441 237.743 2.30196
25 48 235.471 237.773 2.30196
33 42 237.197 239.499 2.30196
11 0 695.8 0 -695.8
36 52 237.234 239.536 2.30196
31 49 238.996 241.298 2.30196
12 0 239.051 0 -239.051
11 0 240.013 0 -240.013
35 41 240.45 242.752 2.30195
6 0 240.593 0 -240.593
19 43 705.319 707.621 2.30196
16 43 240.652 242.954 2.30195
5 44 240.79 243.092 2.30196
34 41 240.905 243.207 2.30196
32 42 241.223 243.525 2.30196
1 0 242.126 0 -242.126
14 0 242.724 0 -242.724
2 0 242.888 0 -242.888
20 50 243.191 245.493 2.30196
30 49 243.981 246.283 2.30196
26 51 244.481 246.783 2.30196
0 44 1162.54 1162.64 0.0975411
9 44 712.418 714.719 2.30196
23 51 706.252 708.554 2.30196
4 0 248.315 0 -248.315
33 42 692.983 695.285 2.30196
24 51 683.768 686.07 2.30196
38 52 253.696 255.998 2.30195
23 51 250.466 252.768 2.30196
0 45 250.432 252.734 2.30196
29 49 254.351 256.653 2.30196
10 44 252.646 254.948 2.30195
34 41 1380.37 1380.47 0.102659
7 44 931.764 934.066 2.30196
20 50 698.977 701.279 2.30196
12 0 1378.52 0 -1378.52
10 0 708.433 0 -708.433
39 47 930.475 930.577 0.102661
29 49 1016.46 1016.56 0.0975399
22 50 1206.86 1207.48 0.616451
18 43 1388.99 1389.18 0.184837
13 46 702.508 704.81 2.30197
20 50 1185.3 1185.47 0.174599
14 51 1382.19 1384.49 2.30196
0 44 706.218 708.52 2.30196
13 44 1386.19 1388.49 2.30196
18 43 705.311 707.613 2.30196
6 44 1152.17 1154.47 2.30195
2 0 698.675 0 -698.675
26 51 700.268 702.57 2.30196
24 51 1172 1172.32 0.328709
5 45 1152.36 1154.66 2.30197
36 52 1179.34 1179.44 0.10266
18 0 477.418 0 -477.418
27 51 702.115 704.417 2.30196
15 44 704.597 706.899 2.30195
29 49 482.245 484.546 2.30196
30 49 471.874 474.176 2.30196
26 51 1186.59 1186.69 0.0975395
21 50 476.666 478.968 2.30196
9 44 484.524 486.826 2.30196
25 48 463.364 465.666 2.30196
26 51 472.375 474.677 2.30196
1 44 470.02 472.322 2.30196
4 44 476.209 478.511 2.30196
37 44 463.334 465.636 2.30196
22 50 462.152 464.454 2.30195
35 41 468.343 470.645 2.30195
2 44 470.782 473.084 2.30195
10 44 480.54 482.842 2.30195
38 52 481.59 483.892 2.30195
15 44 476.703 479.005 2.30195
7 0 475.977 0 -475.977
19 0 477.425 0 -477.425
31 49 466.889 469.191 2.30196
36 52 1089.34 1089.44 0.0975404
23 51 478.359 480.661 2.30196
0 44 478.325 480.627 2.30196
24 51 455.875 458.177 2.30196
39 47 456.261 458.563 2.30196
28 49 457.311 459.613 2.30196
17 50 458.216 460.518 2.30196
3 44 458.944 461.246 2.30196
21 50 1190.88 1190.98 0.102661
38 52 1105.8 1105.9 0.0975389
26 51 1096.59 1096.69 0.10266
33 42 465.09 467.392 2.30196
14 44 470.617 472.919 2.30196
32 42 469.116 471.418 2.30196
27 51 474.222 476.524 2.30196
11 0 467.906 0 -467.906
12 44 466.944 469.246 2.30196
16 43 468.545 470.847 2.30195
6 0 468.486 0 -468.486
13 0 474.615 0 -474.615
34 41 468.799 471.101 2.30196
8 0 481.955 0 -481.955
5 0 468.683 0 -468.683
30 49 1186.09 1186.18 0.0975392
7 44 1387.55 1389.85 2.30196
29 49 710.138 712.44 2.30196
35 41 1182.56 1182.66 0.102658
7 44 703.871 706.173 2.30196
16 43 1182.76 1182.86 0.0975382
10 44 1196.76 1197.09 0.328705
24 51 1139.45 1139.78 0.328709
38 52 1195.8 1195.9 0.0975389
32 43 697.009 699.311 2.30196
1 44 697.913 700.215 2.30196
0 44 1102.54 1102.71 0.174597
31 49 1181.1 1181.2 0.0975401
31 49 941.103 941.205 0.10266
32 42 1183.33 1183.43 0.10266
35 41 924.13 926.432 2.30195
16 43 924.332 926.634 2.30195
28 49 931.524 931.699 0.174595
15 44 1100.92 1101.01 0.0975377
23 51 1102.57 1102.75 0.174596
9 44 940.311 941.626 1.31482
4 44 931.995 934.297 2.30196
23 51 1192.57 1192.75 0.174596
29 49 938.031 938.216 0.184836
17 50 946.544 946.873 0.328711
25 48 951.692 952.021 0.328707
10 44 936.326 938.628 2.30195
36 52 1119.34 1119.44 0.10266
26 51 960.703 960.888 0.184836
38 52 1165.8 1165.9 0.0975389
2 44 926.568 928.87 2.30195
18 43 933.204 935.506 2.30196
8 44 937.741 940.043 2.30196
38 52 937.376 937.561 0.184835
24 51 911.662 911.99 0.328709
39 47 912.048 912.15 0.102661
28 49 913.097 913.282 0.184835
17 50 914.002 914.331 0.328711
3 44 914.73 915.347 0.616454
22 50 917.939 920.241 2.30195
37 44 919.121 919.306 0.184837
25 48 919.15 919.479 0.328707
33 42 920.877 923.179 2.30196
36 52 920.914 921.017 0.10266
31 49 922.676 922.778 0.10266
12 44 922.73 925.032 2.30196
11 44 1151.59 1153.89 2.30196
5 0 924.469 0 -924.469
6 0 924.273 0 -924.273
11 0 923.693 0 -923.693
14 44 926.404 928.706 2.30196
34 41 924.585 926.887 2.30196
39 47 1170.47 1170.57 0.0975408
1 0 925.806 0 -925.806
32 43 924.903 927.205 2.30196
20 50 945.297 945.472 0.174599
0 44 934.111 934.44 0.328709
23 51 934.146 934.33 0.184836
13 44 930.401 932.703 2.30196
37 44 937.548 937.722 0.174597
30 49 927.66 927.763 0.102659
26 51 928.161 928.49 0.328708
24 51 944.203 944.532 0.328709
20 50 926.87 927.055 0.184839
20 50 1095.3 1095.47 0.174599
33 42 1148.77 1151.07 2.30196
21 50 932.453 934.755 2.30196
19 43 933.212 935.514 2.30196
36 52 939.341 939.438 0.0975404
16 43 1162.39 1162.49 0.102658
0 44 966.653 966.838 0.184837
23 51 952.573 952.747 0.174596
36 52 969.341 969.438 0.0975404
30 49 946.087 946.19 0.102659
15 44 950.917 951.02 0.102658
15 44 1160.92 1161.01 0.0975377
28 49 961.524 961.627 0.102659
25 48 984.234 984.563 0.328707
29 49 956.458 956.633 0.174596
30 49 1006.09 1006.19 0.102659
31 49 971.103 971.205 0.10266
38 52 955.803 955.978 0.174595
37 44 967.548 967.722 0.174597
3 44 975.759 976.087 0.32871
23 51 982.573 982.747 0.174596
39 47 960.475 960.577 0.102661
26 51 979.001 979.104 0.10266
15 44 1070.92 1071.01 0.0975377
24 51 976.745 977.074 0.328709
20 50 975.297 975.472 0.174599
30 49 976.087 976.19 0.102659
17 50 979.086 979.414 0.328711
30 49 1036.09 1036.18 0.0975392
36 52 999.341 999.444 0.10266
38 52 985.803 985.978 0.174595
28 49 991.524 991.622 0.0975393
29 49 986.458 986.561 0.10266
15 44 980.917 981.014 0.0975377
0 44 984.952 985.126 0.174597
0 44 1012.54 1012.71 0.174597
17 50 1011.63 1011.96 0.328711
31 49 1001.1 1001.21 0.10266
20 50 1005.3 1005.47 0.174599
39 47 990.475 990.577 0.102661
24 51 1009.29 1009.62 0.328709
26 51 1006.59 1006.69 0.10266
37 44 997.548 997.722 0.174597
3 44 1008.3 1008.63 0.32871
25 48 1016.78 1017.1 0.328707
12 0 1150.62 0 -1150.62
16 43 1152.23 1152.33 0.102658
23 51 1012.57 1012.75 0.174596
28 49 1021.52 1021.62 0.0975393
38 52 1015.8 1015.98 0.174595
36 52 1059.34 1059.44 0.0975404
17 50 1044.17 1044.5 0.328711
24 51 1041.83 1042.16 0.328709
30 41 1156.09 1156.18 0.0975416
21 50 1170.51 1170.61 0.102661
15 44 1010.92 1011.01 0.0975377
31 49 1031.1 1031.21 0.10266
20 50 1035.3 1035.47 0.174599
26 51 1036.59 1036.69 0.0975395
39 47 1020.47 1020.57 0.0975408
20 50 1155.3 1155.47 0.174599
36 52 1029.34 1029.44 0.0975404
17 50 1076.71 1077.04 0.328711
23 51 1042.57 1042.75 0.174596
37 44 1027.55 1027.65 0.102661
3 44 1040.84 1041.03 0.184838
25 48 1049.32 1049.5 0.184835
0 44 1042.54 1042.71 0.174597
29 49 1046.46 1046.56 0.0975399
15 44 1040.92 1041.01 0.0975377
24 51 1074.37 1074.7 0.328709
37 44 1177.55 1177.65 0.102661
9 44 1070.48 1071.79 1.31482
38 52 1045.8 1045.91 0.102659
30 49 1066.09 1066.18 0.0975392
26 51 1066.59 1066.69 0.0975395
39 47 1050.47 1050.57 0.0975408
28 49 1051.52 1051.62 0.0975393
20 50 1065.3 1065.47 0.174599
28 49 1081.52 1081.62 0.0975393
0 44 1072.54 1072.71 0.174597
37 44 1057.55 1057.65 0.0975412
3 44 1059.14 1059.32 0.174598
25 48 1067.62 1067.79 0.174595
31 49 1061.1 1061.2 0.0975401
20 50 1125.3 1125.47 0.174599
23 51 1072.57 1072.75 0.174596
29 49 1076.46 1076.56 0.0975399
24 51 1106.91 1107.24 0.328709
37 44 1087.55 1087.65 0.0975412
25 48 1117.58 1117.75 0.174595
17 50 1109.25 1109.58 0.328711
5 0 1380.26 0 -1380.26
38 52 1075.8 1075.9 0.0975389
34 49 1152.48 1154.78 2.30196
1 0 1153.7 0 -1153.7
39 47 1110.47 1110.57 0.0975408
17 50 1141.79 1142.12 0.328711
2 44 1154.46 1156.76 2.30195
28 49 1111.52 1111.62 0.0975393
39 47 1080.47 1080.57 0.0975408
3 44 1113.16 1113.33 0.174598
32 43 1152.8 1152.9 0.102661
31 49 1121.1 1121.2 0.0975401
25 48 1087.58 1087.75 0.174595
3 44 1083.16 1083.33 0.174598
8 44 1165.63 1167.94 2.30196
19 43 1161.11 1161.29 0.184836
11 44 1379.48 1381.78 2.30196
18 42 1161.1 1163.4 2.30196
0 44 1132.54 1132.64 0.102661
26 51 1126.59 1126.69 0.10266
0 44 1192.54 1192.64 0.0975411
23 51 1132.57 1132.75 0.174596
27 51 1157.9 1160.2 2.30196
29 49 1136.46 1136.56 0.0975399
7 44 1159.66 1161.96 2.30196
4 44 1159.89 1162.19 2.30196
13 0 1158.29 0 -1158.29
15 44 1130.92 1131.01 0.0975377
21 50 1160.35 1160.45 0.102661
32 42 1162.96 1163.06 0.10266
35 41 1162.19 1162.29 0.102658
25 48 1147.58 1147.75 0.174595
26 51 1156.59 1156.69 0.0975395
10 44 1164.22 1164.55 0.328705
38 52 1135.8 1135.9 0.0975389
1 45 1381.59 1383.89 2.30196
29 49 1166.46 1166.56 0.0975399
3 44 1173.16 1173.33 0.174598
23 51 1162.57 1162.75 0.174596
19 43 1191.64 1191.81 0.174596
39 47 1140.47 1140.57 0.0975408
28 49 1141.52 1141.62 0.0975393
31 49 1151.1 1151.2 0.0975401
37 44 1147.55 1147.65 0.102661
3 44 1143.16 1143.33 0.174598
25 48 1177.58 1177.75 0.174595
27 51 1385.79 1387.11 1.31482
4 44 1387.78 1387.88 0.10266
15 44 1190.92 1191.01 0.0975377
36 52 1149.34 1149.44 0.10266
9 44 1200.64 1201.96 1.31482
