6 14 0.439205 2.74116 2.30196
7 14 3.79861 6.10056 2.30195
5 12 3.63061 5.93256 2.30196
1 10 7.95966 10.2616 2.30196
4 12 6.81799 9.11994 2.30195
9 12 19.1992 21.5012 2.30196
8 11 20.6924 22.9944 2.30196
3 12 25.9763 28.2782 2.30196
2 10 25.1849 27.4869 2.30196
0 10 28.0243 30.3263 2.30195
3 12 253.87 256.171 2.30196
3 12 481.763 484.065 2.30196
9 12 247.092 249.394 2.30196
8 11 476.479 478.781 2.30196
2 10 480.971 483.273 2.30196
6 14 228.332 230.634 2.30196
5 12 231.524 233.826 2.30196
7 14 231.692 233.994 2.30195
4 12 234.711 237.013 2.30195
1 10 235.853 238.155 2.30196
2 10 253.078 255.38 2.30196
0 10 255.918 258.22 2.30195
8 0 248.586 0 -248.586
9 12 474.986 477.288 2.30196
0 10 483.811 486.113 2.30195
1 10 463.746 466.048 2.30196
4 12 462.604 464.906 2.30195
6 14 456.226 458.528 2.30196
5 12 459.417 461.719 2.30196
7 14 459.585 461.887 2.30195
3 12 709.656 711.958 2.30196
2 10 708.865 711.167 2.30196
3 11 937.549 939.851 2.30196
8 11 932.265 934.567 2.30196
6 14 684.119 686.421 2.30196
5 12 687.31 689.612 2.30196
7 12 687.478 689.78 2.30196
4 13 690.498 692.8 2.30196
1 10 691.639 693.941 2.30196
9 12 702.879 705.181 2.30196
8 11 704.372 706.674 2.30196
0 12 711.704 714.006 2.30196
0 10 972.139 972.468 0.328707
6 14 977.096 977.424 0.328707
6 14 944.554 944.883 0.328707
5 12 1053.63 1053.73 0.102659
6 14 912.012 912.341 0.328707
5 12 915.204 915.388 0.184835
7 14 915.372 917.674 2.30195
4 12 918.391 918.576 0.184835
1 10 919.533 919.717 0.184838
9 12 930.772 931.101 0.32871
4 12 936.818 936.993 0.174595
2 10 936.758 936.943 0.184836
0 10 939.597 939.926 0.328707
1 0 937.96 0 -937.96
5 12 933.631 933.733 0.102659
9 12 963.314 963.643 0.32871
2 10 955.185 955.288 0.10266
5 12 963.631 963.728 0.097539
9 12 995.856 996.04 0.184838
4 12 966.818 966.921 0.102659
1 10 967.96 968.057 0.0975418
9 12 1099.2 1099.3 0.0975417
2 10 985.185 985.288 0.10266
0 10 1004.68 1005.01 0.328707
6 14 1009.64 1009.82 0.184835
5 12 993.631 993.728 0.097539
1 10 997.96 998.062 0.102662
4 12 996.818 996.916 0.0975389
6 14 1050.44 1050.54 0.0975394
9 12 1014.15 1014.33 0.174598
9 12 1039.2 1039.3 0.102662
2 10 1015.18 1015.28 0.0975397
5 12 1023.63 1023.73 0.102659
6 14 1027.94 1028.04 0.102659
0 10 1037.22 1037.41 0.184835
0 10 1055.52 1055.62 0.102659
4 12 1026.82 1026.92 0.0975389
4 12 1086.82 1086.92 0.0975389
1 10 1027.96 1028.06 0.0975418
0 10 1078.02 1078.13 0.102659
9 12 1069.2 1069.3 0.0975417
2 10 1045.18 1045.29 0.10266
4 12 1056.82 1056.92 0.0975389
1 10 1057.96 1058.06 0.102662
2 10 1075.18 1075.28 0.0975397
5 12 1143.63 1143.73 0.102659
6 14 1080.44 1080.54 0.102659
5 12 1113.63 1113.73 0.102659
5 12 1083.63 1083.73 0.102659
4 12 1116.82 1116.92 0.0975389
0 10 1168.02 1168.12 0.0975387
1 10 1087.96 1088.06 0.102662
0 10 1108.02 1108.12 0.0975387
4 12 1146.82 1146.92 0.0975389
0 10 1138.02 1138.12 0.0975387
2 10 1105.18 1105.29 0.10266
6 14 1110.44 1110.54 0.102659
6 14 1170.44 1170.54 0.102659
8 11 1160.16 1162.46 2.30196
7 14 1143.26 1143.88 0.61645
9 12 1129.2 1129.3 0.0975417
1 10 1117.96 1118.06 0.0975418
6 14 1140.44 1140.54 0.102659
2 10 1135.18 1135.29 0.10266
3 12 1165.44 1165.77 0.328708
9 12 1159.2 1159.3 0.0975417
2 10 1165.18 1165.29 0.10266
4 12 1176.82 1176.92 0.102659
1 10 1147.96 1148.06 0.0975418
5 12 1173.63 1173.73 0.097539
8 11 1388.05 1390.35 2.30196
7 14 1204.29 1204.91 0.61645
9 12 1189.2 1189.3 0.0975417
1 10 1177.96 1178.06 0.0975418
0 10 1198.02 1198.13 0.102659
2 10 1195.18 1195.29 0.10266
3 12 1197.98 1198.17 0.184836
