2 19 7.00244 9.3044 2.30196
7 15 7.21666 9.51862 2.30195
5 13 9.21801 11.52 2.30195
9 19 9.68777 11.9897 2.30196
8 16 10.5399 12.8419 2.30196
6 13 11.6885 13.9905 2.30195
3 19 18.0429 20.3449 2.30196
4 13 18.4088 20.7107 2.30196
0 19 24.6246 26.9265 2.30196
1 19 26.5765 28.8785 2.30196
1 19 254.47 256.772 2.30196
2 19 234.896 237.198 2.30196
7 15 235.11 237.412 2.30195
5 13 237.111 239.413 2.30195
9 19 237.581 239.883 2.30196
8 16 238.433 240.735 2.30196
6 13 239.582 241.884 2.30195
3 19 245.936 248.238 2.30196
4 13 246.302 248.604 2.30196
0 19 252.518 254.82 2.30196
3 19 473.829 476.131 2.30196
2 0 462.789 0 -462.789
7 15 463.003 465.305 2.30195
5 13 465.005 467.306 2.30195
9 19 465.474 467.776 2.30196
8 16 466.326 468.628 2.30196
6 13 467.475 469.777 2.30195
4 13 474.195 476.497 2.30196
1 15 482.363 484.665 2.30196
0 19 480.411 482.713 2.30196
2 19 690.682 692.984 2.30196
7 15 690.896 693.198 2.30195
5 13 692.898 695.2 2.30195
9 0 693.368 0 -693.368
8 16 694.22 696.522 2.30196
6 12 695.368 697.67 2.30196
3 19 701.723 704.025 2.30196
4 13 702.088 704.39 2.30196
0 19 708.304 710.606 2.30196
1 13 710.256 712.558 2.30196
5 13 939.218 939.393 0.174594
7 15 951.331 951.516 0.184834
2 19 1146.47 1148.77 2.30196
6 13 1121.69 1121.79 0.097537
0 19 936.198 938.5 2.30196
1 19 938.149 939.464 1.31482
2 19 918.575 920.877 2.30196
7 15 918.79 919.118 0.328706
5 13 920.791 920.976 0.184834
9 19 921.261 923.563 2.30196
8 16 922.113 922.729 0.616454
6 13 923.262 923.59 0.328705
3 19 929.616 929.945 0.328708
4 13 929.982 930.598 0.616452
7 15 969.63 969.804 0.174594
6 13 955.803 955.988 0.184833
3 19 962.158 962.26 0.10266
0 19 1164.09 1165.41 1.31482
3 19 978.043 978.14 0.0975398
8 16 1166.23 1166.56 0.32871
5 13 969.218 969.321 0.102658
4 13 991.01 991.339 0.328708
8 16 983.141 983.758 0.616454
4 13 1056.09 1056.42 0.328708
4 13 1128.41 1128.51 0.10266
3 19 1098.04 1098.14 0.0975398
0 19 1294.26 1294.87 0.616452
4 13 1023.55 1023.88 0.328708
6 13 974.102 974.204 0.102657
7 15 997.217 997.319 0.102658
6 13 1001.69 1001.79 0.102657
3 19 1008.04 1008.14 0.0975398
5 13 999.218 999.321 0.102658
7 15 1027.22 1027.31 0.0975377
7 15 1057.22 1057.31 0.0975377
8 16 1044.17 1044.79 0.616454
1 19 1068.32 1069.63 1.31482
6 13 1031.69 1031.79 0.102657
4 13 1106.93 1107.11 0.174596
5 13 1029.22 1029.32 0.102658
3 19 1038.04 1038.14 0.0975398
4 13 1088.64 1088.82 0.184836
5 13 1089.22 1089.32 0.0975379
6 13 1061.69 1061.79 0.102657
3 19 1068.04 1068.14 0.0975398
5 13 1059.22 1059.32 0.102658
7 15 1087.22 1087.32 0.102658
8 16 1105.2 1105.81 0.616454
5 13 1149.22 1149.32 0.0975379
6 13 1091.69 1091.79 0.097537
7 15 1117.22 1117.32 0.102658
6 13 1151.69 1151.79 0.097537
3 19 1128.04 1128.14 0.0975398
5 13 1119.22 1119.32 0.0975379
9 19 1149.15 1150.47 1.31483
7 15 1177.22 1177.32 0.102658
7 15 1147.22 1147.32 0.102658
4 13 1158.41 1158.51 0.0975403
3 19 1158.04 1158.14 0.0975398
2 19 1374.36 1376.66 2.30196
1 19 1198.48 1199.8 1.31482
6 13 1181.69 1181.79 0.097537
8 16 1198.77 1199.1 0.32871
3 19 1188.04 1188.14 0.0975398
5 13 1179.22 1179.32 0.0975379
4 13 1188.41 1188.51 0.0975403
9 19 1279.32 1280.64 1.31483
