23 0 0.561684 0 -0.561684
3 0 0.904675 0 -0.904675
45 0 2.90919 0 -2.90919
26 50 3.35533 5.65728 2.30196
13 50 3.58257 5.88453 2.30195
25 0 690.1 0 -690.1
7 0 4.07106 0 -4.07106
46 0 0.930436 0 -0.930436
19 0 707.745 0 -707.745
29 0 2.38931 0 -2.38931
44 0 1390.4 0 -1390.4
49 65 711.398 713.7 2.30195
10 0 689.353 0 -689.353
15 0 4.31396 0 -4.31396
45 0 686.589 0 -686.589
32 0 707.227 0 -707.227
7 0 687.751 0 -687.751
40 0 4.42887 0 -4.42887
44 0 706.722 0 -706.722
17 0 710.167 0 -710.167
36 0 5.57265 0 -5.57265
39 0 690.855 0 -690.855
0 50 12.4831 14.785 2.30196
43 0 6.50628 0 -6.50628
25 50 6.42018 8.72213 2.30195
10 0 5.67318 0 -5.67318
36 51 689.252 691.554 2.30196
16 54 10.6754 12.9774 2.30196
34 0 7.11065 0 -7.11065
11 0 14.6766 0 -14.6766
12 0 8.27366 0 -8.27366
39 0 7.17547 0 -7.17547
8 0 8.26385 0 -8.26385
31 0 9.76638 0 -9.76638
4 0 14.7481 0 -14.7481
22 0 10.4046 0 -10.4046
47 0 706.078 0 -706.078
1 50 705.594 707.896 2.30195
29 0 686.069 0 -686.069
38 0 708.261 0 -708.261
48 50 14.6052 16.9072 2.30196
42 0 704.256 0 -704.256
18 0 15.916 0 -15.916
33 0 19.4534 0 -19.4534
2 0 15.4685 0 -15.4685
27 0 19.616 0 -19.616
24 0 16.307 0 -16.307
20 50 16.0944 18.3963 2.30195
41 0 704.002 0 -704.002
41 0 20.3222 0 -20.3222
5 50 18.7367 21.0386 2.30196
14 54 17.5574 19.8594 2.30196
35 0 19.4048 0 -19.4048
47 0 22.3987 0 -22.3987
1 50 21.9142 24.2161 2.30195
9 0 19.5247 0 -19.5247
44 0 23.0421 0 -23.0421
42 0 20.576 0 -20.576
27 0 703.296 0 -703.296
33 51 703.133 705.435 2.30196
9 0 703.204 0 -703.204
32 0 23.5471 0 -23.5471
35 0 703.085 0 -703.085
40 0 688.109 0 -688.109
19 50 24.0656 26.3675 2.30196
6 50 25.8419 28.1438 2.30196
17 51 26.4868 28.7888 2.30196
38 54 24.5813 26.8832 2.30196
21 50 27.7231 30.0251 2.30195
28 0 27.227 0 -27.227
49 65 27.7185 30.0205 2.30195
35 0 930.978 0 -930.978
5 0 702.416 0 -702.416
14 0 701.237 0 -701.237
30 50 28.6315 30.9335 2.30196
20 50 946.094 946.197 0.102657
14 54 929.13 931.432 2.30196
37 50 29.4413 31.7432 2.30196
33 50 247.347 249.649 2.30196
17 0 254.38 0 -254.38
2 0 471.255 0 -471.255
35 0 247.298 0 -247.298
22 0 466.191 0 -466.191
38 0 252.475 0 -252.475
21 50 255.616 257.918 2.30195
1 50 998.571 998.899 0.328705
27 0 247.509 0 -247.509
15 0 687.994 0 -687.994
42 0 248.469 0 -248.469
19 0 251.959 0 -251.959
49 65 255.612 257.914 2.30195
9 0 247.418 0 -247.418
41 0 248.215 0 -248.215
47 54 250.292 252.594 2.30196
48 66 926.178 928.48 2.30196
28 50 255.12 257.422 2.30196
9 0 475.311 0 -475.311
5 0 474.523 0 -474.523
5 51 246.63 248.932 2.30196
32 0 251.44 0 -251.44
6 50 253.735 256.037 2.30196
14 50 473.344 475.646 2.30195
34 0 462.897 0 -462.897
1 50 249.807 252.109 2.30195
44 0 250.935 0 -250.935
37 0 257.335 0 -257.335
30 0 256.525 0 -256.525
24 0 472.094 0 -472.094
47 0 478.185 0 -478.185
49 65 987.719 987.821 0.102657
23 0 228.455 0 -228.455
3 50 228.798 231.1 2.30195
46 50 228.824 231.126 2.30195
29 0 230.283 0 -230.283
45 54 230.802 233.104 2.30196
26 0 231.249 0 -231.249
13 50 231.476 233.778 2.30195
7 0 231.964 0 -231.964
15 0 232.207 0 -232.207
40 0 232.322 0 -232.322
36 0 233.466 0 -233.466
10 0 233.566 0 -233.566
25 50 234.313 236.615 2.30195
43 0 234.4 0 -234.4
34 0 235.004 0 -235.004
39 50 235.069 237.371 2.30195
8 0 236.157 0 -236.157
12 0 236.167 0 -236.167
31 50 237.66 239.962 2.30196
22 50 238.298 240.6 2.30196
16 54 238.569 240.871 2.30196
0 50 240.376 242.678 2.30196
48 50 242.498 244.8 2.30196
11 0 242.57 0 -242.57
4 0 242.641 0 -242.641
2 0 243.362 0 -243.362
18 0 243.809 0 -243.809
20 50 243.988 246.29 2.30195
24 0 244.2 0 -244.2
14 50 245.451 247.753 2.30195
2 54 927.041 929.343 2.30196
46 0 684.61 0 -684.61
24 0 699.987 0 -699.987
20 50 976.094 976.192 0.0975373
21 50 711.403 713.705 2.30195
20 50 699.774 702.076 2.30195
18 50 699.596 701.898 2.30196
43 0 690.186 0 -690.186
2 0 699.148 0 -699.148
34 0 690.79 0 -690.79
48 50 1184.61 1184.7 0.0975408
3 0 684.584 0 -684.584
4 0 698.428 0 -698.428
13 50 687.262 689.564 2.30195
23 50 684.241 686.543 2.30196
39 0 462.962 0 -462.962
12 0 464.06 0 -464.06
16 54 466.462 468.764 2.30196
49 65 1167.72 1167.82 0.097537
11 0 698.356 0 -698.356
48 66 698.285 700.587 2.30196
23 50 1367.92 1370.22 2.30196
0 50 468.27 470.572 2.30196
0 50 696.163 698.465 2.30196
28 0 710.907 0 -710.907
16 54 694.355 696.657 2.30196
26 0 687.035 0 -687.035
22 0 694.084 0 -694.084
31 0 693.446 0 -693.446
12 0 691.953 0 -691.953
8 0 691.944 0 -691.944
20 50 1156.09 1156.19 0.0975373
6 0 937.415 0 -937.415
8 0 464.05 0 -464.05
31 0 465.553 0 -465.553
1 50 477.701 480.003 2.30195
4 0 470.535 0 -470.535
18 0 471.703 0 -471.703
28 0 483.013 0 -483.013
21 50 483.51 485.812 2.30195
48 66 470.392 472.694 2.30196
32 0 479.334 0 -479.334
43 50 462.293 464.595 2.30195
19 0 479.852 0 -479.852
49 65 483.505 485.807 2.30195
6 50 709.522 711.824 2.30196
20 50 927.667 927.77 0.102657
25 50 462.207 464.509 2.30195
42 0 476.363 0 -476.363
33 0 475.24 0 -475.24
11 0 470.463 0 -470.463
41 0 476.109 0 -476.109
38 50 480.368 482.67 2.30196
44 0 478.829 0 -478.829
37 50 485.228 487.53 2.30196
37 50 713.121 715.423 2.30196
35 50 475.191 477.493 2.30196
20 50 471.881 474.183 2.30195
27 0 475.402 0 -475.402
6 54 481.628 483.93 2.30196
17 0 482.273 0 -482.273
30 0 484.418 0 -484.418
30 0 712.311 0 -712.311
23 0 456.348 0 -456.348
3 0 456.691 0 -456.691
46 0 456.717 0 -456.717
29 0 458.176 0 -458.176
45 0 458.696 0 -458.696
26 0 459.142 0 -459.142
13 50 459.369 461.671 2.30195
7 0 459.858 0 -459.858
15 54 460.1 462.402 2.30196
40 0 460.215 0 -460.215
36 50 461.359 463.661 2.30196
10 0 461.46 0 -461.46
28 0 938.8 0 -938.8
21 50 987.723 987.821 0.0975381
10 0 1373.03 0 -1373.03
11 50 926.25 928.552 2.30196
21 50 957.723 957.826 0.102658
41 0 931.895 0 -931.895
9 51 931.098 933.4 2.30196
5 51 930.31 932.612 2.30196
26 0 1370.71 0 -1370.71
27 0 931.189 0 -931.189
49 65 939.292 939.394 0.102657
1 50 966.029 966.358 0.328705
1 50 933.487 933.816 0.328705
42 50 932.149 934.451 2.30196
19 0 935.639 0 -935.639
4 0 926.321 0 -926.321
32 0 935.12 0 -935.12
30 54 940.204 942.506 2.30196
0 50 924.056 926.358 2.30196
24 0 927.88 0 -927.88
33 0 931.026 0 -931.026
44 0 934.615 0 -934.615
37 54 941.014 943.316 2.30196
49 65 957.719 957.821 0.102657
38 50 936.154 938.456 2.30196
47 0 933.972 0 -933.972
17 0 938.06 0 -938.06
31 0 1377.13 0 -1377.13
48 50 1172.37 1172.47 0.102661
23 50 912.135 914.437 2.30196
3 50 912.478 914.78 2.30195
46 50 912.503 914.805 2.30195
29 0 913.962 0 -913.962
45 0 914.482 0 -914.482
26 50 914.928 917.23 2.30196
13 50 915.156 917.458 2.30195
7 0 915.644 0 -915.644
15 0 915.887 0 -915.887
40 0 916.002 0 -916.002
36 51 917.146 919.448 2.30196
10 0 917.246 0 -917.246
25 0 917.993 0 -917.993
43 0 918.079 0 -918.079
34 54 918.684 920.986 2.30196
39 0 918.748 0 -918.748
8 0 919.837 0 -919.837
12 0 919.847 0 -919.847
31 50 921.339 923.641 2.30196
22 50 921.978 924.28 2.30196
16 54 922.248 924.55 2.30196
21 50 939.296 939.399 0.102658
18 0 927.489 0 -927.489
29 0 1369.75 0 -1369.75
20 50 1006.09 1006.19 0.0975373
21 50 1197.72 1197.82 0.0975381
21 50 1167.72 1167.82 0.0975381
1 50 1031.11 1031.44 0.328705
49 65 1017.72 1017.82 0.102657
1 50 1063.65 1063.98 0.328705
2 54 1382.83 1385.13 2.30196
11 0 1382.04 0 -1382.04
21 50 1017.72 1017.82 0.0975381
49 65 1047.72 1047.82 0.102657
20 50 1036.09 1036.19 0.0975373
1 51 1161.91 1162.02 0.102663
36 0 1372.93 0 -1372.93
40 0 1371.79 0 -1371.79
21 50 1047.72 1047.82 0.0975381
0 50 1379.84 1380.46 0.616452
16 54 1378.03 1380.34 2.30196
3 50 1368.26 1370.57 2.30195
25 50 1373.78 1376.08 2.30195
45 0 1370.27 0 -1370.27
29 0 1141.86 0 -1141.86
49 65 1107.72 1107.82 0.097537
1 50 1114.49 1114.6 0.102657
3 0 1140.37 0 -1140.37
21 50 1077.72 1077.82 0.0975381
4 50 1382.11 1384.41 2.30196
21 50 1107.72 1107.82 0.0975381
20 50 1096.09 1096.19 0.0975373
41 0 1387.68 0 -1387.68
18 0 1383.28 0 -1383.28
47 0 1389.76 0 -1389.76
5 51 1386.1 1388.4 2.30196
13 50 1143.05 1145.35 2.30195
42 50 1387.94 1390.24 2.30196
35 0 1386.76 0 -1386.76
1 50 1096.2 1096.38 0.184833
49 65 1077.72 1077.82 0.097537
20 50 1066.09 1066.19 0.0975373
46 0 1140.4 0 -1140.4
46 50 1368.29 1370.59 2.30195
21 50 1137.72 1137.82 0.0975381
48 50 1154.07 1154.26 0.184837
15 0 1143.78 0 -1143.78
45 0 1142.38 0 -1142.38
0 50 1151.95 1154.25 2.30196
16 54 1150.14 1152.44 2.30196
40 0 1143.9 0 -1143.9
23 50 1140.03 1142.33 2.30196
4 0 1154.21 0 -1154.21
14 50 1157.02 1159.33 2.30195
31 0 1149.23 0 -1149.23
36 0 1145.04 0 -1145.04
7 0 1143.54 0 -1143.54
9 0 1158.99 0 -1158.99
12 50 1147.74 1150.04 2.30196
42 0 1160.04 0 -1160.04
37 50 1168.91 1170.22 1.31482
2 0 1154.93 0 -1154.93
24 0 1155.77 0 -1155.77
27 0 1159.08 0 -1159.08
20 50 1126.09 1126.19 0.0975373
47 0 1161.86 0 -1161.86
5 50 1158.2 1160.5 2.30196
1 50 1131.91 1132.02 0.102657
41 0 1159.79 0 -1159.79
18 50 1155.38 1157.68 2.30196
11 0 1154.14 0 -1154.14
49 65 1137.72 1137.82 0.097537
35 0 1158.87 0 -1158.87
33 0 1386.81 0 -1386.81
33 0 1158.92 0 -1158.92
22 0 1149.87 0 -1149.87
26 50 1142.82 1145.12 2.30196
13 0 1370.94 0 -1370.94
43 50 1373.87 1376.17 2.30195
28 50 1166.69 1169 2.30196
8 0 1375.62 0 -1375.62
12 0 1375.63 0 -1375.63
1 50 1191.91 1192.02 0.102657
30 50 1168.1 1170.4 2.30196
39 50 1374.53 1376.84 2.30195
43 0 1145.97 0 -1145.97
27 0 1386.98 0 -1386.98
10 0 1145.14 0 -1145.14
39 0 1146.64 0 -1146.64
25 0 1145.89 0 -1145.89
34 0 1146.58 0 -1146.58
8 50 1147.73 1150.03 2.30196
15 0 1371.67 0 -1371.67
22 0 1377.76 0 -1377.76
9 50 1386.88 1389.19 2.30196
30 50 1395.99 1398.29 2.30196
34 0 1374.47 0 -1374.47
32 66 1390.91 1393.21 2.30197
7 0 1371.43 0 -1371.43
19 0 1163.53 0 -1163.53
32 0 1163.01 0 -1163.01
6 50 1165.31 1167.61 2.30196
17 0 1165.95 0 -1165.95
38 0 1164.05 0 -1164.05
44 50 1162.51 1164.81 2.30196
24 0 1383.67 0 -1383.67
20 50 1186.09 1186.19 0.0975373
14 50 1384.92 1385.02 0.102659
37 50 1299.07 1300.39 1.31482
38 50 1391.94 1394.24 2.30196
19 50 1391.43 1393.73 2.30196
6 50 1393.2 1393.53 0.32871
49 65 1197.72 1197.82 0.097537
28 50 1394.59 1396.89 2.30196
17 51 1393.85 1396.15 2.30196
