0 32 1.05865 3.36061 2.30196
25 31 2.10533 4.40728 2.30196
29 34 22.9746 25.2766 2.30195
12 30 937.552 937.727 0.174595
15 34 1023.35 1023.45 0.0975393
14 34 257.886 260.188 2.30196
17 34 2.92136 5.22332 2.30196
15 34 3.35135 5.65331 2.30196
12 30 997.552 997.655 0.102659
27 35 980.714 980.811 0.0975367
20 32 3.9626 6.26456 2.30196
3 32 6.36156 8.66351 2.30196
19 32 6.63963 8.94159 2.30196
7 34 1379.17 1381.48 2.30197
8 30 11.6429 13.9448 2.30196
12 30 7.55218 9.85414 2.30195
8 30 1379 1379.33 0.328712
11 30 1188.84 1188.94 0.0975422
7 30 11.8151 14.117 2.30196
21 32 10.2444 12.5464 2.30195
2 32 11.8308 14.1327 2.30196
18 34 10.0717 12.3736 2.30196
25 31 1082.11 1082.21 0.102659
4 0 13.5527 0 -13.5527
17 34 1203.42 1204.03 0.616456
27 35 1070.71 1070.81 0.0975367
13 0 21.1947 0 -21.1947
22 31 14.8592 17.1612 2.30196
16 34 18.0861 20.3881 2.30196
27 35 1190.71 1190.81 0.0975367
9 30 22.0131 24.315 2.30196
5 0 21.1495 0 -21.1495
11 30 18.8437 21.1457 2.30196
27 35 20.7139 23.0159 2.30195
7 30 1151.28 1153.58 2.30196
4 32 1153.02 1155.32 2.30196
22 31 1124.86 1125.03 0.174598
21 32 1120.24 1120.34 0.0975373
0 32 1021.06 1021.16 0.102661
18 34 1180.07 1180.17 0.102661
18 34 1167.84 1167.94 0.102661
23 32 1193.12 1193.22 0.0975379
26 0 22.321 0 -22.321
28 35 22.4045 24.7065 2.30196
24 30 24.2552 26.5571 2.30195
23 32 23.1199 25.4219 2.30195
15 34 1083.35 1083.45 0.0975393
14 34 1201.9 1203.21 1.31482
1 31 24.5623 26.8643 2.30197
10 30 25.7436 28.0456 2.30196
6 32 26.4294 28.7314 2.30196
27 35 248.607 250.909 2.30195
14 34 29.9923 32.2943 2.30196
12 30 1117.55 1117.65 0.0975386
8 30 1151.11 1153.41 2.30196
5 32 249.043 251.345 2.30196
23 32 251.013 253.315 2.30195
7 0 467.602 0 -467.602
1 32 252.456 254.758 2.30196
21 32 466.031 468.333 2.30195
29 34 250.868 253.17 2.30195
9 30 249.906 252.208 2.30196
26 34 250.214 252.516 2.30196
27 35 476.5 478.802 2.30195
13 34 249.088 251.39 2.30196
28 35 250.298 252.6 2.30196
16 34 1059.83 1061.14 1.31482
23 32 478.906 481.208 2.30195
14 34 485.779 488.081 2.30196
0 32 228.952 231.254 2.30196
25 31 229.999 232.301 2.30196
17 34 230.815 233.117 2.30196
15 34 231.245 233.547 2.30196
20 32 231.856 234.158 2.30196
3 32 234.255 236.557 2.30196
19 32 234.533 236.835 2.30196
12 30 235.445 237.747 2.30195
18 34 237.965 240.267 2.30196
21 32 238.138 240.44 2.30195
8 30 239.536 241.838 2.30196
7 30 239.708 242.01 2.30196
2 0 239.724 0 -239.724
4 0 241.446 0 -241.446
22 31 242.752 245.054 2.30196
16 34 245.979 248.281 2.30196
11 30 246.737 249.039 2.30196
11 30 1098.84 1098.94 0.0975422
15 34 1113.35 1113.45 0.0975393
27 35 1100.71 1100.81 0.0975367
0 32 991.059 991.161 0.102661
3 33 1145.83 1148.13 2.30197
24 30 252.148 254.45 2.30195
10 30 253.637 255.939 2.30196
6 32 254.323 256.625 2.30196
0 32 1111.06 1111.16 0.102661
13 34 1388.55 1390.86 2.30196
0 32 1081.06 1081.16 0.102661
18 34 1149.54 1149.72 0.184837
27 35 1040.71 1040.81 0.0975367
22 31 1094.86 1095.03 0.174598
14 34 1071.73 1073.05 1.31482
19 32 1146.11 1146.21 0.102661
11 30 1068.84 1068.94 0.0975422
25 31 992.105 992.208 0.102659
10 0 481.53 0 -481.53
6 32 482.216 484.518 2.30196
26 34 478.107 480.409 2.30196
6 33 710.109 712.411 2.30197
12 30 1057.55 1057.65 0.0975386
18 34 465.858 468.16 2.30196
2 32 467.617 469.919 2.30196
5 32 476.936 479.238 2.30196
28 35 478.191 480.493 2.30196
24 30 480.042 482.344 2.30195
24 30 1044.26 1044.36 0.102657
13 0 476.981 0 -476.981
0 32 1051.06 1051.16 0.102661
12 30 463.339 465.641 2.30195
9 30 477.8 480.102 2.30196
12 30 1087.55 1087.65 0.0975386
11 30 1038.84 1038.95 0.102662
0 32 456.845 459.147 2.30196
25 31 457.892 460.194 2.30196
17 0 458.708 0 -458.708
15 34 459.138 461.44 2.30196
20 32 459.749 462.051 2.30196
3 32 462.148 464.45 2.30196
19 32 462.426 464.728 2.30196
15 34 1053.35 1053.45 0.0975393
22 31 1034.86 1035.03 0.174598
11 30 1008.84 1008.95 0.102662
22 31 977.272 977.447 0.174598
4 0 469.339 0 -469.339
8 0 467.429 0 -467.429
22 31 470.646 472.948 2.30196
29 34 478.761 481.063 2.30195
1 0 480.349 0 -480.349
16 34 473.873 476.175 2.30196
11 30 474.63 476.932 2.30196
2 32 1151.3 1153.6 2.30196
24 30 984.255 984.358 0.102657
21 32 1090.24 1090.34 0.0975373
21 32 1060.24 1060.34 0.0975373
20 32 1143.43 1145.73 2.30196
27 35 1010.71 1010.81 0.0975367
24 30 1104.26 1104.35 0.0975375
12 30 1027.55 1027.65 0.102659
25 31 1022.11 1022.21 0.102659
24 30 1014.26 1014.36 0.102657
4 32 925.126 927.428 2.30196
15 34 993.351 993.454 0.102659
21 32 1030.24 1030.35 0.102657
26 35 933.894 936.196 2.30196
11 30 978.844 978.946 0.102662
10 30 709.423 711.725 2.30196
14 34 713.672 715.974 2.30196
25 31 1052.11 1052.21 0.102659
15 34 1173.35 1173.45 0.0975393
20 32 1371.32 1371.65 0.328708
0 32 684.738 687.04 2.30196
25 31 685.785 688.087 2.30196
17 34 686.601 688.903 2.30196
15 34 687.031 689.333 2.30196
20 33 687.642 689.944 2.30196
3 32 690.041 692.343 2.30196
19 32 690.319 692.621 2.30196
12 30 691.232 693.534 2.30195
18 34 693.751 696.053 2.30196
21 31 693.924 696.226 2.30196
8 0 695.323 0 -695.323
7 0 695.495 0 -695.495
2 0 695.511 0 -695.511
4 32 697.232 699.534 2.30196
22 33 698.539 700.841 2.30196
16 34 701.766 704.068 2.30196
11 30 702.523 704.825 2.30196
27 35 704.394 706.696 2.30195
5 32 704.829 707.131 2.30196
13 0 704.874 0 -704.874
9 0 705.693 0 -705.693
26 0 706.001 0 -706.001
28 35 706.084 708.386 2.30196
29 33 706.654 708.956 2.30196
23 32 706.8 709.102 2.30195
24 31 707.935 710.237 2.30196
1 32 708.242 710.544 2.30196
17 34 1142.39 1143 0.616456
25 31 1112.11 1112.21 0.102659
21 32 940.244 940.347 0.102657
21 32 1000.24 1000.35 0.102657
22 31 1184.86 1184.96 0.102662
24 30 1074.26 1074.35 0.0975375
22 31 1064.86 1065.03 0.174598
22 31 1004.86 1005.03 0.174598
28 35 933.978 936.279 2.30196
25 31 932.105 932.208 0.102659
27 35 932.287 932.39 0.102657
10 30 937.317 939.619 2.30196
22 31 958.974 959.159 0.184838
21 32 970.244 970.342 0.0975373
25 31 962.105 962.203 0.0975391
1 0 936.135 0 -936.135
19 32 1156.27 1156.37 0.102661
11 30 930.417 930.602 0.184838
6 0 938.002 0 -938.002
13 0 932.768 0 -932.768
15 34 933.351 933.454 0.102659
9 0 933.586 0 -933.586
6 32 1393.79 1395.1 1.31483
12 30 967.552 967.655 0.102659
26 34 1389.68 1389.78 0.102662
0 32 912.632 912.816 0.184837
25 31 913.678 913.781 0.102659
17 30 914.494 916.796 2.30197
15 34 914.924 915.027 0.102659
20 32 915.536 917.838 2.30196
3 32 917.935 920.237 2.30196
19 32 918.213 920.515 2.30196
12 30 919.125 919.31 0.184835
18 34 921.645 923.947 2.30196
21 32 921.817 921.92 0.102657
8 30 923.216 925.518 2.30196
7 30 923.388 925.69 2.30196
2 0 923.404 0 -923.404
24 30 935.828 935.931 0.102657
5 32 932.723 935.024 2.30196
16 34 929.659 930.974 1.31482
22 31 926.432 926.761 0.32871
23 32 934.693 936.995 2.30195
29 0 934.548 0 -934.548
27 35 950.714 950.817 0.102657
0 32 931.059 931.161 0.102661
14 34 941.565 942.88 1.31482
11 30 948.844 948.946 0.102662
24 30 954.255 954.358 0.102657
15 34 1143.35 1143.45 0.0975393
15 34 963.351 963.454 0.102659
27 35 1160.71 1160.81 0.0975367
0 32 961.059 961.156 0.0975412
12 30 1147.55 1147.65 0.0975386
22 31 1154.86 1155.03 0.174598
28 35 1161.87 1161.97 0.10266
0 32 1141.06 1141.16 0.0975412
9 30 1161.48 1163.78 2.30196
6 32 1165.9 1168.2 2.30196
1 0 1164.03 0 -1164.03
29 30 1162.44 1164.74 2.30197
10 33 1165.21 1167.51 2.30197
25 31 1142.11 1142.2 0.0975391
23 32 1162.59 1162.69 0.102658
26 35 1161.79 1164.09 2.30196
24 30 1134.26 1134.35 0.0975375
5 32 1160.62 1161.93 1.31483
2 32 1379.19 1381.49 2.30196
11 30 1128.84 1128.94 0.0975422
13 0 1160.66 0 -1160.66
27 35 1130.71 1130.81 0.0975367
4 0 1380.91 0 -1380.91
5 32 1290.78 1292.1 1.31483
25 31 1172.11 1172.2 0.0975391
21 32 1150.24 1150.34 0.0975373
24 30 1164.26 1164.35 0.0975375
11 30 1158.84 1158.95 0.102662
0 0 1171.06 0 -1171.06
12 30 1177.55 1177.65 0.0975386
28 35 1192.4 1192.5 0.0975397
21 32 1180.24 1180.34 0.0975373
29 34 1390.33 1392.64 2.30195
9 30 1389.37 1389.7 0.328711
19 32 1176.64 1176.74 0.102661
3 32 1373.72 1375.04 1.31482
10 30 1393.1 1393.72 0.616453
1 32 1391.92 1394.22 2.30196
24 30 1194.26 1194.35 0.0975375
16 34 1189.99 1191.31 1.31482
