11 31 0.424967 2.72692 2.30196
28 30 2.62203 4.92399 2.30196
25 30 8.62777 10.9297 2.30196
7 0 475.477 0 -475.477
5 31 5.64189 7.94384 2.30196
21 31 4.67806 6.98003 2.30197
14 30 5.59849 7.90045 2.30196
6 31 6.48283 8.78479 2.30196
29 30 12.8209 15.1228 2.30196
0 31 12.1713 14.4732 2.30196
26 0 12.8983 0 -12.8983
23 31 13.2708 15.5728 2.30196
18 30 13.4481 15.75 2.30196
10 31 14.934 17.2359 2.30196
19 30 15.3266 17.6285 2.30196
24 30 16.2793 18.5813 2.30196
9 31 16.4639 18.7659 2.30196
27 0 16.9087 0 -16.9087
4 31 16.9541 19.256 2.30196
20 30 17.5264 19.8284 2.30196
22 0 17.9197 0 -17.9197
13 0 18.3114 0 -18.3114
3 0 18.6467 0 -18.6467
7 0 19.6905 0 -19.6905
8 31 20.8911 23.1931 2.30196
2 31 23.0733 25.3753 2.30196
16 0 28.1379 0 -28.1379
1 31 25.0494 27.3513 2.30196
17 30 25.8426 28.1446 2.30196
15 0 27.4664 0 -27.4664
12 30 28.1683 30.4703 2.30196
27 0 472.695 0 -472.695
8 31 248.784 251.086 2.30196
12 0 256.062 0 -256.062
18 30 469.235 471.537 2.30196
0 31 467.958 470.26 2.30196
3 0 474.433 0 -474.433
2 31 250.967 253.269 2.30196
7 31 247.584 249.886 2.30196
17 30 253.736 256.038 2.30196
8 31 476.678 478.98 2.30196
25 30 464.414 466.716 2.30196
3 0 246.54 0 -246.54
1 31 252.943 255.245 2.30196
15 0 255.36 0 -255.36
16 0 256.031 0 -256.031
12 0 1167.63 0 -1167.63
5 31 965.642 965.739 0.0975416
23 0 469.057 0 -469.057
26 31 468.685 470.987 2.30197
11 31 228.318 230.62 2.30196
28 30 230.515 232.817 2.30196
21 31 232.571 234.873 2.30197
14 30 233.492 235.794 2.30196
5 31 233.535 235.837 2.30196
6 31 234.376 236.678 2.30196
25 30 236.521 238.823 2.30196
0 0 240.065 0 -240.065
29 30 240.714 243.016 2.30196
26 0 240.792 0 -240.792
23 30 241.164 243.466 2.30197
18 30 241.341 243.643 2.30196
10 0 242.827 0 -242.827
19 30 243.22 245.522 2.30196
24 0 244.173 0 -244.173
9 31 244.357 246.659 2.30196
27 0 244.802 0 -244.802
4 31 244.847 247.149 2.30196
20 30 245.42 247.722 2.30196
22 30 245.813 248.115 2.30197
13 30 246.205 248.507 2.30196
24 0 472.066 0 -472.066
12 30 1297.8 1299.12 1.31483
17 30 1393.2 1395.5 2.30196
10 31 470.72 473.022 2.30196
11 31 930.425 930.528 0.10266
13 0 929.884 0 -929.884
16 30 483.924 486.226 2.30197
17 30 481.629 483.931 2.30196
4 0 472.741 0 -472.741
20 30 473.313 475.615 2.30196
9 31 472.25 474.552 2.30196
8 31 965.006 965.335 0.328707
1 31 1164.52 1166.82 2.30196
12 30 483.955 486.257 2.30196
6 0 462.269 0 -462.269
29 0 468.607 0 -468.607
2 31 478.86 481.162 2.30196
1 31 480.836 483.138 2.30196
15 30 483.253 485.555 2.30196
11 31 960.425 960.528 0.10266
22 0 1385.28 0 -1385.28
16 0 1167.6 0 -1167.6
28 30 992.622 992.725 0.102662
11 31 456.211 458.513 2.30196
28 30 458.409 460.71 2.30196
21 31 460.465 462.767 2.30197
14 30 461.385 463.687 2.30196
5 31 461.428 463.73 2.30196
19 0 471.113 0 -471.113
13 0 474.098 0 -474.098
22 30 473.706 476.008 2.30197
15 30 1394.83 1397.13 2.30196
16 0 1395.5 0 -1395.5
1 31 936.622 938.924 2.30196
17 31 709.522 711.824 2.30197
7 0 931.263 0 -931.263
5 31 1145.64 1145.74 0.0975416
2 31 1162.54 1164.84 2.30196
1 31 708.729 711.031 2.30196
8 0 932.464 0 -932.464
17 30 937.416 939.718 2.30196
11 31 684.105 686.407 2.30196
28 30 686.302 688.604 2.30196
21 0 688.358 0 -688.358
14 0 689.278 0 -689.278
5 31 689.322 691.624 2.30196
6 31 690.163 692.465 2.30196
25 30 692.308 694.609 2.30196
0 31 695.851 698.153 2.30196
29 0 696.501 0 -696.501
26 31 696.578 698.88 2.30197
23 0 696.951 0 -696.951
18 0 697.128 0 -697.128
10 0 698.614 0 -698.614
19 30 699.006 701.308 2.30196
24 30 699.959 702.261 2.30196
9 31 700.144 702.446 2.30196
27 0 700.588 0 -700.588
4 31 700.634 702.936 2.30196
20 30 701.206 703.508 2.30196
22 0 701.599 0 -701.599
13 0 701.991 0 -701.991
3 0 702.326 0 -702.326
7 0 703.37 0 -703.37
8 30 704.571 706.873 2.30197
2 31 706.753 709.055 2.30196
29 30 924.394 926.696 2.30196
15 30 711.146 713.448 2.30196
16 30 711.818 714.12 2.30197
20 0 929.099 0 -929.099
12 30 711.848 714.15 2.30196
15 30 939.039 941.341 2.30196
16 0 939.711 0 -939.711
9 31 946.464 946.561 0.0975393
9 0 1156.46 0 -1156.46
26 0 924.471 0 -924.471
3 0 930.22 0 -930.22
8 31 1160.89 1160.99 0.0975395
12 30 939.741 942.043 2.30196
25 30 968.628 968.802 0.174597
5 31 935.642 935.745 0.102662
25 30 938.628 938.802 0.174597
0 31 923.744 926.046 2.30196
24 0 927.852 0 -927.852
2 31 934.646 936.948 2.30196
9 31 1186.46 1186.56 0.0975393
11 31 990.425 990.528 0.10266
4 0 1384.31 0 -1384.31
22 30 929.493 931.795 2.30197
24 0 1383.64 0 -1383.64
26 0 1380.26 0 -1380.26
2 31 1390.43 1390.54 0.102661
28 30 962.622 962.725 0.102662
0 31 1379.53 1379.63 0.102662
28 30 932.622 932.725 0.102662
11 31 911.998 912.183 0.184836
28 30 914.195 914.38 0.184838
21 31 916.251 918.553 2.30197
14 30 917.171 919.473 2.30196
5 31 917.215 917.318 0.102662
6 30 918.056 920.358 2.30198
25 30 920.201 920.386 0.184837
11 31 1140.42 1140.52 0.09754
9 31 976.464 976.561 0.0975393
23 30 924.844 927.146 2.30197
18 30 925.021 927.323 2.30196
8 31 1190.89 1190.99 0.0975395
9 0 928.037 0 -928.037
4 31 928.527 930.829 2.30196
19 0 926.9 0 -926.9
10 0 926.507 0 -926.507
27 31 928.482 930.784 2.30196
8 31 997.548 997.876 0.328707
20 0 1384.89 0 -1384.89
17 30 1165.31 1167.61 2.30196
5 31 995.642 995.739 0.0975416
25 30 998.628 998.802 0.174597
23 0 1380.63 0 -1380.63
28 30 1172.62 1172.72 0.0975423
9 31 1006.46 1006.57 0.102659
14 30 1372.96 1373.29 0.328715
5 31 1175.64 1175.74 0.0975416
21 31 1274.31 1275.63 1.31483
8 31 1030.09 1030.42 0.328707
25 30 1028.63 1028.8 0.174597
11 31 1020.42 1020.53 0.10266
28 30 1022.62 1022.72 0.102662
11 31 1170.42 1170.52 0.09754
27 0 1384.27 0 -1384.27
5 31 1025.64 1025.74 0.0975416
15 0 1166.93 0 -1166.93
18 0 1380.81 0 -1380.81
9 31 1036.46 1036.56 0.0975393
28 30 1052.62 1052.72 0.0975423
8 31 1062.63 1062.96 0.328707
19 0 1382.69 0 -1382.69
3 0 1386.01 0 -1386.01
1 0 1392.41 0 -1392.41
11 31 1050.42 1050.52 0.09754
25 0 1148.63 0 -1148.63
28 30 1142.62 1142.72 0.102662
5 31 1055.64 1055.74 0.102662
25 30 1058.63 1058.73 0.102661
8 31 1095.17 1095.28 0.102659
9 31 1066.46 1066.56 0.0975393
23 31 1152.74 1155.04 2.30196
28 30 1082.62 1082.72 0.0975423
10 0 1382.29 0 -1382.29
11 31 1080.42 1080.52 0.09754
5 31 1085.64 1085.74 0.102662
8 31 1105.34 1105.44 0.102659
25 30 1088.63 1088.73 0.102661
9 31 1096.46 1096.56 0.0975393
25 30 1178.63 1178.73 0.0975413
6 31 1373.84 1374.46 0.616456
11 31 1110.42 1110.52 0.09754
28 30 1112.62 1112.72 0.102662
0 31 1151.64 1153.94 2.30196
13 30 1385.67 1387.97 2.30196
6 31 1145.95 1148.25 2.30196
5 31 1115.64 1115.74 0.102662
22 31 1157.39 1159.69 2.30197
21 31 1144.14 1145.46 1.31483
3 31 1158.11 1160.41 2.30196
27 0 1156.37 0 -1156.37
25 30 1118.63 1118.73 0.102661
9 31 1126.46 1126.56 0.0975393
24 0 1155.75 0 -1155.75
26 0 1152.36 0 -1152.36
29 30 1380.18 1380.51 0.328711
14 30 1145.06 1147.37 2.30196
4 0 1156.42 0 -1156.42
19 0 1154.79 0 -1154.79
29 30 1152.29 1154.59 2.30196
13 30 1157.78 1160.08 2.30196
7 31 1159.16 1161.46 2.30196
8 31 1130.89 1130.99 0.0975395
20 0 1156.99 0 -1156.99
18 30 1152.91 1155.22 2.30196
10 0 1154.4 0 -1154.4
7 31 1387.05 1389.35 2.30196
