38 55 0.236773 2.53873 2.30195
44 54 0.439597 2.74155 2.30196
4 0 8.78858 0 -8.78858
49 51 8.71442 11.0164 2.30196
39 55 0.663392 2.96535 2.30195
48 0 0.702337 0 -0.702337
13 53 1159.87 1160.19 0.32871
30 0 0.817144 0 -0.817144
47 53 1.11046 3.41241 2.30196
36 55 1121.83 1121.93 0.0975385
15 53 2.61268 4.91464 2.30196
26 54 5.16937 7.47132 2.30196
2 50 1161.34 1163.64 2.30195
8 50 1161.97 1162.15 0.184838
21 54 1132.84 1132.93 0.0975396
43 56 3.95494 6.2569 2.30195
45 56 4.27548 6.57743 2.30195
29 59 1085.07 1085.17 0.0975367
33 59 1062.24 1062.34 0.102659
4 50 1148.25 1150.56 2.30196
17 53 1120.11 1120.21 0.0975391
19 53 5.89004 8.192 2.30195
29 59 5.07145 7.37341 2.30195
32 59 1073.01 1073.11 0.0975391
36 55 1061.83 1061.93 0.0975385
40 57 8.02346 10.3254 2.30195
28 58 7.33317 9.63513 2.30196
31 59 8.14532 10.4473 2.30195
21 54 1072.84 1072.94 0.10266
30 55 684.497 686.799 2.30196
16 53 700.248 702.55 2.30195
41 57 14.0035 16.3054 2.30195
17 53 10.1116 12.4136 2.30196
0 50 11.3432 13.6452 2.30196
23 54 10.717 13.019 2.30195
33 59 12.2396 14.5415 2.30196
36 55 11.8311 14.1331 2.30195
29 59 1055.07 1055.17 0.0975367
6 51 701.519 703.821 2.30196
17 53 1060.11 1060.21 0.102659
3 51 12.3885 14.6904 2.30195
45 56 1054.28 1054.37 0.0975377
38 55 683.917 686.218 2.30195
36 55 1091.83 1091.93 0.0975385
43 57 687.635 689.937 2.30196
5 51 928.379 930.681 2.30196
33 59 695.919 698.221 2.30196
18 53 13.503 15.805 2.30196
11 0 13.1278 0 -13.1278
47 53 1111.11 1111.21 0.0975395
38 55 1110.24 1110.33 0.0975377
15 0 686.292 0 -686.292
20 54 701.334 703.636 2.30195
10 0 14.139 0 -14.139
41 57 1064 1064.1 0.0975369
47 53 684.79 687.092 2.30196
21 54 1102.84 1102.93 0.0975396
1 50 15.6187 17.9207 2.30196
5 0 16.8063 0 -16.8063
20 54 17.6546 19.9566 2.30195
16 53 16.5678 18.8698 2.30195
14 53 17.3745 19.6765 2.30196
6 0 17.8396 0 -17.8396
28 58 1146.8 1146.9 0.10266
41 57 1124 1124.1 0.0975369
20 54 1127.65 1127.75 0.097539
16 53 1156.03 1158.34 2.30195
1 0 699.298 0 -699.298
9 50 18.9295 21.2315 2.30196
22 54 20.2635 22.5655 2.30195
8 50 22.5029 24.8049 2.30196
13 53 20.3998 22.7018 2.30196
2 50 21.8724 24.1743 2.30195
32 59 1103.01 1103.11 0.0975391
36 55 695.511 697.813 2.30195
35 55 24.1019 26.4039 2.30195
21 54 22.8367 25.1387 2.30196
32 59 23.0111 25.313 2.30196
22 54 1130.26 1130.44 0.174595
32 59 1133.01 1133.11 0.0975391
33 59 1122.24 1122.34 0.0975392
7 51 25.3075 27.6094 2.30196
27 54 25.6396 27.9416 2.30196
46 51 26.0913 28.3933 2.30196
37 55 25.4624 27.7643 2.30195
10 51 1153.61 1155.91 2.30196
47 53 1081.11 1081.21 0.0975395
17 53 693.791 696.093 2.30196
24 0 27.1351 0 -27.1351
43 56 1143.42 1143.52 0.102659
25 54 1109.9 1110 0.102658
3 52 1151.85 1151.96 0.102664
42 0 26.6139 0 -26.6139
12 53 26.9247 29.2266 2.30196
15 53 1142.08 1144.38 2.30196
10 0 697.819 0 -697.819
0 50 1150.81 1150.91 0.10266
23 54 694.397 696.699 2.30195
44 54 1080.44 1080.54 0.0975406
25 54 29.897 32.1989 2.30195
34 58 29.274 31.576 2.30195
9 0 246.823 0 -246.823
22 54 248.157 250.459 2.30195
31 0 691.825 0 -691.825
7 51 253.201 255.503 2.30196
35 55 251.995 254.297 2.30195
32 59 250.904 253.206 2.30196
12 53 254.818 257.12 2.30196
40 0 691.703 0 -691.703
5 51 700.486 702.788 2.30196
21 54 250.73 253.032 2.30196
8 50 250.396 252.698 2.30196
41 56 697.683 699.985 2.30196
18 0 697.183 0 -697.183
11 52 696.808 699.11 2.30196
25 54 257.79 260.092 2.30195
19 52 1145.36 1145.46 0.102665
3 0 696.068 0 -696.068
22 54 476.05 478.352 2.30195
13 53 248.293 250.595 2.30196
45 56 1114.28 1114.37 0.0975377
34 58 257.167 259.469 2.30195
2 50 249.766 252.068 2.30195
27 54 253.533 255.835 2.30196
42 54 254.507 256.809 2.30196
19 53 689.57 691.872 2.30195
26 54 688.849 691.151 2.30196
29 59 688.751 691.053 2.30195
45 56 687.955 690.257 2.30195
38 55 228.13 230.432 2.30195
44 54 228.333 230.635 2.30196
39 55 228.557 230.859 2.30195
48 0 228.596 0 -228.596
30 58 228.71 231.012 2.30196
47 53 229.004 231.306 2.30196
15 0 230.506 0 -230.506
43 56 231.848 234.15 2.30195
45 56 232.169 234.471 2.30195
29 59 232.965 235.267 2.30195
26 54 233.063 235.365 2.30196
19 53 233.783 236.085 2.30195
28 58 235.226 237.528 2.30196
40 57 235.917 238.219 2.30195
31 59 236.039 238.341 2.30195
49 51 236.608 238.91 2.30196
4 0 236.682 0 -236.682
17 53 238.005 240.307 2.30196
23 54 238.61 240.912 2.30195
0 50 239.236 241.538 2.30196
36 55 239.724 242.026 2.30195
33 59 240.133 242.435 2.30196
3 51 240.282 242.584 2.30195
11 51 241.021 243.323 2.30196
18 53 241.396 243.698 2.30196
41 57 241.897 244.199 2.30195
10 0 242.032 0 -242.032
1 50 243.512 245.814 2.30196
16 53 244.461 246.763 2.30195
5 51 244.7 247.002 2.30196
14 0 245.268 0 -245.268
20 54 245.548 247.85 2.30195
6 51 245.733 248.035 2.30196
29 59 1115.07 1115.17 0.0975367
35 55 1163.57 1165.87 2.30195
1 50 1155.08 1157.39 2.30196
30 55 1140.28 1140.39 0.10266
48 0 684.382 0 -684.382
37 55 1105.46 1105.56 0.0975377
38 55 1080.24 1080.33 0.0975377
14 55 701.054 703.356 2.30196
49 51 692.394 694.696 2.30196
4 56 692.468 694.77 2.30198
24 54 1166.6 1166.7 0.102659
49 51 1148.18 1150.48 2.30196
40 57 1147.49 1147.59 0.102658
48 58 1140.17 1142.47 2.30196
39 55 1140.13 1140.23 0.102659
46 51 253.985 256.287 2.30196
24 54 255.028 257.33 2.30196
37 55 253.356 255.658 2.30195
22 54 1070.26 1070.44 0.174595
39 55 684.343 686.645 2.30195
9 0 1158.4 0 -1158.4
18 53 1152.97 1155.27 2.30196
5 51 1156.27 1156.46 0.184836
26 54 1055.17 1055.27 0.102659
11 50 1152.59 1154.9 2.30196
42 54 1166.08 1168.38 2.30196
44 54 1110.44 1110.54 0.0975406
20 54 1067.65 1067.76 0.102659
7 51 1164.77 1167.08 2.30196
17 53 1090.11 1090.21 0.0975391
25 54 1079.9 1080 0.102658
31 59 463.932 466.234 2.30195
45 56 1084.28 1084.37 0.0975377
26 54 1085.17 1085.27 0.102659
25 54 1169.9 1169.99 0.0975379
34 58 712.954 715.256 2.30195
32 59 706.691 708.993 2.30196
21 57 706.516 708.818 2.30196
8 50 706.183 708.485 2.30196
44 54 684.119 686.421 2.30196
46 51 1165.56 1165.74 0.184838
2 50 705.552 707.854 2.30195
12 53 1106.92 1107.03 0.102662
13 53 704.08 706.382 2.30196
34 58 1168.74 1168.84 0.102658
22 56 703.943 706.245 2.30196
28 0 691.013 0 -691.013
12 53 1076.92 1077.02 0.0975422
41 57 1094 1094.1 0.0975369
9 50 702.609 704.911 2.30196
0 50 695.023 697.325 2.30196
20 54 1097.65 1097.75 0.097539
42 54 482.4 484.702 2.30196
0 50 467.13 469.432 2.30196
4 0 464.575 0 -464.575
41 57 469.79 472.092 2.30195
14 0 473.161 0 -473.161
2 50 477.659 479.961 2.30195
25 54 1139.9 1140 0.102658
27 54 481.426 483.728 2.30196
21 54 478.623 480.925 2.30196
8 50 478.289 480.591 2.30196
9 0 474.716 0 -474.716
22 54 1100.26 1100.44 0.174595
37 55 481.249 483.551 2.30195
37 55 709.142 711.444 2.30195
46 0 481.878 0 -481.878
24 54 482.922 485.224 2.30196
34 58 485.061 487.362 2.30195
10 0 469.926 0 -469.926
20 54 473.441 475.743 2.30195
12 53 482.711 485.013 2.30196
40 57 463.81 466.112 2.30195
11 51 468.914 471.216 2.30196
18 53 469.289 471.591 2.30196
36 55 467.618 469.92 2.30195
33 59 468.026 470.328 2.30196
16 53 472.354 474.656 2.30195
24 56 710.815 713.117 2.30196
7 51 481.094 483.396 2.30196
14 53 1156.84 1159.14 2.30196
28 58 463.12 465.422 2.30196
26 54 1115.17 1115.27 0.0975393
6 51 473.626 475.928 2.30196
5 51 472.593 474.895 2.30196
32 59 478.798 481.1 2.30196
23 54 1150.18 1150.29 0.102658
49 51 464.501 466.803 2.30196
23 54 466.504 468.805 2.30195
3 51 468.175 470.477 2.30195
1 50 471.405 473.707 2.30196
6 51 1157.31 1159.61 2.30196
13 53 476.186 478.488 2.30196
25 54 485.683 487.985 2.30195
35 55 479.888 482.19 2.30195
25 54 713.577 715.879 2.30195
38 55 456.023 458.325 2.30195
44 54 456.226 458.528 2.30196
39 0 456.45 0 -456.45
48 58 456.489 458.791 2.30196
30 55 456.604 458.906 2.30196
47 53 456.897 459.199 2.30196
15 53 458.399 460.701 2.30196
43 56 459.741 462.043 2.30195
45 56 460.062 462.364 2.30195
29 59 460.858 463.16 2.30195
26 54 460.956 463.258 2.30196
19 53 461.677 463.978 2.30195
12 53 1136.92 1137.02 0.0975422
17 53 465.898 468.2 2.30196
7 0 708.987 0 -708.987
46 52 709.771 712.073 2.30196
12 53 710.604 712.906 2.30196
12 53 938.498 938.6 0.102662
27 0 709.319 0 -709.319
35 0 707.782 0 -707.782
3 52 923.961 926.263 2.30196
32 59 934.584 934.687 0.102659
12 53 956.925 957.027 0.102662
42 56 710.294 712.596 2.30196
37 55 1135.46 1135.56 0.0975377
27 54 1165.11 1167.41 2.30196
38 55 1140.24 1140.33 0.0975377
20 54 929.228 929.33 0.102659
25 54 941.47 941.573 0.102658
14 55 928.948 931.249 2.30196
6 51 929.413 931.715 2.30196
42 56 938.187 940.489 2.30196
9 50 930.502 932.804 2.30196
27 0 937.213 0 -937.213
36 55 941.831 941.934 0.102659
7 0 936.88 0 -936.88
44 54 930.44 930.542 0.102661
36 55 923.404 923.507 0.102659
33 58 923.813 923.915 0.102661
1 0 927.192 0 -927.192
16 55 928.141 930.443 2.30196
2 54 933.445 935.747 2.30196
34 58 940.847 943.149 2.30195
13 53 931.973 934.275 2.30196
22 56 931.837 932.021 0.184838
24 54 938.708 941.01 2.30196
37 0 937.035 0 -937.035
38 55 930.237 930.339 0.102658
26 54 935.169 935.272 0.102659
29 59 935.071 935.174 0.102657
17 53 1150.11 1150.21 0.0975391
38 55 911.81 911.912 0.102658
44 54 912.013 912.115 0.102661
39 52 912.236 914.538 2.30196
48 0 912.275 0 -912.275
30 58 912.39 914.692 2.30196
47 53 912.683 912.786 0.102659
15 53 914.186 916.488 2.30196
43 56 915.528 917.83 2.30195
45 56 915.848 915.951 0.102658
29 59 916.644 916.747 0.102657
26 54 916.742 916.845 0.102659
19 53 917.463 919.765 2.30195
28 58 918.906 921.208 2.30196
40 57 919.596 921.898 2.30195
31 59 919.718 922.02 2.30195
49 51 920.287 922.589 2.30196
4 50 920.362 922.664 2.30196
17 0 921.685 0 -921.685
23 54 922.29 924.592 2.30195
0 50 922.916 925.218 2.30196
10 0 925.712 0 -925.712
41 57 925.576 925.679 0.102657
18 53 925.076 927.378 2.30196
11 52 924.701 927.003 2.30196
35 59 935.675 937.977 2.30196
46 51 937.664 939.966 2.30196
47 53 931.11 931.213 0.102659
21 54 934.41 934.512 0.10266
8 51 934.076 936.378 2.30196
32 59 953.011 953.109 0.0975391
17 53 940.112 940.209 0.0975391
45 56 934.275 934.373 0.0975377
33 59 942.24 942.337 0.0975392
37 55 955.462 955.56 0.0975377
25 54 959.897 959.995 0.0975379
44 54 960.44 960.537 0.0975406
20 54 947.655 947.757 0.102659
41 57 944.003 944.106 0.102657
37 55 1075.46 1075.56 0.0975377
22 54 950.264 950.438 0.174595
38 55 960.237 960.334 0.0975377
47 53 961.11 961.208 0.0975395
21 54 952.837 952.934 0.0975396
26 54 965.169 965.267 0.0975393
29 59 965.071 965.169 0.0975367
17 53 970.112 970.209 0.0975391
45 56 964.275 964.373 0.0975377
41 57 974.003 974.101 0.0975369
36 55 971.831 971.929 0.0975385
33 59 972.24 972.337 0.0975392
38 55 1170.24 1170.33 0.0975377
16 53 1383.93 1384.03 0.102659
33 59 1002.24 1002.34 0.102659
32 59 983.011 983.114 0.102659
33 59 1092.24 1092.34 0.0975392
20 54 977.655 977.757 0.102659
38 55 990.237 990.334 0.0975377
44 54 990.44 990.537 0.0975406
22 56 980.264 980.438 0.174598
32 59 1163.01 1163.11 0.0975391
12 53 986.925 987.027 0.102662
37 55 985.462 985.565 0.102658
21 54 982.837 982.939 0.10266
25 54 989.897 990 0.102658
44 54 1140.44 1140.54 0.0975406
47 53 991.11 991.213 0.102659
36 55 1001.83 1001.93 0.0975385
29 59 995.071 995.169 0.0975367
26 54 995.169 995.272 0.102659
45 56 994.275 994.373 0.0975377
41 57 1004 1004.11 0.102657
45 56 1144.28 1144.37 0.0975377
17 53 1000.11 1000.21 0.102659
25 54 1019.9 1020 0.102658
12 53 1016.92 1017.02 0.0975422
22 54 1160.26 1160.37 0.102659
44 54 1020.44 1020.54 0.0975406
5 51 1174.57 1174.67 0.10266
20 54 1007.65 1007.76 0.102659
32 59 1013.01 1013.11 0.102659
22 56 1010.26 1010.44 0.174598
30 55 1170.82 1170.91 0.0975396
37 55 1015.46 1015.56 0.0975377
47 53 1021.11 1021.21 0.102659
21 54 1012.84 1012.94 0.10266
38 55 1020.24 1020.33 0.0975377
29 59 1025.07 1025.17 0.0975367
45 56 1024.28 1024.37 0.0975377
26 54 1025.17 1025.27 0.102659
36 55 1031.83 1031.93 0.0975385
20 54 1037.65 1037.76 0.102659
33 59 1032.24 1032.34 0.102659
37 55 1045.46 1045.56 0.0975377
17 53 1030.11 1030.21 0.0975391
31 59 1147.61 1147.71 0.102658
22 54 1040.26 1040.44 0.174595
12 53 1046.92 1047.02 0.0975422
44 54 1050.44 1050.54 0.0975406
41 57 1034 1034.11 0.102657
38 55 1050.24 1050.33 0.0975377
32 59 1043.01 1043.11 0.102659
47 53 1051.11 1051.21 0.0975395
25 54 1049.9 1050 0.102658
21 54 1042.84 1042.94 0.10266
28 58 1156.96 1157.07 0.10266
47 53 1141.11 1141.21 0.0975395
23 54 1160.35 1160.45 0.102658
40 57 1157.65 1157.76 0.102658
43 56 1153.58 1153.69 0.102659
29 59 1145.07 1145.17 0.0975367
26 54 1145.17 1145.27 0.0975393
31 59 1157.77 1157.88 0.102658
3 51 1162.02 1162.12 0.102659
33 59 1152.24 1152.34 0.0975392
36 55 1151.83 1151.93 0.0975385
0 50 1160.97 1161.08 0.10266
48 58 1368.06 1370.36 2.30196
41 57 1154 1154.1 0.0975369
20 54 1157.65 1157.76 0.102659
37 55 1165.46 1165.56 0.0975377
24 54 1176.76 1176.87 0.102659
21 57 1162.84 1162.93 0.0975414
34 58 1178.9 1179.01 0.102658
39 55 1170.66 1170.76 0.0975387
29 59 1175.07 1175.17 0.0975367
47 53 1171.11 1171.21 0.0975395
15 53 1369.97 1370.16 0.184837
12 53 1166.92 1167.02 0.0975422
44 54 1170.44 1170.54 0.0975406
45 56 1174.28 1174.37 0.0975377
40 57 1178.02 1178.12 0.0975377
26 54 1175.17 1175.27 0.0975393
28 58 1177.33 1177.44 0.10266
43 56 1173.95 1174.06 0.102659
22 54 1190.26 1190.36 0.0975388
18 53 1380.86 1383.16 2.30196
19 53 1175.89 1175.99 0.097538
23 54 1180.72 1180.82 0.102658
49 51 1376.07 1376.4 0.32871
11 51 1380.49 1382.79 2.30196
4 50 1376.15 1378.45 2.30196
31 59 1178.15 1178.25 0.102658
17 53 1180.11 1180.21 0.0975391
36 55 1181.83 1181.93 0.0975385
3 51 1182.39 1182.49 0.0975386
0 50 1181.34 1181.45 0.10266
41 57 1184 1184.1 0.0975369
33 59 1182.24 1182.34 0.0975392
6 51 1385.2 1387.5 2.30196
20 54 1187.65 1187.76 0.102659
2 50 1389.23 1391.53 2.30195
25 0 1199.9 0 -1199.9
10 50 1381.5 1383.8 2.30196
46 51 1196.09 1196.27 0.174598
13 53 1192.41 1192.59 0.184838
5 51 1186.81 1186.91 0.10266
14 55 1384.73 1384.92 0.184841
1 50 1382.98 1383.08 0.10266
9 50 1386.29 1388.59 2.30196
12 53 1196.92 1197.02 0.0975422
32 59 1193.01 1193.11 0.0975391
34 58 1199.27 1199.38 0.102658
24 54 1197.14 1197.24 0.102659
21 54 1192.84 1192.94 0.10266
42 54 1393.97 1394.16 0.184835
35 55 1391.46 1391.65 0.184835
7 51 1392.67 1394.97 2.30196
37 55 1195.46 1195.56 0.0975377
27 51 1393 1395.3 2.30196
8 50 1192.5 1192.68 0.174598
