16 47 0.423624 2.72558 2.30195
36 44 0.880319 3.18227 2.30196
12 47 2.95521 5.25717 2.30196
9 49 4.58109 6.88305 2.30196
27 41 4.19485 6.49681 2.30196
29 41 3.74641 6.04837 2.30196
14 46 1.04868 3.35064 2.30195
13 46 1149.18 1151.48 2.30196
24 42 2.28436 4.58631 2.30196
35 46 1098.76 1098.85 0.0975381
12 47 1142.42 1144.72 2.30196
38 46 7.72034 10.0223 2.30196
21 42 6.90326 9.20522 2.30196
34 47 6.53255 8.83451 2.30196
14 46 1111.05 1111.15 0.0975389
37 46 1060.78 1060.88 0.097539
1 49 8.49521 10.7972 2.30196
26 0 7.94248 0 -7.94248
28 0 7.63417 0 -7.63417
37 46 1090.78 1090.88 0.097539
14 46 1021.05 1021.15 0.102659
1 49 1147.96 1148.15 0.184836
32 49 1090.34 1090.67 0.328709
37 46 1030.78 1030.88 0.097539
34 47 1026.53 1026.71 0.174599
34 47 1086.53 1086.64 0.102663
13 46 9.71323 12.0152 2.30196
7 49 10.1113 12.4133 2.30195
37 46 1150.78 1150.88 0.097539
37 46 10.7798 13.0818 2.30195
8 49 11.9909 14.2929 2.30196
15 0 12.0626 0 -12.0626
9 49 1054.58 1054.68 0.0975403
23 42 1166.53 1166.63 0.102658
19 0 12.7904 0 -12.7904
6 49 13.7787 16.0807 2.30196
39 43 15.6006 17.9025 2.30196
31 49 15.8272 18.1292 2.30196
23 42 16.9024 19.2044 2.30195
35 46 18.7563 21.0582 2.30195
3 49 18.3051 20.6071 2.30196
9 49 1084.58 1084.68 0.0975403
33 0 19.1354 0 -19.1354
30 0 19.145 0 -19.145
7 49 1030.11 1030.21 0.102657
20 41 21.0315 23.3334 2.30195
11 46 20.7551 23.057 2.30196
0 0 20.7704 0 -20.7704
17 46 20.0099 22.3119 2.30195
2 49 20.239 22.541 2.30196
27 45 1084.19 1084.29 0.0975418
39 43 1155.07 1157.37 2.30196
7 49 1060.11 1060.21 0.0975373
35 46 1068.76 1068.85 0.0975381
24 42 1082.28 1082.38 0.0975405
10 49 23.0032 25.3051 2.30195
4 49 22.7834 25.0854 2.30196
24 42 1022.28 1022.38 0.0975405
18 46 254.579 256.881 2.30196
22 42 24.9541 27.256 2.30196
32 49 24.1698 26.4717 2.30196
15 46 1151.53 1153.83 2.30196
5 49 27.1475 29.4495 2.30196
18 46 26.6853 28.9873 2.30196
14 46 1051.05 1051.15 0.0975389
25 45 27.8828 30.1848 2.30196
20 41 248.925 251.227 2.30195
30 48 247.038 249.34 2.30196
7 49 1120.11 1120.21 0.0975373
33 48 247.029 249.331 2.30196
22 42 252.847 255.149 2.30196
5 49 255.041 257.343 2.30196
20 41 1170.66 1170.76 0.102658
2 49 248.132 250.434 2.30196
5 49 1047.15 1047.25 0.0975396
5 49 1107.15 1107.25 0.0975396
39 0 471.387 0 -471.387
17 46 247.903 250.205 2.30195
35 46 246.65 248.951 2.30195
11 46 476.542 478.844 2.30196
2 49 1070.24 1070.34 0.0975413
32 49 252.063 254.365 2.30196
4 0 250.677 0 -250.677
25 45 255.776 258.078 2.30196
21 42 462.69 464.992 2.30196
16 47 228.317 230.619 2.30195
36 44 228.774 231.076 2.30196
14 46 228.942 231.244 2.30195
24 42 230.178 232.48 2.30196
12 0 230.848 0 -230.848
29 0 231.64 0 -231.64
27 45 232.088 234.39 2.30196
9 49 232.474 234.776 2.30196
34 47 234.426 236.728 2.30196
21 42 234.797 237.098 2.30196
28 0 235.527 0 -235.527
38 0 235.614 0 -235.614
26 0 235.836 0 -235.836
1 49 236.388 238.69 2.30196
13 46 237.606 239.908 2.30196
7 49 238.005 240.307 2.30195
37 46 238.673 240.975 2.30195
8 49 239.884 242.186 2.30196
15 47 239.956 242.258 2.30196
19 46 240.684 242.986 2.30196
6 45 241.672 243.974 2.30196
39 45 243.494 245.796 2.30196
31 49 243.72 246.022 2.30196
23 42 244.796 247.098 2.30195
3 49 246.198 248.5 2.30196
26 0 1147.41 0 -1147.41
34 47 1116.53 1116.63 0.0975429
28 0 1147.1 0 -1147.1
22 42 1044.95 1045.06 0.102659
2 49 1040.24 1040.34 0.0975413
5 49 1077.15 1077.25 0.0975396
21 42 1146.37 1148.67 2.30196
3 48 1157.77 1160.07 2.30196
0 49 248.664 250.966 2.30196
11 46 248.648 250.95 2.30196
18 46 1106.69 1106.78 0.0975399
10 49 250.896 253.198 2.30195
24 42 1112.28 1112.38 0.0975405
9 49 1114.58 1114.68 0.10266
29 44 1143.21 1143.32 0.10266
19 46 1152.26 1154.56 2.30196
32 49 1057.8 1058.13 0.328709
11 46 1170.38 1170.49 0.10266
9 49 1024.58 1024.68 0.0975403
36 44 1050.88 1050.98 0.0975398
27 45 1024.19 1024.29 0.0975418
27 45 1144.19 1144.29 0.0975418
23 42 1156.37 1156.47 0.102658
38 46 1147.19 1147.37 0.184837
37 46 1120.78 1120.88 0.097539
16 47 1110.42 1110.52 0.0975387
18 46 1046.69 1046.78 0.0975399
18 46 482.472 484.774 2.30196
26 0 463.729 0 -463.729
7 49 465.898 468.2 2.30195
0 0 476.557 0 -476.557
25 45 483.669 485.971 2.30196
14 46 1081.05 1081.15 0.0975389
38 46 463.507 465.809 2.30196
1 49 464.282 466.584 2.30196
6 0 1153.24 0 -1153.24
22 42 480.741 483.043 2.30196
16 47 1080.42 1080.52 0.0975387
28 41 463.421 465.723 2.30196
31 49 471.614 473.916 2.30196
3 49 474.092 476.394 2.30196
2 45 476.025 478.327 2.30196
27 45 1054.19 1054.29 0.0975418
22 42 1074.95 1075.05 0.0975392
34 47 462.319 464.621 2.30196
15 0 467.849 0 -467.849
37 46 466.566 468.868 2.30195
35 46 1128.76 1128.85 0.0975381
31 49 1155.29 1155.48 0.184837
10 49 478.79 481.092 2.30195
32 48 479.956 482.258 2.30196
34 47 1056.53 1056.71 0.174599
36 44 1080.88 1080.98 0.0975398
6 0 469.565 0 -469.565
35 46 474.543 476.845 2.30195
5 49 482.934 485.236 2.30196
16 47 456.21 458.512 2.30195
36 44 456.667 458.969 2.30196
14 46 456.835 459.137 2.30195
24 42 458.071 460.373 2.30196
12 47 458.742 461.044 2.30196
29 44 459.533 461.835 2.30196
27 45 459.981 462.283 2.30196
9 49 460.368 462.67 2.30196
32 49 1122.88 1123.07 0.184837
22 42 1104.95 1105.05 0.0975392
7 49 1090.11 1090.21 0.0975373
18 46 1076.69 1076.78 0.0975399
36 44 1110.88 1110.98 0.0975398
13 46 465.5 467.802 2.30196
23 42 472.689 474.991 2.30195
8 49 467.777 470.079 2.30196
19 0 468.577 0 -468.577
2 49 1100.24 1100.34 0.102661
8 49 1151.46 1151.64 0.184837
17 46 475.796 478.098 2.30195
30 48 474.931 477.233 2.30196
33 48 474.922 477.224 2.30196
4 49 478.57 480.872 2.30196
20 41 476.818 479.12 2.30195
36 44 1020.88 1020.98 0.0975398
22 42 708.634 710.936 2.30196
24 45 932.284 932.387 0.102661
4 49 934.356 936.658 2.30196
2 45 931.812 931.997 0.184839
18 46 710.365 712.667 2.30196
16 47 1050.42 1050.52 0.0975387
32 49 707.85 710.151 2.30196
5 49 710.827 713.129 2.30196
16 47 684.103 686.405 2.30195
36 44 684.56 686.862 2.30196
14 46 684.728 687.03 2.30195
24 42 685.964 688.266 2.30196
12 0 686.635 0 -686.635
29 41 687.426 689.728 2.30196
27 45 687.875 690.177 2.30196
9 49 688.261 690.563 2.30196
34 47 690.212 692.514 2.30196
21 0 690.583 0 -690.583
28 0 691.314 0 -691.314
38 46 691.4 693.702 2.30196
26 42 691.622 693.924 2.30196
1 0 692.175 0 -692.175
13 46 693.393 695.695 2.30196
7 49 693.791 696.093 2.30195
37 46 694.46 696.762 2.30195
8 49 695.671 697.973 2.30196
15 47 695.742 698.044 2.30196
19 44 696.47 698.772 2.30196
6 0 697.458 0 -697.458
39 45 699.28 701.582 2.30196
31 49 699.507 701.809 2.30196
23 42 700.582 702.884 2.30195
3 0 701.985 0 -701.985
35 46 702.436 704.738 2.30195
33 0 702.815 0 -702.815
30 0 702.825 0 -702.825
17 46 703.69 705.992 2.30195
2 45 703.919 706.221 2.30196
11 46 704.435 706.737 2.30196
0 0 704.45 0 -704.45
20 0 704.711 0 -704.711
4 0 706.463 0 -706.463
10 49 706.683 708.985 2.30195
25 45 711.563 713.865 2.30196
8 49 1169.76 1169.86 0.102661
27 45 1114.19 1114.29 0.0975418
16 47 930.424 930.526 0.102659
37 46 940.78 940.877 0.097539
5 49 938.721 938.823 0.10266
27 45 934.195 934.298 0.102662
36 44 930.88 930.983 0.10266
34 46 950.647 950.976 0.328712
11 44 932.328 934.63 2.30196
18 46 938.258 938.361 0.10266
15 47 923.636 925.938 2.30196
32 49 935.743 936.359 0.616453
7 49 940.111 940.214 0.102657
10 48 934.576 936.878 2.30196
2 49 950.239 950.414 0.174597
22 42 936.527 936.63 0.102659
9 49 934.581 934.684 0.10266
14 46 931.049 931.151 0.102659
16 47 911.997 912.099 0.102659
36 44 912.453 912.638 0.184836
14 46 912.622 912.724 0.102659
24 42 913.857 913.96 0.10266
12 47 914.528 916.83 2.30196
29 44 915.319 917.621 2.30196
27 45 915.768 915.953 0.184838
9 49 916.154 916.257 0.10266
34 47 918.106 918.434 0.328711
21 0 918.476 0 -918.476
28 0 919.207 0 -919.207
38 46 919.293 921.595 2.30196
26 45 919.515 921.817 2.30196
1 49 920.068 922.37 2.30196
13 44 921.286 923.588 2.30196
7 49 921.684 921.787 0.102657
37 46 922.353 922.455 0.102659
8 49 923.564 925.866 2.30196
19 46 924.363 926.665 2.30196
31 49 927.4 929.702 2.30196
6 49 925.352 927.654 2.30196
39 0 927.174 0 -927.174
33 0 930.708 0 -930.708
23 42 928.475 930.777 2.30195
30 0 930.718 0 -930.718
20 41 932.604 934.906 2.30195
35 46 930.329 930.432 0.102658
17 0 931.583 0 -931.583
3 0 929.878 0 -929.878
25 48 939.456 941.758 2.30196
24 42 1052.28 1052.38 0.0975405
0 0 932.343 0 -932.343
35 46 948.756 948.859 0.102658
35 46 978.756 978.859 0.102658
18 46 956.685 956.788 0.10266
22 42 954.954 955.052 0.0975392
24 42 962.284 962.382 0.0975405
36 44 960.88 960.978 0.0975398
5 49 957.148 957.25 0.10266
27 45 964.195 964.292 0.0975418
14 46 961.049 961.146 0.0975389
16 47 960.424 960.526 0.102659
14 46 991.049 991.146 0.0975389
35 46 1038.76 1038.86 0.102658
9 49 964.581 964.684 0.10266
24 42 992.284 992.382 0.0975405
2 49 980.239 980.342 0.102661
37 46 970.78 970.882 0.102659
32 49 996.771 997.388 0.616453
22 42 984.954 985.057 0.102659
34 47 983.189 983.374 0.184839
7 49 970.111 970.214 0.102657
16 47 990.424 990.526 0.102659
18 46 986.685 986.788 0.10266
36 44 990.88 990.978 0.0975398
5 49 987.148 987.245 0.0975396
5 49 1017.15 1017.25 0.10266
2 49 1010.24 1010.34 0.0975413
16 47 1020.42 1020.52 0.0975387
27 45 994.195 994.292 0.0975418
37 46 1000.78 1000.88 0.102659
9 49 994.581 994.684 0.10266
18 46 1016.69 1016.78 0.0975399
35 46 1008.76 1008.86 0.102658
7 49 1000.11 1000.21 0.0975373
22 42 1014.95 1015.06 0.102659
34 47 1001.49 1001.66 0.174599
22 42 1164.95 1165.05 0.0975392
30 0 1158.61 0 -1158.61
33 0 1158.6 0 -1158.6
17 47 1159.48 1161.78 2.30196
18 46 1136.69 1136.78 0.0975399
2 49 1130.24 1130.34 0.0975413
11 46 1160.22 1160.32 0.10266
20 41 1160.5 1160.6 0.102658
0 43 1160.24 1162.54 2.30197
25 47 1167.35 1167.68 0.328712
5 49 1137.15 1137.25 0.0975396
4 48 1162.25 1164.55 2.30196
34 46 1146.53 1146.63 0.0975436
36 44 1140.88 1140.98 0.0975398
14 46 1141.05 1141.15 0.0975389
32 49 1141.18 1141.28 0.102661
22 42 1134.95 1135.05 0.0975392
10 49 1162.47 1162.57 0.102657
16 47 1140.42 1140.52 0.0975387
24 42 1142.28 1142.38 0.0975405
9 49 1144.58 1144.68 0.0975403
38 46 1165.48 1165.59 0.102661
1 49 1166.26 1166.36 0.10266
35 46 1158.76 1158.85 0.0975381
7 49 1150.11 1150.21 0.0975373
31 49 1173.59 1173.69 0.102661
2 49 1160.24 1160.34 0.0975413
10 49 1172.63 1172.74 0.102657
32 49 1164.17 1164.27 0.0975412
18 46 1166.69 1166.78 0.0975399
14 46 1171.05 1171.15 0.0975389
5 49 1167.15 1167.25 0.0975396
3 49 1385.66 1385.77 0.102661
16 47 1170.42 1170.52 0.0975387
9 49 1174.58 1174.68 0.0975403
19 46 1380.15 1380.33 0.184836
36 44 1170.88 1170.98 0.0975398
27 45 1174.19 1174.29 0.0975418
24 42 1172.28 1172.38 0.0975405
31 49 1185.83 1185.93 0.102661
5 49 1197.15 1197.25 0.10266
29 44 1173.75 1173.84 0.0975398
12 47 1370.31 1370.5 0.184836
37 46 1180.78 1180.88 0.097539
11 46 1190.76 1190.86 0.10266
1 49 1178.5 1178.6 0.10266
23 42 1186.9 1187.01 0.102658
17 46 1387.37 1387.47 0.102658
7 49 1180.11 1180.21 0.0975373
15 46 1379.42 1379.52 0.10266
21 42 1374.26 1374.45 0.184837
35 46 1188.76 1188.85 0.0975381
13 46 1377.07 1377.26 0.184836
38 46 1177.72 1177.82 0.102661
30 48 1386.5 1388.81 2.30196
28 41 1374.99 1377.3 2.30196
20 41 1191.03 1191.13 0.102658
8 49 1181.99 1182.09 0.0975408
33 48 1386.49 1388.8 2.30196
0 49 1388.13 1390.43 2.30196
22 42 1194.95 1195.05 0.0975392
6 49 1381.14 1383.44 2.30196
39 43 1382.96 1383.58 0.616456
34 47 1176.53 1176.63 0.0975429
26 45 1375.3 1377.6 2.30196
2 49 1190.24 1190.34 0.0975413
10 49 1193 1193.1 0.0975373
4 49 1390.14 1392.44 2.30196
32 49 1194.17 1194.27 0.102661
18 46 1196.69 1196.78 0.0975399
25 45 1199.89 1200.22 0.328709
