40 81 0.981759 3.28371 2.30195
31 80 1.31411 3.61606 2.30195
52 70 458.102 460.404 2.30195
13 109 466.896 469.198 2.30195
42 77 2.19369 4.49564 2.30195
52 70 2.31536 4.61732 2.30195
27 80 2.61167 4.91362 2.30195
29 80 468.633 470.935 2.30195
57 115 2.73726 5.03921 2.30195
59 78 469.145 471.446 2.30195
1 109 4.23776 6.53972 2.30195
3 109 4.164 6.46595 2.30195
57 115 458.524 460.826 2.30195
10 103 477.84 480.142 2.30195
23 102 4.5216 6.82355 2.30195
55 111 1009.84 1009.93 0.0975371
22 102 466.917 469.219 2.30195
6 110 7.24094 9.54289 2.30195
9 109 9.2482 11.5502 2.30195
7 110 8.55943 10.8614 2.30195
14 102 7.14762 9.44957 2.30195
21 103 9.28913 11.5911 2.30196
54 99 1008.02 1008.12 0.0975369
32 87 471.725 474.027 2.30195
27 80 1082.61 1082.71 0.0975371
34 89 484.547 486.849 2.30195
37 89 1075.21 1075.31 0.0975374
59 78 1063.36 1063.46 0.0975375
17 111 468.337 470.639 2.30196
47 77 11.5164 13.8184 2.30195
22 109 11.1302 13.4322 2.30195
13 0 11.1095 0 -11.1095
17 111 12.5506 14.8526 2.30196
4 110 11.7348 14.0367 2.30195
12 102 11.9081 14.2101 2.30195
39 82 11.9994 14.3014 2.30195
45 77 937.981 940.283 2.30195
51 70 709.729 712.031 2.30195
21 102 465.076 467.378 2.30195
37 89 480.999 483.301 2.30195
54 99 473.806 476.108 2.30195
7 110 464.346 466.648 2.30195
47 77 941.516 941.619 0.102657
4 110 1091.73 1091.83 0.0975363
36 82 949.586 949.688 0.102656
15 102 480.302 482.604 2.30195
11 110 14.6298 16.9318 2.30195
48 65 15.3106 17.6125 2.30196
29 80 12.8464 15.1484 2.30195
59 78 13.358 15.66 2.30195
30 86 13.9396 16.2415 2.30195
23 102 460.308 462.61 2.30195
42 77 457.98 460.282 2.30195
26 80 15.225 17.527 2.30195
24 73 15.2078 17.5098 2.30196
18 110 1387.81 1390.11 2.30195
58 68 1071.89 1072 0.102657
5 102 473.029 475.331 2.30195
25 87 16.113 18.415 2.30195
32 87 15.9387 18.2407 2.30195
4 110 1001.73 1001.83 0.0975363
14 102 462.934 465.236 2.30195
48 72 1185.31 1185.41 0.102658
43 77 472.561 474.863 2.30195
41 88 17.3902 19.6922 2.30195
43 77 16.7749 19.0769 2.30195
45 0 482.194 0 -482.194
5 102 17.2423 19.5442 2.30195
49 72 16.9855 19.2874 2.30195
34 89 1018.76 1018.86 0.102657
11 110 470.416 472.718 2.30195
19 102 475.14 477.442 2.30195
39 82 467.786 470.088 2.30195
12 102 467.695 469.997 2.30195
50 72 17.3223 19.6242 2.30195
12 102 1001.91 1002.01 0.0975379
41 88 473.177 475.479 2.30195
9 109 465.035 467.337 2.30195
54 99 18.0191 20.3211 2.30195
53 69 19.0373 21.3393 2.30195
20 103 19.2611 21.563 2.30195
38 88 18.7778 21.0798 2.30195
51 70 1016.05 1016.15 0.0975365
2 0 476.004 0 -476.004
36 82 19.5856 21.8876 2.30195
19 102 19.3531 21.6551 2.30195
0 109 19.9399 22.2419 2.30195
55 111 19.837 22.1389 2.30195
30 86 469.726 472.028 2.30195
4 110 467.521 469.823 2.30195
2 0 20.2177 0 -20.2177
8 109 22.3359 24.6378 2.30195
18 109 20.4459 22.7478 2.30195
28 80 710.362 712.664 2.30195
25 87 471.9 474.201 2.30195
16 103 482.632 484.934 2.30195
10 103 22.0537 24.3556 2.30195
58 68 21.8949 24.1969 2.30195
50 65 473.109 475.411 2.30196
31 79 457.101 459.403 2.30196
37 89 25.2122 27.5141 2.30195
15 102 24.5155 26.8174 2.30195
56 92 26.6387 28.9407 2.30195
51 70 26.0497 28.3517 2.30195
45 77 26.4078 28.7097 2.30195
24 72 243.101 245.403 2.30195
46 78 26.0239 28.3259 2.30195
32 0 243.832 0 -243.832
25 0 244.006 0 -244.006
43 77 244.668 246.97 2.30195
26 80 243.118 245.42 2.30195
48 65 243.204 245.506 2.30196
11 110 242.523 244.825 2.30195
58 68 1011.89 1012 0.102657
27 80 458.398 460.7 2.30195
40 81 456.768 459.07 2.30195
30 86 241.833 244.135 2.30195
11 110 944.63 944.732 0.102657
51 70 1076.05 1076.15 0.0975365
28 80 26.6824 28.9843 2.30195
46 78 937.597 939.899 2.30195
42 77 1022.19 1022.37 0.174594
44 77 27.5276 29.8296 2.30195
35 88 26.9933 29.2952 2.30196
16 103 26.8452 29.1471 2.30195
46 78 481.81 484.112 2.30195
33 86 28.868 31.17 2.30195
34 89 28.7602 31.0621 2.30195
59 78 943.358 943.461 0.102658
53 69 949.037 949.14 0.102658
28 80 254.576 256.878 2.30195
10 103 249.947 252.249 2.30195
19 0 247.246 0 -247.246
54 99 245.912 248.214 2.30195
38 88 246.671 248.973 2.30195
41 88 245.283 247.585 2.30195
49 72 244.879 247.181 2.30195
5 102 245.136 247.437 2.30195
50 72 245.216 247.517 2.30195
0 109 247.833 250.135 2.30195
20 103 247.154 249.456 2.30195
46 78 253.917 256.219 2.30195
56 92 254.532 256.834 2.30195
24 0 470.994 0 -470.994
55 111 247.73 250.032 2.30195
16 103 254.738 257.04 2.30195
36 82 247.479 249.781 2.30195
18 0 248.339 0 -248.339
45 77 254.301 256.603 2.30195
53 69 246.931 249.233 2.30195
2 0 248.111 0 -248.111
33 86 256.761 259.063 2.30195
34 89 256.653 258.955 2.30195
8 109 952.336 952.433 0.0975369
40 81 228.875 231.177 2.30195
31 79 229.207 231.509 2.30196
42 77 230.087 232.389 2.30195
52 70 230.209 232.511 2.30195
27 80 230.505 232.807 2.30195
57 115 230.631 232.932 2.30195
3 109 232.057 234.359 2.30195
1 110 232.131 234.433 2.30195
23 102 232.415 234.717 2.30195
14 102 235.041 237.343 2.30195
6 110 235.134 237.436 2.30195
7 110 236.453 238.755 2.30195
9 109 237.141 239.443 2.30195
21 95 237.182 239.484 2.30196
13 109 239.003 241.305 2.30195
22 102 239.023 241.325 2.30195
47 77 239.41 241.712 2.30195
4 110 239.628 241.93 2.30195
12 102 239.801 242.103 2.30195
39 82 239.893 242.195 2.30195
17 111 240.444 242.746 2.30196
29 80 240.74 243.042 2.30195
59 78 241.251 243.553 2.30195
38 88 474.564 476.866 2.30195
16 103 938.418 938.521 0.102657
49 72 472.772 475.074 2.30195
26 80 471.012 473.313 2.30195
48 72 471.097 473.399 2.30195
58 68 477.681 479.983 2.30195
52 70 992.315 992.418 0.102659
1 110 460.024 462.326 2.30195
47 77 467.303 469.605 2.30195
58 68 249.788 252.09 2.30195
8 109 250.229 252.531 2.30195
37 89 253.105 255.407 2.30195
6 110 463.027 465.329 2.30195
35 89 254.887 257.188 2.30195
55 111 949.837 949.94 0.102657
51 70 253.943 256.245 2.30195
15 102 252.409 254.711 2.30195
36 82 1009.59 1009.68 0.0975363
51 70 481.836 484.138 2.30195
20 0 475.048 0 -475.048
56 92 710.318 712.62 2.30195
37 89 955.212 955.315 0.102657
34 89 940.333 940.436 0.102657
44 77 255.421 257.723 2.30195
3 109 1054.16 1054.26 0.0975369
33 86 484.655 486.956 2.30195
56 92 482.425 484.727 2.30195
55 111 475.623 477.925 2.30195
3 109 459.95 462.252 2.30195
16 103 1016.85 1016.94 0.097537
53 69 474.824 477.126 2.30195
53 69 1009.04 1009.14 0.102658
37 89 1015.21 1015.31 0.102657
58 68 951.895 951.998 0.102657
3 109 1084.16 1084.26 0.0975369
56 92 1016.64 1016.74 0.0975377
18 0 476.232 0 -476.232
39 82 941.999 942.102 0.102658
11 110 1064.63 1064.73 0.0975372
54 99 1068.02 1068.12 0.102657
41 88 1067.39 1067.49 0.102658
19 0 1386.71 0 -1386.71
56 92 1136.64 1136.74 0.0975377
54 99 948.019 948.122 0.102657
44 77 957.528 957.63 0.102657
38 88 1068.78 1068.88 0.102657
38 88 1008.78 1008.88 0.102657
36 82 475.372 477.674 2.30195
0 109 475.726 478.028 2.30195
8 109 478.122 480.424 2.30195
28 80 482.469 484.771 2.30195
50 72 1067.32 1067.42 0.0975379
35 89 482.78 485.082 2.30195
44 77 483.314 485.616 2.30195
46 78 709.704 712.006 2.30195
28 80 938.255 938.358 0.102658
37 89 936.785 936.888 0.102657
23 102 1174.52 1174.62 0.0975376
38 88 948.778 948.88 0.102657
51 70 937.623 937.725 0.102656
28 80 1076.68 1076.78 0.0975378
44 77 939.101 939.203 0.102657
37 89 708.892 711.194 2.30195
45 77 710.088 712.389 2.30195
56 92 956.639 956.741 0.102658
28 80 956.682 956.785 0.102658
53 69 930.61 930.713 0.102658
56 92 938.212 938.314 0.102658
51 70 956.05 956.147 0.0975365
33 86 940.441 940.626 0.184835
16 103 710.525 712.827 2.30195
11 110 1004.63 1004.73 0.102657
40 81 684.662 686.963 2.30195
31 80 684.994 687.296 2.30195
42 77 685.873 688.175 2.30195
52 70 685.995 688.297 2.30195
27 73 686.291 688.593 2.30196
57 115 686.417 688.719 2.30195
3 109 687.844 690.146 2.30195
1 109 687.918 690.219 2.30195
23 102 688.201 690.503 2.30195
14 0 690.827 0 -690.827
6 103 690.921 693.223 2.30195
7 0 692.239 0 -692.239
9 109 692.928 695.23 2.30195
21 102 692.969 695.271 2.30195
13 109 694.789 697.091 2.30195
22 0 694.81 0 -694.81
47 77 695.196 697.498 2.30195
4 110 695.415 697.716 2.30195
12 103 695.588 697.89 2.30196
39 82 695.679 697.981 2.30195
17 110 696.23 698.532 2.30195
29 80 696.526 698.828 2.30195
59 78 697.038 699.34 2.30195
30 86 697.619 699.921 2.30195
11 110 698.31 700.612 2.30195
24 0 698.888 0 -698.888
26 80 698.905 701.207 2.30195
48 65 698.99 701.292 2.30196
32 0 699.618 0 -699.618
25 0 699.793 0 -699.793
43 77 700.455 702.757 2.30195
49 0 700.665 0 -700.665
5 109 700.922 703.224 2.30196
50 72 701.002 703.304 2.30195
41 88 701.07 703.372 2.30195
54 99 701.699 704.001 2.30195
38 81 702.458 704.76 2.30196
53 69 702.717 705.019 2.30195
20 0 702.941 0 -702.941
19 102 703.033 705.335 2.30195
36 82 703.265 705.567 2.30195
55 111 703.517 705.819 2.30195
0 0 703.62 0 -703.62
2 102 703.897 706.199 2.30195
18 110 704.126 706.428 2.30195
58 68 705.575 707.877 2.30195
10 103 705.733 708.035 2.30195
8 109 706.016 708.318 2.30195
15 102 708.195 710.497 2.30195
50 72 947.322 947.425 0.102658
31 80 1081.31 1081.42 0.102659
34 89 1078.76 1078.86 0.102657
59 78 1003.36 1003.46 0.0975375
8 109 1072.34 1072.43 0.0975369
30 86 943.94 944.042 0.102659
16 103 956.845 956.948 0.102657
41 88 1187.39 1187.49 0.0975383
42 77 992.194 992.368 0.174594
27 80 992.612 992.709 0.0975371
3 109 994.164 994.262 0.0975369
35 0 710.673 0 -710.673
44 77 711.207 713.509 2.30195
34 89 712.44 714.742 2.30195
33 86 712.548 714.85 2.30195
35 89 938.566 940.868 2.30195
11 110 926.203 926.305 0.102657
25 87 927.686 929.988 2.30195
41 88 947.39 947.493 0.102658
31 80 991.314 991.412 0.0975389
1 109 934.238 934.34 0.102658
55 111 1069.84 1069.93 0.0975371
57 115 992.737 992.84 0.102656
44 77 1077.53 1077.63 0.102657
18 0 932.019 0 -932.019
4 110 941.735 941.832 0.0975363
32 87 927.512 929.814 2.30195
4 110 1151.73 1151.83 0.0975363
38 88 930.351 930.453 0.102657
2 0 931.791 0 -931.791
31 80 931.314 931.417 0.102659
58 68 933.468 933.653 0.184833
20 102 930.834 933.136 2.30195
29 80 924.419 926.721 2.30195
15 102 936.088 938.39 2.30195
42 76 932.194 932.368 0.174595
54 99 978.019 978.122 0.102657
40 81 912.555 913.171 0.61645
31 80 912.887 912.99 0.102659
42 77 913.767 913.952 0.184834
52 70 913.888 913.991 0.102659
27 80 914.185 914.287 0.102657
57 115 914.31 914.413 0.102656
3 109 915.737 915.84 0.102657
1 110 915.811 915.913 0.102659
23 102 916.095 918.397 2.30195
14 95 918.721 921.023 2.30196
6 103 918.814 921.116 2.30195
7 0 920.132 0 -920.132
9 109 920.821 923.123 2.30195
21 0 920.862 0 -920.862
13 0 922.682 0 -922.682
22 102 922.703 925.005 2.30195
47 77 923.089 923.192 0.102657
4 110 923.308 923.41 0.102656
12 102 923.481 923.584 0.102658
39 82 923.572 923.675 0.102658
17 111 924.124 926.426 2.30196
30 86 925.513 925.615 0.102659
59 78 924.931 925.034 0.102658
50 72 928.895 928.998 0.102658
12 102 941.908 942.011 0.102658
49 0 928.558 0 -928.558
10 103 933.627 935.929 2.30195
43 77 928.348 930.65 2.30195
41 88 928.963 929.066 0.102658
19 0 930.926 0 -930.926
48 72 926.884 929.186 2.30195
4 110 1181.73 1181.83 0.0975363
0 109 931.513 933.815 2.30195
26 73 926.798 929.1 2.30196
24 73 926.781 929.083 2.30196
36 82 931.159 931.261 0.102656
55 111 931.41 931.513 0.102657
5 102 928.815 931.117 2.30195
54 99 929.592 929.695 0.102657
10 103 1161.52 1161.62 0.102657
8 109 933.909 934.012 0.102657
30 86 1003.94 1004.04 0.102659
38 88 1128.78 1128.88 0.102657
27 80 932.612 932.714 0.102657
52 70 932.315 932.418 0.102659
39 82 1092 1092.1 0.0975379
56 92 1076.64 1076.74 0.0975377
57 115 932.737 932.84 0.102656
21 102 1376.65 1376.75 0.102657
4 110 1061.73 1061.83 0.0975363
3 109 934.164 934.262 0.0975369
33 86 1018.87 1018.97 0.102659
33 86 958.868 958.971 0.102659
52 70 962.315 962.413 0.0975388
42 77 962.194 962.368 0.174594
47 77 971.516 971.619 0.102657
57 115 962.737 962.84 0.102656
34 89 958.76 958.863 0.102657
55 111 1129.84 1129.93 0.0975371
1 109 1054.24 1054.34 0.097538
44 77 1017.53 1017.63 0.0975374
47 77 1091.52 1091.62 0.102657
0 109 1159.41 1159.51 0.102657
22 109 1181.13 1181.23 0.0975383
1 109 964.238 964.335 0.097538
47 77 1061.52 1061.62 0.102657
40 81 1095.64 1096.26 0.61645
3 109 964.164 964.262 0.0975369
40 81 973.583 974.2 0.61645
31 80 961.314 961.417 0.102659
27 80 962.612 962.714 0.102657
57 115 1082.74 1082.83 0.0975364
52 70 1082.32 1082.42 0.102659
8 109 1012.34 1012.43 0.0975369
46 78 1165.49 1165.59 0.102658
36 82 1069.59 1069.68 0.0975363
12 102 971.908 972.011 0.102658
39 82 971.999 972.102 0.102658
4 110 971.735 971.832 0.0975363
52 70 1052.32 1052.42 0.102659
34 89 1048.76 1048.86 0.102657
33 86 1138.87 1138.97 0.102659
39 82 1062 1062.1 0.0975379
30 86 973.94 974.042 0.102659
36 82 979.586 979.683 0.0975363
38 88 978.778 978.875 0.0975373
55 111 979.837 979.935 0.0975371
59 78 973.358 973.461 0.102658
41 88 977.39 977.493 0.102658
11 110 974.63 974.732 0.102657
50 72 977.322 977.42 0.0975379
8 109 982.336 982.433 0.0975369
58 68 981.895 981.998 0.102657
53 69 979.037 979.14 0.102658
34 89 988.76 988.863 0.102657
51 70 986.05 986.147 0.0975365
16 103 986.845 986.943 0.097537
50 72 1007.32 1007.42 0.0975379
48 72 1164.94 1165.04 0.102658
39 82 1002 1002.1 0.102658
44 77 987.528 987.63 0.102657
56 92 986.639 986.741 0.102658
28 80 1016.68 1016.79 0.102658
28 80 986.682 986.785 0.102658
41 88 1007.39 1007.49 0.102658
1 110 994.238 994.34 0.102659
47 77 1001.52 1001.62 0.102657
33 86 988.868 988.966 0.0975386
37 89 985.212 985.315 0.102657
57 115 1022.74 1022.83 0.0975364
52 70 1022.32 1022.42 0.102659
43 77 1186.77 1186.88 0.102658
42 77 1052.19 1052.37 0.174594
1 109 1144.24 1144.34 0.097538
38 88 1188.78 1188.88 0.0975373
16 103 1076.85 1076.94 0.097537
3 109 1024.16 1024.26 0.0975369
1 109 1024.24 1024.34 0.097538
31 80 1021.31 1021.42 0.102659
40 81 1034.61 1035.23 0.61645
27 80 1022.61 1022.71 0.0975371
20 102 1158.73 1161.03 2.30195
36 82 1129.59 1129.68 0.0975363
53 69 1069.04 1069.13 0.0975383
33 86 1078.87 1078.97 0.102659
39 82 1032 1032.1 0.0975379
47 77 1031.52 1031.62 0.102657
12 102 1091.91 1092.01 0.0975379
57 115 1052.74 1052.83 0.0975364
4 110 1031.73 1031.83 0.0975363
42 77 1142.19 1142.37 0.174594
36 82 1189.59 1189.68 0.0975363
12 102 1031.91 1032.01 0.0975379
5 109 1384.6 1386.9 2.30196
42 77 1082.19 1082.37 0.174594
30 86 1033.94 1034.04 0.0975388
44 77 1047.53 1047.63 0.102657
37 89 1045.21 1045.31 0.0975374
11 110 1034.63 1034.73 0.0975372
59 78 1033.36 1033.46 0.0975375
27 80 1172.61 1172.71 0.0975371
44 77 1137.53 1137.63 0.0975374
28 80 1046.68 1046.79 0.102658
54 99 1038.02 1038.12 0.0975369
16 103 1046.85 1046.94 0.097537
53 69 1039.04 1039.13 0.0975383
51 70 1046.05 1046.15 0.0975365
55 111 1039.84 1039.93 0.0975371
33 86 1048.87 1048.97 0.0975386
36 82 1039.59 1039.68 0.0975363
38 88 1038.78 1038.88 0.102657
58 68 1041.89 1042 0.102657
30 86 1063.94 1064.04 0.0975388
8 109 1042.34 1042.43 0.0975369
56 92 1046.64 1046.74 0.102658
52 70 1142.32 1142.41 0.0975388
28 80 1136.68 1136.78 0.0975378
41 88 1037.39 1037.49 0.102658
12 102 1061.91 1062.01 0.0975379
50 72 1037.32 1037.42 0.0975379
31 80 1051.31 1051.42 0.102659
13 109 1378.47 1380.77 2.30195
51 70 1136.05 1136.15 0.0975365
8 109 1132.34 1132.43 0.0975369
1 109 1084.24 1084.34 0.097538
16 103 1136.85 1136.94 0.097537
27 80 1052.61 1052.71 0.0975371
30 86 1093.94 1094.04 0.0975388
54 99 1098.02 1098.12 0.102657
36 82 1099.59 1099.68 0.0975363
53 69 1099.04 1099.13 0.0975383
11 110 1094.63 1094.73 0.0975372
59 78 1093.36 1093.46 0.0975375
41 88 1097.39 1097.49 0.0975383
38 88 1098.78 1098.88 0.102657
55 111 1099.84 1099.93 0.0975371
36 82 1159.59 1159.68 0.0975363
50 72 1097.32 1097.42 0.0975379
2 0 1159.68 0 -1159.68
37 89 1135.21 1135.31 0.0975374
51 70 1106.05 1106.15 0.0975365
56 92 1106.64 1106.74 0.102658
11 110 1154.63 1154.73 0.0975372
27 80 1142.61 1142.71 0.0975371
37 89 1105.21 1105.31 0.0975374
58 68 1101.89 1102 0.102657
8 109 1102.34 1102.43 0.0975369
28 80 1106.68 1106.78 0.0975378
58 68 1131.89 1131.99 0.0975368
59 78 1153.36 1153.46 0.0975375
26 80 1164.85 1164.96 0.102657
34 89 1168.76 1168.86 0.0975372
47 77 1181.52 1181.61 0.0975368
11 110 1184.63 1184.73 0.0975372
54 99 1188.02 1188.12 0.0975369
10 103 1192.05 1192.16 0.102657
6 110 1374.6 1376.9 2.30195
16 103 1106.85 1106.94 0.097537
52 70 1112.32 1112.42 0.102659
25 0 1155.58 0 -1155.58
34 89 1108.76 1108.86 0.102657
42 77 1112.19 1112.37 0.174594
33 86 1108.87 1108.97 0.102659
27 80 1112.61 1112.71 0.0975371
12 102 1121.91 1122.01 0.0975379
44 77 1107.53 1107.63 0.0975374
4 110 1121.73 1121.83 0.0975363
57 115 1112.74 1112.83 0.0975364
22 109 1150.6 1150.7 0.102658
23 102 1143.99 1144.09 0.102658
54 99 1128.02 1128.12 0.102657
7 0 1148.03 0 -1148.03
35 89 1166.46 1166.56 0.102658
30 86 1183.94 1184.04 0.0975388
34 89 1138.76 1138.86 0.0975372
9 109 1148.71 1151.02 2.30195
13 0 1150.58 0 -1150.58
17 111 1152.02 1152.12 0.102659
24 72 1382.57 1382.67 0.102658
5 109 1156.71 1159.01 2.30196
24 79 1154.67 1156.98 2.30196
6 103 1146.71 1149.01 2.30195
1 110 1114.24 1114.34 0.0975386
21 95 1148.76 1151.06 2.30196
41 88 1127.39 1127.49 0.0975383
12 102 1151.91 1152.01 0.0975379
29 80 1152.31 1154.61 2.30195
39 82 1122 1122.1 0.0975379
30 86 1123.94 1124.04 0.0975388
31 80 1111.31 1111.42 0.102659
48 72 1154.78 1154.88 0.102658
26 80 1154.69 1154.79 0.102657
14 102 1146.61 1148.92 2.30195
22 102 1160.76 1160.86 0.102658
3 109 1114.16 1114.26 0.0975369
50 72 1127.32 1127.42 0.0975379
57 115 1142.74 1142.83 0.0975364
32 0 1155.4 0 -1155.4
45 77 1165.87 1166.06 0.184834
47 77 1121.52 1121.61 0.0975368
53 69 1129.04 1129.13 0.0975383
11 110 1124.63 1124.73 0.0975372
19 0 1158.82 0 -1158.82
43 77 1156.24 1156.34 0.102658
15 102 1163.98 1166.28 2.30195
18 110 1159.91 1162.21 2.30195
49 72 1156.45 1158.75 2.30195
30 86 1153.94 1154.04 0.0975388
47 77 1151.52 1151.61 0.0975368
59 78 1123.36 1123.46 0.0975375
40 81 1156.67 1157 0.328706
3 109 1144.16 1144.26 0.0975369
31 80 1141.31 1141.41 0.0975389
39 82 1152 1152.1 0.0975379
8 109 1192.34 1192.43 0.0975369
41 88 1157.39 1157.49 0.0975383
50 72 1157.32 1157.42 0.0975379
43 77 1166.4 1166.51 0.102658
54 99 1158.02 1158.12 0.102657
49 72 1384.34 1384.45 0.102657
56 92 1196.64 1196.74 0.0975377
12 102 1181.91 1182.01 0.0975379
53 69 1189.04 1189.13 0.0975383
32 87 1383.3 1385.6 2.30195
31 80 1171.31 1171.41 0.0975389
3 109 1174.16 1174.26 0.0975369
40 81 1189.21 1189.54 0.328706
58 68 1191.89 1191.99 0.0975368
17 110 1182.55 1182.65 0.097537
28 80 1196.68 1196.78 0.0975378
7 111 1375.92 1378.22 2.30196
26 80 1185.23 1185.32 0.0975374
25 87 1383.47 1385.77 2.30195
37 89 1195.21 1195.31 0.0975374
15 102 1391.87 1391.98 0.102658
59 78 1183.36 1183.46 0.0975375
38 88 1158.78 1158.88 0.0975373
51 70 1196.05 1196.15 0.0975365
53 69 1159.04 1159.13 0.0975383
2 0 1387.58 0 -1387.58
55 111 1189.84 1189.93 0.0975371
55 111 1159.84 1159.93 0.0975371
37 89 1165.21 1165.31 0.0975374
20 102 1386.62 1386.72 0.102659
29 80 1380.21 1380.31 0.102658
39 82 1182 1182.1 0.0975379
1 109 1174.24 1174.34 0.097538
58 68 1161.89 1161.99 0.0975368
46 78 1175.65 1175.76 0.102658
9 0 1376.61 0 -1376.61
46 78 1196.02 1196.12 0.0975384
14 102 1374.51 1374.69 0.184832
0 109 1189.94 1190.04 0.0975374
33 86 1168.87 1168.97 0.0975386
45 77 1184.17 1184.28 0.102658
42 77 1172.19 1172.37 0.174594
10 103 1171.68 1171.79 0.102657
8 109 1162.34 1162.43 0.0975369
44 77 1167.53 1167.63 0.0975374
52 70 1172.32 1172.41 0.0975388
57 115 1172.74 1172.83 0.0975364
16 103 1166.85 1166.94 0.097537
45 77 1196.41 1196.51 0.0975383
28 80 1166.68 1166.78 0.0975378
51 70 1166.05 1166.15 0.0975365
35 89 1176.62 1176.73 0.102658
56 92 1166.64 1166.74 0.0975377
50 72 1187.32 1187.42 0.0975379
16 103 1196.85 1196.94 0.097537
35 89 1196.99 1197.1 0.102658
33 86 1198.87 1198.97 0.0975386
34 89 1198.76 1198.86 0.0975372
44 77 1197.53 1197.63 0.0975374
