50 64 0.56143 2.86339 2.30196
32 67 1.60209 3.90404 2.30196
29 71 18.4194 20.7214 2.30196
46 0 6.01212 0 -6.01212
41 0 6.49577 0 -6.49577
36 73 2.02847 4.33042 2.30196
14 76 1380.72 1383.02 2.30196
44 62 2.18732 4.48928 2.30196
44 62 457.974 460.276 2.30196
0 66 2.44909 4.75105 2.30195
2 65 1061.8 1061.9 0.0975394
34 73 2.67468 4.97663 2.30196
54 67 984.559 984.662 0.102661
43 61 1147.72 1147.81 0.0975391
57 64 2.7612 5.06316 2.30195
18 76 1145.24 1145.34 0.0975396
12 66 3.15918 5.46113 2.30196
1 76 1393.12 1395.42 2.30196
35 74 4.47979 6.78174 2.30196
32 67 457.389 459.691 2.30196
35 74 460.266 462.568 2.30196
59 71 1040.73 1040.83 0.0975363
48 68 1066.5 1066.83 0.32871
48 68 1196.67 1196.99 0.32871
33 71 5.24161 7.54356 2.30196
18 76 5.24469 7.54665 2.30196
38 73 1209.61 1209.94 0.328708
20 0 7.49681 0 -7.49681
3 66 5.91823 8.22019 2.30196
24 71 5.85649 8.15845 2.30196
45 62 947.443 947.546 0.102661
43 61 1177.72 1177.81 0.0975391
5 66 1383.44 1383.62 0.184838
13 0 7.08932 0 -7.08932
39 74 6.92618 9.22813 2.30195
31 71 968.633 968.731 0.0975392
33 71 1085.24 1085.34 0.0975418
24 71 965.856 965.959 0.10266
51 64 7.5061 9.80805 2.30196
55 61 947.693 947.795 0.10266
23 71 1184.39 1184.49 0.102661
31 71 8.63312 10.9351 2.30196
38 72 9.11848 11.4204 2.30197
40 0 7.7507 0 -7.7507
43 61 7.71657 10.0185 2.30196
19 65 1376.92 1379.22 2.30195
16 76 983.79 983.965 0.174596
50 64 456.348 458.65 2.30196
34 73 458.461 460.763 2.30196
56 61 1062.11 1062.21 0.0975404
37 74 8.21935 10.5213 2.30195
9 66 8.53846 10.8404 2.30196
43 61 1027.72 1027.81 0.0975391
25 67 11.0772 13.3792 2.30196
19 65 9.55742 11.8594 2.30195
51 64 967.506 967.609 0.102661
24 71 1055.86 1055.96 0.10266
15 61 10.807 13.1089 2.30196
7 0 11.1356 0 -11.1356
30 67 11.1803 13.4823 2.30196
32 67 991.602 991.705 0.10266
16 76 965.492 965.677 0.184836
2 65 1151.8 1151.9 0.0975394
16 76 1191.38 1191.47 0.0975403
2 65 11.8031 14.1051 2.30196
56 61 12.1076 14.4096 2.30196
49 68 1046.26 1046.36 0.10266
17 76 13.1901 15.4921 2.30196
48 68 1099.04 1099.37 0.32871
4 66 945.88 945.978 0.0975397
51 64 1147.51 1147.6 0.0975408
14 65 13.3622 15.6642 2.30196
57 64 962.761 962.864 0.102657
23 67 14.3915 16.6934 2.30196
58 66 14.0378 16.3397 2.30196
47 68 14.1577 16.4596 2.30196
18 76 965.245 965.347 0.10266
28 71 15.5741 17.8761 2.30196
52 68 1188.11 1188.29 0.174597
51 64 1027.51 1027.6 0.0975408
16 76 1041.38 1041.48 0.10266
49 68 1166.26 1166.36 0.10266
3 66 461.705 464.007 2.30196
22 71 16.1383 18.4402 2.30196
5 66 16.0763 18.3783 2.30196
4 66 15.8803 18.1823 2.30196
37 74 968.219 968.317 0.0975378
10 0 708.882 0 -708.882
37 74 1058.22 1058.32 0.0975378
45 62 17.4434 19.7454 2.30196
55 61 17.6927 19.9947 2.30196
52 68 18.1141 20.4161 2.30196
8 65 954.317 954.415 0.0975406
34 73 962.675 962.849 0.174596
27 71 985.783 985.958 0.174596
49 68 956.259 956.357 0.0975404
54 67 1044.56 1044.66 0.0975411
26 71 1389.09 1389.42 0.328708
53 63 20.4021 22.7041 2.30196
21 71 20.5382 22.8402 2.30196
36 73 1052.03 1052.13 0.10266
2 65 1031.8 1031.9 0.0975394
59 71 20.7339 23.0358 2.30195
43 61 997.717 997.814 0.0975391
48 68 1001.42 1001.74 0.32871
1 76 25.7619 28.0638 2.30196
26 71 21.7304 24.0324 2.30196
16 76 21.3771 23.6791 2.30196
4 66 975.88 975.978 0.0975397
42 62 25.7747 28.0766 2.30196
49 68 26.2591 28.5611 2.30196
27 71 25.783 28.0849 2.30196
54 67 24.5593 26.8613 2.30196
8 65 24.3173 26.6193 2.30196
10 0 25.2018 0 -25.2018
48 68 24.7588 27.0608 2.30196
8 65 984.317 984.415 0.0975406
59 71 980.734 980.831 0.0975363
57 64 458.548 460.85 2.30195
36 73 992.028 992.126 0.0975399
31 71 998.633 998.731 0.0975392
32 67 961.602 961.705 0.10266
51 64 1177.51 1177.6 0.0975408
6 65 29.0827 31.3846 2.30196
11 65 28.829 31.1309 2.30196
4 66 1035.88 1035.98 0.0975397
59 71 950.734 950.837 0.102656
49 68 254.152 256.454 2.30196
1 76 253.655 255.957 2.30196
53 63 248.295 250.597 2.30196
27 71 481.569 483.871 2.30196
16 76 249.27 251.572 2.30196
59 71 248.627 250.929 2.30195
48 68 968.874 969.202 0.32871
54 67 252.453 254.755 2.30196
42 62 253.668 255.97 2.30196
11 65 256.722 259.024 2.30196
25 0 466.864 0 -466.864
2 65 971.803 971.901 0.0975394
31 71 464.42 466.722 2.30196
27 71 955.783 955.958 0.174596
48 68 252.652 254.954 2.30196
33 71 995.242 995.339 0.0975418
21 71 248.431 250.733 2.30196
52 68 1038.11 1038.29 0.174597
27 71 253.676 255.978 2.30196
47 68 469.944 472.246 2.30196
57 64 1052.76 1052.86 0.0975374
26 71 249.624 251.926 2.30196
10 0 253.095 0 -253.095
8 65 252.211 254.513 2.30196
6 65 256.976 259.278 2.30196
26 71 477.517 479.819 2.30196
48 69 480.545 482.847 2.30196
50 64 228.455 230.757 2.30196
32 67 229.495 231.797 2.30196
36 73 229.922 232.224 2.30196
44 62 230.081 232.383 2.30196
0 66 230.342 232.644 2.30195
34 73 230.568 232.87 2.30196
57 64 230.654 232.956 2.30195
12 66 231.052 233.354 2.30196
35 74 232.373 234.675 2.30196
33 71 233.135 235.437 2.30196
18 76 233.138 235.44 2.30196
24 71 233.75 236.052 2.30196
3 0 233.811 0 -233.811
46 0 233.905 0 -233.905
41 61 234.389 236.691 2.30196
39 74 234.819 237.121 2.30195
13 0 234.983 0 -234.983
20 0 235.39 0 -235.39
51 64 235.399 237.701 2.30196
43 61 235.61 237.912 2.30196
40 73 235.644 237.946 2.30196
37 74 236.113 238.415 2.30195
9 66 236.432 238.734 2.30196
31 71 236.526 238.828 2.30196
38 69 237.012 239.314 2.30196
19 65 237.451 239.753 2.30195
15 0 238.7 0 -238.7
25 67 238.97 241.272 2.30196
7 66 239.029 241.331 2.30196
30 67 239.074 241.376 2.30196
2 65 239.696 241.998 2.30196
56 61 240.001 242.303 2.30196
17 76 241.083 243.385 2.30196
14 0 241.255 0 -241.255
58 67 241.931 244.233 2.30196
47 68 242.051 244.353 2.30196
23 71 242.285 244.587 2.30196
28 0 243.467 0 -243.467
4 66 243.774 246.076 2.30196
5 62 243.97 246.272 2.30196
22 0 244.032 0 -244.032
45 62 245.337 247.639 2.30196
55 61 245.586 247.888 2.30196
52 68 246.007 248.309 2.30196
29 71 246.313 248.615 2.30196
32 67 1051.6 1051.7 0.10266
45 62 1067.44 1067.54 0.097541
18 76 1055.24 1055.34 0.0975396
37 74 1148.22 1148.32 0.0975378
24 71 461.643 463.945 2.30196
52 68 948.114 948.289 0.174597
36 73 1082.03 1082.13 0.10266
49 68 986.259 986.362 0.10266
43 61 1087.72 1087.81 0.0975391
45 62 1157.44 1157.54 0.097541
56 61 1032.11 1032.21 0.0975404
36 73 962.028 962.126 0.0975399
33 71 1145.24 1145.34 0.0975418
52 68 978.114 978.289 0.174597
49 68 709.939 712.241 2.30196
37 74 998.219 998.317 0.0975378
24 71 935.856 935.959 0.10266
16 76 1071.38 1071.47 0.0975403
58 66 1184.04 1184.14 0.102661
18 76 1085.24 1085.34 0.0975396
8 65 1194.32 1194.41 0.0975406
47 68 925.731 928.033 2.30196
43 61 967.717 967.814 0.0975391
45 62 977.443 977.541 0.097541
46 0 461.799 0 -461.799
33 70 935.242 935.344 0.102662
12 66 458.946 461.248 2.30196
47 68 1184.16 1184.26 0.0975404
0 66 458.236 460.538 2.30195
18 76 461.031 463.333 2.30196
6 65 1396.44 1396.77 0.328707
33 71 461.028 463.33 2.30196
54 67 1194.56 1194.66 0.0975411
33 71 1025.24 1025.34 0.0975418
36 73 457.815 460.117 2.30196
42 62 1195.77 1195.87 0.0975407
21 71 1387.9 1390.2 2.30196
54 67 954.559 954.657 0.0975411
24 71 1025.86 1025.95 0.0975396
43 61 463.503 465.805 2.30196
43 61 1057.72 1057.81 0.0975391
9 66 464.325 466.627 2.30196
37 74 1028.22 1028.32 0.0975378
27 71 937.356 937.541 0.184836
29 71 474.206 476.508 2.30196
51 64 463.293 465.595 2.30196
40 69 463.537 465.839 2.30196
20 0 463.283 0 -463.283
15 0 466.593 0 -466.593
58 67 469.824 472.126 2.30196
4 66 471.667 473.969 2.30196
42 62 481.561 483.863 2.30196
54 67 480.346 482.648 2.30196
6 65 484.869 487.171 2.30196
13 0 462.876 0 -462.876
37 74 464.006 466.308 2.30195
7 0 466.922 0 -466.922
5 0 471.863 0 -471.863
22 0 471.925 0 -471.925
28 0 471.361 0 -471.361
11 65 484.615 486.917 2.30196
1 76 481.548 483.85 2.30196
39 0 462.713 0 -462.713
23 0 470.178 0 -470.178
52 68 473.901 476.203 2.30196
53 63 476.189 478.491 2.30196
8 65 480.104 482.406 2.30196
41 61 462.282 464.584 2.30196
38 69 464.905 467.207 2.30196
56 61 467.894 470.196 2.30196
17 76 468.977 471.279 2.30196
59 71 476.52 478.822 2.30195
49 68 482.046 484.348 2.30196
19 65 465.344 467.646 2.30195
30 0 466.967 0 -466.967
2 76 467.59 469.892 2.30196
14 0 469.149 0 -469.149
55 61 473.479 475.781 2.30196
45 62 473.23 475.532 2.30196
21 71 476.325 478.627 2.30196
16 76 477.164 479.466 2.30196
10 66 480.988 483.29 2.30196
48 69 708.439 710.741 2.30196
27 75 709.463 711.765 2.30197
8 65 935.89 935.993 0.102661
37 74 1088.22 1088.32 0.0975378
59 71 932.307 932.41 0.102656
54 67 708.239 710.541 2.30196
42 62 709.454 711.756 2.30196
6 65 940.656 942.958 2.30196
28 71 1382.93 1383.04 0.10266
22 67 927.711 930.013 2.30196
48 68 936.332 936.661 0.32871
55 61 1037.69 1037.8 0.10266
8 76 707.997 710.299 2.30196
1 76 709.442 711.744 2.30196
16 66 932.95 933.279 0.328708
18 76 935.245 935.347 0.10266
56 61 972.108 972.21 0.10266
27 71 1045.78 1045.96 0.174596
58 66 1163.67 1163.77 0.102661
51 64 937.506 937.609 0.102661
56 61 1182.11 1182.21 0.0975404
4 66 1155.88 1155.98 0.0975397
51 64 997.506 997.604 0.0975408
34 73 932.675 932.849 0.174596
58 66 925.611 927.913 2.30196
17 0 924.763 0 -924.763
50 68 684.241 686.543 2.30196
32 67 685.282 687.584 2.30196
36 73 685.708 688.01 2.30196
44 62 685.867 688.169 2.30196
0 66 686.129 688.431 2.30195
34 73 686.354 688.656 2.30196
57 64 686.441 688.743 2.30195
12 66 686.839 689.141 2.30196
35 0 688.16 0 -688.16
33 71 688.921 691.223 2.30196
18 76 688.924 691.226 2.30196
24 71 689.536 691.838 2.30196
3 61 689.598 691.9 2.30196
46 61 689.692 691.994 2.30196
41 0 690.176 0 -690.176
39 0 690.606 0 -690.606
13 0 690.769 0 -690.769
20 67 691.177 693.479 2.30196
51 64 691.186 693.488 2.30196
43 61 691.396 693.698 2.30196
40 73 691.43 693.732 2.30196
37 74 691.899 694.201 2.30195
9 0 692.218 0 -692.218
31 67 692.313 694.615 2.30196
38 0 692.798 0 -692.798
19 65 693.237 695.539 2.30195
15 0 694.487 0 -694.487
25 0 694.757 0 -694.757
7 66 694.815 697.117 2.30196
30 0 694.86 0 -694.86
2 76 695.483 697.785 2.30196
56 60 695.787 698.089 2.30196
17 76 696.87 699.172 2.30196
14 66 697.042 699.344 2.30196
58 67 697.718 700.019 2.30196
47 68 697.837 700.139 2.30196
23 67 698.071 700.373 2.30196
28 71 699.254 701.556 2.30196
4 66 699.56 701.862 2.30196
5 66 699.756 702.058 2.30196
22 71 699.818 702.12 2.30196
45 62 701.123 703.425 2.30196
55 61 701.372 703.674 2.30196
52 68 701.794 704.096 2.30196
29 71 702.099 704.401 2.30196
53 63 704.082 706.384 2.30196
21 67 704.218 706.52 2.30196
59 71 704.414 706.716 2.30195
16 76 705.057 707.359 2.30196
26 71 705.41 707.712 2.30196
27 71 1195.78 1195.96 0.174596
4 66 1065.88 1065.98 0.0975397
18 76 1025.24 1025.34 0.0975396
51 64 1087.51 1087.61 0.102661
55 61 977.693 977.795 0.10266
57 64 992.761 992.864 0.102657
18 76 995.245 995.347 0.10266
57 64 1022.76 1022.86 0.0975374
31 71 1178.63 1178.74 0.102659
34 73 992.675 992.849 0.174596
27 71 1075.78 1075.96 0.174596
2 65 1181.8 1181.9 0.0975394
55 61 1067.69 1067.8 0.10266
34 73 1052.67 1052.85 0.174596
6 65 712.762 715.064 2.30196
53 63 931.975 934.277 2.30196
31 71 938.633 938.731 0.0975392
54 67 936.132 936.235 0.102661
11 0 712.509 0 -712.509
42 62 937.348 939.65 2.30196
49 68 937.832 937.935 0.10266
10 0 936.775 0 -936.775
11 65 940.402 942.704 2.30196
33 71 965.242 965.339 0.0975418
57 64 932.761 932.859 0.0975374
56 61 942.108 942.21 0.10266
52 69 929.687 929.872 0.184839
26 0 933.303 0 -933.303
32 67 931.602 931.705 0.10266
37 74 938.219 938.317 0.0975378
2 65 941.803 941.906 0.102659
50 64 912.134 914.436 2.30196
32 67 913.175 913.36 0.184836
36 73 913.601 913.786 0.184836
44 62 913.76 916.062 2.30196
0 66 914.022 916.324 2.30195
34 73 914.248 914.433 0.184836
57 64 914.334 914.437 0.102657
12 66 914.732 917.034 2.30196
35 74 916.053 918.355 2.30196
33 71 916.815 916.999 0.184838
18 76 916.818 916.92 0.10266
24 71 917.429 917.532 0.10266
3 61 917.491 919.793 2.30196
46 61 917.585 919.887 2.30196
41 61 918.069 920.371 2.30196
39 0 918.499 0 -918.499
13 66 918.662 920.964 2.30196
20 71 919.07 921.372 2.30196
51 64 919.079 919.182 0.102661
43 61 919.29 919.392 0.102659
40 69 919.324 921.626 2.30196
37 0 919.792 0 -919.792
9 66 920.111 922.413 2.30196
31 71 920.206 920.309 0.102659
38 73 920.691 922.993 2.30196
19 65 921.13 923.432 2.30195
15 61 922.38 924.682 2.30196
25 67 922.65 924.952 2.30196
7 62 922.709 925.011 2.30196
30 67 922.753 925.055 2.30196
2 65 923.376 923.479 0.102659
56 61 923.681 923.783 0.10266
40 73 1157.38 1157.48 0.102663
25 67 1378.44 1380.74 2.30196
31 71 1058.63 1058.73 0.0975392
14 0 924.935 0 -924.935
8 65 1044.32 1044.41 0.0975406
32 67 1021.6 1021.7 0.10266
59 71 1070.73 1070.83 0.0975363
24 71 995.856 995.954 0.0975396
23 71 925.964 928.266 2.30196
28 67 927.147 929.449 2.30196
1 76 937.335 939.637 2.30196
3 66 1373.28 1373.61 0.328709
21 71 932.111 934.413 2.30196
55 61 929.266 929.451 0.184836
5 62 927.649 929.951 2.30196
4 66 927.453 927.556 0.10266
29 67 929.992 932.294 2.30196
45 62 929.016 929.119 0.102661
43 61 937.717 937.819 0.102659
36 73 932.028 932.131 0.10266
31 71 1148.63 1148.74 0.102659
4 66 1005.88 1005.98 0.0975397
2 65 1001.8 1001.9 0.0975394
55 61 1007.69 1007.8 0.10266
56 61 1002.11 1002.21 0.0975404
24 71 1085.86 1085.95 0.0975396
34 73 1082.67 1082.85 0.174596
11 65 1229.32 1229.94 0.616453
59 71 1190.73 1190.83 0.0975363
15 61 1378.17 1380.47 2.30196
52 68 1008.11 1008.29 0.174597
16 76 1011.38 1011.55 0.174596
34 73 1022.67 1022.85 0.174596
54 67 1074.56 1074.66 0.0975411
45 62 1037.44 1037.54 0.097541
45 62 1007.44 1007.54 0.097541
57 64 1082.76 1082.86 0.0975374
30 67 1378.54 1380.84 2.30196
24 71 1145.86 1145.95 0.0975396
33 71 1055.24 1055.34 0.0975418
8 65 1074.32 1074.42 0.102661
10 0 1392.56 0 -1392.56
32 67 1081.6 1081.7 0.0975403
51 64 1057.51 1057.61 0.102661
52 68 1158.11 1158.29 0.174597
49 68 1196.26 1196.36 0.10266
36 73 1022.03 1022.13 0.10266
49 68 1076.26 1076.36 0.10266
59 71 1010.73 1010.83 0.0975363
54 67 1014.56 1014.66 0.102661
52 68 1068.11 1068.29 0.174597
27 71 1015.78 1015.96 0.174596
49 68 1016.26 1016.36 0.10266
48 68 1033.96 1034.29 0.32871
31 67 1028.63 1028.74 0.102664
8 65 1014.32 1014.41 0.0975406
56 61 1092.11 1092.21 0.0975404
31 71 1088.63 1088.73 0.0975392
55 61 1097.69 1097.79 0.0975402
52 68 1098.11 1098.29 0.174597
56 65 1152.11 1152.21 0.0975432
2 65 1091.8 1091.9 0.0975394
55 61 1187.69 1187.8 0.10266
47 68 1171.92 1172.02 0.10266
4 66 1095.88 1095.98 0.0975397
17 76 1380.55 1382.85 2.30196
20 71 1374.86 1377.16 2.30196
49 68 1106.26 1106.36 0.0975404
48 68 1131.58 1131.91 0.32871
45 62 1097.44 1097.54 0.097541
0 66 1174.46 1174.64 0.184835
22 71 1383.5 1383.68 0.184835
54 67 1104.56 1104.66 0.0975411
16 76 1101.38 1101.47 0.0975403
59 71 1100.73 1100.83 0.0975363
27 71 1105.78 1105.96 0.174596
8 65 1104.32 1104.41 0.0975406
45 62 1187.44 1187.54 0.097541
35 74 1143.95 1144.05 0.102659
46 0 1145.48 0 -1145.48
36 73 1112.03 1112.13 0.10266
44 62 1141.65 1143.96 2.30196
0 66 1141.92 1142.24 0.328707
34 73 1112.67 1112.85 0.174596
31 71 1118.63 1118.73 0.0975392
57 64 1112.76 1112.86 0.0975374
5 66 1155.54 1157.84 2.30196
24 71 1115.86 1115.95 0.0975396
48 68 1164.12 1164.45 0.32871
17 76 1152.66 1154.96 2.30196
12 62 1142.63 1144.93 2.30196
33 71 1115.24 1115.34 0.0975418
29 67 1157.89 1160.19 2.30196
43 61 1117.72 1117.81 0.0975391
32 67 1111.6 1111.7 0.0975403
3 66 1145.38 1147.69 2.30196
50 64 1140.03 1140.64 0.616452
18 76 1115.24 1115.34 0.0975396
4 66 1185.88 1185.98 0.0975397
55 61 1157.69 1157.8 0.10266
9 66 1148 1150.31 2.30196
41 0 1145.96 0 -1145.96
25 0 1150.54 0 -1150.54
38 73 1148.58 1149.2 0.616452
51 64 1117.51 1117.61 0.102661
20 71 1146.96 1149.27 2.30196
7 62 1378.5 1380.8 2.30196
13 62 1146.56 1148.86 2.30196
39 74 1146.39 1148.69 2.30195
40 73 1147.22 1147.32 0.102663
19 65 1149.02 1151.33 2.30195
37 74 1118.22 1118.32 0.0975378
14 65 1152.83 1155.13 2.30196
52 68 1128.11 1128.29 0.174597
55 61 1127.69 1127.79 0.0975402
56 61 1122.11 1122.21 0.0975404
22 71 1155.6 1157.91 2.30196
15 65 1150.27 1152.58 2.30196
7 66 1150.6 1152.9 2.30196
30 0 1150.65 0 -1150.65
2 65 1121.8 1121.9 0.0975394
47 68 1153.62 1153.81 0.184836
23 71 1153.86 1153.96 0.102661
58 66 1153.5 1153.61 0.102661
4 66 1125.88 1125.98 0.0975397
28 71 1155.04 1157.34 2.30196
54 67 1134.56 1134.66 0.0975411
26 71 1161.2 1163.5 2.30196
16 76 1131.38 1131.47 0.0975403
36 73 1142.03 1142.13 0.10266
23 71 1164.02 1164.12 0.102661
11 65 1168.3 1168.91 0.616453
49 68 1136.26 1136.36 0.0975404
10 0 1164.67 0 -1164.67
45 62 1127.44 1127.54 0.097541
8 65 1134.32 1134.41 0.0975406
18 76 1175.24 1175.34 0.0975396
32 67 1141.6 1141.7 0.10266
59 71 1130.73 1130.83 0.0975363
6 65 1168.55 1170.85 2.30196
57 64 1142.76 1142.86 0.0975374
53 63 1159.87 1162.17 2.30196
21 0 1160 0 -1160
35 74 1154.11 1154.21 0.102659
34 73 1142.67 1142.85 0.174596
1 76 1165.23 1167.53 2.30196
27 71 1135.78 1135.96 0.174596
42 62 1165.24 1165.43 0.184837
8 65 1164.32 1164.41 0.0975406
12 66 1370.52 1372.82 2.30196
16 76 1161.38 1161.47 0.0975403
59 71 1160.73 1160.83 0.0975363
37 74 1178.22 1178.32 0.0975378
40 73 1177.75 1177.85 0.0975426
35 74 1174.48 1174.58 0.0975393
24 71 1175.86 1175.95 0.0975396
53 67 1387.76 1388.09 0.328709
32 67 1171.6 1171.7 0.10266
54 67 1164.56 1164.66 0.0975411
13 0 1374.45 0 -1374.45
44 62 1369.55 1369.73 0.184837
57 64 1172.76 1172.86 0.0975374
46 0 1373.37 0 -1373.37
29 67 1385.78 1388.08 2.30196
34 73 1172.67 1172.85 0.174596
42 62 1183.54 1183.64 0.102661
27 71 1165.78 1165.96 0.174596
36 73 1172.03 1172.13 0.0975399
9 66 1375.9 1378.2 2.30196
33 71 1175.24 1175.34 0.102662
50 64 1201.06 1201.38 0.328708
41 0 1373.86 0 -1373.86
39 74 1374.29 1376.59 2.30195
