8 21 0.0202166 2.32218 2.30196
17 22 250.571 252.873 2.30196
16 0 247.665 0 -247.665
11 0 0.684788 0 -0.684788
12 20 0.744958 3.04692 2.30196
6 21 3.76025 6.0622 2.30196
15 20 7.06004 9.362 2.30197
1 21 6.51801 8.81996 2.30196
13 21 7.66329 9.96526 2.30196
19 20 7.66602 9.96798 2.30196
9 20 8.6048 10.9068 2.30197
14 20 16.1865 18.4885 2.30196
4 21 10.2014 12.5034 2.30195
10 20 15.5215 17.8234 2.30196
5 21 14.6265 16.9285 2.30196
16 20 19.7714 22.0734 2.30197
18 20 20.4153 22.7172 2.30195
0 21 20.8022 23.1042 2.30195
2 21 23.1312 25.4331 2.30196
17 0 22.678 0 -22.678
7 21 26.1084 28.4103 2.30196
3 21 26.7534 29.0553 2.30195
15 22 462.847 465.149 2.30197
3 21 482.54 484.842 2.30195
16 20 475.558 477.86 2.30197
0 21 248.695 250.997 2.30195
2 21 251.024 253.326 2.30196
17 22 478.465 480.766 2.30196
3 21 254.647 256.949 2.30195
14 20 471.973 474.275 2.30196
18 20 248.309 250.61 2.30195
7 22 254.002 256.304 2.30196
2 21 478.918 481.22 2.30196
7 22 709.788 712.09 2.30196
8 0 227.913 0 -227.913
11 21 228.578 230.88 2.30197
12 20 228.638 230.94 2.30196
6 21 231.653 233.955 2.30196
1 21 234.411 236.713 2.30196
15 0 234.953 0 -234.953
13 20 235.557 237.859 2.30196
19 20 235.559 237.861 2.30196
9 0 236.498 0 -236.498
4 21 238.095 240.397 2.30195
5 21 242.52 244.822 2.30196
10 20 243.415 245.717 2.30196
14 20 244.08 246.382 2.30196
9 20 464.391 466.693 2.30197
7 22 481.895 484.197 2.30196
19 20 463.453 465.754 2.30196
13 21 463.45 465.752 2.30196
0 21 476.589 478.891 2.30195
1 21 462.305 464.606 2.30196
4 21 465.988 468.29 2.30195
18 20 476.202 478.504 2.30195
10 0 471.308 0 -471.308
5 21 470.413 472.715 2.30196
3 21 938.326 940.628 2.30195
8 0 455.807 0 -455.807
11 0 456.471 0 -456.471
12 20 456.531 458.833 2.30196
6 21 459.547 461.849 2.30196
2 22 934.704 937.006 2.30196
6 21 1173.76 1173.86 0.102661
10 20 927.094 929.396 2.30196
4 21 940.201 940.299 0.0975363
1 21 966.518 966.693 0.174596
3 21 710.433 712.735 2.30195
8 0 683.7 0 -683.7
11 0 684.365 0 -684.365
12 20 684.425 686.727 2.30196
6 21 687.44 689.742 2.30196
1 22 690.198 692.5 2.30196
15 20 690.74 693.042 2.30197
13 0 691.343 0 -691.343
19 20 691.346 693.648 2.30196
9 21 692.285 694.587 2.30197
4 21 693.881 696.183 2.30195
5 22 698.306 700.608 2.30197
10 0 699.201 0 -699.201
14 20 699.866 702.168 2.30196
16 20 703.451 705.753 2.30197
18 20 704.095 706.397 2.30195
0 21 704.482 706.784 2.30195
17 22 706.358 708.66 2.30196
2 22 706.811 709.113 2.30196
5 21 958.741 959.07 0.328709
4 21 970.201 970.299 0.0975363
19 20 937.666 937.769 0.102663
0 21 950.802 950.905 0.102659
1 21 936.518 936.693 0.174596
18 0 931.988 0 -931.988
0 21 932.375 932.478 0.102659
7 21 970.223 970.552 0.328709
14 20 927.759 930.061 2.30196
19 20 967.666 967.769 0.102663
12 20 944.86 945.044 0.18484
16 22 931.344 933.646 2.30197
17 22 934.251 936.553 2.30196
8 21 911.593 913.895 2.30196
11 21 912.258 914.56 2.30197
12 20 912.318 912.647 0.328712
6 21 915.333 915.95 0.616453
1 21 918.091 918.276 0.184836
15 0 918.633 0 -918.633
13 21 919.236 921.538 2.30196
19 20 919.239 919.342 0.102663
9 21 920.178 922.48 2.30197
4 21 921.774 921.877 0.102656
5 21 926.2 926.528 0.328709
7 21 937.681 938.01 0.328709
18 20 950.415 950.513 0.097537
6 21 976.362 976.69 0.328709
12 20 963.158 963.333 0.1746
9 20 1375.96 1377.28 1.31483
5 21 991.283 991.612 0.328709
7 21 1002.76 1002.95 0.184837
19 20 997.666 997.764 0.0975429
18 20 980.415 980.513 0.097537
0 21 980.802 980.9 0.0975387
12 20 990.745 990.92 0.1746
6 21 1008.9 1009.23 0.328709
1 21 1176.52 1176.62 0.10266
7 21 1021.06 1021.24 0.174597
1 21 996.518 996.693 0.174596
4 21 1000.2 1000.3 0.0975363
5 0 1023.82 0 -1023.82
1 21 1056.52 1056.62 0.0975398
12 20 1020.74 1020.85 0.102664
18 20 1010.42 1010.51 0.097537
0 21 1010.8 1010.9 0.0975387
6 21 1041.44 1041.63 0.184837
7 21 1076.11 1076.21 0.0975405
1 21 1026.52 1026.62 0.10266
4 21 1030.2 1030.3 0.0975363
5 21 1042.12 1042.3 0.174597
0 21 1040.8 1040.9 0.0975387
18 20 1040.42 1040.51 0.097537
19 20 1027.67 1027.76 0.0975429
7 21 1046.11 1046.21 0.102661
6 21 1059.74 1059.85 0.102661
12 20 1050.74 1050.84 0.0975441
19 20 1057.67 1057.76 0.0975429
4 21 1060.2 1060.3 0.0975363
15 22 1146.53 1148.83 2.30197
5 21 1154.63 1154.73 0.102661
0 21 1070.8 1070.9 0.0975387
4 21 1180.2 1180.3 0.0975363
5 21 1064.63 1064.73 0.102661
1 21 1146.52 1146.62 0.10266
0 21 1160.8 1160.9 0.0975387
18 20 1070.42 1070.51 0.097537
11 0 1140.15 0 -1140.15
18 20 1100.42 1100.51 0.097537
5 21 1094.63 1094.73 0.102661
6 21 1083.76 1083.86 0.102661
12 20 1080.74 1080.84 0.0975441
19 20 1087.67 1087.77 0.102663
15 20 1374.42 1376.72 2.30197
1 21 1086.52 1086.62 0.10266
8 0 1139.49 0 -1139.49
0 21 1100.8 1100.9 0.0975387
4 21 1090.2 1090.3 0.0975363
7 21 1106.11 1106.21 0.102661
12 21 1170.74 1170.84 0.0975446
14 20 1155.65 1155.98 0.328711
6 21 1113.76 1113.86 0.102661
7 21 1136.11 1136.21 0.102661
19 20 1117.67 1117.76 0.0975429
18 20 1160.42 1160.51 0.097537
9 20 1148.07 1150.37 2.30197
12 20 1110.74 1110.84 0.0975441
18 20 1130.42 1130.51 0.097537
19 20 1177.67 1177.76 0.0975429
0 21 1130.8 1130.9 0.0975387
3 20 1166.22 1168.52 2.30197
1 21 1116.52 1116.62 0.10266
13 20 1147.13 1147.46 0.328714
10 20 1154.99 1157.29 2.30196
16 20 1159.24 1161.54 2.30197
12 20 1140.74 1140.84 0.0975441
5 21 1124.63 1124.73 0.102661
17 22 1162.14 1163.46 1.31483
13 20 1179.67 1180 0.328714
7 21 1166.11 1166.21 0.102661
4 21 1120.2 1120.3 0.0975363
6 21 1143.76 1143.86 0.102661
2 21 1162.6 1163.21 0.616454
4 21 1150.2 1150.3 0.0975363
19 20 1147.67 1147.76 0.0975429
11 0 1368.04 0 -1368.04
8 0 1367.38 0 -1367.38
16 20 1387.13 1389.43 2.30197
10 20 1382.88 1384.2 1.31483
14 20 1188.19 1188.52 0.328711
7 21 1196.11 1196.21 0.102661
5 21 1184.63 1184.72 0.0975405
17 22 1292.31 1293.63 1.31483
2 21 1223.63 1223.95 0.32871
3 21 1394.11 1394.22 0.102658
0 21 1190.8 1190.9 0.0975387
18 20 1190.42 1190.51 0.097537
