11 44 0.424967 2.72692 2.30196
28 35 2.62203 4.92399 2.30195
9 43 16.4639 18.7659 2.30196
24 40 16.2793 18.5813 2.30196
21 41 4.67806 6.98002 2.30196
5 43 5.64189 7.94384 2.30196
14 47 5.59849 7.90044 2.30195
6 43 6.48283 8.78479 2.30196
23 40 1003.27 1003.37 0.102656
25 36 8.62777 10.9297 2.30195
0 43 12.1713 14.4732 2.30196
18 31 13.4481 15.75 2.30196
10 43 14.934 17.2359 2.30196
23 40 13.2708 15.5728 2.30195
26 48 12.8983 15.2003 2.30196
29 32 12.8209 15.1228 2.30196
19 31 15.3266 17.6285 2.30196
14 47 1055.6 1055.7 0.0975376
28 35 1101.34 1101.66 0.328707
13 37 1068.31 1068.41 0.102659
27 48 16.9087 19.2106 2.30195
24 40 1156.28 1156.38 0.0975405
22 41 1037.92 1038.02 0.0975412
20 46 17.5264 19.8284 2.30196
4 44 16.9541 19.256 2.30196
19 31 1065.33 1065.43 0.102659
15 47 1047.47 1047.56 0.0975367
29 32 1002.82 1002.92 0.0975393
12 47 939.741 942.043 2.30196
2 44 1073.07 1073.25 0.174595
24 40 927.852 928.037 0.184836
22 41 17.9197 20.2217 2.30196
13 37 18.3114 20.6133 2.30196
18 31 1063.45 1063.55 0.0975401
3 44 18.6467 20.9486 2.30196
13 37 929.884 929.987 0.102659
3 44 978.647 978.749 0.102659
29 32 1062.82 1062.92 0.0975393
7 43 19.6905 21.9924 2.30195
8 43 20.8911 23.1931 2.30196
10 43 1154.93 1155.03 0.0975394
2 44 23.0733 25.3753 2.30196
15 47 27.4664 29.7683 2.30195
1 43 25.0494 27.3513 2.30196
3 44 1068.65 1068.74 0.0975392
26 48 1062.9 1063 0.102659
17 31 25.8426 28.1446 2.30195
22 41 977.92 978.017 0.0975412
16 37 28.1379 30.4399 2.30195
15 47 987.466 987.569 0.102657
19 31 945.327 945.429 0.102659
11 44 1103.19 1103.81 0.616452
12 37 28.1683 30.4703 2.30196
10 43 1094.93 1095.03 0.0975394
21 41 916.251 916.58 0.32871
20 46 979.939 980.114 0.174596
26 48 468.685 470.987 2.30196
7 43 247.584 249.886 2.30195
25 36 920.201 920.817 0.616449
6 43 918.056 920.358 2.30196
5 43 917.215 917.544 0.328707
14 47 917.171 917.274 0.102658
7 43 475.477 477.779 2.30195
14 47 995.598 995.701 0.102658
28 35 914.195 914.811 0.616451
3 44 246.54 248.842 2.30196
1 43 252.943 255.245 2.30196
9 43 1096.46 1096.64 0.174597
17 31 937.416 938.032 0.616451
11 44 228.318 230.62 2.30196
28 35 230.515 232.817 2.30195
21 41 232.571 234.873 2.30196
14 47 233.492 235.794 2.30195
5 43 233.535 235.837 2.30196
6 43 234.376 236.678 2.30196
25 36 236.521 238.823 2.30195
0 43 240.065 242.366 2.30196
29 32 240.714 243.016 2.30196
26 48 240.792 243.094 2.30196
23 40 241.164 243.466 2.30195
18 31 241.341 243.643 2.30196
10 43 242.827 245.129 2.30196
19 31 243.22 245.522 2.30196
24 40 244.173 246.475 2.30196
9 39 244.357 246.659 2.30196
27 48 244.802 247.104 2.30195
4 43 244.847 247.149 2.30196
20 46 245.42 247.722 2.30196
22 41 245.813 248.115 2.30196
13 37 246.205 248.507 2.30196
20 46 1157.53 1157.63 0.10266
2 44 250.967 253.269 2.30196
8 43 248.784 251.086 2.30196
16 37 988.138 988.235 0.0975373
18 31 1153.45 1153.55 0.0975401
15 47 1167.47 1167.56 0.0975367
7 43 931.263 933.565 2.30195
17 31 253.736 256.038 2.30195
16 37 939.711 939.814 0.102657
15 47 255.36 257.662 2.30195
16 37 256.031 258.333 2.30195
12 0 256.062 0 -256.062
8 43 932.464 934.766 2.30196
27 48 1166.54 1166.64 0.102657
26 48 1002.9 1003 0.102659
22 41 929.493 929.595 0.102661
24 40 1066.28 1066.38 0.0975405
19 31 926.9 927.084 0.184835
24 40 472.066 474.368 2.30196
11 44 911.998 913.313 1.31482
25 36 692.308 694.609 2.30195
17 31 1081.83 1081.93 0.102659
22 41 1187.92 1188.02 0.0975412
9 39 472.25 474.552 2.30196
3 44 474.433 476.735 2.30196
21 41 1084.68 1084.78 0.0975415
13 37 1158.31 1158.41 0.0975391
12 37 483.955 486.257 2.30196
27 48 472.695 474.997 2.30195
29 32 468.607 470.909 2.30196
16 37 483.924 486.226 2.30195
1 43 1066.79 1067.41 0.616453
6 0 462.269 0 -462.269
2 44 478.86 481.162 2.30196
23 40 469.057 471.359 2.30195
11 44 456.211 458.513 2.30196
28 35 458.409 460.71 2.30195
21 41 460.465 462.767 2.30196
14 47 461.385 463.687 2.30195
5 39 461.428 463.73 2.30196
6 43 690.163 692.465 2.30196
29 32 696.501 698.803 2.30196
23 40 1093.27 1093.37 0.0975364
19 31 1095.33 1095.43 0.102659
19 31 471.113 473.415 2.30196
20 46 473.313 475.615 2.30196
18 31 469.235 471.537 2.30196
25 36 464.414 466.716 2.30195
0 43 695.851 698.153 2.30196
13 37 474.098 476.4 2.30196
10 43 470.72 473.022 2.30196
0 43 467.958 470.26 2.30196
4 0 472.741 0 -472.741
18 31 1003.45 1003.55 0.0975401
5 43 1014.84 1015.02 0.184835
15 47 1077.47 1077.56 0.0975367
22 41 473.706 476.008 2.30196
8 43 476.678 478.98 2.30196
3 44 930.22 930.322 0.102659
27 48 928.482 930.784 2.30195
18 31 1093.45 1093.55 0.0975401
2 44 934.646 935.263 0.616451
24 40 946.279 946.382 0.10266
2 44 1163.07 1163.25 0.174595
20 46 1007.53 1007.63 0.10266
9 43 1006.46 1006.64 0.174597
9 43 928.037 928.222 0.184837
10 43 1004.93 1005.03 0.0975394
26 48 696.578 698.88 2.30196
23 40 696.951 699.253 2.30195
1 43 480.836 483.138 2.30196
17 31 481.629 483.931 2.30195
15 47 483.253 485.555 2.30195
14 47 1085.6 1085.7 0.0975376
26 48 1092.9 1093 0.102659
25 36 1074.8 1075.13 0.328705
20 46 929.099 929.428 0.328708
22 41 947.92 948.017 0.0975412
17 31 709.522 711.824 2.30195
21 41 994.678 994.781 0.102662
2 44 995.675 996.003 0.328707
1 43 708.729 711.031 2.30196
11 44 684.105 686.407 2.30196
28 35 686.302 688.604 2.30195
21 41 688.358 690.66 2.30196
14 47 689.278 691.58 2.30195
5 43 689.322 691.624 2.30196
18 31 697.128 699.43 2.30196
10 43 698.614 700.916 2.30196
19 46 699.006 701.308 2.30196
24 36 699.959 702.261 2.30196
9 44 700.144 702.446 2.30196
27 48 700.588 702.89 2.30195
4 44 700.634 702.936 2.30196
20 30 701.206 703.508 2.30196
22 41 701.599 703.901 2.30196
13 47 701.991 704.293 2.30196
3 49 702.326 704.628 2.30196
7 0 703.37 0 -703.37
8 43 704.571 706.873 2.30196
2 44 706.753 709.055 2.30196
23 40 1063.27 1063.37 0.102656
22 41 1097.92 1098.02 0.0975412
17 31 1063.53 1063.71 0.184835
10 43 926.507 926.61 0.102659
19 31 1005.33 1005.43 0.102659
23 40 943.271 943.374 0.102656
16 37 711.818 714.12 2.30195
15 47 711.146 713.448 2.30195
12 37 711.848 714.15 2.30196
29 32 1092.82 1092.92 0.0975393
18 31 925.021 925.206 0.184836
22 41 1067.92 1068.02 0.0975412
17 31 998.444 998.773 0.328707
26 48 924.471 924.574 0.102659
10 43 944.934 945.037 0.102659
23 40 924.844 924.946 0.102656
29 32 924.394 924.579 0.184835
0 43 923.744 926.046 2.30196
1 43 936.622 937.937 1.31482
15 47 939.039 939.142 0.102657
4 44 928.527 930.829 2.30196
21 41 948.793 948.978 0.184838
5 43 949.757 950.085 0.328707
14 47 935.598 935.701 0.102658
10 43 1064.93 1065.03 0.0975394
16 37 1078.14 1078.24 0.102657
20 46 1097.53 1097.63 0.10266
21 41 1054.68 1054.78 0.0975415
3 44 948.647 948.749 0.102659
29 32 942.821 942.924 0.102659
18 31 943.448 943.623 0.174596
26 48 942.898 943.001 0.102659
3 44 1038.65 1038.74 0.0975392
9 43 946.464 946.639 0.174597
24 40 1006.28 1006.38 0.0975405
23 40 1153.27 1153.37 0.0975364
16 37 958.138 958.235 0.0975373
24 40 1096.28 1096.38 0.0975405
13 37 948.311 948.414 0.102659
20 46 961.641 961.826 0.184836
28 35 975.223 975.84 0.616451
18 31 973.448 973.551 0.10266
23 40 973.271 973.368 0.0975364
13 37 978.311 978.414 0.102659
15 47 957.466 957.569 0.102657
24 40 976.279 976.377 0.0975405
5 43 982.298 982.627 0.328707
21 41 967.091 967.266 0.174598
14 47 965.598 965.701 0.102658
26 48 972.898 972.996 0.0975395
29 32 972.821 972.924 0.102659
9 43 976.464 976.639 0.174597
25 36 981.229 981.846 0.616449
19 31 975.327 975.429 0.102659
10 43 974.934 975.037 0.102659
19 31 1035.33 1035.43 0.102659
13 37 1008.31 1008.41 0.102659
28 35 1036.25 1036.58 0.328707
11 44 1042.16 1042.78 0.616452
17 31 1030.99 1031.31 0.328707
23 40 1033.27 1033.37 0.102656
2 44 1028.22 1028.4 0.184835
22 41 1007.92 1008.02 0.0975412
25 36 1042.26 1042.59 0.328705
5 43 1033.14 1033.31 0.174595
3 44 1008.65 1008.74 0.0975392
28 35 1068.79 1069.12 0.328707
29 32 1032.82 1032.92 0.0975393
14 47 1175.6 1175.7 0.0975376
25 36 1107.34 1107.53 0.184833
9 43 1066.46 1066.64 0.174597
5 43 1085.64 1085.82 0.174595
16 37 1048.14 1048.24 0.102657
14 47 1025.6 1025.7 0.102658
21 41 1024.68 1024.78 0.0975415
9 43 1036.46 1036.64 0.174597
15 47 1017.47 1017.56 0.0975367
16 37 1018.14 1018.24 0.102657
13 37 1098.31 1098.41 0.102659
2 44 1046.51 1046.69 0.174595
18 31 1033.45 1033.55 0.0975401
5 43 1055.64 1055.82 0.174595
26 48 1032.9 1033 0.102659
24 40 1036.28 1036.38 0.0975405
1 43 1188.85 1189.46 0.616453
3 44 1158.65 1158.74 0.0975392
13 37 1038.31 1038.41 0.102659
10 43 1034.93 1035.03 0.0975394
20 46 1037.53 1037.63 0.10266
20 46 1067.53 1067.63 0.10266
0 43 1151.64 1151.97 0.328707
15 47 1107.47 1107.56 0.0975367
16 37 1168.14 1168.24 0.0975373
16 37 1108.14 1108.24 0.0975373
1 43 1127.82 1128.43 0.616453
23 40 1123.27 1123.37 0.0975364
3 44 1098.65 1098.74 0.0975392
25 36 1178.63 1178.73 0.102657
7 43 1189.69 1189.87 0.174595
26 48 1122.9 1123 0.0975395
5 43 1175.64 1175.82 0.174595
5 43 1145.64 1145.82 0.174595
13 37 1128.31 1128.41 0.0975391
18 31 1123.45 1123.55 0.0975401
5 43 1115.64 1115.82 0.174595
6 43 1145.95 1146.57 0.616451
2 44 1103.07 1103.25 0.174595
8 43 1160.36 1161.67 1.31482
3 44 1188.65 1188.74 0.0975392
24 40 1186.28 1186.38 0.0975405
17 31 1105.84 1105.94 0.0975387
11 44 1164.22 1164.84 0.616452
12 37 1167.63 1168.95 1.31482
24 40 1126.28 1126.38 0.0975405
20 46 1127.53 1127.63 0.10266
25 36 1125.64 1125.81 0.174593
10 43 1124.93 1125.03 0.0975394
29 32 1122.82 1122.92 0.0975393
9 43 1126.46 1126.64 0.174597
28 35 1133.88 1134.06 0.184835
21 41 1114.68 1114.78 0.0975415
21 41 1144.68 1144.78 0.0975415
14 47 1115.6 1115.7 0.0975376
17 31 1165.84 1165.95 0.102659
19 31 1125.33 1125.42 0.0975395
9 43 1156.46 1156.64 0.174597
19 31 1185.33 1185.42 0.0975395
6 43 1206.98 1207.59 0.616451
23 40 1183.27 1183.37 0.0975364
19 31 1155.33 1155.42 0.0975395
13 37 1188.31 1188.41 0.0975391
14 47 1145.6 1145.7 0.0975376
28 35 1152.18 1152.35 0.174595
22 41 1127.92 1128.02 0.0975412
2 44 1133.07 1133.25 0.174595
3 44 1128.65 1128.74 0.0975392
7 43 1159.16 1159.34 0.184835
15 47 1137.47 1137.56 0.0975367
4 44 1156.42 1158.72 2.30196
27 48 1156.37 1156.48 0.102657
26 48 1152.9 1153 0.0975395
11 44 1225.25 1225.58 0.328708
22 41 1157.92 1158.02 0.0975412
28 35 1172.62 1172.8 0.174595
27 48 1186.91 1187.01 0.102657
29 32 1152.82 1152.92 0.0975393
25 36 1148.63 1148.8 0.174593
16 37 1138.14 1138.24 0.0975373
10 43 1184.93 1185.03 0.0975394
18 31 1183.45 1183.55 0.0975401
17 31 1135.84 1135.94 0.0975387
8 43 1290.52 1291.84 1.31482
21 41 1174.68 1174.78 0.0975415
9 43 1186.46 1186.64 0.174597
2 44 1193.07 1193.25 0.174595
4 44 1384.31 1384.5 0.184836
29 32 1182.82 1182.92 0.0975393
0 43 1184.18 1184.51 0.328707
26 48 1182.9 1183 0.0975395
20 46 1187.53 1187.63 0.10266
15 47 1197.47 1197.56 0.0975367
16 37 1198.14 1198.24 0.0975373
12 37 1297.8 1298.42 0.616451
17 31 1195.84 1195.95 0.102659
1 43 1249.87 1250.2 0.328709
