5 20 1.05055 3.3525 2.30196
13 32 1.67337 3.97532 2.30195
11 25 3.89628 6.19823 2.30195
15 24 8.90719 11.2091 2.30195
7 20 4.96075 7.2627 2.30195
6 20 6.02216 8.32411 2.30195
13 32 1171.67 1171.85 0.174595
1 30 14.3716 16.6736 2.30196
16 24 7.62723 9.92919 2.30196
0 30 8.33984 10.6418 2.30195
19 27 13.353 15.6549 2.30196
17 24 13.0594 15.3614 2.30196
8 20 14.5106 16.8126 2.30196
12 32 15.0117 17.3136 2.30195
17 24 1184.97 1185.29 0.32871
14 24 1188.04 1188.37 0.328709
0 30 1178.34 1178.44 0.097537
19 27 1183.35 1183.45 0.0975401
9 20 17.0221 19.3241 2.30195
18 33 18.1394 20.4414 2.30195
4 30 18.7299 21.0318 2.30195
3 30 20.1048 22.4068 2.30195
15 24 998.907 999.005 0.0975384
10 32 25.0249 27.3269 2.30195
2 30 27.0638 29.3658 2.30195
3 30 247.998 250.3 2.30195
14 24 28.3033 30.6053 2.30196
12 32 470.798 473.1 2.30195
1 30 470.158 472.46 2.30196
14 24 1000.9 1001.52 0.616453
2 30 1003.72 1003.91 0.184833
5 20 228.944 231.246 2.30196
13 32 229.567 231.869 2.30195
11 25 231.79 234.091 2.30195
7 20 232.854 235.156 2.30195
6 20 233.915 236.217 2.30195
16 24 235.52 237.822 2.30196
0 30 236.233 238.535 2.30195
15 24 236.8 239.102 2.30195
17 24 240.953 243.255 2.30196
19 27 241.246 243.548 2.30196
1 30 242.265 244.567 2.30196
8 20 242.404 244.706 2.30196
12 32 242.905 245.207 2.30195
9 20 244.915 247.217 2.30195
18 33 246.033 248.335 2.30195
4 29 246.623 248.925 2.30196
9 20 1007.02 1007.12 0.102658
7 20 1183 1183.1 0.102658
10 32 252.918 255.22 2.30195
2 30 254.957 257.259 2.30195
14 24 256.197 258.499 2.30196
2 30 1167.06 1167.16 0.0975369
15 24 1178.91 1179 0.0975384
11 25 1173.9 1174 0.102658
18 33 1167.77 1167.87 0.102658
3 30 475.891 478.193 2.30195
9 20 1157.02 1157.12 0.0975382
14 24 484.09 486.392 2.30196
15 24 464.694 466.996 2.30195
2 30 482.85 485.152 2.30195
13 32 1010.87 1011.06 0.184835
0 30 464.126 466.428 2.30195
16 24 463.414 465.716 2.30196
0 30 1148.34 1148.44 0.097537
5 20 456.837 459.139 2.30196
13 32 457.46 459.762 2.30195
11 25 459.683 461.985 2.30195
7 20 460.747 463.049 2.30195
6 20 461.809 464.111 2.30195
11 25 993.896 993.994 0.0975382
19 27 469.139 471.441 2.30196
17 24 468.846 471.148 2.30196
8 20 470.297 472.599 2.30196
0 30 1028.34 1028.44 0.102657
9 20 472.809 475.111 2.30195
4 29 474.516 476.818 2.30196
18 33 473.926 476.228 2.30195
11 25 1023.9 1023.99 0.0975382
3 30 1160.1 1160.2 0.097537
10 32 480.811 483.113 2.30195
7 20 1038.59 1039.21 0.61645
3 30 980.105 980.202 0.097537
17 24 1022.26 1022.59 0.32871
19 27 1003.35 1003.45 0.0975401
10 32 708.705 711.007 2.30195
15 24 938.907 939.01 0.102658
5 20 684.73 687.032 2.30196
13 32 685.353 687.655 2.30195
11 25 687.576 689.878 2.30195
7 21 688.64 690.942 2.30196
6 20 689.702 692.004 2.30195
16 0 691.307 0 -691.307
0 30 692.02 694.322 2.30195
15 24 692.587 694.889 2.30195
17 31 696.739 699.041 2.30196
19 27 697.033 699.335 2.30196
1 30 698.051 700.353 2.30196
8 20 698.19 700.492 2.30196
12 32 698.691 700.993 2.30195
9 20 700.702 703.004 2.30195
18 32 701.819 704.121 2.30196
4 0 702.41 0 -702.41
3 30 703.785 706.086 2.30195
15 24 1028.91 1029 0.0975384
2 30 710.744 713.046 2.30195
14 24 711.983 714.285 2.30196
6 21 1039.65 1040.27 0.616458
5 20 1172.96 1174.27 1.31482
6 21 1184.06 1184.24 0.174602
16 24 1277.26 1278.58 1.31482
19 27 924.926 925.111 0.184836
6 21 1165.76 1165.95 0.184842
3 30 1010.1 1010.2 0.097537
12 32 1164.64 1164.74 0.102656
7 20 1164.7 1164.89 0.184834
2 30 938.637 938.966 0.328705
5 20 1042.79 1044.11 1.31482
13 32 1029.17 1029.34 0.174595
2 30 1022.02 1022.12 0.102657
9 20 947.022 947.12 0.0975382
10 32 936.598 938.9 2.30195
0 30 938.34 938.442 0.102657
3 30 931.678 931.78 0.102657
18 33 929.712 932.014 2.30195
4 30 1176.49 1176.6 0.102659
0 30 998.34 998.442 0.102657
17 24 924.632 924.961 0.32871
11 25 1143.9 1144 0.102658
14 31 939.876 940.493 0.616457
5 20 912.624 913.938 1.31482
13 32 913.246 913.575 0.328707
11 25 915.469 915.798 0.328706
7 20 916.534 917.15 0.61645
6 21 917.595 918.212 0.616458
16 24 919.2 921.502 2.30196
0 30 919.913 920.015 0.102657
15 24 920.48 920.583 0.102658
8 20 926.084 928.386 2.30196
1 30 925.945 926.129 0.184836
11 25 948.011 948.196 0.184834
9 20 928.595 928.698 0.102658
12 32 926.585 928.887 2.30195
4 30 930.303 932.605 2.30195
6 20 1100.68 1101.01 0.328706
17 24 957.174 957.503 0.32871
13 32 945.788 946.117 0.328707
6 20 978.624 979.24 0.61645
19 27 943.353 943.528 0.174596
7 21 977.562 978.179 0.616458
15 24 968.907 969.01 0.102658
19 27 973.353 973.456 0.10266
1 30 944.372 944.546 0.174596
13 32 978.33 978.658 0.328707
11 25 966.309 966.412 0.102658
2 30 971.178 971.507 0.328705
3 30 950.105 950.207 0.102657
1 30 1004.37 1004.47 0.0975402
1 30 974.372 974.474 0.10266
0 30 968.34 968.442 0.102657
9 20 977.022 977.125 0.102658
17 24 989.716 990.045 0.32871
1 30 1034.37 1034.47 0.0975402
3 30 1040.1 1040.2 0.097537
17 24 1087.34 1087.67 0.32871
1 30 1094.37 1094.47 0.0975402
11 25 1113.9 1114 0.102658
1 30 1154.37 1154.47 0.0975402
1 30 1064.37 1064.47 0.0975402
2 30 1047.06 1047.17 0.102657
19 27 1063.35 1063.45 0.0975401
0 30 1088.34 1088.44 0.097537
9 20 1037.02 1037.12 0.0975382
19 27 1033.35 1033.45 0.0975401
17 24 1054.8 1055.13 0.32871
13 32 1051.67 1051.85 0.174595
14 24 1061.93 1062.55 0.616453
3 30 1070.1 1070.2 0.097537
15 24 1058.91 1059 0.0975384
0 30 1058.34 1058.44 0.102657
2 30 1077.06 1077.17 0.102657
16 24 1147.09 1148.41 1.31482
13 32 1141.67 1141.85 0.174595
3 30 1100.1 1100.2 0.097537
17 24 1119.88 1120.21 0.32871
11 25 1053.9 1054 0.102658
7 20 1132.16 1132.49 0.328706
9 20 1067.02 1067.12 0.0975382
15 24 1088.91 1089 0.0975384
17 24 1152.42 1152.75 0.32871
19 27 1093.35 1093.45 0.0975401
7 20 1099.62 1099.95 0.328706
19 27 1123.35 1123.45 0.0975401
13 32 1081.67 1081.85 0.174595
15 24 1118.91 1119 0.0975384
14 24 1155.5 1155.83 0.328709
12 32 1154.48 1154.58 0.102656
9 20 1097.02 1097.12 0.0975382
2 30 1107.06 1107.17 0.102657
19 27 1153.35 1153.45 0.0975401
18 33 1157.61 1157.71 0.102658
11 25 1083.9 1084 0.102658
14 24 1122.96 1123.29 0.328709
3 30 1130.1 1130.2 0.097537
13 32 1111.67 1111.85 0.174595
6 21 1133.22 1133.55 0.328714
4 30 1158.2 1158.38 0.184835
8 20 1153.98 1154.16 0.184837
15 24 1148.91 1149 0.0975384
1 30 1124.37 1124.47 0.0975402
0 30 1118.34 1118.44 0.097537
10 32 1164.49 1165.11 0.61645
2 30 1137.06 1137.17 0.102657
9 20 1127.02 1127.12 0.0975382
12 32 1185.01 1185.11 0.102656
2 30 1197.06 1197.16 0.0975369
4 30 1188.73 1188.83 0.0975388
1 30 1184.37 1184.47 0.0975402
8 20 1184.51 1184.69 0.174597
10 32 1225.52 1225.85 0.328706
18 33 1188.14 1188.24 0.0975379
9 20 1187.02 1187.12 0.0975382
14 24 1220.59 1220.92 0.328709
3 30 1190.1 1190.2 0.097537
