17 79 0.616872 2.91883 2.30195
44 60 1.32698 3.62893 2.30195
11 79 7.69974 10.0017 2.30195
5 70 4.55383 6.85578 2.30195
10 70 1.53024 3.83219 2.30195
15 0 1153.81 0 -1153.81
39 76 1.80436 4.10631 2.30195
33 71 1096.49 1096.6 0.10266
48 63 2.00019 4.30214 2.30196
50 80 1106.34 1106.44 0.102659
48 63 992 992.103 0.102659
58 77 2.1122 4.41415 2.30195
17 79 990.617 990.72 0.102658
48 63 1112 1112.1 0.097539
37 67 1162.02 1164.33 2.30196
45 77 1167.83 1167.93 0.0975365
26 0 4.11467 0 -4.11467
2 79 3.21334 5.5153 2.30196
29 71 1117.24 1117.34 0.102659
29 71 7.23731 9.53927 2.30195
47 62 5.49509 7.79705 2.30195
9 0 5.55114 0 -5.55114
20 70 7.18927 9.49122 2.30195
43 76 989.967 990.069 0.102659
44 60 1111.33 1111.42 0.0975378
12 79 1151.43 1153.73 2.30195
22 79 8.30164 10.6036 2.30196
57 65 7.94735 10.2493 2.30195
12 79 11.962 14.264 2.30195
49 63 8.9456 11.2476 2.30195
19 70 1095.81 1095.91 0.0975368
54 72 12.1156 14.4175 2.30195
30 0 12.1707 0 -12.1707
53 66 12.1003 14.4023 2.30195
51 80 12.1282 14.4302 2.30195
36 0 11.8856 0 -11.8856
10 70 1111.53 1111.63 0.102657
43 76 1169.97 1170.06 0.0975386
17 79 1110.62 1110.71 0.0975376
49 63 1158.57 1158.68 0.102658
11 79 1177.7 1177.8 0.0975387
7 79 1069.08 1069.27 0.184834
0 70 12.2199 14.5218 2.30195
23 79 1164.46 1166.76 2.30195
52 61 13.1592 15.4612 2.30196
38 71 12.5874 14.8893 2.30196
14 0 13.0823 0 -13.0823
34 0 13.221 0 -13.221
30 0 1151.64 0 -1151.64
20 70 1057.19 1057.29 0.0975375
31 0 13.4345 0 -13.4345
19 70 1125.81 1125.91 0.0975368
25 0 13.7326 0 -13.7326
15 0 14.3398 0 -14.3398
19 70 15.8128 18.1148 2.30195
8 70 15.2111 17.5131 2.30195
1 79 15.9478 18.2497 2.30195
33 71 16.4935 18.7954 2.30196
7 79 1107.34 1107.44 0.102658
11 79 1057.7 1057.8 0.102659
21 70 1163.59 1165.89 2.30195
42 76 17.1907 19.4927 2.30195
40 60 18.4869 20.7889 2.30196
13 80 17.5504 19.8523 2.30196
0 70 1182.22 1182.32 0.0975369
18 70 18.5505 20.8525 2.30196
42 76 1067.19 1067.29 0.102658
50 80 937.91 938.238 0.328707
59 69 18.9394 21.2413 2.30196
11 79 1117.7 1117.8 0.102659
58 77 992.112 992.215 0.102657
28 67 22.2369 24.5389 2.30196
6 79 21.4629 23.7649 2.30195
4 70 19.6037 21.9056 2.30195
16 70 20.6832 22.9851 2.30196
51 80 1122.13 1122.23 0.0975379
41 60 22.0103 24.3122 2.30196
37 71 22.5578 24.8598 2.30196
27 70 22.9508 25.2528 2.30195
39 76 1111.8 1111.91 0.102658
10 70 931.53 931.633 0.102657
23 79 24.9959 27.2978 2.30195
3 0 23.1954 0 -23.1954
55 70 23.0984 25.4003 2.30196
33 71 1066.49 1066.6 0.10266
38 71 1182.59 1182.68 0.0975397
21 70 24.1263 26.4282 2.30195
35 71 1138.63 1138.73 0.0975398
34 0 1152.69 0 -1152.69
35 71 28.6277 30.9297 2.30196
45 77 27.8318 30.1337 2.30195
50 80 26.3365 28.6385 2.30195
7 79 27.3406 29.6426 2.30195
32 71 25.5195 27.8214 2.30196
24 70 28.4887 30.7906 2.30195
46 62 28.2015 30.5034 2.30195
24 70 1138.49 1138.59 0.102658
20 70 1177.19 1177.29 0.0975375
3 70 1162.66 1164.96 2.30196
43 76 1109.97 1110.07 0.102659
18 70 930.124 932.425 2.30196
43 76 29.9666 32.2686 2.30195
56 73 29.7567 32.0587 2.30196
22 74 464.088 466.39 2.30196
16 70 248.576 250.878 2.30196
45 77 255.725 258.027 2.30195
57 65 463.734 466.036 2.30195
49 63 1148.41 1148.51 0.102658
4 70 247.497 249.799 2.30195
28 67 250.13 252.432 2.30196
59 69 246.833 249.135 2.30196
7 79 255.234 257.536 2.30195
30 0 1379.53 0 -1379.53
18 71 246.444 248.746 2.30196
47 62 1144.96 1145.29 0.328706
21 70 252.02 254.321 2.30195
54 72 972.116 972.213 0.0975373
27 70 478.737 481.039 2.30195
17 79 228.51 230.812 2.30195
44 60 229.22 231.522 2.30195
10 70 229.423 231.725 2.30195
39 76 229.698 232 2.30195
48 63 229.893 232.195 2.30196
58 77 230.005 232.307 2.30195
2 79 231.107 233.409 2.30196
26 74 232.008 234.31 2.30196
5 70 232.447 234.749 2.30195
47 62 233.388 235.69 2.30195
9 71 233.444 235.746 2.30196
20 70 235.083 237.384 2.30195
29 71 235.131 237.433 2.30195
11 79 235.593 237.895 2.30195
57 65 235.841 238.143 2.30195
22 79 236.195 238.497 2.30196
49 63 236.839 239.141 2.30195
36 0 239.779 0 -239.779
12 79 239.855 242.157 2.30195
53 66 239.994 242.296 2.30195
54 72 240.009 242.311 2.30195
51 80 240.021 242.323 2.30195
30 0 240.064 0 -240.064
0 70 240.113 242.415 2.30195
38 71 240.481 242.783 2.30196
14 0 240.976 0 -240.976
52 0 241.052 0 -241.052
34 0 241.114 0 -241.114
31 0 241.328 0 -241.328
25 0 241.626 0 -241.626
15 0 242.233 0 -242.233
8 0 243.104 0 -243.104
19 70 243.706 246.008 2.30195
1 79 243.841 246.143 2.30195
33 71 244.387 246.689 2.30196
42 76 245.084 247.386 2.30195
13 70 245.444 247.746 2.30195
40 60 246.38 248.682 2.30196
4 79 1159.07 1161.37 2.30196
7 79 1137.34 1137.44 0.0975381
58 77 1172.11 1172.21 0.0975372
45 77 1137.83 1137.93 0.0975365
45 77 1107.83 1107.93 0.0975365
9 70 1372.91 1375.21 2.30195
46 62 1138.2 1138.3 0.0975379
41 60 1102.01 1102.11 0.09754
41 60 249.904 252.205 2.30196
6 79 249.356 251.658 2.30195
27 70 250.844 253.146 2.30195
37 71 250.451 252.753 2.30196
3 79 251.089 253.391 2.30196
55 0 250.992 0 -250.992
24 70 1108.49 1108.59 0.102658
32 71 253.413 255.715 2.30196
23 79 252.889 255.191 2.30195
46 62 988.201 988.299 0.0975379
54 72 1122.12 1122.21 0.0975373
33 67 928.066 928.169 0.102663
53 66 1182.1 1182.2 0.0975372
50 80 254.23 256.532 2.30195
24 70 256.382 258.684 2.30195
20 70 937.189 937.287 0.0975375
35 71 256.521 258.823 2.30196
46 62 256.095 258.397 2.30195
52 61 468.946 471.248 2.30196
56 73 257.65 259.952 2.30196
43 76 257.86 260.162 2.30195
17 79 930.617 930.72 0.102658
7 79 1004 1004.33 0.328706
35 71 1108.63 1108.73 0.0975398
40 60 930.06 932.362 2.30196
56 73 1169.22 1169.84 0.616453
54 72 1092.12 1092.21 0.0975373
44 60 1171.33 1171.42 0.0975378
44 60 1051.33 1051.43 0.102658
0 70 1151.69 1151.79 0.102657
58 77 1052.11 1052.21 0.0975372
32 71 1164.99 1165.6 0.616453
22 79 1147.77 1150.07 2.30196
48 63 932 932.103 0.102659
4 70 475.39 477.692 2.30195
55 69 478.885 481.187 2.30196
11 79 463.486 465.788 2.30195
45 77 483.618 485.92 2.30195
14 0 468.869 0 -468.869
19 70 471.599 473.901 2.30195
8 70 470.998 473.3 2.30195
59 69 474.726 477.028 2.30196
3 79 478.982 481.284 2.30196
23 79 480.782 483.084 2.30195
32 71 481.306 483.608 2.30196
46 62 483.988 486.29 2.30195
54 72 467.902 470.204 2.30195
38 0 468.374 0 -468.374
24 70 484.275 486.577 2.30195
12 79 467.749 470.05 2.30195
51 80 467.915 470.217 2.30195
34 0 469.008 0 -469.008
40 60 474.273 476.575 2.30196
43 76 485.753 488.055 2.30195
29 71 463.024 465.326 2.30195
15 74 470.126 472.428 2.30196
13 70 473.337 475.639 2.30195
1 79 471.734 474.036 2.30195
50 80 482.123 484.425 2.30195
35 71 484.414 486.716 2.30196
7 79 483.127 485.429 2.30195
18 0 474.337 0 -474.337
41 60 477.797 480.099 2.30196
16 79 476.47 478.772 2.30196
56 73 485.543 487.845 2.30196
20 70 462.976 465.278 2.30195
49 63 464.732 467.034 2.30195
0 70 468.006 470.308 2.30195
30 0 467.957 0 -467.957
31 0 469.221 0 -469.221
42 76 472.977 475.279 2.30195
25 0 469.519 0 -469.519
33 71 472.28 474.582 2.30196
52 0 924.732 0 -924.732
37 71 478.344 480.646 2.30196
32 71 709.199 711.501 2.30196
28 67 478.023 480.325 2.30196
6 79 477.249 479.551 2.30195
21 70 479.913 482.215 2.30195
45 77 711.512 713.813 2.30195
17 79 456.403 458.705 2.30195
44 60 457.113 459.415 2.30195
10 70 457.317 459.619 2.30195
39 76 457.591 459.893 2.30195
48 63 457.787 460.089 2.30196
58 77 457.899 460.201 2.30195
2 79 459 461.302 2.30196
26 0 459.901 0 -459.901
5 70 460.34 462.642 2.30195
47 62 461.282 463.584 2.30195
9 0 461.338 0 -461.338
36 0 1151.35 0 -1151.35
36 0 467.672 0 -467.672
53 66 467.887 470.189 2.30195
32 71 937.092 939.394 2.30196
12 79 1379.32 1381.62 2.30195
43 76 941.54 941.724 0.184835
39 76 931.804 931.907 0.102658
23 71 708.676 710.978 2.30196
50 69 710.016 712.318 2.30196
7 79 711.02 713.322 2.30195
2 79 1142.68 1144.98 2.30196
58 77 932.112 932.215 0.102657
5 70 1144.02 1144.2 0.184833
46 62 1108.2 1108.3 0.0975379
42 76 1097.19 1097.29 0.0975379
57 65 1117.95 1118.12 0.174595
14 70 1380.44 1382.74 2.30196
17 79 684.297 686.599 2.30195
44 60 685.007 687.309 2.30195
10 70 685.21 687.512 2.30195
39 76 685.484 687.786 2.30195
48 63 685.68 687.982 2.30196
58 77 685.792 688.094 2.30195
2 71 686.893 689.195 2.30196
26 0 687.794 0 -687.794
5 80 688.234 690.536 2.30196
47 0 689.175 0 -689.175
9 79 689.231 691.533 2.30196
20 70 690.869 693.171 2.30195
29 67 690.917 693.219 2.30196
11 79 691.379 693.681 2.30195
57 65 691.627 693.929 2.30195
22 74 691.981 694.283 2.30196
49 63 692.625 694.927 2.30195
36 67 695.565 697.867 2.30196
12 0 695.642 0 -695.642
53 66 695.78 698.082 2.30195
54 72 695.795 698.097 2.30195
51 80 695.808 698.11 2.30195
30 0 695.85 0 -695.85
0 0 695.9 0 -695.9
38 71 696.267 698.569 2.30196
14 0 696.762 0 -696.762
52 65 696.839 699.141 2.30196
34 67 696.901 699.203 2.30195
31 0 697.114 0 -697.114
25 0 697.412 0 -697.412
15 74 698.019 700.321 2.30196
8 0 698.891 0 -698.891
19 70 699.493 701.794 2.30195
1 79 699.628 701.929 2.30195
33 71 700.173 702.475 2.30196
42 76 700.87 703.172 2.30195
13 66 701.23 703.532 2.30196
40 60 702.167 704.469 2.30196
18 79 702.23 704.532 2.30196
59 78 702.619 704.921 2.30196
4 0 703.283 0 -703.283
16 79 704.363 706.665 2.30196
6 79 705.143 707.445 2.30195
41 60 705.69 707.992 2.30196
28 67 705.917 708.219 2.30196
37 71 706.238 708.54 2.30196
27 70 706.631 708.933 2.30195
55 69 706.778 709.08 2.30196
3 71 706.875 709.177 2.30196
21 70 707.806 710.108 2.30195
9 71 1145.02 1147.32 2.30196
10 70 991.53 991.633 0.102657
16 70 1100.68 1100.78 0.0975405
59 69 1098.94 1099.04 0.0975392
54 72 1062.12 1062.21 0.0975373
26 79 1143.58 1145.88 2.30196
10 70 1051.53 1051.63 0.102657
38 71 1152.05 1152.16 0.10266
16 70 1130.68 1130.78 0.0975405
46 62 711.881 714.183 2.30195
43 76 713.646 715.948 2.30195
52 77 1152.63 1154.93 2.30196
40 60 1157.95 1158.28 0.328709
41 60 1162.01 1162.11 0.10266
28 67 1102.24 1102.33 0.0975407
24 70 712.168 714.47 2.30195
21 70 935.699 938.001 2.30195
13 80 1157.02 1159.32 2.30196
43 76 1139.97 1140.07 0.102659
37 80 934.131 936.433 2.30197
56 0 713.436 0 -713.436
35 71 712.307 714.609 2.30196
42 76 928.764 928.866 0.102658
19 70 927.386 927.488 0.102657
57 65 1067.99 1068.16 0.174595
36 0 1379.25 0 -1379.25
20 70 1117.19 1117.29 0.0975375
47 62 1177.5 1177.69 0.184834
8 70 1154.68 1156.98 2.30195
46 62 939.774 939.877 0.102658
23 79 936.569 938.871 2.30195
35 71 940.201 940.303 0.10266
17 79 1140.62 1140.71 0.0975376
0 70 923.793 926.095 2.30195
14 70 924.655 926.957 2.30196
7 79 938.914 939.242 0.328706
57 65 984.604 984.932 0.328707
45 77 939.405 939.507 0.102657
54 72 1182.12 1182.21 0.0975373
11 79 937.7 937.797 0.0975387
29 71 1057.24 1057.33 0.0975389
28 67 1132.24 1132.33 0.0975407
1 79 1155.41 1157.72 2.30195
24 71 940.062 940.164 0.102664
56 73 941.33 943.632 2.30196
44 60 931.327 931.43 0.102658
29 71 937.237 937.34 0.102659
38 71 1162.22 1162.32 0.10266
51 80 942.128 942.231 0.102658
17 79 912.19 912.293 0.102658
44 60 912.9 913.003 0.102658
10 70 913.103 913.206 0.102657
39 76 913.377 913.48 0.102658
48 63 913.573 913.676 0.102659
58 77 913.685 913.788 0.102657
2 79 914.786 917.088 2.30196
26 0 915.688 0 -915.688
5 70 916.127 918.429 2.30195
47 62 917.068 919.37 2.30195
9 70 917.124 919.426 2.30195
20 70 918.762 918.865 0.102657
29 71 918.81 918.913 0.102659
11 79 919.273 919.375 0.102659
57 65 919.52 919.849 0.328707
22 79 919.875 922.177 2.30196
49 63 920.519 922.821 2.30195
36 0 923.459 0 -923.459
12 79 923.535 925.837 2.30195
53 66 923.673 925.975 2.30195
54 72 923.689 923.791 0.102657
51 80 923.701 923.804 0.102658
30 0 923.744 0 -923.744
55 70 1162.56 1162.89 0.328709
39 76 1171.8 1171.9 0.0975382
25 70 1153.2 1155.5 2.30195
38 71 924.16 926.462 2.30196
31 0 1152.9 0 -1152.9
48 63 1052 1052.1 0.097539
5 70 1174.55 1174.65 0.0975367
27 70 1102.95 1103.05 0.0975379
1 0 927.521 0 -927.521
34 0 924.794 0 -924.794
41 60 933.583 933.686 0.10266
25 0 925.306 0 -925.306
8 80 926.784 929.086 2.30196
59 69 930.512 930.841 0.328707
6 79 933.036 935.338 2.30195
31 67 925.007 927.309 2.30196
41 60 1132.01 1132.11 0.10266
53 66 1151.57 1151.67 0.102657
19 70 1065.81 1065.91 0.0975368
13 80 929.123 931.425 2.30196
15 74 925.913 928.215 2.30196
3 0 934.768 0 -934.768
27 70 934.524 934.626 0.102658
55 70 934.671 936.973 2.30196
28 67 1042.24 1042.33 0.0975407
35 71 958.628 958.725 0.0975398
4 70 931.177 933.479 2.30195
16 70 932.256 932.585 0.328708
28 67 933.81 933.995 0.184837
33 71 946.493 946.596 0.10266
57 65 952.062 952.391 0.328707
50 80 1136.34 1136.43 0.0975389
54 72 1152.12 1152.21 0.0975373
50 80 1002.99 1003.32 0.328707
45 77 987.832 987.929 0.0975365
27 70 952.951 953.053 0.102658
42 76 947.191 947.293 0.102658
28 67 952.237 952.34 0.102661
54 72 942.116 942.218 0.102657
41 60 952.01 952.113 0.10266
59 69 963.054 963.383 0.328707
19 70 945.813 945.91 0.0975368
16 70 964.798 964.983 0.184836
24 70 958.489 958.591 0.102658
58 77 962.112 962.215 0.102657
46 62 958.201 958.299 0.0975379
10 70 961.53 961.628 0.0975375
7 79 971.455 971.784 0.328706
48 63 962 962.103 0.102659
50 80 970.451 970.78 0.328707
45 77 957.832 957.929 0.0975365
39 76 961.804 961.907 0.102658
43 76 959.967 960.069 0.102659
44 60 961.327 961.43 0.102658
17 79 960.617 960.72 0.102658
28 67 982.237 982.334 0.0975407
20 70 967.189 967.292 0.102657
29 67 967.237 967.335 0.0975431
11 79 967.7 967.802 0.102659
5 70 1162.32 1162.42 0.102657
24 70 988.489 988.586 0.0975383
51 80 972.128 972.226 0.0975379
16 70 983.096 983.199 0.10266
59 69 1038.94 1039.04 0.0975392
27 70 982.951 983.048 0.0975379
33 71 976.493 976.596 0.10266
51 80 1152.13 1152.23 0.0975379
19 70 975.813 975.91 0.0975368
44 60 991.327 991.43 0.102658
41 60 982.01 982.113 0.10266
39 76 991.804 991.902 0.0975382
59 69 995.596 995.781 0.184835
27 70 1042.95 1043.05 0.102658
35 71 988.628 988.725 0.0975398
42 76 977.191 977.293 0.102658
57 65 1177.95 1178.04 0.0975386
18 71 1158.02 1160.32 2.30196
57 65 1017.15 1017.47 0.328707
11 79 997.7 997.797 0.0975387
45 77 1017.83 1017.93 0.0975365
48 63 1172 1172.1 0.097539
2 79 1370.57 1370.68 0.102659
14 70 1152.55 1154.85 2.30196
54 72 1002.12 1002.21 0.0975373
51 80 1002.13 1002.23 0.0975379
42 76 1007.19 1007.29 0.102658
29 71 997.237 997.34 0.102659
20 70 997.189 997.292 0.102657
59 69 1013.89 1014 0.102659
27 70 1132.95 1133.05 0.0975379
33 71 1126.49 1126.6 0.10266
26 70 1371.47 1373.78 2.30196
42 76 1037.19 1037.29 0.102658
43 76 1019.97 1020.07 0.102659
28 67 1012.24 1012.33 0.0975407
16 70 1010.68 1010.78 0.0975405
50 80 1035.53 1035.86 0.328707
41 60 1012.01 1012.11 0.10266
33 71 1006.49 1006.59 0.0975401
39 76 1021.8 1021.91 0.102658
19 70 1005.81 1005.91 0.0975368
46 62 1018.2 1018.3 0.0975379
44 60 1021.33 1021.43 0.102658
17 79 1020.62 1020.72 0.102658
29 71 1027.24 1027.34 0.102659
35 71 1018.63 1018.73 0.0975398
7 79 1036.54 1036.87 0.328706
27 70 1012.95 1013.05 0.102658
57 65 1049.69 1049.87 0.184835
20 70 1027.19 1027.29 0.102657
58 77 1022.11 1022.21 0.0975372
10 70 1021.53 1021.63 0.0975375
54 72 1032.12 1032.21 0.0975373
48 63 1022 1022.1 0.102659
24 70 1018.49 1018.59 0.0975383
11 79 1027.7 1027.8 0.0975387
19 70 1035.81 1035.91 0.0975368
58 77 1112.11 1112.21 0.0975372
33 71 1036.49 1036.59 0.0975401
51 80 1032.13 1032.23 0.0975379
24 70 1048.49 1048.59 0.0975383
35 71 1048.63 1048.73 0.0975398
46 62 1048.2 1048.3 0.0975379
51 80 1062.13 1062.23 0.0975379
39 76 1051.8 1051.91 0.102658
17 79 1050.62 1050.71 0.0975376
45 77 1047.83 1047.93 0.0975365
50 80 1068.08 1068.26 0.184835
43 76 1049.97 1050.07 0.102659
41 60 1042.01 1042.11 0.10266
6 79 1160.93 1161.03 0.102656
16 70 1040.68 1040.78 0.0975405
29 71 1177.24 1177.33 0.0975389
52 66 1380.52 1380.85 0.328707
24 70 1078.49 1078.59 0.102658
41 60 1072.01 1072.11 0.09754
44 60 1081.33 1081.42 0.0975378
16 70 1070.68 1070.78 0.0975405
45 77 1077.83 1077.93 0.0975365
27 70 1072.95 1073.05 0.102658
58 77 1082.11 1082.21 0.0975372
59 69 1068.94 1069.04 0.0975392
59 69 1128.94 1129.04 0.0975392
57 65 1087.95 1088.12 0.174595
46 62 1078.2 1078.3 0.0975379
43 76 1079.97 1080.07 0.102659
35 71 1078.63 1078.73 0.0975398
48 63 1082 1082.1 0.097539
7 79 1087.38 1087.55 0.174594
39 76 1081.8 1081.91 0.102658
28 67 1072.24 1072.33 0.0975407
50 80 1086.37 1086.55 0.174595
11 79 1087.7 1087.8 0.102659
51 80 1092.13 1092.23 0.0975379
22 79 1375.66 1375.85 0.184836
42 76 1127.19 1127.29 0.0975379
51 80 1182.13 1182.23 0.0975379
29 71 1087.24 1087.33 0.0975389
20 70 1087.19 1087.29 0.0975375
10 70 1081.53 1081.63 0.102657
17 79 1080.62 1080.71 0.0975376
53 66 1161.73 1161.83 0.102657
44 60 1141.33 1141.42 0.0975378
39 76 1141.8 1141.9 0.0975382
48 63 1142 1142.1 0.097539
58 77 1142.11 1142.21 0.0975372
10 70 1141.53 1141.63 0.0975375
17 79 1170.62 1170.71 0.0975376
49 63 1178.95 1179.05 0.102658
29 71 1147.24 1147.34 0.102659
20 70 1147.19 1147.29 0.0975375
10 70 1171.53 1171.63 0.0975375
57 65 1147.95 1148.05 0.102659
11 79 1147.7 1147.8 0.0975387
28 67 1162.24 1162.33 0.0975407
33 71 1156.49 1156.59 0.0975401
19 70 1155.81 1155.91 0.0975368
59 69 1158.94 1159.04 0.0975392
6 79 1171.09 1171.19 0.102656
16 70 1160.68 1160.78 0.0975405
27 70 1162.95 1163.05 0.0975379
42 76 1157.19 1157.29 0.0975379
46 62 1168.2 1168.3 0.0975379
50 80 1166.34 1166.44 0.102659
35 71 1168.63 1168.73 0.0975398
24 70 1168.49 1168.59 0.102658
7 79 1167.34 1167.44 0.102658
34 67 1380.58 1382.88 2.30195
31 0 1380.79 0 -1380.79
25 70 1381.09 1383.39 2.30195
15 0 1381.7 0 -1381.7
40 60 1190.49 1190.82 0.328709
13 70 1384.91 1387.21 2.30195
59 69 1188.94 1189.04 0.0975392
19 70 1185.81 1185.91 0.0975368
55 70 1195.11 1195.29 0.184837
42 76 1187.19 1187.29 0.0975379
1 71 1383.31 1385.61 2.30196
56 73 1230.25 1230.87 0.616453
8 70 1382.57 1382.67 0.102657
6 79 1191.46 1191.57 0.102656
33 71 1186.49 1186.59 0.0975401
18 70 1385.91 1386.24 0.328708
45 77 1197.83 1197.93 0.0975365
21 70 1391.49 1391.59 0.102657
37 71 1389.92 1392.22 2.30196
28 67 1192.24 1192.33 0.0975407
3 79 1390.55 1390.66 0.102659
4 70 1386.96 1389.27 2.30195
7 79 1197.34 1197.44 0.102658
24 70 1198.49 1198.59 0.0975383
32 71 1226.01 1226.63 0.616453
46 62 1198.2 1198.3 0.0975379
41 60 1192.01 1192.11 0.09754
35 71 1198.63 1198.73 0.0975398
43 76 1199.97 1200.06 0.0975386
16 70 1190.68 1190.78 0.0975405
50 80 1196.34 1196.44 0.102659
23 79 1392.36 1394.66 2.30195
27 70 1192.95 1193.05 0.0975379
