22 55 0.545665 2.84762 2.30195
40 63 0.834281 3.13624 2.30195
24 55 1085.48 1085.58 0.102658
37 62 914.993 915.178 0.184835
6 80 3.84415 6.1461 2.30195
37 62 3.41999 5.72195 2.30196
29 62 1139.71 1139.81 0.102659
26 54 1.54128 3.84324 2.30195
9 80 931.693 933.995 2.30196
45 85 1.5429 3.84485 2.30195
11 73 927.799 930.101 2.30195
21 79 2.60956 4.91151 2.30195
34 63 926.52 928.822 2.30195
24 55 5.479 7.78096 2.30195
15 79 6.01523 8.31718 2.30195
16 79 4.78324 7.08519 2.30195
46 61 5.76972 8.07168 2.30195
7 72 12.8347 15.1366 2.30195
35 0 14.7077 0 -14.7077
48 50 484.295 486.597 2.30195
34 63 14.9472 17.2492 2.30195
36 63 485.101 487.403 2.30195
27 0 925.165 0 -925.165
26 54 1051.54 1051.64 0.097538
28 55 1067.12 1067.22 0.0975365
6 80 1083.84 1083.94 0.0975384
20 80 14.5343 16.8362 2.30195
2 72 9.06454 11.3665 2.30195
43 76 9.05762 11.3596 2.30195
49 69 1066.72 1066.82 0.0975395
17 87 12.862 15.1639 2.30196
47 82 13.6869 15.9888 2.30195
27 55 13.5922 15.8941 2.30195
25 56 12.9435 15.2455 2.30195
19 79 12.2411 14.5431 2.30196
0 73 13.6231 15.925 2.30195
31 55 11.3874 13.6894 2.30195
48 50 1078.51 1078.61 0.0975375
39 55 13.6876 15.9895 2.30195
42 63 14.538 16.84 2.30195
49 69 928.296 928.398 0.102659
2 72 920.638 922.939 2.30195
41 63 1076.64 1076.74 0.0975381
8 79 935.598 935.926 0.328705
5 73 1388.03 1388.13 0.102658
29 62 1034.85 1035.18 0.328707
32 62 935.656 937.958 2.30195
35 0 926.281 0 -926.281
46 61 995.77 995.872 0.102658
44 66 15.6444 17.9463 2.30195
49 69 16.7228 19.0247 2.30196
11 73 16.2256 18.5275 2.30195
13 80 16.7652 19.0671 2.30195
38 55 18.9256 21.2276 2.30195
12 0 19.6225 0 -19.6225
14 79 17.7404 20.0424 2.30195
28 55 17.1206 19.4225 2.30195
12 0 931.195 0 -931.195
18 79 18.329 20.631 2.30195
23 62 20.4063 22.7083 2.30195
33 55 1016.67 1016.77 0.0975372
36 55 712.994 715.296 2.30196
29 62 713.387 715.689 2.30195
25 56 924.517 926.818 2.30195
16 79 994.783 994.886 0.102658
3 79 19.4207 21.7227 2.30195
16 79 1054.78 1054.89 0.102658
22 55 1050.55 1050.65 0.102657
17 80 1380.22 1380.32 0.102657
39 0 925.261 0 -925.261
9 0 20.1199 0 -20.1199
4 73 704.387 706.689 2.30195
48 50 1018.51 1018.61 0.102658
8 79 707.704 710.006 2.30195
32 54 707.763 710.065 2.30196
43 76 1059.06 1059.16 0.102659
4 73 20.7078 23.0097 2.30195
5 73 20.667 22.969 2.30195
9 73 703.8 706.102 2.30196
23 62 704.086 706.388 2.30195
5 73 704.347 706.649 2.30195
32 62 24.0831 26.385 2.30195
8 79 24.0246 26.3266 2.30195
33 55 26.6675 28.9694 2.30195
41 63 26.641 28.943 2.30195
10 72 27.2075 29.5095 2.30195
30 63 26.4457 28.7476 2.30195
33 55 710.347 712.649 2.30195
6 80 993.844 993.947 0.102658
38 55 930.499 930.601 0.102658
3 0 703.1 0 -703.1
12 0 703.302 0 -703.302
32 62 1163.55 1164.17 0.61645
1 73 28.2095 30.5114 2.30195
36 63 29.3142 31.6161 2.30195
48 50 28.5081 30.8101 2.30195
14 79 701.42 703.722 2.30195
18 0 702.009 0 -702.009
38 55 702.605 704.907 2.30195
30 63 710.125 712.427 2.30195
49 69 700.402 702.704 2.30196
13 80 700.445 702.747 2.30195
28 55 700.8 703.102 2.30195
29 62 29.7072 32.0091 2.30195
38 55 246.819 249.121 2.30195
9 80 248.013 250.315 2.30196
32 62 251.976 254.278 2.30195
37 62 993.42 993.523 0.102659
12 72 247.516 249.818 2.30196
4 73 248.601 250.903 2.30195
10 0 255.101 0 -255.101
5 73 248.56 250.862 2.30195
13 80 1066.77 1066.86 0.0975382
13 79 1156.77 1156.86 0.0975408
23 62 248.3 250.602 2.30195
3 79 247.314 249.616 2.30195
29 62 257.6 259.902 2.30195
22 55 228.439 230.741 2.30195
40 63 228.728 231.029 2.30195
26 54 229.435 231.736 2.30195
45 85 229.436 231.738 2.30195
21 79 230.503 232.805 2.30195
37 62 231.313 233.615 2.30196
6 80 231.737 234.039 2.30195
16 79 232.676 234.978 2.30195
24 55 233.372 235.674 2.30195
46 61 233.663 235.965 2.30195
15 79 233.908 236.21 2.30195
22 55 1020.55 1020.64 0.0975375
43 76 236.951 239.253 2.30195
2 72 236.958 239.26 2.30195
31 55 239.281 241.583 2.30195
19 0 240.134 0 -240.134
7 72 240.728 243.03 2.30195
17 80 240.755 243.057 2.30195
25 56 240.837 243.139 2.30195
27 55 241.485 243.787 2.30195
0 73 241.516 243.818 2.30195
47 82 241.58 243.882 2.30195
39 0 241.581 0 -241.581
20 80 242.428 244.729 2.30195
42 64 242.431 244.733 2.30196
35 55 242.601 244.903 2.30195
34 0 242.84 0 -242.84
44 66 243.538 245.84 2.30195
11 73 244.119 246.421 2.30195
49 69 244.616 246.918 2.30196
13 80 244.658 246.96 2.30195
28 55 245.014 247.316 2.30195
14 79 245.634 247.936 2.30195
18 0 246.222 0 -246.222
23 62 1010.41 1010.51 0.102658
44 66 699.324 701.626 2.30195
11 0 699.905 0 -699.905
44 66 1005.64 1005.74 0.0975375
20 80 1154.53 1154.63 0.0975367
33 55 482.454 484.756 2.30195
42 64 698.218 700.52 2.30196
35 55 698.387 700.689 2.30195
34 0 698.627 0 -698.627
47 82 925.26 925.363 0.102657
15 79 1146.02 1146.12 0.102658
43 76 920.631 920.959 0.328707
15 79 917.588 917.917 0.328706
26 54 913.114 913.217 0.102658
15 79 1056.02 1056.12 0.102658
46 61 1055.77 1055.87 0.097538
8 79 251.918 254.22 2.30195
48 50 256.401 258.703 2.30195
42 63 926.111 926.214 0.102658
48 50 712.188 714.49 2.30195
23 62 931.979 932.082 0.102658
47 82 697.367 699.669 2.30195
39 55 697.367 699.669 2.30195
20 80 698.214 700.516 2.30195
36 63 257.207 259.509 2.30195
30 63 254.339 256.641 2.30195
33 55 254.561 256.863 2.30195
41 63 254.534 256.836 2.30195
1 0 256.103 0 -256.103
41 63 710.321 712.623 2.30195
10 0 710.887 0 -710.887
29 62 485.494 487.796 2.30195
27 55 697.272 699.574 2.30195
0 73 697.303 699.605 2.30195
39 55 1153.15 1155.46 2.30195
7 72 696.514 698.816 2.30195
17 80 696.542 698.844 2.30195
25 56 696.623 698.925 2.30195
31 55 922.96 925.262 2.30195
41 63 938.214 938.317 0.102658
28 55 947.121 947.223 0.102657
1 0 711.889 0 -711.889
2 79 692.744 695.046 2.30196
31 54 695.067 697.369 2.30195
19 72 695.921 698.223 2.30196
0 73 925.196 925.299 0.102658
48 50 988.508 988.611 0.102658
45 85 913.116 913.301 0.184834
15 72 689.695 691.997 2.30196
43 76 692.737 695.039 2.30195
10 72 482.994 485.296 2.30195
16 80 688.463 690.765 2.30196
24 55 689.159 691.461 2.30195
46 61 689.449 691.751 2.30195
33 55 1046.67 1046.77 0.0975372
40 63 1080.83 1080.94 0.102659
16 79 916.356 916.459 0.102658
26 54 1081.54 1081.64 0.097538
21 79 686.289 688.591 2.30195
37 62 687.1 689.402 2.30196
6 80 687.524 689.826 2.30195
49 69 946.723 946.825 0.102659
47 82 1063.69 1063.79 0.102657
18 79 929.902 932.204 2.30195
30 0 482.232 0 -482.232
22 55 912.119 912.303 0.184833
20 80 1004.53 1004.64 0.102657
41 63 482.428 484.729 2.30195
26 54 685.221 687.523 2.30195
45 85 685.223 687.525 2.30195
24 55 995.479 995.577 0.0975381
46 61 917.343 917.445 0.102658
3 79 475.207 477.509 2.30195
22 55 684.225 686.527 2.30195
40 63 684.514 686.816 2.30195
6 80 915.417 915.746 0.328706
41 63 1016.64 1016.74 0.0975381
14 79 1007.74 1007.84 0.0975363
44 66 927.217 927.32 0.102658
48 50 1198.51 1198.61 0.0975375
14 79 929.313 929.416 0.102656
40 63 912.407 912.736 0.328707
1 73 483.996 486.298 2.30195
21 79 914.183 916.485 2.30195
25 56 1162.57 1162.68 0.102658
8 79 1074.02 1074.13 0.102657
2 72 464.851 467.153 2.30195
4 0 476.494 0 -476.494
32 62 479.87 482.172 2.30195
49 69 1006.72 1006.82 0.0975395
9 80 475.906 478.208 2.30196
13 80 928.338 928.441 0.102658
14 79 1067.74 1067.84 0.0975363
3 79 930.994 933.296 2.30195
12 72 475.409 477.711 2.30196
0 73 1003.62 1003.72 0.0975378
24 55 917.052 917.155 0.102658
20 80 926.107 926.21 0.102657
23 62 476.193 478.495 2.30195
8 79 479.811 482.113 2.30195
38 55 1068.93 1069.02 0.0975377
8 79 1014.02 1014.13 0.102657
22 55 456.332 458.634 2.30195
40 63 456.621 458.923 2.30195
26 54 457.328 459.63 2.30195
45 85 457.329 459.631 2.30195
21 79 458.396 460.698 2.30195
37 62 459.206 461.508 2.30196
6 80 459.631 461.933 2.30195
16 79 460.57 462.872 2.30195
24 55 461.266 463.567 2.30195
46 61 461.556 463.858 2.30195
15 79 461.802 464.104 2.30195
40 63 1140.83 1140.93 0.0975387
43 76 464.844 467.146 2.30195
17 80 468.648 470.95 2.30195
13 80 472.552 474.854 2.30195
19 72 468.028 470.33 2.30196
47 82 469.473 471.775 2.30195
31 55 467.174 469.476 2.30195
11 73 472.012 474.314 2.30195
42 63 470.325 472.626 2.30195
7 72 468.621 470.923 2.30195
25 56 468.73 471.032 2.30195
44 66 471.431 473.733 2.30195
35 55 470.494 472.796 2.30195
39 55 469.474 471.776 2.30195
20 80 470.321 472.623 2.30195
0 73 469.41 471.712 2.30195
27 55 469.379 471.681 2.30195
34 63 470.734 473.036 2.30195
49 69 472.509 474.811 2.30196
28 55 472.907 475.209 2.30195
14 79 473.527 475.829 2.30195
5 73 476.454 478.755 2.30195
48 50 1048.51 1048.61 0.102658
43 76 999.058 999.232 0.174595
18 79 474.116 476.417 2.30195
18 72 1385.69 1387.99 2.30196
38 55 474.712 477.014 2.30195
28 55 1007.12 1007.22 0.102657
28 55 928.694 928.796 0.102657
23 62 950.406 950.509 0.102658
23 62 1070.41 1070.5 0.0975381
37 62 1053.42 1053.52 0.102659
42 63 1004.54 1004.64 0.0975381
43 76 1089.06 1089.16 0.0975389
39 54 1381.05 1383.35 2.30196
16 79 1084.78 1084.89 0.102658
14 79 1097.74 1097.84 0.0975363
12 72 1386.98 1389.28 2.30196
20 80 1064.53 1064.63 0.0975367
44 66 1155.64 1155.74 0.0975375
46 61 1085.77 1085.87 0.097538
30 63 1165.91 1166.01 0.102659
45 85 1081.54 1081.65 0.102658
0 73 1153.62 1153.72 0.0975378
33 55 986.667 986.765 0.0975372
33 55 956.667 956.77 0.102657
13 80 1006.77 1006.86 0.0975382
45 85 991.543 991.646 0.102658
33 55 1136.67 1136.77 0.0975372
44 66 1065.64 1065.74 0.0975375
16 79 1144.78 1144.88 0.097538
41 63 1046.64 1046.74 0.0975381
36 63 1062.94 1063.27 0.328706
15 79 1015.21 1015.4 0.184834
37 62 1143.42 1143.52 0.0975391
14 79 947.74 947.838 0.0975363
42 63 1154.54 1154.64 0.0975381
8 79 968.139 968.324 0.184833
38 55 948.926 949.028 0.102658
46 61 1145.77 1145.87 0.097538
13 80 946.765 946.868 0.102658
5 0 932.24 0 -932.24
7 72 924.408 926.71 2.30195
4 73 932.281 934.583 2.30195
40 63 944.949 945.134 0.184835
17 80 924.435 926.737 2.30195
19 0 923.814 0 -923.814
41 63 956.641 956.744 0.102658
38 55 1008.93 1009.03 0.102658
26 54 991.541 991.639 0.097538
33 55 1076.67 1076.77 0.0975372
10 0 938.78 0 -938.78
33 55 938.24 938.343 0.102657
30 55 938.019 940.321 2.30196
29 62 1067.39 1067.58 0.184835
7 72 1182.83 1182.93 0.0975375
22 55 1140.55 1140.65 0.102657
47 82 1003.69 1003.79 0.102657
47 82 1153.69 1153.78 0.097537
15 79 1086.02 1086.11 0.0975377
36 63 940.887 941.504 0.61645
45 85 931.543 931.646 0.102658
26 54 931.541 931.644 0.102658
48 50 940.081 940.184 0.102658
22 55 930.546 930.72 0.174593
1 0 939.782 0 -939.782
8 79 986.438 986.612 0.174593
29 62 941.28 941.897 0.616451
16 79 934.783 934.886 0.102658
37 62 933.42 933.523 0.102659
6 80 947.959 948.144 0.184834
24 55 935.479 935.582 0.102658
15 79 950.13 950.459 0.328706
41 63 986.641 986.744 0.102658
46 61 935.77 935.872 0.102658
42 63 944.538 944.641 0.102658
47 82 943.687 943.79 0.102657
20 80 944.534 944.637 0.102657
44 66 945.644 945.747 0.102658
43 76 953.172 953.357 0.184835
0 73 943.623 943.726 0.102658
37 62 963.42 963.523 0.102659
45 85 961.543 961.64 0.0975382
40 63 963.247 963.35 0.102659
26 54 961.541 961.644 0.102658
43 76 971.471 971.645 0.174595
22 55 960.546 960.72 0.174593
48 50 958.508 958.611 0.102658
42 63 1034.54 1034.64 0.0975381
6 80 966.257 966.432 0.174594
24 55 1055.48 1055.58 0.102658
46 61 965.77 965.872 0.102658
28 55 977.121 977.223 0.102657
22 55 990.546 990.648 0.102657
20 80 974.534 974.637 0.102657
40 63 990.834 990.932 0.0975387
42 63 974.538 974.641 0.102658
49 69 976.723 976.825 0.102659
3 79 1386.78 1386.88 0.102656
44 66 975.644 975.747 0.102658
16 79 964.783 964.881 0.097538
15 79 982.672 983 0.328706
24 55 965.479 965.582 0.102658
1 0 1167.68 0 -1167.68
9 80 1169.75 1169.85 0.102659
38 55 978.926 979.028 0.102658
29 62 1002.31 1002.64 0.328707
14 79 977.74 977.838 0.0975363
23 62 1160.41 1160.5 0.0975381
13 80 976.765 976.868 0.102658
23 62 980.406 980.509 0.102658
36 63 1001.92 1002.53 0.61645
45 85 1051.54 1051.65 0.102658
47 82 973.687 973.79 0.102657
0 73 973.623 973.721 0.0975378
40 63 1020.83 1020.93 0.0975387
43 76 1029.06 1029.23 0.174595
36 63 1095.49 1095.81 0.328706
49 69 1186.72 1186.82 0.0975395
45 85 1021.54 1021.65 0.102658
26 54 1021.54 1021.64 0.097538
40 63 1050.83 1050.94 0.102659
23 62 1040.41 1040.5 0.0975381
42 63 1124.54 1124.64 0.0975381
13 80 1036.77 1036.86 0.0975382
6 80 1023.84 1023.94 0.0975384
46 61 1025.77 1025.87 0.097538
47 82 1033.69 1033.79 0.102657
37 62 1023.42 1023.52 0.0975391
8 79 1044.02 1044.12 0.0975367
20 80 1034.53 1034.64 0.102657
15 79 1033.51 1033.69 0.174594
0 73 1063.62 1063.72 0.0975378
19 72 1379.6 1379.7 0.102659
16 79 1024.78 1024.89 0.102658
40 63 1170.83 1170.93 0.0975387
24 55 1145.48 1145.58 0.0975381
49 69 1156.72 1156.82 0.0975395
45 85 1141.54 1141.65 0.102658
29 62 1085.69 1085.86 0.174595
37 62 1083.42 1083.52 0.102659
0 73 1033.62 1033.72 0.0975378
14 79 1037.74 1037.84 0.0975363
28 55 1037.12 1037.22 0.102657
24 55 1025.48 1025.58 0.102658
33 55 1196.67 1196.77 0.0975372
41 63 1136.64 1136.74 0.0975381
6 80 1053.84 1053.94 0.0975384
42 63 1064.54 1064.64 0.0975381
22 55 1080.55 1080.65 0.102657
2 72 1148.53 1150.83 2.30195
38 55 1038.93 1039.02 0.0975377
44 66 1035.64 1035.74 0.0975375
28 55 1097.12 1097.22 0.0975365
14 79 1157.74 1157.84 0.0975363
20 80 1184.53 1184.63 0.0975367
49 69 1036.72 1036.82 0.0975395
38 55 1098.93 1099.02 0.0975377
23 62 1130.41 1130.5 0.0975381
36 63 1128.03 1128.21 0.184834
40 63 1110.83 1110.94 0.102659
38 55 1158.93 1159.02 0.0975377
9 80 1159.59 1159.69 0.102659
20 80 1124.53 1124.63 0.0975367
44 66 1095.64 1095.74 0.0975375
13 80 1096.77 1096.86 0.0975382
49 69 1096.72 1096.82 0.0975395
8 79 1134.02 1134.13 0.102657
42 63 1094.54 1094.64 0.0975381
20 80 1094.53 1094.63 0.0975367
47 82 1093.69 1093.78 0.097537
0 73 1093.62 1093.72 0.0975378
43 76 1149.06 1149.16 0.0975389
28 56 1157.12 1157.22 0.0975399
29 62 1199.71 1199.8 0.0975387
44 66 1185.64 1185.74 0.0975375
22 55 1110.55 1110.65 0.102657
23 62 1100.41 1100.5 0.0975381
48 50 1108.51 1108.61 0.0975375
26 54 1111.54 1111.64 0.097538
6 80 1113.84 1113.94 0.0975384
45 85 1111.54 1111.65 0.102658
8 79 1104.02 1104.13 0.102657
16 79 1114.78 1114.88 0.097538
32 62 1224.58 1224.91 0.328706
29 62 1109.71 1109.88 0.174595
13 80 1126.77 1126.86 0.0975382
34 63 1154.41 1156.72 2.30195
47 82 1123.69 1123.78 0.097537
5 73 1160.13 1162.44 2.30195
12 0 1159.09 0 -1159.09
14 79 1127.74 1127.84 0.0975363
33 55 1106.67 1106.77 0.0975372
41 63 1106.64 1106.74 0.0975381
41 63 1196.64 1196.74 0.0975381
11 73 1165.85 1165.96 0.102658
26 54 1141.54 1141.64 0.097538
31 55 1378.75 1381.05 2.30195
44 66 1125.64 1125.74 0.0975375
3 80 1158.89 1161.19 2.30196
35 62 1154.17 1156.48 2.30196
49 69 1126.72 1126.82 0.0975395
11 73 1155.69 1155.79 0.102658
37 62 1113.42 1113.52 0.0975391
28 55 1127.12 1127.22 0.0975365
36 63 1146.33 1146.43 0.102658
21 79 1142.08 1142.18 0.102658
15 79 1116.02 1116.11 0.0975377
4 73 1192.72 1193.04 0.328707
48 50 1138.51 1138.61 0.0975375
46 61 1115.77 1115.87 0.097538
4 73 1160.17 1160.5 0.328707
43 76 1119.06 1119.16 0.0975389
10 0 1166.67 0 -1166.67
6 80 1143.84 1143.94 0.0975384
18 86 1157.8 1160.1 2.30196
38 55 1128.93 1129.02 0.0975377
24 55 1115.48 1115.58 0.102658
25 56 1152.41 1152.51 0.102658
19 79 1151.71 1154.01 2.30196
0 73 1123.62 1123.72 0.0975378
17 80 1152.33 1154.63 2.30195
7 79 1152.3 1152.4 0.102661
31 54 1150.85 1153.16 2.30195
27 55 1153.06 1155.36 2.30195
42 63 1184.54 1184.64 0.0975381
8 79 1164.02 1164.13 0.102657
1 73 1395.57 1397.87 2.30195
30 63 1196.45 1196.54 0.097539
9 80 1190.12 1190.22 0.102659
26 54 1171.54 1171.64 0.097538
10 72 1394.57 1396.87 2.30195
48 50 1168.51 1168.61 0.0975375
25 56 1182.94 1183.05 0.102658
6 80 1173.84 1173.94 0.0975384
15 79 1176.02 1176.12 0.102658
46 61 1175.77 1175.87 0.097538
29 62 1169.71 1169.8 0.0975387
16 79 1174.78 1174.88 0.097538
36 63 1169.31 1169.41 0.0975383
33 55 1166.67 1166.77 0.0975372
38 55 1188.93 1189.02 0.0975377
30 63 1176.07 1176.18 0.102659
41 63 1166.64 1166.74 0.0975381
13 80 1186.77 1186.87 0.102658
11 73 1186.23 1186.33 0.102658
37 62 1173.42 1173.52 0.0975391
36 63 1199.31 1199.42 0.102658
27 55 1380.95 1381.05 0.102656
0 73 1183.62 1183.72 0.0975378
47 82 1183.69 1183.78 0.097537
2 72 1376.42 1378.73 2.30195
28 55 1187.12 1187.22 0.0975365
23 62 1190.41 1190.5 0.0975381
21 79 1172.61 1172.71 0.097538
22 55 1170.55 1170.65 0.102657
45 85 1171.54 1171.64 0.0975382
34 63 1382.31 1382.41 0.102658
35 62 1382.07 1382.17 0.10266
8 79 1194.02 1194.12 0.0975367
14 79 1187.74 1187.84 0.0975363
43 76 1179.06 1179.16 0.0975389
24 55 1175.48 1175.58 0.0975381
