10 33 1.12192 3.42387 2.30196
13 33 962.961 963.058 0.0975381
17 33 1.79776 4.09972 2.30196
29 30 3.17978 5.48174 2.30196
13 33 2.96069 5.26264 2.30195
9 33 4.3733 6.67526 2.30196
6 0 5.99576 0 -5.99576
3 0 7.67767 0 -7.67767
27 32 5.37992 7.68187 2.30196
1 0 7.3386 0 -7.3386
18 31 7.76262 10.0646 2.30196
15 33 8.28026 10.5822 2.30196
24 30 7.75459 10.0565 2.30196
22 31 8.4969 10.7989 2.30196
16 33 9.31517 11.6171 2.30196
8 0 9.3751 0 -9.3751
23 31 12.3528 14.6548 2.30196
19 30 11.4268 13.7287 2.30196
21 31 20.8989 23.2008 2.30195
2 33 12.4388 14.7408 2.30196
25 31 20.2952 22.5971 2.30195
5 33 19.16 21.462 2.30196
29 30 963.18 963.354 0.174599
0 33 21.3708 23.6727 2.30196
7 33 24.7535 27.0555 2.30195
4 0 24.6336 0 -24.6336
28 33 27.3445 29.6464 2.30195
11 32 25.2232 27.5251 2.30197
20 31 28.1912 30.4932 2.30196
26 30 29.1917 31.4936 2.30196
14 32 29.4286 31.7306 2.30197
24 30 967.755 967.852 0.0975414
12 33 29.5113 31.8133 2.30196
0 33 249.264 251.566 2.30196
21 31 248.792 251.094 2.30195
25 31 248.188 250.49 2.30195
11 32 253.116 255.418 2.30197
7 33 252.647 254.949 2.30195
4 33 480.42 482.722 2.30196
14 33 257.322 259.624 2.30196
5 33 247.053 249.355 2.30196
12 33 257.405 259.707 2.30196
16 33 969.315 969.413 0.0975393
4 33 252.527 254.829 2.30196
20 31 256.084 258.386 2.30196
26 30 257.085 259.387 2.30196
28 33 255.238 257.54 2.30195
3 0 463.464 0 -463.464
10 32 229.015 231.317 2.30197
17 33 229.691 231.993 2.30196
13 33 230.854 233.156 2.30195
29 30 231.073 233.375 2.30196
9 33 232.267 234.569 2.30196
27 32 233.273 235.575 2.30196
6 0 233.889 0 -233.889
1 33 235.232 237.534 2.30196
3 0 235.571 0 -235.571
24 30 235.648 237.95 2.30196
18 30 235.656 237.958 2.30196
15 0 236.174 0 -236.174
22 31 236.39 238.692 2.30196
16 33 237.208 239.51 2.30196
8 32 237.268 239.57 2.30197
19 30 239.32 241.622 2.30196
23 31 240.246 242.548 2.30196
2 33 240.332 242.634 2.30196
22 31 970.91 971.085 0.174599
19 30 984.028 984.645 0.616459
18 30 980.364 980.98 0.616457
22 31 1148.5 1148.67 0.174599
4 33 1194.63 1194.81 0.174596
27 32 977.981 978.31 0.32871
11 0 481.01 0 -481.01
22 31 464.283 466.585 2.30196
16 33 465.102 467.404 2.30196
14 0 713.108 0 -713.108
20 31 483.978 486.28 2.30196
15 33 464.067 466.369 2.30196
19 30 467.213 469.515 2.30196
23 31 468.139 470.441 2.30196
21 31 476.685 478.987 2.30195
12 0 485.298 0 -485.298
20 31 711.871 714.173 2.30196
18 31 463.549 465.851 2.30196
2 33 468.225 470.527 2.30196
24 30 463.541 465.843 2.30196
25 31 476.082 478.384 2.30195
26 30 484.978 487.28 2.30196
26 30 1201.2 1201.53 0.328711
1 33 463.125 465.427 2.30196
5 33 474.947 477.248 2.30196
8 0 465.162 0 -465.162
14 0 485.215 0 -485.215
7 33 480.54 482.842 2.30195
0 33 477.157 479.459 2.30196
28 33 483.131 485.433 2.30195
10 33 456.908 459.21 2.30196
17 33 457.584 459.886 2.30196
13 33 458.747 461.049 2.30195
29 30 458.966 461.268 2.30196
9 33 460.16 462.462 2.30196
27 32 461.166 463.468 2.30196
6 33 461.782 464.084 2.30196
24 0 937.755 0 -937.755
28 32 711.024 713.326 2.30197
20 31 1395.55 1395.74 0.184836
5 33 930.733 933.035 2.30196
12 33 1396.87 1399.17 2.30196
26 30 940.765 943.067 2.30196
16 33 1149.32 1149.41 0.0975393
26 30 712.871 715.173 2.30196
11 0 708.903 0 -708.903
12 0 713.191 0 -713.191
22 30 1028.5 1028.67 0.174603
5 33 1191.17 1191.5 0.328709
28 0 1197.34 0 -1197.34
10 0 684.802 0 -684.802
17 0 685.478 0 -685.478
13 33 686.64 688.942 2.30195
29 30 686.86 689.161 2.30196
9 0 688.053 0 -688.053
27 32 689.06 691.362 2.30196
6 0 689.676 0 -689.676
1 0 691.018 0 -691.018
3 33 691.357 693.659 2.30196
24 30 691.434 693.736 2.30196
18 31 691.442 693.744 2.30196
15 33 691.96 694.262 2.30196
22 31 692.177 694.479 2.30196
16 33 692.995 695.297 2.30196
8 0 693.055 0 -693.055
19 32 695.107 697.408 2.30196
23 0 696.033 0 -696.033
2 0 696.119 0 -696.119
5 33 702.84 705.142 2.30196
25 31 703.975 706.277 2.30195
21 31 704.579 706.881 2.30195
0 32 705.051 707.352 2.30197
4 33 708.313 710.615 2.30196
7 33 708.433 710.735 2.30195
20 31 939.764 942.066 2.30196
4 33 936.207 938.509 2.30196
12 0 941.084 0 -941.084
22 31 952.612 952.796 0.184839
21 33 932.472 934.774 2.30197
11 0 936.796 0 -936.796
7 33 954.754 954.851 0.0975384
28 33 957.344 957.442 0.0975385
28 33 938.917 939.02 0.102659
25 31 931.868 932.485 0.61645
7 33 936.327 936.429 0.102658
14 32 941.002 943.304 2.30197
29 30 933.18 933.354 0.174599
13 33 932.961 933.063 0.102658
16 33 939.315 939.413 0.0975393
0 33 932.944 935.246 2.30196
10 0 912.695 0 -912.695
17 0 913.371 0 -913.371
13 33 914.534 914.636 0.102658
29 30 914.753 914.938 0.184839
9 33 915.946 918.248 2.30196
27 32 916.953 917.569 0.616454
6 0 917.569 0 -917.569
1 0 918.912 0 -918.912
3 0 919.251 0 -919.251
24 30 919.328 919.43 0.102661
18 30 919.336 919.952 0.616457
15 32 919.853 922.155 2.30197
22 30 920.07 920.399 0.328715
16 0 920.888 0 -920.888
8 32 920.948 923.25 2.30197
19 32 923 923.616 0.616459
23 31 923.926 926.228 2.30196
2 33 924.012 926.314 2.30196
24 30 1177.75 1177.85 0.0975414
13 33 992.961 993.058 0.0975381
7 33 1194.75 1194.85 0.0975384
7 33 984.754 984.856 0.102658
25 31 992.897 993.225 0.328706
28 33 987.344 987.447 0.102659
29 30 993.18 993.282 0.102663
13 33 1172.96 1173.06 0.0975381
13 33 1142.96 1143.06 0.0975381
16 33 999.315 999.418 0.102659
24 30 997.755 997.852 0.0975414
14 33 1396.79 1398.1 1.31482
22 31 998.497 998.672 0.174599
25 31 1025.44 1025.62 0.184834
11 33 1392.58 1394.88 2.30196
27 32 1010.52 1010.71 0.184838
13 33 1052.96 1053.06 0.0975381
25 31 1043.74 1043.84 0.102658
28 33 1017.34 1017.45 0.102659
29 30 1023.18 1023.28 0.102663
7 33 1014.75 1014.85 0.0975384
13 33 1022.96 1023.06 0.0975381
27 32 1028.82 1029 0.174598
16 33 1029.32 1029.41 0.0975393
16 33 1059.32 1059.41 0.0975393
7 33 1044.75 1044.85 0.0975384
19 30 1045.06 1045.67 0.616459
24 30 1027.75 1027.85 0.0975414
18 30 1041.39 1042.01 0.616457
29 30 1053.18 1053.28 0.0975431
28 33 1047.34 1047.44 0.0975385
22 31 1058.5 1058.67 0.174599
27 32 1055.38 1055.55 0.174598
25 31 1070.3 1070.4 0.102658
7 33 1074.75 1074.85 0.0975384
24 30 1057.75 1057.85 0.0975414
29 30 1173.18 1173.28 0.0975431
28 33 1077.34 1077.44 0.0975385
29 30 1083.18 1083.28 0.0975431
25 31 1100.3 1100.4 0.102658
27 32 1085.38 1085.48 0.102662
22 31 1088.5 1088.67 0.174599
27 33 1145.38 1145.48 0.0975473
24 30 1147.75 1147.85 0.0975414
13 33 1082.96 1083.06 0.0975381
24 30 1087.75 1087.85 0.0975414
17 33 1141.26 1143.57 2.30196
16 33 1089.32 1089.41 0.0975393
8 32 1148.84 1151.14 2.30197
0 33 1160.84 1163.14 2.30196
18 30 1102.42 1103.04 0.616457
28 33 1107.34 1107.44 0.0975385
6 33 1145.46 1147.76 2.30196
9 0 1143.84 0 -1143.84
19 30 1106.08 1106.7 0.616459
10 33 1140.59 1142.89 2.30196
13 33 1112.96 1113.06 0.0975381
26 30 1168.66 1168.99 0.328711
22 31 1118.5 1118.67 0.174599
7 33 1104.75 1104.85 0.0975384
7 33 1134.75 1134.85 0.0975384
29 30 1113.18 1113.28 0.0975431
15 33 1147.75 1147.93 0.184837
24 30 1117.75 1117.85 0.0975414
27 32 1115.38 1115.48 0.0975416
11 32 1164.69 1166.99 2.30197
3 33 1147.14 1149.45 2.30196
1 33 1146.8 1149.11 2.30196
14 33 1168.89 1171.2 2.30196
28 33 1137.34 1137.44 0.0975385
16 33 1119.32 1119.41 0.0975393
4 33 1164.1 1164.28 0.184836
12 33 1168.98 1171.28 2.30196
20 31 1167.66 1169.96 2.30196
25 31 1130.3 1130.39 0.0975383
19 30 1228.14 1228.76 0.616459
21 31 1160.37 1160.69 0.328706
2 33 1151.91 1152.23 0.328712
23 31 1151.82 1154.12 2.30196
5 33 1158.63 1158.95 0.328709
29 30 1143.18 1143.28 0.0975431
18 30 1163.45 1164.07 0.616457
9 33 1371.73 1374.03 2.30196
28 33 1167.34 1167.44 0.0975385
7 33 1164.75 1164.85 0.0975384
25 31 1160.3 1160.39 0.0975383
19 30 1167.11 1167.73 0.616459
10 32 1368.48 1370.78 2.30197
17 33 1369.16 1369.49 0.328708
27 32 1175.38 1175.48 0.0975416
6 33 1373.36 1375.66 2.30196
1 0 1374.7 0 -1374.7
15 33 1178.28 1178.45 0.174597
3 0 1375.04 0 -1375.04
22 31 1178.5 1178.67 0.174599
8 32 1376.73 1379.04 2.30197
16 33 1179.32 1179.41 0.0975393
2 33 1184.45 1184.63 0.18484
23 31 1379.71 1381.03 1.31483
18 30 1224.48 1225.09 0.616457
25 31 1190.3 1190.39 0.0975383
0 33 1388.73 1389.35 0.616457
21 31 1192.91 1193.09 0.184834
