3 25 0.236364 2.53832 2.30196
6 25 0.437268 2.73923 2.30196
10 20 19.305 21.607 2.30196
4 25 20.2522 22.5542 2.30196
9 21 1.67022 3.97218 2.30196
16 22 1166.5 1166.69 0.184837
16 22 1184.8 1184.91 0.102661
18 22 2.86501 5.16697 2.30196
19 20 5.23659 7.53854 2.30196
8 21 20.7569 23.0588 2.30196
15 22 20.5853 22.8872 2.30196
2 25 15.0266 17.3285 2.30196
12 26 21.4233 23.7252 2.30196
7 25 23.2002 25.5022 2.30196
17 24 26.6906 28.9926 2.30196
13 26 24.3616 26.6636 2.30196
1 25 25.5234 27.8253 2.30196
16 22 1197.04 1197.14 0.0975406
5 0 26.737 0 -26.737
16 22 27.0381 29.3401 2.30196
0 25 1395.35 1397.65 2.30196
11 20 1197.61 1197.71 0.0975426
17 24 1136.69 1136.79 0.097541
11 20 27.6095 29.9115 2.30196
6 25 1160.18 1160.51 0.328712
0 0 27.9859 0 -27.9859
14 26 29.7821 32.0841 2.30196
4 25 248.145 250.447 2.30196
10 20 247.198 249.5 2.30196
12 26 249.317 251.618 2.30196
5 0 1166.2 0 -1166.2
13 26 252.255 254.557 2.30196
19 20 1175.24 1175.33 0.0975395
19 20 1145.24 1145.33 0.0975395
16 22 710.718 713.02 2.30196
3 25 228.13 230.432 2.30196
6 25 228.331 230.632 2.30196
9 21 229.563 231.865 2.30196
18 22 230.758 233.06 2.30196
19 20 233.13 235.432 2.30196
2 25 242.92 245.222 2.30196
17 24 1196.69 1196.79 0.102661
1 25 1197.43 1197.76 0.328711
5 25 1394.1 1396.4 2.30196
15 22 248.479 250.78 2.30196
8 20 248.65 250.952 2.30196
7 25 251.093 253.395 2.30196
1 25 253.417 255.719 2.30196
17 24 254.584 256.886 2.30196
16 22 254.931 257.233 2.30196
11 20 255.503 257.805 2.30196
0 25 255.879 258.181 2.30196
14 26 257.675 259.977 2.30196
5 25 254.63 256.932 2.30196
6 25 1192.72 1193.05 0.328712
8 21 476.543 478.845 2.30196
12 26 1191.42 1191.6 0.174598
13 26 1163.83 1165.14 1.31482
17 24 482.477 484.779 2.30196
1 25 481.31 483.612 2.30196
13 0 708.041 0 -708.041
12 26 477.21 479.512 2.30196
0 0 483.772 0 -483.772
1 25 1164.89 1165.22 0.328711
14 26 485.569 487.871 2.30196
18 22 1191.09 1191.42 0.328709
10 20 475.092 477.393 2.30196
2 25 470.813 473.115 2.30196
3 25 456.023 458.325 2.30196
6 25 456.224 458.526 2.30196
9 21 457.457 459.759 2.30196
18 22 458.652 460.953 2.30196
19 20 461.023 463.325 2.30196
17 24 1166.69 1166.79 0.097541
5 0 482.524 0 -482.524
11 20 483.396 485.698 2.30196
13 26 480.148 482.45 2.30196
15 22 476.372 478.674 2.30196
16 22 482.825 485.127 2.30196
7 25 478.987 481.289 2.30196
4 25 476.039 478.341 2.30196
7 25 1163.2 1163.37 0.174597
10 20 1189.31 1189.4 0.0975396
3 25 1367.6 1369.9 2.30196
1 26 709.203 711.505 2.30196
17 24 956.691 956.793 0.102661
8 20 1190.76 1190.85 0.0975406
4 25 1190.25 1190.35 0.0975391
3 25 683.916 686.218 2.30196
6 25 684.117 686.419 2.30196
9 21 685.35 687.652 2.30196
18 22 686.545 688.847 2.30196
19 20 688.916 691.218 2.30196
2 25 698.706 701.008 2.30196
10 20 702.985 705.287 2.30196
4 25 703.932 706.234 2.30196
15 22 704.265 706.567 2.30196
8 21 704.437 706.739 2.30196
12 25 705.103 707.405 2.30196
7 25 706.88 709.182 2.30196
5 0 710.417 0 -710.417
17 24 710.37 712.672 2.30196
0 0 711.666 0 -711.666
11 20 711.289 713.591 2.30196
14 25 713.462 715.764 2.30196
15 22 1190.59 1190.68 0.097542
11 20 1167.08 1167.26 0.184839
8 20 1160.76 1160.86 0.102661
4 25 1178.02 1178.12 0.102659
14 26 1169.25 1170.56 1.31482
15 22 1160.59 1160.68 0.097542
14 26 1299.42 1300.73 1.31482
7 25 1193.2 1193.37 0.174597
7 25 967.315 967.644 0.328709
9 21 945.785 946.114 0.328711
9 21 1171.67 1171.84 0.174599
1 25 969.638 969.967 0.328711
12 26 965.538 965.723 0.184838
0 25 939.559 941.861 2.30196
16 22 938.611 940.913 2.30196
15 22 932.158 932.261 0.102662
17 24 938.264 938.448 0.184837
3 25 911.809 914.111 2.30196
6 25 912.01 912.627 0.616456
9 21 913.243 913.572 0.328711
18 22 914.438 915.054 0.616453
19 20 916.81 917.138 0.328707
11 20 939.183 941.484 2.30196
13 26 935.935 938.237 2.30196
19 20 967.65 967.752 0.102659
4 25 931.825 934.127 2.30196
1 25 937.096 937.425 0.328711
2 25 926.6 927.914 1.31482
8 20 932.33 932.433 0.102661
14 26 941.355 943.657 2.30196
10 20 930.878 930.981 0.10266
10 20 949.305 949.403 0.0975396
5 25 938.31 940.612 2.30196
19 20 949.351 949.536 0.184835
12 26 932.996 933.325 0.32871
7 25 934.773 935.102 0.328709
18 22 975.466 976.083 0.616453
15 22 950.585 950.688 0.102662
8 20 950.757 950.854 0.0975406
6 25 973.039 973.655 0.616456
9 21 978.327 978.655 0.328711
7 25 999.857 1000.04 0.184837
15 22 1010.59 1010.69 0.102662
10 20 979.305 979.403 0.0975396
7 25 1073.2 1073.37 0.174597
8 20 980.757 980.854 0.0975406
12 26 983.836 984.011 0.174598
19 20 995.237 995.339 0.102659
8 20 1040.76 1040.86 0.102661
15 22 980.585 980.688 0.102662
9 21 1010.87 1011.05 0.184839
12 26 1161.42 1161.6 0.174598
12 26 1011.42 1011.6 0.174598
2 25 1056.77 1058.08 1.31482
1 25 1002.18 1002.51 0.328711
17 24 986.691 986.788 0.097541
8 20 1010.76 1010.85 0.0975406
10 20 1009.31 1009.41 0.10266
4 25 1159.72 1159.9 0.184835
1 25 1034.72 1035.05 0.328711
0 0 1167.45 0 -1167.45
10 20 1069.31 1069.41 0.10266
7 25 1018.15 1018.33 0.174597
17 24 1016.69 1016.79 0.097541
6 25 1034.07 1034.68 0.616456
9 21 1029.17 1029.34 0.174599
19 20 1025.24 1025.34 0.102659
18 22 1036.49 1037.11 0.616453
12 26 1041.42 1041.6 0.174598
8 20 1130.76 1130.86 0.102661
7 25 1043.2 1043.37 0.174597
15 22 1130.59 1130.69 0.102662
15 22 1040.59 1040.68 0.097542
10 20 1039.31 1039.41 0.10266
9 21 1051.67 1051.84 0.174599
12 26 1071.42 1071.6 0.174598
17 24 1046.69 1046.79 0.102661
1 25 1067.26 1067.59 0.328711
9 21 1081.67 1081.84 0.174599
19 20 1055.24 1055.34 0.102659
8 20 1070.76 1070.86 0.102661
6 25 1095.1 1095.42 0.328712
15 22 1070.59 1070.69 0.102662
13 26 1293.99 1295.31 1.31482
1 25 1132.35 1132.68 0.328711
11 20 1185.37 1185.48 0.102663
18 22 1097.52 1098.14 0.616453
12 26 1131.42 1131.6 0.174598
17 24 1076.69 1076.79 0.102661
1 25 1099.8 1100.13 0.328711
9 21 1141.67 1141.84 0.174599
8 20 1100.76 1100.86 0.102661
19 20 1085.24 1085.34 0.102659
3 25 1139.7 1142 2.30196
18 22 1158.55 1158.88 0.328709
7 25 1103.2 1103.37 0.174597
15 22 1100.59 1100.69 0.102662
10 20 1099.31 1099.41 0.10266
12 26 1101.42 1101.6 0.174598
2 25 1186.93 1188.25 1.31482
19 20 1115.24 1115.33 0.0975395
17 24 1106.69 1106.79 0.102661
10 20 1129.31 1129.4 0.0975396
6 25 1127.64 1127.97 0.328712
10 20 1159.31 1159.4 0.0975396
7 25 1133.2 1133.37 0.174597
9 21 1111.67 1111.84 0.174599
