8 31 0.114121 2.41608 2.30195
7 31 6.19031 8.49226 2.30195
14 0 6.44017 0 -6.44017
6 31 5.34806 7.65002 2.30196
15 0 6.74854 0 -6.74854
27 33 5.26652 7.56849 2.30196
25 34 12.3956 14.6975 2.30195
20 34 1167.63 1169.93 2.30196
6 31 1085.35 1085.45 0.102661
25 34 1122.4 1122.49 0.0975364
7 31 1146.19 1146.29 0.0975388
23 33 10.9815 13.2835 2.30196
9 32 8.93023 11.2322 2.30196
26 35 13.7528 16.0548 2.30196
19 34 11.4657 13.7676 2.30196
4 31 1132.11 1132.21 0.0975388
0 31 1137.23 1137.33 0.0975389
1 0 18.1664 0 -18.1664
11 32 15.2778 17.5798 2.30196
16 33 20.337 22.639 2.30196
5 31 19.2008 21.5028 2.30195
0 31 1077.23 1077.33 0.0975389
10 35 19.7382 22.0402 2.30196
22 32 19.8928 22.1947 2.30195
3 0 19.8534 0 -19.8534
25 34 1152.4 1152.49 0.0975364
0 31 1107.23 1107.33 0.0975389
27 30 1144.73 1147.03 2.30196
10 35 1159.2 1159.39 0.18484
22 0 1159.36 0 -1159.36
13 30 1181.95 1182.56 0.616454
28 30 21.4143 23.7162 2.30195
18 33 21.9475 24.2495 2.30196
4 31 22.109 24.411 2.30195
29 0 24.0002 0 -24.0002
24 0 23.1574 0 -23.1574
21 32 23.8187 26.1206 2.30195
1 31 1157.63 1157.82 0.184835
13 30 26.2595 28.5615 2.30196
0 31 27.2323 29.5343 2.30195
2 31 28.0766 30.3785 2.30195
20 34 28.1647 30.4666 2.30196
3 30 1159.32 1161.62 2.30196
23 33 1378.34 1380.64 2.30196
19 34 1150.93 1151.55 0.616454
12 0 29.0055 0 -29.0055
17 33 28.9887 31.2907 2.30195
14 33 1176.44 1176.54 0.0975411
2 31 1167.54 1169.84 2.30195
29 0 1163.47 0 -1163.47
1 31 1175.93 1176.03 0.102659
22 32 247.786 250.088 2.30195
17 33 256.882 259.184 2.30195
3 30 247.747 250.049 2.30196
29 32 251.893 254.195 2.30196
25 34 468.182 470.484 2.30195
10 35 247.631 249.933 2.30196
21 32 251.712 254.014 2.30195
26 35 1093.75 1093.93 0.174598
5 31 247.094 249.396 2.30195
5 31 1158.67 1158.77 0.102657
1 31 246.06 248.362 2.30196
0 32 255.126 257.428 2.30196
20 34 256.058 258.36 2.30196
13 30 254.153 256.455 2.30196
2 34 255.97 258.272 2.30197
18 33 477.734 480.036 2.30196
11 32 1118.05 1118.66 0.616457
8 31 228.007 230.309 2.30195
27 0 233.16 0 -233.16
6 31 233.241 235.543 2.30196
7 31 234.084 236.386 2.30195
14 33 234.333 236.635 2.30196
15 33 234.642 236.944 2.30196
9 32 236.823 239.125 2.30196
23 0 238.875 0 -238.875
19 0 239.359 0 -239.359
25 34 240.289 242.591 2.30195
26 35 241.646 243.948 2.30196
11 32 243.171 245.473 2.30196
12 32 256.899 259.201 2.30196
16 0 248.23 0 -248.23
18 33 249.841 252.143 2.30196
4 31 250.002 252.304 2.30195
24 0 251.051 0 -251.051
28 30 249.308 251.609 2.30195
16 33 1159.8 1162.11 2.30196
17 33 1108.99 1109.09 0.0975381
6 31 1115.35 1115.45 0.102661
17 33 1078.99 1079.09 0.102658
14 33 1145.91 1146.09 0.184837
25 34 1092.4 1092.49 0.0975364
13 30 1120.92 1121.53 0.616454
12 0 484.792 0 -484.792
22 32 475.679 477.981 2.30195
17 33 484.775 487.077 2.30195
16 33 476.123 478.425 2.30196
12 0 712.685 0 -712.685
15 33 462.535 464.837 2.30196
11 32 471.064 473.366 2.30196
3 31 475.64 477.942 2.30196
0 31 1017.23 1017.33 0.102659
20 34 483.951 486.253 2.30196
14 33 462.227 464.529 2.30196
24 0 478.944 0 -478.944
8 31 1080.11 1080.22 0.102658
4 31 1102.11 1102.21 0.0975388
2 31 483.863 486.165 2.30195
7 31 461.977 464.279 2.30195
8 31 1170.11 1170.21 0.0975384
28 30 477.201 479.503 2.30195
10 35 475.525 477.827 2.30196
26 35 469.539 471.841 2.30196
4 31 477.896 480.197 2.30195
1 32 473.953 476.255 2.30196
5 31 474.987 477.289 2.30195
7 31 1086.19 1086.29 0.0975388
13 30 482.046 484.348 2.30196
0 31 483.019 485.321 2.30195
8 31 455.901 458.203 2.30195
27 30 461.053 463.355 2.30196
6 32 461.135 463.437 2.30196
18 33 1131.95 1132.05 0.0975401
9 32 464.717 467.019 2.30196
19 34 467.252 469.554 2.30196
23 33 466.768 469.07 2.30196
29 32 479.787 482.089 2.30196
23 33 1150.45 1152.75 2.30196
21 32 479.605 481.907 2.30195
18 33 1101.95 1102.05 0.0975401
8 31 1110.11 1110.21 0.0975384
15 33 1146.21 1146.54 0.32871
28 30 1131.41 1131.51 0.0975387
24 32 1162.62 1164.93 2.30196
12 32 1168.47 1170.77 2.30196
17 33 1138.99 1139.09 0.0975381
29 0 935.573 0 -935.573
17 34 712.668 714.97 2.30196
28 30 1101.41 1101.51 0.0975387
29 0 707.68 0 -707.68
7 31 936.19 936.293 0.102659
21 32 707.498 709.8 2.30195
24 32 934.73 937.032 2.30196
7 31 1116.19 1116.29 0.0975388
21 32 1163.28 1165.59 2.30195
8 31 683.794 686.096 2.30195
27 0 688.946 0 -688.946
6 31 689.028 691.33 2.30196
7 31 689.87 692.172 2.30195
14 33 690.12 692.422 2.30196
15 33 690.428 692.73 2.30196
9 35 692.61 694.912 2.30196
23 33 694.661 696.963 2.30196
19 34 695.145 697.447 2.30196
25 34 696.075 698.377 2.30195
26 35 697.433 699.735 2.30196
11 32 698.958 701.26 2.30196
1 31 701.846 704.148 2.30196
5 31 702.881 705.183 2.30195
10 35 703.418 705.72 2.30196
3 30 703.533 705.835 2.30196
22 0 703.573 0 -703.573
16 34 704.017 706.319 2.30196
28 30 705.094 707.396 2.30195
18 34 705.627 707.929 2.30196
4 31 705.789 708.091 2.30195
24 0 706.837 0 -706.837
13 33 709.939 712.241 2.30196
20 34 711.844 714.146 2.30196
2 31 711.756 714.058 2.30195
0 32 710.912 713.214 2.30196
26 35 1123.75 1123.93 0.174598
16 33 931.91 934.212 2.30196
17 33 988.989 989.091 0.102658
12 31 940.579 942.88 2.30197
28 30 1011.41 1011.51 0.0975387
25 34 942.396 942.493 0.0975364
3 30 931.426 933.728 2.30196
18 33 933.521 933.623 0.10266
17 33 940.562 940.747 0.184834
6 31 935.348 935.451 0.102661
26 35 957.868 958.052 0.184838
2 31 939.65 941.952 2.30195
4 31 952.109 952.207 0.0975388
8 31 944.229 944.414 0.184834
0 31 957.232 957.335 0.102659
8 31 911.687 912.016 0.328706
27 0 916.84 0 -916.84
6 31 916.921 917.024 0.102661
7 31 917.763 917.866 0.102659
14 33 918.013 920.315 2.30196
15 33 918.322 920.623 2.30196
9 32 920.503 921.818 1.31483
23 33 922.555 924.856 2.30196
19 34 923.039 925.341 2.30196
25 34 923.969 924.071 0.102656
0 31 938.805 938.908 0.102659
4 32 933.682 933.785 0.102662
28 30 932.987 933.09 0.102659
22 32 931.466 933.768 2.30195
21 32 935.392 937.694 2.30195
10 35 931.311 933.613 2.30196
1 31 929.739 932.041 2.30196
13 30 937.832 938.449 0.616454
5 30 930.774 933.076 2.30196
18 33 951.948 952.045 0.0975401
11 32 926.851 928.166 1.31483
20 34 939.738 942.04 2.30196
26 35 925.326 925.655 0.32871
26 35 1003.75 1003.93 0.174598
28 30 951.414 951.512 0.0975387
13 31 998.861 999.477 0.616459
17 33 958.989 959.163 0.174594
7 31 966.19 966.288 0.0975388
8 31 962.527 962.702 0.174594
26 35 976.166 976.34 0.174598
25 34 972.396 972.493 0.0975364
18 33 981.948 982.05 0.10266
6 31 965.348 965.451 0.102661
18 33 1041.95 1042.05 0.10266
18 33 1011.95 1012.05 0.10266
4 31 982.109 982.212 0.102659
28 30 981.414 981.517 0.102659
8 31 990.114 990.289 0.174594
4 31 1162.11 1162.21 0.0975388
0 31 987.232 987.335 0.102659
7 31 996.19 996.288 0.0975388
9 32 1050.67 1051.98 1.31483
4 31 1012.11 1012.21 0.0975388
25 34 1002.4 1002.49 0.0975364
17 33 1018.99 1019.09 0.102658
6 31 995.348 995.451 0.102661
8 31 1020.11 1020.22 0.102658
18 33 1161.95 1162.05 0.0975401
7 31 1026.19 1026.29 0.102659
28 30 1041.41 1041.51 0.0975387
6 31 1025.35 1025.45 0.0975405
25 34 1032.4 1032.49 0.0975364
26 35 1033.75 1033.93 0.174598
4 31 1042.11 1042.21 0.0975388
0 31 1047.23 1047.33 0.102659
17 33 1048.99 1049.09 0.102658
7 31 1176.19 1176.29 0.0975388
11 32 1057.02 1057.63 0.616457
8 31 1050.11 1050.22 0.102658
13 30 1059.89 1060.51 0.616454
26 35 1063.75 1063.93 0.174598
28 30 1071.41 1071.51 0.0975387
6 31 1055.35 1055.45 0.0975405
7 31 1056.19 1056.29 0.0975388
4 31 1072.11 1072.21 0.0975388
28 30 1161.41 1161.51 0.0975387
25 34 1062.4 1062.49 0.0975364
18 33 1071.95 1072.05 0.0975401
8 31 1140.11 1140.21 0.0975384
6 31 1145.35 1145.45 0.102661
14 34 1164.2 1164.31 0.102666
26 35 1153.75 1153.93 0.174598
4 31 1192.11 1192.21 0.0975388
19 34 1211.96 1212.29 0.32871
0 31 1197.23 1197.33 0.0975389
10 35 1177.5 1177.61 0.102664
6 31 1175.35 1175.45 0.0975405
0 31 1167.23 1167.33 0.0975389
27 30 1372.63 1374.93 2.30196
17 33 1168.99 1169.09 0.0975381
11 32 1179.07 1179.69 0.616457
5 31 1189.2 1189.3 0.0975373
20 34 1395.52 1395.71 0.18484
15 33 1178.76 1179.09 0.32871
9 32 1180.84 1181.45 0.616458
25 34 1182.4 1182.49 0.0975364
22 32 1387.25 1389.55 2.30195
29 31 1391.36 1393.66 2.30196
12 32 1396.37 1398.67 2.30196
24 31 1390.52 1392.82 2.30196
26 35 1183.75 1183.93 0.174598
3 31 1387.21 1387.4 0.184837
18 33 1191.95 1192.05 0.0975401
21 0 1391.18 0 -1391.18
28 0 1191.41 0 -1191.41
16 33 1387.7 1387.88 0.184837
17 33 1198.99 1199.09 0.0975381
1 31 1188.17 1188.26 0.0975391
11 32 1240.1 1240.72 0.616457
10 35 1189.74 1189.84 0.0975443
2 31 1395.44 1395.54 0.102658
13 30 1242.97 1243.59 0.616454
