7 45 0.27085 2.57281 2.30196
19 46 0.487361 2.78931 2.30195
30 44 13.0297 15.3317 2.30195
38 51 13.8861 16.188 2.30196
11 45 1143.48 1143.59 0.102658
32 48 1172.49 1172.59 0.0975382
0 44 1163.77 1166.07 2.30196
8 45 1149.81 1152.11 2.30196
3 0 1157.48 0 -1157.48
32 48 2.48961 4.79156 2.30195
27 49 2.67556 4.97752 2.30195
23 46 1138.24 1138.34 0.0975396
21 46 4.85636 7.15832 2.30195
37 0 4.3156 0 -4.3156
11 45 3.48477 5.78672 2.30195
35 50 6.35688 8.65883 2.30196
31 44 6.3784 8.68036 2.30196
10 45 1136.5 1136.61 0.102658
9 45 1162.36 1164.66 2.30195
2 0 9.75134 0 -9.75134
20 46 9.56318 11.8651 2.30196
1 45 1387.33 1389.63 2.30195
8 0 10.3459 0 -10.3459
6 45 11.621 13.9229 2.30195
5 45 1396 1396.11 0.102658
18 46 16.5774 18.8794 2.30196
39 47 15.3489 17.6509 2.30196
17 46 14.8485 17.1504 2.30196
25 49 17.2719 19.5739 2.30195
11 45 1173.48 1173.59 0.102658
3 0 18.0099 0 -18.0099
36 50 17.8015 20.1035 2.30196
4 45 18.0611 20.363 2.30195
22 46 17.7773 20.0793 2.30195
14 45 1168.08 1170.38 2.30195
12 45 19.3592 21.6612 2.30195
34 48 19.4918 21.7937 2.30196
29 44 19.1698 21.4718 2.30195
18 46 1186.58 1186.67 0.0975422
7 45 1170.27 1170.45 0.174596
1 41 19.971 22.273 2.30196
26 49 1197.24 1197.43 0.184836
9 45 22.8943 25.1963 2.30195
0 45 24.3064 26.6083 2.30196
16 41 25.0942 27.3961 2.30196
28 49 25.4143 27.7162 2.30196
26 49 25.2337 27.5356 2.30196
24 49 27.8928 30.1947 2.30196
10 45 26.5032 28.8052 2.30195
23 46 28.2426 30.5446 2.30196
34 48 1129.49 1129.67 0.174597
13 45 27.9437 30.2457 2.30195
5 0 28.6453 0 -28.6453
33 48 29.4719 31.7738 2.30195
15 0 29.7713 0 -29.7713
14 0 28.6125 0 -28.6125
29 44 247.063 249.365 2.30195
16 45 1195.09 1195.19 0.0975408
20 46 1119.56 1119.66 0.0975423
9 45 250.788 253.09 2.30195
24 49 255.786 258.088 2.30196
14 45 256.506 258.808 2.30195
34 48 475.278 477.58 2.30196
23 46 256.136 258.438 2.30196
26 0 481.02 0 -481.02
1 41 247.864 250.166 2.30196
0 0 252.2 0 -252.2
30 44 1063.03 1063.13 0.102657
34 48 247.385 249.687 2.30196
1 41 1159.44 1161.74 2.30196
5 45 256.539 258.841 2.30195
15 44 257.665 259.967 2.30196
12 45 247.252 249.554 2.30195
14 0 484.399 0 -484.399
0 0 707.986 0 -707.986
7 45 228.164 230.466 2.30196
19 46 228.381 230.683 2.30195
32 48 230.383 232.685 2.30195
27 49 230.569 232.871 2.30195
11 45 231.378 233.68 2.30195
37 46 232.209 234.511 2.30196
21 46 232.75 235.052 2.30195
35 50 234.25 236.552 2.30196
31 44 234.272 236.574 2.30196
20 46 237.456 239.758 2.30196
2 44 237.645 239.947 2.30196
8 45 238.239 240.541 2.30196
6 45 239.514 241.816 2.30195
30 44 240.923 243.225 2.30195
38 51 241.779 244.081 2.30196
17 46 242.742 245.044 2.30196
39 43 243.242 245.544 2.30196
18 46 244.471 246.773 2.30196
25 49 245.165 247.467 2.30195
22 46 245.671 247.973 2.30195
36 50 245.695 247.997 2.30196
3 41 245.903 248.205 2.30196
4 56 245.954 248.256 2.30196
4 56 1157.53 1159.83 2.30196
35 50 1116.36 1116.53 0.174596
8 45 1377.71 1380.01 2.30196
25 49 977.272 977.369 0.0975388
28 49 253.308 255.609 2.30196
26 49 253.127 255.429 2.30196
16 41 252.987 255.289 2.30196
10 45 254.396 256.698 2.30195
33 48 257.365 259.667 2.30195
13 45 255.837 258.139 2.30195
35 50 462.143 464.445 2.30196
28 48 1164.88 1167.18 2.30196
35 50 1146.36 1146.53 0.174596
32 48 1142.49 1142.59 0.0975382
22 46 1127.78 1127.88 0.102658
17 46 1184.85 1184.95 0.0975405
15 45 1169.24 1171.54 2.30196
28 49 1392.77 1393.39 0.616451
33 48 1169.47 1169.65 0.174594
39 47 1185.35 1185.45 0.10266
17 46 1124.85 1124.95 0.0975405
12 45 1158.83 1158.93 0.102657
10 45 938.076 938.261 0.184834
19 46 1140.49 1140.59 0.102657
27 49 1172.68 1172.77 0.0975377
16 45 1164.56 1164.75 0.184837
21 46 1144.86 1144.95 0.0975383
12 45 1189.36 1189.46 0.0975369
38 51 1123.89 1124.06 0.174595
30 44 1123.03 1123.13 0.102657
26 49 1164.7 1165.03 0.328708
38 51 1183.89 1184.06 0.174595
33 48 485.258 487.56 2.30195
10 45 482.29 484.592 2.30195
39 47 471.135 473.437 2.30196
8 45 466.132 468.434 2.30196
3 45 473.796 476.098 2.30195
0 44 480.093 482.395 2.30196
13 45 1197.94 1198.04 0.0975371
17 46 470.635 472.937 2.30196
6 45 467.407 469.709 2.30195
18 46 472.364 474.666 2.30196
28 0 481.201 0 -481.201
36 50 473.588 475.89 2.30196
15 45 485.558 487.86 2.30196
31 44 462.165 464.467 2.30196
29 44 474.956 477.258 2.30195
13 45 483.73 486.032 2.30195
16 44 480.881 483.183 2.30196
38 51 469.673 471.975 2.30196
22 46 473.564 475.866 2.30195
17 46 1064.85 1064.95 0.0975405
7 45 456.057 458.359 2.30196
19 46 456.274 458.576 2.30195
32 48 458.276 460.578 2.30195
27 49 458.462 460.764 2.30195
11 45 459.271 461.573 2.30195
37 46 460.102 462.404 2.30196
21 46 460.643 462.945 2.30195
18 46 1126.58 1126.67 0.0975422
31 44 1145.84 1148.15 2.30196
20 46 465.35 467.652 2.30196
2 44 465.538 467.84 2.30196
30 44 468.816 471.118 2.30195
12 45 475.146 477.448 2.30195
3 41 1385.37 1387.67 2.30196
25 49 473.058 475.36 2.30195
4 0 473.848 0 -473.848
9 45 478.681 480.983 2.30195
36 50 1187.8 1187.9 0.097541
20 46 1179.56 1179.66 0.0975423
1 0 475.758 0 -475.758
31 44 1373.74 1376.04 2.30196
25 49 1187.27 1187.37 0.0975388
24 49 1137.89 1137.99 0.0975404
23 46 484.029 486.331 2.30196
5 0 484.432 0 -484.432
24 49 483.679 485.981 2.30196
2 45 1149.22 1151.52 2.30196
27 49 1142.68 1142.77 0.0975377
4 56 1385.42 1387.72 2.30196
13 45 711.623 713.925 2.30195
23 46 711.922 714.224 2.30196
16 44 936.667 938.969 2.30196
28 49 709.094 711.396 2.30196
39 47 926.922 927.107 0.184836
26 49 708.913 711.215 2.30196
17 46 944.848 944.946 0.0975405
16 44 708.774 711.076 2.30196
10 45 710.183 712.485 2.30195
5 45 712.325 714.627 2.30195
3 0 929.583 0 -929.583
7 45 683.951 686.253 2.30196
19 46 684.167 686.469 2.30195
32 48 686.169 688.471 2.30195
27 49 686.355 688.657 2.30195
11 56 687.165 689.466 2.30196
37 42 687.995 690.297 2.30196
21 42 688.536 690.838 2.30196
35 50 690.037 692.339 2.30196
31 44 690.058 692.36 2.30196
20 46 693.243 695.545 2.30196
2 0 693.431 0 -693.431
8 0 694.026 0 -694.026
6 45 695.301 697.603 2.30195
30 44 696.709 699.011 2.30195
38 51 697.566 699.868 2.30196
17 46 698.528 700.83 2.30196
39 47 699.029 701.331 2.30196
18 42 700.257 702.559 2.30196
25 49 700.952 703.254 2.30195
22 45 701.457 703.759 2.30196
36 50 701.481 703.783 2.30196
3 41 701.69 703.992 2.30196
4 45 701.741 704.043 2.30195
29 44 702.85 705.152 2.30195
12 0 703.039 0 -703.039
34 52 703.172 705.473 2.30196
1 41 703.651 705.953 2.30196
9 56 706.574 708.876 2.30196
33 48 713.152 715.454 2.30195
14 0 712.292 0 -712.292
15 0 713.451 0 -713.451
24 49 711.573 713.874 2.30196
23 46 939.816 939.918 0.10266
24 49 939.466 939.651 0.184836
6 45 1067.6 1067.78 0.174593
6 45 1121.62 1121.72 0.0975374
13 45 1167.41 1167.51 0.102657
7 45 944.386 944.714 0.328708
11 45 933.485 933.582 0.0975378
32 48 932.49 932.592 0.102658
17 46 926.421 926.524 0.10266
6 45 1181.62 1181.72 0.102657
29 44 1129.17 1129.27 0.0975384
5 45 940.218 942.52 2.30195
33 44 941.045 941.374 0.328714
25 49 1067.27 1067.37 0.0975388
21 46 994.856 994.954 0.0975383
35 50 1056.36 1056.53 0.174596
6 45 1016.76 1017.09 0.328705
25 49 928.845 929.03 0.184835
14 0 940.186 0 -940.186
15 49 941.344 943.646 2.30196
23 46 1198.24 1198.34 0.0975396
15 45 1397.13 1397.75 0.616451
0 44 935.879 938.181 2.30196
29 44 930.743 930.845 0.102658
19 46 944.602 944.787 0.184833
27 49 932.676 932.778 0.102658
33 48 1139.47 1139.65 0.174594
7 45 911.844 912.173 0.328708
19 46 912.06 912.389 0.328705
32 48 914.063 914.165 0.102658
27 49 914.249 914.351 0.102658
11 45 915.058 915.16 0.102658
37 46 915.889 918.191 2.30196
21 46 916.429 916.532 0.102658
35 50 917.93 918.259 0.328708
31 44 917.951 920.253 2.30196
20 46 921.136 921.321 0.184838
2 0 921.324 0 -921.324
8 0 921.919 0 -921.919
6 45 923.194 923.81 0.616449
30 44 924.603 924.788 0.184833
39 47 1065.35 1065.45 0.0975404
10 45 1196.5 1196.6 0.0975378
38 51 925.459 925.644 0.184835
18 46 928.15 928.335 0.184838
18 46 1066.58 1066.67 0.0975422
27 49 1052.68 1052.77 0.0975377
22 46 929.35 929.453 0.102658
13 45 939.517 941.819 2.30195
35 50 950.472 950.8 0.328708
38 51 1003.89 1004.06 0.174595
4 0 929.634 0 -929.634
22 46 1187.78 1187.88 0.102658
38 51 1063.89 1064.06 0.174595
36 50 929.375 929.559 0.184837
9 56 934.467 936.769 2.30196
21 46 934.856 934.954 0.0975383
20 46 939.563 939.666 0.102662
26 49 936.807 939.109 2.30196
28 49 936.987 939.289 2.30196
34 48 931.065 931.25 0.184837
1 0 931.544 0 -931.544
12 45 930.932 933.234 2.30195
38 51 943.886 944.061 0.174595
30 44 943.03 943.204 0.174593
25 49 947.272 947.375 0.102659
36 50 947.802 947.976 0.174597
11 45 963.485 963.582 0.0975378
32 48 962.49 962.587 0.0975382
18 46 946.577 946.752 0.174598
39 47 945.349 945.524 0.174596
33 48 973.587 973.915 0.328706
22 56 947.777 947.88 0.102662
34 48 949.492 949.666 0.174597
29 44 949.17 949.272 0.102658
23 46 958.243 958.345 0.10266
7 45 976.927 977.256 0.328708
30 44 973.03 973.132 0.102657
19 46 962.9 963.075 0.174593
10 45 956.503 956.678 0.174594
24 49 957.893 957.995 0.10266
27 49 962.676 962.778 0.102658
21 46 964.856 964.954 0.0975383
35 50 983.013 983.198 0.184836
17 46 974.848 974.946 0.0975405
18 46 976.577 976.68 0.102662
20 46 1149.56 1149.66 0.0975423
38 51 973.886 974.061 0.174595
6 45 984.222 984.551 0.328705
39 47 975.349 975.452 0.10266
22 46 977.777 977.875 0.0975376
36 50 977.802 977.976 0.174597
20 46 969.563 969.661 0.0975423
23 46 988.243 988.345 0.10266
20 46 1089.56 1089.66 0.0975423
16 45 1182.86 1182.96 0.102661
20 46 999.563 999.661 0.0975423
27 49 992.676 992.778 0.102658
34 48 979.492 979.666 0.174597
29 44 979.17 979.267 0.0975384
11 45 993.485 993.582 0.0975378
19 46 990.487 990.59 0.102657
24 49 987.893 987.99 0.0975404
33 48 1006.13 1006.46 0.328706
7 45 1009.47 1009.65 0.184836
36 50 1007.8 1007.9 0.102661
18 46 1006.58 1006.67 0.0975422
10 45 986.503 986.606 0.102658
25 49 1007.27 1007.37 0.0975388
39 47 1005.35 1005.45 0.0975404
32 48 992.49 992.587 0.0975382
35 50 1001.31 1001.49 0.174596
17 46 1004.85 1004.95 0.0975405
30 44 1003.03 1003.13 0.0975368
29 44 1039.17 1039.27 0.0975384
22 46 1007.78 1007.87 0.0975376
11 45 1023.48 1023.59 0.102658
29 44 1009.17 1009.27 0.102658
34 48 1009.49 1009.67 0.174597
7 45 1027.77 1027.94 0.174596
27 49 1022.68 1022.78 0.102658
33 48 1038.67 1039 0.328706
10 45 1016.5 1016.6 0.0975378
24 49 1017.89 1017.99 0.0975404
36 50 1037.8 1037.9 0.097541
27 49 1112.68 1112.77 0.0975377
19 46 1020.49 1020.58 0.0975374
23 46 1018.24 1018.34 0.0975396
21 46 1024.86 1024.95 0.0975383
39 47 1035.35 1035.45 0.0975404
38 51 1033.89 1034.06 0.174595
22 46 1037.78 1037.87 0.0975376
6 45 1049.31 1049.49 0.184833
32 48 1022.49 1022.59 0.102658
35 50 1026.36 1026.53 0.174596
17 46 1034.85 1034.95 0.0975405
30 44 1033.03 1033.13 0.0975368
20 46 1029.56 1029.66 0.0975423
10 45 1046.5 1046.6 0.0975378
18 46 1036.58 1036.67 0.0975422
20 46 1059.56 1059.67 0.102662
25 49 1037.27 1037.37 0.0975388
11 45 1053.48 1053.59 0.102658
33 48 1071.21 1071.4 0.184834
34 48 1039.49 1039.67 0.174597
7 45 1050.27 1050.45 0.174596
23 46 1048.24 1048.34 0.0975396
19 46 1050.49 1050.58 0.0975374
21 46 1054.86 1054.95 0.0975383
22 46 1097.78 1097.88 0.102658
32 48 1052.49 1052.59 0.102658
24 49 1047.89 1047.99 0.0975404
7 45 1080.27 1080.45 0.174596
36 50 1067.8 1067.9 0.097541
39 47 1095.35 1095.45 0.10266
22 46 1067.78 1067.87 0.0975376
29 44 1189.17 1189.27 0.0975384
5 45 1168.11 1170.41 2.30195
23 46 1078.24 1078.34 0.0975396
34 48 1069.49 1069.67 0.174597
29 44 1069.17 1069.27 0.0975384
11 45 1083.48 1083.59 0.102658
19 46 1080.49 1080.59 0.102657
32 48 1082.49 1082.59 0.102658
10 45 1076.5 1076.6 0.0975378
9 45 1390.25 1391.57 1.31482
24 49 1197.89 1197.99 0.0975404
14 45 1395.97 1398.27 2.30195
30 44 1183.03 1183.13 0.0975368
37 46 1176.32 1176.51 0.184836
21 46 1084.86 1084.95 0.0975383
33 48 1089.51 1089.68 0.174594
6 45 1091.62 1091.72 0.102657
24 49 1077.89 1077.99 0.0975404
6 45 1151.62 1151.72 0.102657
25 49 1097.27 1097.37 0.0975388
34 48 1099.49 1099.67 0.174597
23 46 1168.24 1168.34 0.0975396
27 49 1082.68 1082.77 0.0975377
18 46 1096.58 1096.68 0.102662
35 50 1086.36 1086.53 0.174596
21 46 1114.86 1114.95 0.0975383
37 46 1143.78 1144.11 0.328708
29 44 1099.17 1099.27 0.0975384
36 50 1097.8 1097.9 0.097541
17 46 1094.85 1094.95 0.0975405
23 46 1108.24 1108.34 0.0975396
7 45 1110.27 1110.45 0.174596
25 49 1127.27 1127.37 0.0975388
38 51 1093.89 1094.06 0.174595
30 44 1093.03 1093.13 0.102657
19 46 1110.49 1110.59 0.102657
10 45 1106.5 1106.61 0.102658
33 48 1109.47 1109.65 0.174594
11 45 1113.48 1113.59 0.102658
24 49 1107.89 1107.99 0.0975404
32 48 1112.49 1112.59 0.102658
36 50 1127.8 1127.9 0.097541
7 45 1140.27 1140.45 0.174596
39 47 1125.35 1125.45 0.10266
39 47 1155.35 1155.45 0.10266
25 49 1157.27 1157.37 0.0975388
22 46 1157.78 1157.88 0.102658
34 48 1159.49 1159.67 0.174597
18 46 1156.58 1156.67 0.0975422
36 50 1157.8 1157.9 0.097541
29 44 1159.17 1159.27 0.0975384
17 46 1154.85 1154.95 0.0975405
38 51 1153.89 1154.06 0.174595
30 44 1153.03 1153.13 0.0975368
10 56 1166.5 1166.61 0.102664
24 49 1167.89 1167.99 0.0975404
34 48 1189.49 1189.67 0.174597
19 46 1170.49 1170.59 0.102657
21 46 1174.86 1174.95 0.0975383
33 48 1199.47 1199.65 0.174594
35 50 1176.36 1176.53 0.174596
2 45 1377.11 1379.41 2.30196
0 45 1391.67 1391.99 0.328707
