18 25 0.0270476 2.329 2.30196
4 37 1.21717 3.51913 2.30196
2 36 6.58996 8.89191 2.30195
3 36 979.234 979.332 0.0975392
10 35 1.57908 3.88103 2.30196
10 35 961.579 961.677 0.0975392
8 35 1.82648 4.12844 2.30196
1 36 989.722 990.338 0.616451
12 26 2.34211 4.64407 2.30196
5 29 1093.02 1093.12 0.0975379
4 37 457.004 459.306 2.30196
7 37 5.68781 7.98977 2.30195
16 23 5.81048 8.11243 2.30196
19 32 6.46034 8.7623 2.30196
0 22 6.54384 8.8458 2.30195
11 35 12.165 14.467 2.30195
14 23 9.90449 12.2064 2.30195
8 0 457.613 0 -457.613
5 29 13.023 15.3249 2.30195
13 30 12.4989 14.8008 2.30196
6 38 986.954 987.283 0.328708
6 38 14.353 16.6549 2.30196
17 38 981.969 982.144 0.174595
16 23 935.81 935.913 0.102659
1 36 17.1202 19.4222 2.30196
12 26 458.129 460.431 2.30196
3 36 19.234 21.536 2.30196
17 38 19.5563 21.8582 2.30196
15 26 20.5259 22.8278 2.30195
3 36 247.127 249.429 2.30196
9 35 26.2558 28.5577 2.30196
11 35 942.165 942.268 0.102657
17 38 247.45 249.751 2.30196
7 37 965.688 965.785 0.0975384
13 30 468.285 470.587 2.30196
9 35 254.149 256.451 2.30196
18 25 227.92 230.222 2.30196
4 37 229.11 231.412 2.30196
10 35 229.472 231.774 2.30196
8 0 229.72 0 -229.72
12 26 230.235 232.537 2.30196
7 37 233.581 235.883 2.30195
16 23 233.704 236.006 2.30196
19 32 234.354 236.656 2.30196
0 22 234.437 236.739 2.30195
2 36 234.483 236.785 2.30195
14 23 237.798 240.1 2.30195
11 35 240.058 242.36 2.30195
13 30 240.392 242.694 2.30196
5 29 240.916 243.218 2.30195
6 38 242.246 244.548 2.30196
1 36 245.013 247.315 2.30196
1 36 1115.83 1116.02 0.184835
15 26 248.419 250.721 2.30195
2 36 936.59 936.693 0.102657
10 35 457.366 459.668 2.30196
7 37 689.368 691.67 2.30195
5 29 975.436 975.611 0.174594
19 32 968.873 968.976 0.10266
3 36 949.234 949.337 0.102659
11 35 972.165 972.263 0.0975373
5 29 468.809 471.111 2.30195
11 35 467.952 470.253 2.30195
2 36 462.376 464.678 2.30195
0 0 462.33 0 -462.33
17 38 475.343 477.645 2.30196
19 32 462.247 464.549 2.30196
6 38 470.139 472.441 2.30196
18 25 455.814 458.115 2.30196
7 37 461.474 463.776 2.30195
16 23 461.597 463.899 2.30196
1 36 472.907 475.209 2.30196
3 36 475.021 477.322 2.30196
14 23 465.691 467.993 2.30195
2 36 966.59 966.687 0.097537
0 22 1146.01 1146.11 0.102659
4 37 961.217 961.32 0.10266
19 32 1116.46 1116.56 0.10266
19 32 690.14 692.442 2.30196
0 22 690.224 692.526 2.30195
16 23 689.49 691.792 2.30196
5 29 957.138 957.322 0.184834
12 26 946.457 946.642 0.184836
16 23 965.81 965.913 0.102659
13 30 974.912 975.087 0.174597
15 26 476.312 478.614 2.30195
9 35 482.042 484.344 2.30196
18 25 962.44 962.615 0.174596
18 25 683.707 686.009 2.30196
4 37 684.897 687.199 2.30196
10 35 685.259 687.561 2.30196
8 35 685.506 687.808 2.30196
12 26 686.022 688.324 2.30196
2 36 690.27 692.572 2.30195
14 27 693.584 695.886 2.30196
11 35 695.845 698.147 2.30195
13 30 696.179 698.481 2.30196
5 29 696.703 699.005 2.30195
6 29 698.033 700.335 2.30196
1 36 700.8 703.102 2.30196
3 36 702.914 705.216 2.30196
17 38 703.236 705.538 2.30196
15 26 704.206 706.508 2.30195
14 23 982.506 982.835 0.328706
11 35 1092.17 1092.27 0.102657
9 35 709.936 712.237 2.30196
3 36 930.807 930.91 0.102659
12 26 964.755 964.93 0.174596
7 37 935.688 935.79 0.102658
1 36 1134.13 1134.31 0.174595
17 38 963.671 963.856 0.184835
4 37 931.217 931.32 0.10266
11 35 1122.17 1122.26 0.0975373
13 30 1122.5 1122.67 0.174597
18 25 990.027 990.202 0.174596
19 32 950.575 950.76 0.184836
16 23 1115.81 1115.91 0.0975392
1 36 928.693 929.31 0.616451
17 38 1099.56 1099.65 0.0975394
13 30 956.614 956.798 0.184837
18 25 911.6 911.929 0.328708
4 37 912.79 912.975 0.184836
10 35 913.152 913.255 0.102659
8 34 913.399 915.701 2.30196
12 26 913.915 914.244 0.328708
7 37 917.261 917.446 0.184834
16 23 917.383 917.486 0.102659
19 32 918.033 918.362 0.328708
0 22 918.117 920.419 2.30195
2 36 918.163 918.266 0.102657
14 23 921.477 922.094 0.61645
13 30 924.072 924.401 0.328709
11 35 923.738 923.923 0.184833
5 29 924.596 924.925 0.328706
10 35 931.579 931.682 0.102659
15 38 932.099 932.715 0.616454
15 26 993.127 993.456 0.328705
17 38 931.129 931.458 0.328707
6 29 925.926 926.542 0.616452
2 36 1116.59 1116.69 0.097537
18 25 944.142 944.327 0.184836
9 35 937.829 940.131 2.30196
10 35 991.579 991.677 0.0975392
12 26 992.342 992.445 0.10266
16 23 995.81 995.913 0.102659
19 32 1146.46 1146.56 0.10266
19 32 996.46 996.558 0.0975397
13 30 1002.5 1002.67 0.174597
5 29 1003.02 1003.2 0.174594
2 36 996.59 996.687 0.097537
4 37 991.217 991.315 0.0975398
18 25 1020.03 1020.2 0.174596
10 35 1021.58 1021.68 0.0975392
17 38 1009.56 1009.73 0.174595
14 23 1015.05 1015.38 0.328706
7 37 995.688 995.79 0.102658
11 35 1002.17 1002.27 0.102657
15 26 1025.67 1026 0.328705
3 36 1009.23 1009.33 0.0975392
6 38 1019.5 1019.82 0.328708
7 37 1115.69 1115.79 0.0975384
4 37 1021.22 1021.31 0.0975398
16 23 1025.81 1025.91 0.0975392
11 35 1032.17 1032.27 0.102657
5 29 1033.02 1033.2 0.174594
2 36 1026.59 1026.69 0.097537
19 32 1026.46 1026.56 0.0975397
2 36 1056.59 1056.69 0.097537
12 26 1022.34 1022.44 0.0975403
14 23 1047.59 1047.77 0.184834
17 38 1039.56 1039.73 0.174595
7 37 1025.69 1025.79 0.0975384
11 35 1182.17 1182.26 0.0975373
12 26 1052.34 1052.44 0.0975403
14 23 1089.9 1090.01 0.102658
7 37 1055.69 1055.79 0.102658
18 25 1050.03 1050.2 0.174596
13 30 1032.5 1032.67 0.174597
10 35 1051.58 1051.68 0.0975392
19 32 1056.46 1056.56 0.10266
15 26 1058.21 1058.54 0.328705
10 35 1081.58 1081.68 0.0975392
1 36 1050.75 1051.08 0.328707
0 22 1176.54 1176.64 0.0975389
3 36 1039.23 1039.33 0.0975392
6 38 1052.04 1052.37 0.328708
4 37 1051.22 1051.31 0.0975398
7 37 1085.69 1085.79 0.0975384
13 30 1062.5 1062.67 0.174597
17 38 1069.56 1069.66 0.102659
5 29 1063.02 1063.13 0.102658
16 23 1055.81 1055.91 0.0975392
14 23 1065.89 1066.06 0.174594
11 35 1062.17 1062.27 0.102657
16 23 1085.81 1085.91 0.0975392
18 25 1080.03 1080.2 0.174596
2 36 1086.59 1086.69 0.097537
15 26 1090.75 1090.94 0.184833
17 38 1189.56 1189.66 0.102659
1 36 1083.29 1083.62 0.328707
3 36 1069.23 1069.33 0.0975392
6 38 1084.58 1084.91 0.328708
3 36 1129.23 1129.33 0.0975392
10 35 1171.58 1171.68 0.0975392
4 37 1081.22 1081.31 0.0975398
12 26 1112.34 1112.44 0.0975403
12 26 1082.34 1082.44 0.0975403
13 30 1092.5 1092.67 0.174597
3 36 1099.23 1099.33 0.0975392
8 35 1141.29 1143.59 2.30196
4 37 1111.22 1111.31 0.0975398
6 38 1117.12 1117.31 0.184836
15 26 1109.05 1109.23 0.174593
17 38 1129.56 1129.65 0.0975394
18 25 1110.03 1110.2 0.174596
19 32 1086.46 1086.56 0.10266
14 23 1119.9 1120 0.0975377
6 38 1135.42 1135.59 0.174596
10 35 1111.58 1111.68 0.0975392
15 26 1130.53 1130.7 0.174593
5 29 1123.02 1123.12 0.0975379
4 37 1171.22 1171.31 0.0975398
11 35 1152.17 1152.26 0.0975373
9 35 1165.72 1168.02 2.30196
6 38 1154.35 1154.53 0.174596
10 35 1141.58 1141.68 0.0975392
2 36 1146.59 1146.69 0.097537
2 36 1176.59 1176.69 0.097537
7 37 1145.69 1145.79 0.0975384
5 29 1153.02 1153.12 0.0975379
8 35 1369.19 1370.5 1.31482
4 37 1141.22 1141.31 0.0975398
16 23 1145.81 1145.91 0.0975392
12 26 1142.34 1142.44 0.0975403
18 25 1140.03 1140.2 0.174596
14 23 1179.9 1180.01 0.102658
19 32 1176.46 1176.56 0.10266
14 23 1149.9 1150.01 0.102658
16 23 1175.81 1175.91 0.0975392
13 30 1152.5 1152.67 0.174597
3 36 1159.23 1159.33 0.0975392
15 26 1160.53 1160.63 0.102657
7 37 1175.69 1175.79 0.0975384
13 30 1182.5 1182.67 0.174597
18 25 1170.03 1170.2 0.174596
17 38 1159.56 1159.66 0.102659
5 29 1183.02 1183.12 0.0975379
1 36 1157.12 1157.22 0.102659
6 38 1184.35 1184.53 0.174596
3 36 1189.23 1189.33 0.0975392
12 26 1172.34 1172.44 0.0975403
15 26 1190.53 1190.62 0.0975372
1 36 1187.12 1187.22 0.0975393
9 35 1393.62 1395.92 2.30196
