49 78 0.706099 3.00805 2.30195
23 63 1.02771 3.32966 2.30195
42 64 920.263 920.447 0.184833
10 90 1.07055 3.3725 2.30195
41 64 1.36593 3.66788 2.30195
6 91 1.83483 4.13679 2.30195
1 83 686.708 689.01 2.30196
35 75 687.176 689.478 2.30195
40 97 926.785 926.888 0.102658
48 87 2.89657 5.19852 2.30195
20 62 704.455 706.757 2.30195
8 90 704.661 706.963 2.30196
46 81 1066.41 1066.51 0.0975384
1 84 3.02796 5.32991 2.30195
40 97 945.212 945.315 0.102658
35 75 3.49613 5.79808 2.30195
12 91 4.22688 6.52883 2.30195
43 55 484.639 486.941 2.30195
30 70 5.18876 7.49071 2.30195
2 84 4.68021 6.98216 2.30195
31 70 4.90318 7.20514 2.30195
3 91 5.35633 7.65828 2.30195
47 73 702.214 704.516 2.30195
24 70 702.471 704.773 2.30196
15 91 484.997 487.299 2.30195
38 93 1001.55 1001.65 0.102658
0 83 692.743 695.045 2.30195
22 62 693.661 695.963 2.30195
34 69 1003.6 1003.7 0.0975393
17 83 918.934 919.037 0.102658
17 90 691.041 693.343 2.30196
27 0 691.367 0 -691.367
5 84 942.946 943.048 0.102657
27 70 7.68728 9.98923 2.30195
45 77 7.00805 9.31001 2.30195
7 84 7.78011 10.0821 2.30195
46 81 16.4127 18.7147 2.30195
11 91 10.03 12.332 2.30195
13 84 479.821 482.123 2.30195
17 83 7.36123 9.66319 2.30195
0 84 9.06322 11.3652 2.30195
21 0 696.744 0 -696.744
34 76 697.281 699.583 2.30196
34 69 925.174 925.359 0.184835
24 70 1128.79 1128.89 0.097539
18 84 8.67697 10.9789 2.30195
26 70 8.79745 11.0994 2.30195
42 64 8.68958 10.9915 2.30195
22 62 9.98126 12.2832 2.30195
29 69 10.4359 12.7379 2.30195
39 98 701.319 703.621 2.30195
9 91 701.419 703.721 2.30195
39 98 1127.64 1127.74 0.0975371
7 84 997.78 997.878 0.0975374
35 75 915.069 915.398 0.328705
23 63 1141.03 1141.13 0.102657
17 83 1117.36 1117.46 0.0975383
21 69 1152.53 1154.83 2.30196
38 93 11.5479 13.8499 2.30195
21 62 13.0639 15.3658 2.30195
5 84 12.9456 15.2475 2.30195
34 76 13.6008 15.9028 2.30196
44 86 15.235 17.5369 2.30195
4 90 710.549 712.851 2.30195
47 73 930.107 930.436 0.328706
18 84 1376.04 1376.14 0.102658
40 97 15.2125 17.5144 2.30195
16 83 712.032 714.334 2.30195
19 70 941.112 941.215 0.102658
38 93 923.121 923.224 0.102658
14 90 700.688 702.99 2.30195
37 85 701.185 703.486 2.30195
45 0 918.581 0 -918.581
7 84 691.46 693.762 2.30195
18 0 692.357 0 -692.357
32 76 705.619 707.921 2.30195
13 84 707.714 710.016 2.30195
25 63 16.8506 19.1526 2.30195
42 64 692.369 694.671 2.30195
26 0 692.477 0 -692.477
38 93 695.228 697.53 2.30195
5 84 696.625 698.927 2.30195
14 90 17.0085 19.3105 2.30195
37 85 17.5048 19.8067 2.30195
28 62 483.332 485.634 2.30195
41 64 1051.37 1051.47 0.102658
49 78 912.279 912.382 0.102657
46 81 1036.41 1036.51 0.0975384
9 91 17.739 20.0409 2.30195
39 98 17.6391 19.941 2.30195
40 97 1005.21 1005.32 0.102658
47 73 18.5339 20.8358 2.30195
6 91 685.515 687.817 2.30195
48 87 686.576 688.878 2.30195
24 70 18.7912 21.0931 2.30196
46 81 927.986 928.088 0.102658
20 62 20.775 23.077 2.30195
8 91 20.9814 23.2833 2.30195
13 84 24.0346 26.3366 2.30195
32 76 21.9389 24.2409 2.30195
39 98 947.639 947.737 0.0975371
16 83 28.3524 30.6544 2.30195
36 68 24.3479 26.6499 2.30195
0 84 236.956 239.258 2.30195
33 82 483.598 485.9 2.30195
33 82 27.8117 30.1137 2.30195
28 62 27.5457 29.8477 2.30195
43 55 28.8521 31.1541 2.30195
4 90 26.8694 29.1714 2.30195
15 91 940.783 940.968 0.184834
15 91 712.89 715.192 2.30195
19 70 713.219 715.521 2.30195
10 90 912.644 914.945 2.30195
40 97 698.892 701.194 2.30195
44 86 698.915 701.217 2.30195
19 70 29.5391 31.8411 2.30195
15 91 29.2101 31.5121 2.30195
37 85 245.398 247.7 2.30195
39 98 245.532 247.834 2.30195
9 91 245.632 247.934 2.30195
47 73 246.427 248.729 2.30195
38 93 239.441 241.743 2.30195
46 81 244.306 246.608 2.30195
25 63 244.744 247.046 2.30195
14 90 244.902 247.204 2.30195
5 84 240.839 243.141 2.30195
21 62 240.957 243.259 2.30195
34 69 241.494 243.796 2.30196
46 81 700.092 702.394 2.30195
25 63 700.53 702.832 2.30195
43 54 712.532 714.834 2.30196
40 97 243.106 245.408 2.30195
44 86 243.128 245.43 2.30195
29 69 238.329 240.631 2.30195
22 62 237.875 240.176 2.30195
20 62 248.668 250.97 2.30195
19 70 257.432 259.734 2.30195
11 91 237.923 240.225 2.30195
3 0 689.036 0 -689.036
45 77 690.688 692.99 2.30195
43 55 256.745 259.047 2.30195
24 70 246.684 248.986 2.30196
28 62 255.439 257.741 2.30195
37 85 1127.5 1127.6 0.0975384
11 91 921.603 923.905 2.30195
26 0 920.37 0 -920.37
37 85 1157.5 1157.6 0.0975384
49 78 228.599 230.901 2.30195
23 63 228.921 231.223 2.30195
10 90 228.964 231.266 2.30195
41 64 229.259 231.561 2.30195
6 91 229.728 232.03 2.30195
48 87 230.79 233.092 2.30195
1 84 230.921 233.223 2.30195
35 75 231.389 233.691 2.30195
12 91 232.12 234.422 2.30195
2 84 232.573 234.875 2.30195
31 70 232.796 235.098 2.30195
30 63 233.082 235.384 2.30195
3 91 233.25 235.552 2.30195
45 77 234.901 237.203 2.30195
17 83 235.254 237.556 2.30195
27 70 235.581 237.882 2.30195
7 84 235.673 237.975 2.30195
18 91 236.57 238.872 2.30196
42 64 236.583 238.885 2.30195
26 70 236.691 238.993 2.30195
38 93 1061.55 1061.65 0.0975376
29 69 922.009 922.194 0.184834
10 90 684.75 687.052 2.30195
41 64 685.046 687.348 2.30195
30 63 916.762 919.064 2.30195
12 0 915.8 0 -915.8
48 87 1142.9 1142.99 0.0975383
19 70 485.326 487.628 2.30195
25 63 1188.86 1189.19 0.328706
9 91 929.312 929.415 0.102657
7 84 1117.78 1117.88 0.0975374
8 91 248.875 251.177 2.30195
39 98 929.212 929.315 0.102657
13 84 1134.03 1134.13 0.0975385
32 76 249.832 252.134 2.30195
13 84 251.928 254.23 2.30195
32 76 1161.41 1161.73 0.328706
33 82 971.926 972.255 0.328706
9 91 1067.74 1067.84 0.097537
27 70 1147.15 1147.26 0.102659
16 83 484.139 486.441 2.30195
37 85 1037.5 1037.6 0.0975384
4 90 254.763 257.065 2.30195
36 68 252.241 254.543 2.30195
49 78 684.386 686.688 2.30195
23 63 684.707 687.009 2.30195
13 84 935.608 935.792 0.184835
18 84 920.25 922.552 2.30195
28 62 711.225 713.527 2.30195
33 82 255.705 258.007 2.30195
31 70 688.583 690.885 2.30195
30 0 688.869 0 -688.869
16 83 256.246 258.548 2.30195
36 68 708.028 710.33 2.30195
15 91 257.103 259.405 2.30195
27 69 463.474 465.776 2.30196
12 0 687.907 0 -687.907
2 0 688.36 0 -688.36
17 83 463.148 465.45 2.30195
33 82 711.491 713.793 2.30195
14 90 1037.01 1037.11 0.0975369
19 70 1139.54 1139.64 0.0975379
40 97 1065.21 1065.32 0.102658
29 69 1000.44 1000.54 0.102658
11 91 693.71 696.012 2.30195
29 69 694.116 696.418 2.30195
25 63 472.637 474.939 2.30195
17 83 997.361 997.459 0.0975383
9 91 947.739 947.842 0.102657
33 82 1055.31 1055.48 0.174594
48 87 914.47 914.572 0.102658
37 85 929.078 929.18 0.102658
16 83 1018.35 1018.45 0.0975369
0 84 920.636 922.938 2.30195
34 69 943.601 943.704 0.102659
5 84 924.519 924.621 0.102657
14 90 472.795 475.097 2.30195
9 91 473.525 475.827 2.30195
24 70 930.364 930.467 0.102659
24 70 474.578 476.88 2.30196
25 63 1156.32 1156.65 0.328706
41 64 912.939 913.042 0.102658
46 81 946.413 946.515 0.102658
20 62 950.775 950.878 0.102658
29 69 940.436 940.539 0.102658
3 91 916.929 919.231 2.30195
4 90 1046.87 1046.97 0.0975385
34 69 1123.6 1123.7 0.0975393
25 63 928.424 930.726 2.30195
3 90 1144.82 1147.12 2.30196
29 69 466.222 468.524 2.30195
42 64 464.476 466.778 2.30195
40 97 470.999 473.301 2.30195
20 62 476.562 478.863 2.30195
18 0 464.463 0 -464.463
46 81 472.199 474.501 2.30195
32 76 477.725 480.027 2.30195
36 68 480.134 482.436 2.30195
7 84 463.567 465.869 2.30195
45 77 462.795 465.097 2.30195
31 70 916.476 916.579 0.102657
37 85 473.291 475.593 2.30195
39 98 473.426 475.728 2.30195
8 91 476.768 479.07 2.30195
4 90 482.656 484.958 2.30195
2 91 916.253 918.555 2.30195
48 87 992.897 992.999 0.102658
23 63 912.601 912.929 0.328705
14 90 1007.01 1007.11 0.0975369
6 91 913.408 913.51 0.102657
49 78 456.493 458.795 2.30195
23 63 456.814 459.116 2.30195
10 90 456.857 459.159 2.30195
41 64 457.152 459.454 2.30195
6 91 457.621 459.923 2.30195
48 87 458.683 460.985 2.30195
1 84 458.814 461.116 2.30195
35 75 459.283 461.585 2.30195
12 84 460.013 462.315 2.30196
2 91 460.467 462.769 2.30195
31 70 460.69 462.992 2.30195
30 63 460.975 463.277 2.30195
3 91 461.143 463.445 2.30195
47 73 1188.53 1188.71 0.174594
37 85 947.505 947.607 0.102658
0 0 464.85 0 -464.85
26 70 464.584 466.886 2.30195
22 62 465.768 468.07 2.30195
11 91 465.817 468.118 2.30195
38 93 467.334 469.636 2.30195
31 70 994.903 995.001 0.0975375
47 73 474.32 476.622 2.30195
21 62 468.85 471.152 2.30195
34 76 469.387 471.689 2.30196
5 84 468.732 471.034 2.30195
44 86 471.021 473.323 2.30195
47 73 962.649 962.833 0.184834
37 85 1007.5 1007.6 0.0975384
21 62 924.637 926.939 2.30195
4 90 1166.87 1166.97 0.0975385
22 69 921.554 923.856 2.30196
40 97 1035.21 1035.32 0.102658
24 70 978.791 978.894 0.102659
7 84 919.353 919.456 0.102657
39 98 1067.64 1067.74 0.0975371
43 55 940.425 940.61 0.184833
19 70 1109.54 1109.64 0.0975379
47 73 1068.53 1068.71 0.174594
15 91 1049.21 1049.31 0.102658
44 86 926.808 926.911 0.102658
1 84 914.601 916.903 2.30195
39 98 1007.64 1007.74 0.0975371
6 91 1141.83 1141.93 0.0975371
30 70 1144.65 1146.96 2.30195
35 75 1113.5 1113.59 0.0975375
14 90 947.009 947.111 0.102657
7 84 1057.78 1057.88 0.0975374
21 62 1380.42 1380.53 0.102657
27 70 919.26 921.562 2.30195
38 93 941.548 941.651 0.102658
44 86 1185.23 1185.33 0.0975379
5 84 1062.95 1063.05 0.102657
17 83 1057.36 1057.46 0.0975383
44 86 1065.23 1065.33 0.0975379
5 84 1182.95 1183.04 0.0975374
18 84 1148.14 1150.45 2.30195
14 90 928.581 928.684 0.102657
32 76 933.512 935.814 2.30195
41 64 991.366 991.469 0.102658
8 90 932.554 934.856 2.30196
20 63 932.348 932.451 0.10266
0 84 1148.53 1148.63 0.102658
28 62 1197.55 1197.65 0.102658
35 75 993.496 993.671 0.174593
36 68 935.921 938.223 2.30195
6 91 991.835 991.932 0.0975371
24 70 1068.79 1068.89 0.102659
9 91 1037.74 1037.84 0.097537
47 73 1038.53 1038.71 0.174594
44 86 945.235 945.338 0.102658
13 84 984.035 984.137 0.102659
27 70 1177.69 1177.79 0.102659
24 70 1038.79 1038.89 0.102659
42 64 1178.69 1178.79 0.0975368
44 86 1005.23 1005.34 0.102658
19 70 1049.54 1049.64 0.0975379
42 64 1058.69 1058.79 0.102657
46 81 1126.41 1126.51 0.0975384
4 90 986.869 986.972 0.102658
47 73 1128.53 1128.71 0.174594
46 81 1006.41 1006.52 0.102658
36 68 1224.84 1225.46 0.616451
14 90 1067.01 1067.11 0.0975369
33 82 939.385 939.713 0.328706
31 70 1054.9 1055 0.0975375
5 84 1002.95 1003.05 0.102657
48 87 1172.9 1172.99 0.0975383
44 86 975.235 975.338 0.102658
16 90 939.925 940.028 0.10266
28 62 939.119 941.421 2.30195
49 78 990.706 990.809 0.102657
49 78 930.706 930.804 0.097537
4 90 938.442 938.545 0.102658
39 98 977.639 977.737 0.0975371
31 70 934.903 935.006 0.102657
41 64 931.366 931.469 0.102658
35 75 947.611 947.796 0.184833
23 63 945.142 945.245 0.102657
24 70 948.791 948.894 0.102659
9 91 1007.74 1007.84 0.097537
23 63 1171.03 1171.13 0.102657
7 84 937.78 937.883 0.102657
48 87 932.897 932.999 0.102658
6 84 931.835 931.937 0.102661
42 64 938.69 938.792 0.102657
17 83 937.361 937.464 0.102658
13 84 954.035 954.137 0.102659
43 55 958.852 958.955 0.102657
37 85 1187.5 1187.6 0.0975384
17 83 1177.36 1177.46 0.0975383
23 63 1051.03 1051.13 0.102657
16 83 958.352 958.455 0.102657
15 91 959.21 959.313 0.102658
26 91 1148.26 1150.57 2.30197
19 70 959.539 959.642 0.102658
6 91 1021.83 1021.93 0.0975371
4 90 956.869 956.972 0.102658
39 98 1037.64 1037.74 0.0975371
37 85 1067.5 1067.6 0.0975384
43 55 1138.85 1138.95 0.102657
49 78 1050.71 1050.81 0.102657
23 63 991.028 991.125 0.0975372
42 64 998.69 998.792 0.102657
6 91 1051.83 1051.93 0.0975371
29 69 1060.44 1060.54 0.102658
49 78 960.706 960.809 0.102657
10 90 1158.84 1158.94 0.102658
23 63 961.028 961.125 0.0975372
40 97 1185.21 1185.31 0.0975379
42 64 1118.69 1118.79 0.102657
41 64 961.366 961.469 0.102658
13 84 1044.03 1044.14 0.102659
35 75 965.909 966.084 0.174593
48 87 962.897 962.999 0.102658
31 70 1144.9 1145 0.0975375
7 84 967.78 967.878 0.0975374
15 91 989.21 989.308 0.0975378
42 64 968.69 968.787 0.0975368
6 91 961.835 961.937 0.102657
46 81 976.413 976.515 0.102658
14 90 977.009 977.106 0.0975369
33 82 1004.47 1004.8 0.328706
31 70 964.903 965.006 0.102657
16 83 988.352 988.455 0.102657
29 69 970.436 970.533 0.0975384
44 86 1035.23 1035.34 0.102658
37 85 977.505 977.607 0.102658
17 83 967.361 967.464 0.102658
43 55 1048.85 1048.95 0.102657
5 84 972.946 973.048 0.102657
38 93 971.548 971.651 0.102658
47 73 980.947 981.122 0.174594
9 91 977.739 977.837 0.097537
43 55 988.852 988.95 0.0975373
19 70 989.539 989.642 0.102658
40 97 975.212 975.315 0.102658
20 62 980.775 980.878 0.102658
34 69 973.601 973.704 0.102659
41 64 1141.37 1141.46 0.0975382
24 70 1008.79 1008.89 0.102659
43 55 1018.85 1018.95 0.0975373
47 73 1008.53 1008.71 0.174594
4 90 1136.87 1136.97 0.0975385
48 87 1052.9 1052.99 0.0975383
20 62 1010.78 1010.88 0.102658
11 91 1149.5 1149.6 0.102658
13 84 1014.03 1014.14 0.102659
4 90 1016.87 1016.97 0.102658
33 82 1167.81 1167.99 0.174594
15 91 1019.21 1019.31 0.0975378
20 62 1040.78 1040.88 0.102658
33 82 1037.01 1037.19 0.184834
34 69 1063.6 1063.7 0.0975393
31 70 1114.9 1115 0.0975375
14 90 1127.01 1127.11 0.0975369
20 62 1130.78 1130.87 0.0975385
9 91 1187.74 1187.84 0.097537
12 91 1143.69 1146 2.30195
35 75 1053.5 1053.6 0.102657
43 55 1168.85 1168.95 0.102657
34 69 1033.6 1033.7 0.0975393
19 70 1019.54 1019.64 0.097538
2 91 1144.15 1146.45 2.30195
41 64 1021.37 1021.47 0.102658
42 64 1028.69 1028.79 0.102657
7 84 1027.78 1027.88 0.0975374
49 78 1020.71 1020.81 0.102657
11 91 1180.03 1180.13 0.0975378
16 83 1048.35 1048.45 0.0975369
29 69 1120.44 1120.53 0.0975384
36 68 1163.81 1164.43 0.616451
5 84 1032.95 1033.05 0.102657
4 90 1196.87 1196.97 0.0975385
17 83 1027.36 1027.46 0.0975383
23 63 1021.03 1021.13 0.102657
24 70 1188.79 1188.89 0.097539
31 70 1174.9 1175 0.0975375
30 70 1372.55 1372.65 0.102658
48 87 1022.9 1023 0.102658
5 84 1122.95 1123.04 0.0975374
35 75 1023.5 1023.67 0.174593
8 91 1160.45 1160.55 0.102658
29 69 1030.44 1030.54 0.102658
0 84 1179.06 1179.16 0.0975383
6 91 1171.83 1171.93 0.0975371
38 93 1031.55 1031.65 0.102658
31 70 1024.9 1025.01 0.102657
10 90 1171.07 1171.17 0.0975385
1 84 1370.39 1370.49 0.102658
45 77 1146.47 1148.78 2.30195
13 84 1164.03 1164.13 0.0975385
4 90 1076.87 1076.97 0.0975385
13 84 1074.03 1074.14 0.102659
20 62 1070.78 1070.87 0.0975385
43 55 1078.85 1078.95 0.102657
41 64 1081.37 1081.47 0.102658
19 70 1079.54 1079.64 0.0975379
33 82 1077.81 1077.99 0.174594
49 78 1080.71 1080.81 0.102657
16 83 1078.35 1078.45 0.0975369
9 91 1127.74 1127.84 0.097537
35 75 1143.5 1143.59 0.0975375
1 84 1142.49 1144.8 2.30195
41 64 1171.37 1171.46 0.0975382
6 91 1111.83 1111.93 0.0975371
23 63 1111.03 1111.13 0.102657
10 90 1140.54 1140.72 0.184835
44 86 1125.23 1125.33 0.0975379
19 70 1169.54 1169.64 0.0975379
28 62 1167.01 1167.11 0.102658
23 63 1081.03 1081.13 0.102657
15 91 1079.21 1079.31 0.102658
15 91 1109.21 1109.31 0.102658
48 87 1112.9 1112.99 0.0975383
49 78 1110.71 1110.8 0.097537
42 64 1148.69 1148.79 0.102657
7 84 1087.78 1087.88 0.0975374
35 75 1083.5 1083.59 0.0975375
17 83 1087.36 1087.46 0.0975383
48 87 1082.9 1082.99 0.0975383
42 64 1088.69 1088.79 0.102657
6 91 1081.83 1081.93 0.0975371
22 62 1149.45 1151.75 2.30195
8 91 1190.98 1191.08 0.102658
15 91 1139.21 1139.31 0.102658
34 69 1093.6 1093.7 0.0975393
29 69 1090.44 1090.53 0.0975384
47 73 1098.53 1098.71 0.174594
40 97 1125.21 1125.31 0.0975379
31 70 1084.9 1085 0.0975375
41 64 1111.37 1111.46 0.0975382
38 93 1121.55 1121.65 0.0975376
24 70 1098.79 1098.89 0.097539
14 90 1097.01 1097.11 0.0975369
16 83 1108.35 1108.45 0.0975369
46 81 1096.41 1096.51 0.0975384
37 85 1097.5 1097.6 0.0975384
39 98 1097.64 1097.74 0.0975371
9 91 1097.74 1097.84 0.097537
33 82 1107.81 1107.99 0.174594
5 84 1092.95 1093.04 0.0975374
49 78 1140.71 1140.8 0.097537
43 55 1108.85 1108.95 0.102657
7 84 1177.78 1177.88 0.0975374
38 93 1091.55 1091.65 0.0975376
43 55 1198.85 1198.95 0.102657
33 82 1137.81 1137.99 0.174594
44 86 1095.23 1095.33 0.0975379
40 97 1095.21 1095.31 0.0975379
20 62 1100.78 1100.87 0.0975385
16 83 1138.35 1138.45 0.0975369
13 84 1104.03 1104.13 0.0975385
4 90 1106.87 1106.97 0.0975385
14 90 1187.01 1187.11 0.0975369
3 90 1372.72 1375.02 2.30196
49 78 1170.71 1170.8 0.097537
17 84 1147.36 1147.46 0.0975393
27 70 1157.32 1157.42 0.102659
7 84 1147.78 1147.88 0.0975374
45 77 1374.37 1374.47 0.102659
2 84 1372.04 1372.14 0.102658
29 69 1180.44 1180.53 0.0975384
13 84 1194.03 1194.13 0.0975385
16 83 1168.35 1168.45 0.0975369
26 70 1376.16 1376.26 0.102658
39 98 1187.64 1187.74 0.0975371
22 62 1377.34 1379.64 2.30195
46 81 1186.41 1186.51 0.0975384
34 69 1153.6 1153.7 0.0975393
46 81 1156.41 1156.51 0.0975384
29 69 1150.44 1150.53 0.0975384
11 91 1159.66 1159.76 0.102658
34 69 1183.6 1183.7 0.0975393
5 84 1152.95 1153.04 0.0975374
12 91 1371.59 1371.69 0.102659
38 93 1151.55 1151.65 0.0975376
28 62 1177.17 1177.28 0.102658
38 93 1181.55 1181.65 0.0975376
14 90 1157.01 1157.11 0.0975369
8 91 1170.61 1170.71 0.102658
40 97 1155.21 1155.31 0.0975379
15 91 1169.21 1169.31 0.102658
33 82 1197.81 1197.99 0.174594
24 70 1158.79 1158.89 0.097539
47 73 1158.53 1158.71 0.174594
39 98 1157.64 1157.74 0.0975371
20 62 1160.78 1160.87 0.0975385
9 91 1157.74 1157.84 0.097537
44 86 1155.23 1155.33 0.0975379
35 75 1173.5 1173.59 0.0975375
32 76 1193.95 1194.13 0.184834
20 62 1190.78 1190.87 0.0975385
16 83 1198.35 1198.45 0.0975369
19 70 1199.54 1199.64 0.0975379
15 91 1199.21 1199.31 0.102658
