8 60 0.111211 2.41317 2.30195
20 86 2.0526 4.35456 2.30195
37 64 5.25055 7.55251 2.30195
25 74 5.12931 7.43126 2.30195
40 88 2.07805 4.38 2.30195
32 65 1078.37 1078.47 0.102659
13 87 2.22595 4.52791 2.30196
23 80 1079.16 1079.27 0.102657
34 58 977.64 977.738 0.0975371
25 74 916.702 919.004 2.30195
28 59 956.27 956.373 0.102659
47 71 3.99297 6.29492 2.30195
38 90 3.68078 5.98273 2.30195
36 70 1149.25 1149.34 0.097537
36 70 1179.25 1179.34 0.097537
11 53 1048.62 1048.72 0.102657
46 68 1109.14 1109.76 0.616451
39 89 5.78452 8.08647 2.30195
18 87 7.63311 9.93506 2.30195
4 54 8.38445 10.6864 2.30195
19 79 7.64507 9.94702 2.30195
5 61 6.10972 8.41167 2.30195
35 65 7.13062 9.43257 2.30195
6 54 7.86277 10.1647 2.30195
29 0 8.24951 0 -8.24951
5 61 917.683 917.868 0.184834
12 53 931.987 934.289 2.30196
33 58 1084.42 1084.59 0.174595
15 86 1009.63 1009.73 0.102657
11 53 712.296 714.598 2.30195
37 64 995.251 995.425 0.174593
45 60 1070.61 1070.71 0.0975388
17 87 953.864 953.961 0.097538
30 0 8.95972 0 -8.95972
24 74 8.8547 11.1567 2.30195
36 76 9.24692 11.5489 2.30196
30 52 692.639 694.941 2.30196
36 71 692.927 695.229 2.30196
9 0 708.561 0 -708.561
4 54 1088.38 1088.48 0.0975372
41 88 17.1913 19.4933 2.30195
22 80 11.6746 13.9766 2.30195
49 51 18.7557 21.0577 2.30195
17 87 23.8637 26.1656 2.30195
49 51 948.756 948.858 0.102658
21 80 11.701 14.0029 2.30195
32 64 712.051 714.353 2.30196
14 87 19.2042 21.5062 2.30196
26 80 17.0288 19.3307 2.30195
1 54 18.5726 20.8745 2.30195
46 68 14.4839 16.7858 2.30196
18 87 691.313 693.615 2.30195
19 79 691.325 693.627 2.30195
44 51 1096.46 1096.56 0.0975376
16 87 17.6449 19.9469 2.30195
34 58 17.6401 19.942 2.30195
3 61 17.5496 19.8515 2.30195
44 51 16.4629 18.7649 2.30195
2 54 17.8329 20.1348 2.30195
45 60 1190.61 1190.71 0.0975388
19 79 1157.27 1157.38 0.102659
34 58 929.213 929.316 0.102657
29 59 919.823 922.124 2.30195
47 71 687.673 689.975 2.30195
25 74 688.809 691.111 2.30195
17 87 707.543 709.845 2.30195
7 54 1012.94 1013.04 0.097538
1 54 930.146 932.448 2.30195
41 88 928.764 931.066 2.30195
4 54 692.064 694.366 2.30195
24 0 692.534 0 -692.534
15 86 1189.63 1189.72 0.0975374
10 53 19.4812 21.7832 2.30195
20 86 685.732 688.034 2.30195
40 88 685.758 688.06 2.30195
28 59 986.27 986.373 0.102659
48 0 19.731 0 -19.731
15 86 19.6254 21.9274 2.30195
7 54 1192.94 1193.05 0.102658
45 60 950.612 950.715 0.102659
12 61 20.4138 22.7158 2.30196
45 53 20.6124 22.9144 2.30196
11 53 958.617 958.719 0.102657
7 54 22.9441 25.246 2.30195
0 53 22.7427 25.0447 2.30196
27 74 25.4021 27.7041 2.30195
31 59 24.3561 26.6581 2.30195
33 58 24.3788 26.6808 2.30195
9 60 24.8817 27.1836 2.30195
48 66 931.304 933.606 2.30196
33 58 968.494 968.822 0.328707
19 79 919.218 921.52 2.30195
23 80 1139.16 1139.27 0.102657
32 65 28.3717 30.6737 2.30195
5 61 689.789 692.091 2.30195
35 65 690.81 693.112 2.30195
42 63 26.2351 28.5371 2.30196
28 60 26.2704 28.5724 2.30196
7 54 952.944 953.042 0.097538
42 63 709.915 712.217 2.30196
23 80 29.1639 31.4659 2.30195
43 57 29.4686 31.7706 2.30195
11 53 28.6166 30.9185 2.30195
2 0 929.406 0 -929.406
5 61 936.11 936.212 0.102658
39 89 917.358 917.46 0.102658
28 59 1136.27 1136.37 0.0975387
3 61 1384.91 1385.01 0.102658
21 80 1091.7 1091.8 0.0975384
5 61 1086.11 1086.21 0.0975381
15 86 247.519 249.821 2.30195
23 80 712.844 715.146 2.30195
31 59 252.249 254.551 2.30195
28 65 254.164 256.466 2.30196
48 0 247.624 0 -247.624
10 53 247.374 249.676 2.30195
33 58 1033.58 1033.91 0.328707
14 0 247.097 0 -247.097
6 61 919.436 921.738 2.30196
16 87 929.218 929.321 0.102658
49 51 246.649 248.951 2.30195
39 89 995.785 995.882 0.0975376
1 54 246.466 248.768 2.30195
3 61 929.123 931.425 2.30195
33 58 252.272 254.574 2.30195
18 87 919.206 919.309 0.102657
35 65 918.704 918.806 0.102657
16 87 977.645 977.748 0.102658
8 60 228.004 230.306 2.30195
20 86 229.946 232.248 2.30195
40 88 229.971 232.273 2.30195
13 87 230.119 232.421 2.30196
38 90 231.574 233.876 2.30195
47 71 231.886 234.188 2.30195
25 74 233.023 235.325 2.30195
37 64 233.144 235.446 2.30195
39 89 233.678 235.98 2.30195
5 61 234.003 236.305 2.30195
35 65 235.024 237.326 2.30195
18 87 235.526 237.828 2.30195
19 79 235.538 237.84 2.30195
6 54 235.756 238.058 2.30195
29 59 236.143 238.445 2.30195
4 54 236.278 238.58 2.30195
24 74 236.748 239.05 2.30195
30 59 236.853 239.155 2.30195
36 76 237.14 239.442 2.30196
22 80 239.568 241.87 2.30195
21 80 239.594 241.896 2.30195
46 68 242.377 244.679 2.30196
44 51 244.356 246.658 2.30195
26 80 244.922 247.224 2.30195
41 88 245.085 247.387 2.30195
3 61 245.443 247.745 2.30195
34 58 245.533 247.835 2.30195
16 87 245.538 247.84 2.30195
2 54 245.726 248.028 2.30195
49 51 1068.76 1068.85 0.0975381
44 51 1006.46 1006.56 0.0975376
34 58 947.64 947.743 0.102657
49 51 930.329 930.431 0.102658
45 60 248.506 250.808 2.30195
12 61 248.307 250.609 2.30196
42 63 254.128 256.43 2.30196
7 54 250.837 253.139 2.30195
0 61 250.636 252.938 2.30196
13 79 685.906 688.208 2.30196
38 90 687.361 689.662 2.30195
6 0 691.543 0 -691.543
29 59 691.929 694.231 2.30195
0 53 706.422 708.724 2.30196
7 54 706.624 708.926 2.30195
20 86 1172.05 1172.15 0.0975375
9 60 252.775 255.077 2.30195
27 74 253.295 255.597 2.30195
17 87 251.757 254.059 2.30195
38 90 993.681 993.778 0.097537
21 80 467.487 469.789 2.30195
8 60 1080.11 1080.21 0.0975385
12 61 704.094 706.396 2.30196
45 60 704.292 706.594 2.30195
11 53 988.617 988.714 0.0975371
16 87 701.325 703.627 2.30195
2 54 701.513 703.815 2.30195
10 53 931.054 933.356 2.30195
15 86 703.305 705.607 2.30195
48 60 703.411 705.713 2.30195
7 54 1072.94 1073.05 0.102658
34 58 1097.64 1097.74 0.0975371
31 59 984.356 984.454 0.0975366
40 88 992.078 992.176 0.0975367
14 79 930.777 933.079 2.30195
32 65 256.265 258.567 2.30195
36 70 969.247 969.35 0.102657
14 79 702.884 705.186 2.30195
10 0 703.161 0 -703.161
1 54 702.252 704.554 2.30195
49 50 702.435 704.737 2.30196
11 53 256.51 258.812 2.30195
23 80 257.057 259.359 2.30195
43 57 257.362 259.664 2.30195
43 57 713.148 715.45 2.30195
3 61 701.229 703.531 2.30195
34 58 701.32 703.622 2.30195
17 87 1073.86 1073.97 0.102658
36 70 999.247 999.35 0.102657
34 58 1067.64 1067.74 0.0975371
26 80 700.709 703.01 2.30195
41 88 700.871 703.173 2.30195
28 59 1016.27 1016.37 0.102659
26 80 928.602 928.704 0.102658
21 80 1001.7 1001.8 0.0975384
34 58 1007.64 1007.74 0.0975371
44 51 928.036 928.139 0.102658
33 58 708.059 710.361 2.30195
4 54 1178.38 1178.48 0.0975372
46 68 698.164 700.466 2.30196
44 51 700.143 702.445 2.30195
22 0 695.354 0 -695.354
21 74 695.381 697.683 2.30196
23 80 959.164 959.267 0.102657
26 80 1157.03 1157.13 0.0975383
31 59 1014.36 1014.45 0.0975366
8 60 1170.11 1170.21 0.102658
49 51 978.756 978.853 0.0975381
31 59 708.036 710.338 2.30195
49 51 1008.76 1008.85 0.0975381
16 87 947.645 947.748 0.102658
4 54 919.957 920.06 0.102657
21 80 923.274 923.603 0.328706
45 60 932.185 932.288 0.102659
8 60 990.111 990.286 0.174594
37 64 688.93 691.232 2.30195
39 89 689.464 691.766 2.30195
41 88 1156.66 1156.76 0.102659
32 64 939.945 940.13 0.184835
46 68 1170.17 1170.5 0.328707
15 86 949.625 949.728 0.102657
32 65 958.372 958.474 0.102659
39 89 461.571 463.873 2.30195
13 87 458.012 460.314 2.30196
38 90 459.467 461.769 2.30195
47 71 459.779 462.081 2.30195
25 74 460.916 463.218 2.30195
37 64 461.037 463.339 2.30195
8 60 455.898 458.2 2.30195
20 86 457.839 460.141 2.30195
40 88 457.865 460.166 2.30195
8 60 683.791 686.093 2.30195
26 80 472.815 475.117 2.30195
38 90 915.254 915.356 0.102657
11 53 1018.62 1018.72 0.102657
15 86 931.198 931.301 0.102657
23 80 1019.16 1019.27 0.102657
33 58 480.165 482.467 2.30195
19 79 463.432 465.734 2.30195
3 61 473.336 475.638 2.30195
44 51 472.249 474.551 2.30195
49 51 474.542 476.844 2.30195
23 80 484.95 487.252 2.30195
18 87 463.42 465.722 2.30195
6 61 463.649 465.951 2.30196
47 71 1083.99 1084.09 0.097538
15 86 475.412 477.714 2.30195
1 54 474.359 476.661 2.30195
35 65 462.917 465.219 2.30195
22 81 923.248 925.55 2.30196
36 70 920.82 921.005 0.184833
43 57 485.255 487.557 2.30195
30 59 920.533 922.835 2.30195
8 60 911.684 912.013 0.328706
24 73 920.428 922.73 2.30196
5 61 461.896 464.198 2.30195
41 88 472.978 475.28 2.30195
10 53 475.268 477.57 2.30195
2 0 473.619 0 -473.619
28 65 482.057 484.359 2.30196
27 74 481.189 483.491 2.30195
26 80 1007.03 1007.13 0.102658
11 53 484.403 486.705 2.30195
13 87 913.799 916.101 2.30196
40 88 913.651 913.754 0.102657
46 68 926.057 926.673 0.616451
34 58 473.427 475.729 2.30195
37 64 916.824 917.008 0.184833
20 86 913.626 913.728 0.102658
47 71 915.566 915.669 0.102658
16 87 473.431 475.733 2.30195
32 65 1138.37 1138.47 0.102659
28 65 709.95 712.252 2.30196
17 87 983.864 983.966 0.102658
4 53 1148.38 1148.48 0.0975398
22 80 467.461 469.763 2.30195
30 59 464.746 467.048 2.30195
24 74 464.641 466.943 2.30195
4 54 464.171 466.473 2.30195
29 59 464.036 466.338 2.30195
36 76 465.033 467.335 2.30196
46 68 470.27 472.572 2.30196
48 0 475.518 0 -475.518
14 87 474.991 477.293 2.30196
42 63 482.022 484.324 2.30196
45 53 476.399 478.701 2.30196
12 61 476.2 478.502 2.30196
0 53 478.529 480.831 2.30196
7 54 478.731 481.033 2.30195
27 74 709.082 711.384 2.30195
32 65 484.158 486.46 2.30195
17 87 479.65 481.952 2.30195
31 59 480.143 482.445 2.30195
9 60 480.668 482.97 2.30195
25 74 1177.14 1177.47 0.328707
11 53 940.19 940.374 0.184833
22 80 1151.14 1151.76 0.616449
44 51 976.463 976.566 0.102658
35 65 997.131 997.228 0.0975373
26 80 977.029 977.131 0.102658
14 79 1189.2 1189.31 0.102658
32 65 1018.37 1018.47 0.0975387
29 59 1178.25 1178.35 0.102658
4 54 968.384 968.482 0.0975372
32 65 1048.37 1048.47 0.0975387
14 79 1168.83 1168.94 0.102658
18 87 1147.63 1147.73 0.0975373
28 59 1076.27 1076.37 0.0975387
40 89 932.078 932.181 0.10266
20 86 932.053 932.155 0.102658
31 59 954.356 954.459 0.102657
47 71 993.993 994.091 0.097538
20 86 992.053 992.155 0.102658
42 63 1076.24 1076.34 0.102659
15 86 979.625 979.728 0.102657
16 87 1007.64 1007.74 0.0975383
35 65 1087.13 1087.23 0.0975373
42 63 956.235 956.338 0.102659
7 55 934.517 934.62 0.102662
0 60 934.316 936.618 2.30196
17 87 935.437 935.539 0.102658
7 54 982.944 983.042 0.097538
5 61 996.11 996.212 0.102658
47 71 1143.99 1144.09 0.097538
29 59 1157.88 1157.98 0.102658
43 57 989.469 989.571 0.102657
43 57 1139.47 1139.57 0.0975367
45 60 1010.61 1010.71 0.0975388
21 80 1061.7 1061.8 0.0975384
44 51 946.463 946.566 0.102658
28 59 937.843 938.028 0.184835
33 58 935.952 936.281 0.328707
31 59 935.929 936.032 0.102657
42 63 937.808 937.993 0.184835
26 80 1097.03 1097.13 0.0975383
1 54 1188.57 1188.67 0.0975375
16 87 1067.64 1067.74 0.0975383
45 60 980.612 980.71 0.0975388
4 54 998.384 998.482 0.0975372
27 74 936.975 939.277 2.30195
40 88 1142.08 1142.18 0.0975367
42 63 986.235 986.338 0.102659
9 60 936.455 938.757 2.30195
32 65 988.372 988.469 0.0975387
42 63 1016.24 1016.34 0.102659
6 54 1157.49 1157.59 0.102658
8 60 944.226 944.411 0.184834
21 80 974.114 974.217 0.102658
23 80 940.737 940.922 0.184833
47 71 933.993 934.091 0.097538
43 57 941.042 941.144 0.102657
46 68 987.085 987.702 0.616451
18 87 997.633 997.731 0.0975373
8 60 1140.11 1140.21 0.102658
39 89 1145.78 1145.88 0.0975376
33 58 1001.04 1001.36 0.328707
46 68 1202.71 1203.04 0.328707
17 87 1193.86 1193.96 0.097538
38 90 933.681 933.783 0.102657
35 65 937.131 937.233 0.102657
18 87 937.633 937.736 0.102657
39 89 935.785 935.887 0.102658
37 64 935.251 935.425 0.174593
4 54 938.384 938.487 0.102657
36 70 939.247 939.35 0.102657
21 80 955.816 956 0.184834
26 80 947.029 947.131 0.102658
23 80 989.164 989.261 0.0975368
43 57 959.469 959.571 0.102657
17 87 1013.86 1013.97 0.102658
18 87 967.633 967.736 0.102657
39 89 965.785 965.882 0.0975376
35 65 967.131 967.228 0.0975373
38 90 963.681 963.778 0.097537
8 60 962.524 962.699 0.174594
20 86 962.053 962.155 0.102658
40 88 962.078 962.176 0.0975367
5 61 966.11 966.207 0.0975381
37 64 965.251 965.425 0.174593
49 51 1188.76 1188.85 0.0975381
16 87 1097.64 1097.74 0.0975383
34 58 1187.64 1187.74 0.0975371
36 70 1089.25 1089.35 0.102657
26 80 1067.03 1067.13 0.0975383
18 87 1087.63 1087.73 0.0975373
47 71 963.993 964.091 0.097538
43 57 1019.47 1019.57 0.102657
38 90 1083.68 1083.78 0.097537
5 61 1026.11 1026.21 0.0975381
47 71 1023.99 1024.09 0.097538
8 60 1020.11 1020.29 0.174594
39 89 1025.78 1025.88 0.0975376
38 90 1023.68 1023.78 0.097537
44 51 1186.46 1186.56 0.0975376
16 87 1187.64 1187.74 0.0975383
35 65 1147.13 1147.23 0.0975373
30 59 1178.96 1179.06 0.0975377
34 58 1127.64 1127.74 0.0975371
31 59 1074.36 1074.45 0.0975366
37 64 1025.25 1025.35 0.102657
37 64 1085.25 1085.35 0.0975374
20 86 1022.05 1022.16 0.102658
40 88 1022.08 1022.18 0.0975367
39 89 1085.78 1085.88 0.0975376
6 54 1147.33 1147.43 0.102658
5 61 1146.11 1146.21 0.0975381
2 53 1157.3 1159.6 2.30196
37 64 1145.25 1145.35 0.102657
35 65 1177.13 1177.23 0.0975373
44 51 1066.46 1066.56 0.0975376
48 60 1387.09 1389.39 2.30195
10 53 1189.48 1189.58 0.0975373
43 57 1079.47 1079.57 0.0975367
4 54 1028.38 1028.48 0.0975372
41 88 1166.82 1166.92 0.102659
35 65 1027.13 1027.23 0.0975373
46 68 1048.11 1048.73 0.616451
36 70 1029.25 1029.35 0.102657
21 80 1031.7 1031.8 0.0975384
18 87 1027.63 1027.73 0.0975373
2 54 1385.19 1385.3 0.102659
40 88 1082.08 1082.18 0.0975367
26 80 1187.03 1187.13 0.0975383
11 53 1078.62 1078.72 0.102657
39 89 1175.78 1175.88 0.0975376
44 51 1126.46 1126.56 0.0975376
37 64 1175.25 1175.35 0.102657
36 70 1059.25 1059.35 0.102657
20 86 1082.05 1082.15 0.0975375
30 59 1158.59 1158.69 0.102658
15 86 1069.63 1069.72 0.0975374
13 87 1151.86 1151.96 0.102659
44 51 1036.46 1036.56 0.0975376
26 80 1037.03 1037.13 0.0975383
0 53 1192.74 1192.84 0.0975394
42 63 1046.24 1046.34 0.102659
7 54 1042.94 1043.05 0.102658
15 86 1039.63 1039.72 0.0975374
45 60 1040.61 1040.71 0.0975388
34 58 1037.64 1037.74 0.0975371
16 87 1037.64 1037.74 0.0975383
47 71 1173.99 1174.09 0.097538
11 53 1138.62 1138.72 0.102657
17 87 1043.86 1043.97 0.102658
4 54 1058.38 1058.48 0.0975372
49 51 1038.76 1038.85 0.0975381
43 57 1169.47 1169.57 0.0975367
12 54 1159.88 1159.98 0.10266
28 59 1046.27 1046.37 0.0975387
43 57 1049.47 1049.57 0.0975367
23 80 1049.16 1049.27 0.102657
21 80 1121.7 1121.8 0.0975384
33 58 1066.12 1066.3 0.184835
31 59 1044.36 1044.45 0.0975366
37 64 1055.25 1055.35 0.0975374
19 79 1147.11 1147.21 0.102659
47 71 1053.99 1054.09 0.097538
5 61 1056.11 1056.21 0.102658
39 89 1055.78 1055.88 0.0975376
38 90 1053.68 1053.78 0.097537
35 65 1057.13 1057.23 0.0975373
8 60 1050.11 1050.21 0.102658
40 88 1052.08 1052.18 0.0975367
18 87 1057.63 1057.73 0.0975373
20 86 1052.05 1052.15 0.0975375
49 51 1098.76 1098.85 0.0975381
15 86 1099.63 1099.72 0.0975374
17 87 1103.86 1103.97 0.102658
21 80 1151.7 1151.8 0.0975384
44 51 1156.46 1156.56 0.0975376
42 63 1136.24 1136.33 0.0975391
34 58 1157.64 1157.74 0.0975371
45 60 1100.61 1100.71 0.0975388
7 54 1102.94 1103.05 0.102658
19 79 1177.65 1177.75 0.102659
41 88 1187.19 1187.29 0.102659
16 87 1157.64 1157.74 0.0975383
33 58 1104.38 1104.48 0.102659
31 59 1104.36 1104.45 0.0975366
11 53 1108.62 1108.72 0.102657
32 65 1108.37 1108.47 0.102659
42 63 1106.24 1106.34 0.102659
28 59 1106.27 1106.37 0.0975387
23 80 1109.16 1109.27 0.102657
6 54 1177.86 1177.97 0.102658
43 57 1109.47 1109.57 0.0975367
3 61 1157.02 1159.32 2.30195
17 87 1133.86 1133.97 0.102658
35 65 1117.13 1117.23 0.0975373
36 70 1119.25 1119.35 0.102657
4 54 1118.38 1118.48 0.0975372
39 89 1115.78 1115.88 0.0975376
8 60 1110.11 1110.21 0.0975385
37 64 1115.25 1115.35 0.102657
20 86 1142.05 1142.15 0.0975375
25 74 1144.6 1144.92 0.328707
31 59 1134.36 1134.45 0.0975366
16 87 1127.64 1127.74 0.0975383
14 79 1158.67 1158.77 0.102658
9 60 1164.35 1164.45 0.102658
27 74 1164.87 1165.2 0.328706
30 59 1148.43 1148.53 0.102658
15 86 1129.63 1129.72 0.0975374
26 80 1127.03 1127.13 0.0975383
38 90 1143.68 1143.78 0.097537
47 71 1113.99 1114.09 0.097538
29 59 1147.72 1147.82 0.102658
38 90 1113.68 1113.78 0.097537
0 54 1162.21 1162.31 0.10266
1 54 1158.04 1158.14 0.102657
24 74 1148.32 1148.42 0.102658
45 60 1130.61 1130.71 0.0975388
7 54 1132.94 1133.05 0.102658
10 53 1158.95 1159.05 0.102657
13 87 1141.69 1141.79 0.102659
49 51 1128.76 1128.85 0.0975381
40 88 1112.08 1112.18 0.0975367
18 87 1117.63 1117.73 0.0975373
5 61 1116.11 1116.21 0.0975381
20 86 1112.05 1112.15 0.0975375
48 60 1159.2 1161.5 2.30195
33 58 1134.38 1134.48 0.0975386
15 86 1159.63 1159.72 0.0975374
1 54 1168.2 1168.3 0.102657
10 53 1169.11 1169.21 0.102657
11 53 1168.62 1168.72 0.102657
49 51 1158.76 1158.85 0.0975381
21 80 1181.7 1181.8 0.0975384
18 87 1177.63 1177.73 0.0975373
24 74 1178.85 1178.95 0.0975383
22 80 1212.17 1212.5 0.328705
5 61 1176.11 1176.21 0.0975381
23 80 1169.16 1169.27 0.102657
12 54 1170.04 1170.15 0.10266
32 65 1168.37 1168.47 0.102659
45 60 1160.61 1160.71 0.0975388
7 54 1162.94 1163.05 0.102658
13 87 1172.23 1172.33 0.102659
38 90 1173.68 1173.78 0.097537
40 88 1172.08 1172.18 0.0975367
12 54 1190.41 1190.52 0.10266
28 59 1166.27 1166.37 0.0975387
9 60 1174.51 1174.61 0.102658
17 87 1163.86 1163.96 0.097538
33 58 1164.38 1164.48 0.0975386
31 59 1164.36 1164.45 0.0975366
42 63 1166.24 1166.33 0.0975391
23 80 1199.16 1199.26 0.0975368
9 60 1194.88 1194.98 0.102658
42 63 1196.24 1196.33 0.0975391
32 65 1198.37 1198.47 0.0975387
28 59 1196.27 1196.37 0.0975387
33 58 1194.38 1194.48 0.0975386
31 59 1194.36 1194.45 0.0975366
27 74 1197.41 1197.59 0.184834
11 53 1198.62 1198.71 0.0975371
43 57 1199.47 1199.57 0.0975367
