27 68 0.650017 2.95197 2.30196
54 72 1.58183 3.88378 2.30195
36 68 5.97132 8.27327 2.30196
0 78 6.35734 8.65929 2.30195
23 0 6.63327 0 -6.63327
13 84 5.27381 7.57576 2.30195
49 0 481.12 0 -481.12
55 88 1.85498 4.15694 2.30195
6 84 2.03486 4.33682 2.30195
58 60 483.054 485.356 2.30195
6 84 992.035 992.132 0.0975388
26 0 2.6841 0 -2.6841
24 83 2.90934 5.21129 2.30195
9 84 475.13 477.432 2.30196
2 77 8.36723 10.6692 2.30195
32 63 5.16895 7.4709 2.30195
22 0 7.00371 0 -7.00371
43 63 4.61655 6.9185 2.30195
42 0 4.34108 0 -4.34108
11 77 8.37731 10.6793 2.30195
15 83 6.22014 8.52209 2.30195
37 63 7.95476 10.2567 2.30195
39 63 10.8774 13.1794 2.30195
18 83 10.567 12.869 2.30195
51 69 9.35491 11.6569 2.30196
33 68 9.74238 12.0443 2.30195
54 72 931.582 931.684 0.102657
57 85 988.836 988.938 0.102658
4 78 1079.37 1079.47 0.102659
5 78 11.4673 13.7692 2.30195
52 76 483.919 486.221 2.30195
28 63 12.2393 14.5413 2.30195
40 69 12.0451 14.347 2.30195
19 77 12.0596 14.3616 2.30196
52 76 988.132 988.235 0.102658
3 83 12.8292 15.1312 2.30195
56 67 13.1674 15.4693 2.30195
8 83 476.461 478.763 2.30195
38 69 484.293 486.594 2.30195
17 84 14.1609 16.4628 2.30195
1 78 15.8363 18.1382 2.30196
16 89 15.0997 17.4016 2.30196
21 0 15.9734 0 -15.9734
10 77 15.7332 18.0352 2.30195
45 69 15.5987 17.9006 2.30195
4 78 485.156 487.458 2.30196
7 83 1167.25 1167.35 0.102661
58 60 987.268 987.37 0.102659
7 77 17.6177 19.9196 2.30195
47 0 16.6926 0 -16.6926
53 80 17.0814 19.3834 2.30196
31 63 16.5537 18.8556 2.30195
31 63 1096.55 1096.65 0.0975363
34 69 18.8932 21.1951 2.30195
41 68 18.7015 21.0035 2.30195
9 83 19.3436 21.6455 2.30196
35 63 20.1389 22.4409 2.30195
14 83 19.2503 21.5523 2.30195
44 0 25.8432 0 -25.8432
8 84 20.6748 22.9768 2.30196
53 80 1097.08 1097.18 0.0975401
29 64 25.9466 28.2486 2.30196
59 74 26.0161 28.318 2.30195
20 84 25.3738 27.6757 2.30195
49 0 25.3338 0 -25.3338
25 83 24.1393 26.4413 2.30195
12 77 24.6803 26.9823 2.30196
57 85 28.8357 31.1377 2.30195
4 78 29.3696 31.6715 2.30196
6 84 946.15 946.334 0.184835
54 72 1081.58 1081.68 0.102657
43 63 994.617 994.714 0.0975365
38 69 28.506 30.808 2.30195
58 60 27.2676 29.5695 2.30195
46 0 26.8878 0 -26.8878
34 69 474.68 476.982 2.30195
30 63 29.5765 31.8784 2.30195
50 69 28.8715 31.1735 2.30196
52 76 28.1322 30.4341 2.30195
48 63 27.6555 29.9574 2.30195
9 0 247.237 0 -247.237
19 77 972.06 972.162 0.102659
40 69 972.045 972.148 0.102658
12 77 984.68 984.778 0.0975392
20 84 936.947 939.249 2.30195
8 0 248.568 0 -248.568
48 63 255.549 257.851 2.30195
10 77 471.52 473.822 2.30195
14 83 247.144 249.446 2.30195
35 63 248.032 250.334 2.30195
12 77 480.467 482.769 2.30196
34 69 246.786 249.088 2.30195
21 83 471.76 474.062 2.30195
52 76 256.025 258.327 2.30195
24 83 992.909 993.012 0.102657
41 68 246.595 248.897 2.30195
58 60 255.161 257.463 2.30195
12 77 252.574 254.876 2.30196
44 0 253.736 0 -253.736
27 68 228.543 230.845 2.30196
54 72 229.475 231.777 2.30195
55 88 229.748 232.05 2.30195
6 84 229.928 232.23 2.30195
26 63 230.577 232.879 2.30195
24 83 230.803 233.105 2.30195
42 62 232.234 234.536 2.30196
43 63 232.51 234.812 2.30195
32 63 233.062 235.364 2.30195
13 84 233.167 235.469 2.30195
36 68 233.865 236.167 2.30196
15 83 234.113 236.415 2.30195
0 78 234.251 236.553 2.30195
23 84 234.527 236.828 2.30195
22 84 234.897 237.199 2.30196
37 63 235.848 238.15 2.30195
2 77 236.26 238.562 2.30195
11 77 236.271 238.573 2.30195
51 69 237.248 239.55 2.30196
33 68 237.636 239.938 2.30195
18 83 238.46 240.762 2.30195
39 63 238.771 241.073 2.30195
5 78 239.361 241.662 2.30195
40 69 239.938 242.24 2.30195
19 77 239.953 242.255 2.30196
28 63 240.133 242.435 2.30195
3 83 240.722 243.024 2.30195
56 67 241.061 243.363 2.30195
17 84 242.054 244.356 2.30195
16 83 242.993 245.295 2.30195
45 69 243.492 245.794 2.30195
10 0 243.626 0 -243.626
1 0 243.73 0 -243.73
21 83 243.867 246.169 2.30195
31 63 244.447 246.749 2.30195
47 63 244.586 246.888 2.30195
53 80 244.975 247.277 2.30196
7 77 245.511 247.813 2.30195
54 72 961.582 961.679 0.0975375
49 69 253.227 255.529 2.30195
14 83 475.037 477.339 2.30195
20 84 253.267 255.569 2.30195
29 64 253.84 256.142 2.30196
41 68 978.702 978.799 0.0975389
25 83 252.033 254.335 2.30195
59 74 253.909 256.211 2.30195
4 78 989.37 989.467 0.0975393
55 88 991.855 991.953 0.0975382
53 80 977.081 977.184 0.10266
19 77 1092.06 1092.16 0.0975392
46 69 254.781 257.083 2.30195
38 69 256.399 258.701 2.30195
30 62 485.363 487.665 2.30196
50 69 256.765 259.067 2.30196
57 85 256.729 259.031 2.30195
4 78 257.263 259.565 2.30196
30 63 257.47 259.772 2.30195
43 63 934.617 934.714 0.0975365
25 83 986.552 986.655 0.102658
40 69 1092.05 1092.14 0.0975383
2 77 464.154 466.456 2.30195
59 74 986.016 986.191 0.174595
33 68 1089.74 1089.85 0.102658
39 63 1168.64 1168.74 0.102659
24 83 962.909 963.012 0.102657
33 68 1029.74 1029.84 0.0975385
8 75 932.248 934.55 2.30198
35 63 475.925 478.227 2.30195
20 84 709.054 711.355 2.30195
28 63 468.026 470.328 2.30195
29 0 709.626 0 -709.626
47 0 472.479 0 -472.479
5 78 467.254 469.556 2.30195
37 63 463.741 466.043 2.30195
44 0 481.63 0 -481.63
20 84 481.16 483.462 2.30195
25 83 479.926 482.228 2.30195
59 74 481.803 484.105 2.30195
11 77 464.164 466.466 2.30195
53 80 472.868 475.17 2.30196
7 77 473.404 475.706 2.30195
22 0 462.79 0 -462.79
29 0 481.733 0 -481.733
48 63 483.442 485.744 2.30195
23 0 462.42 0 -462.42
51 69 465.141 467.443 2.30196
3 83 468.616 470.918 2.30195
56 67 468.954 471.256 2.30195
17 84 469.947 472.249 2.30195
41 68 474.488 476.79 2.30195
46 0 482.674 0 -482.674
38 69 712.186 714.488 2.30195
27 68 456.437 458.738 2.30196
54 72 457.368 459.67 2.30195
55 88 457.641 459.943 2.30195
6 84 457.821 460.123 2.30195
26 63 458.471 460.773 2.30195
24 83 458.696 460.998 2.30195
42 0 460.128 0 -460.128
43 63 460.403 462.705 2.30195
32 63 460.955 463.257 2.30195
13 78 461.06 463.362 2.30196
36 68 461.758 464.06 2.30196
15 83 462.007 464.309 2.30195
0 78 462.144 464.446 2.30195
33 68 465.529 467.831 2.30195
45 69 471.385 473.687 2.30195
1 78 471.623 473.925 2.30196
18 83 466.353 468.655 2.30195
39 68 466.664 468.966 2.30196
50 63 484.658 486.96 2.30196
57 85 484.622 486.924 2.30195
31 63 472.34 474.642 2.30195
40 69 467.832 470.134 2.30195
19 77 467.846 470.148 2.30196
16 83 470.886 473.188 2.30195
44 69 709.523 711.825 2.30195
49 69 709.014 711.316 2.30195
55 88 931.855 931.958 0.102658
53 80 1067.08 1067.18 0.0975401
41 68 930.275 930.377 0.102659
59 74 709.696 711.998 2.30195
58 60 710.947 713.249 2.30195
12 77 708.36 710.662 2.30196
33 68 999.742 999.84 0.0975385
48 63 939.228 939.331 0.102657
46 0 710.568 0 -710.568
27 68 684.33 686.632 2.30196
54 72 685.262 687.564 2.30195
55 88 685.535 687.837 2.30195
6 84 685.715 688.017 2.30195
26 63 686.364 688.666 2.30195
24 83 686.589 688.891 2.30195
42 0 688.021 0 -688.021
43 63 688.296 690.598 2.30195
32 63 688.849 691.151 2.30195
13 0 688.954 0 -688.954
36 68 689.651 691.953 2.30196
15 0 689.9 0 -689.9
0 78 690.037 692.339 2.30195
23 84 690.313 692.615 2.30195
22 84 690.683 692.985 2.30196
37 62 691.635 693.936 2.30196
2 77 692.047 694.349 2.30195
11 77 692.057 694.359 2.30195
51 70 693.035 695.337 2.30196
33 68 693.422 695.724 2.30195
18 89 694.247 696.549 2.30196
39 69 694.557 696.859 2.30196
5 78 695.147 697.449 2.30195
40 69 695.725 698.027 2.30195
19 83 695.739 698.041 2.30196
28 63 695.919 698.221 2.30195
3 83 696.509 698.811 2.30195
56 62 696.847 699.149 2.30196
17 84 697.841 700.143 2.30195
16 0 698.779 0 -698.779
45 0 699.278 0 -699.278
10 0 699.413 0 -699.413
1 0 699.516 0 -699.516
21 0 699.653 0 -699.653
31 62 700.233 702.535 2.30196
47 0 700.372 0 -700.372
53 82 700.761 703.063 2.30196
7 77 701.297 703.599 2.30195
41 68 702.381 704.683 2.30195
34 69 702.573 704.875 2.30195
14 83 702.93 705.232 2.30195
9 83 703.023 705.325 2.30196
35 63 703.819 706.121 2.30195
8 84 704.355 706.657 2.30196
25 83 707.819 710.121 2.30195
58 60 1077.27 1077.37 0.102659
48 63 987.655 987.753 0.0975367
31 63 976.554 976.651 0.0975363
33 68 969.742 969.845 0.102658
52 76 711.812 714.114 2.30195
48 63 957.655 957.753 0.0975367
48 63 711.335 713.637 2.30195
43 63 964.617 964.714 0.0975365
9 0 930.917 0 -930.917
57 86 712.515 714.817 2.30196
30 62 713.256 715.558 2.30196
50 63 712.551 714.853 2.30196
53 80 928.654 928.839 0.184836
4 78 713.049 715.351 2.30196
56 67 924.74 927.042 2.30195
14 83 930.823 933.125 2.30195
55 88 961.855 961.953 0.0975382
46 63 938.461 940.763 2.30196
24 83 932.909 933.012 0.102657
30 63 941.149 941.252 0.102658
57 85 940.409 940.511 0.102658
21 0 927.546 0 -927.546
33 68 939.742 939.917 0.174594
52 76 939.705 939.808 0.102658
30 63 989.576 989.679 0.102658
38 69 988.506 988.609 0.102658
54 72 991.582 991.679 0.0975375
58 60 938.841 938.943 0.102659
35 63 931.712 934.014 2.30195
29 63 937.52 939.822 2.30195
12 77 936.253 936.356 0.102659
59 74 937.589 937.774 0.184835
3 83 924.402 926.704 2.30195
47 63 928.266 930.568 2.30195
38 69 940.079 940.182 0.102658
25 83 935.712 936.041 0.328706
4 78 940.943 941.127 0.184835
28 64 923.812 926.114 2.30196
44 69 937.416 939.718 2.30195
50 63 940.445 942.746 2.30196
10 0 927.306 0 -927.306
49 69 936.907 939.209 2.30195
59 74 956.016 956.191 0.174595
27 68 912.223 914.525 2.30196
54 72 913.155 913.34 0.184833
55 88 913.428 913.613 0.184834
6 84 913.608 913.937 0.328707
26 63 914.257 916.559 2.30195
24 83 914.482 914.585 0.102657
42 0 915.914 0 -915.914
43 63 916.19 916.292 0.102656
32 64 916.742 919.044 2.30196
13 78 916.847 919.149 2.30196
36 68 917.544 919.846 2.30196
15 83 917.793 920.095 2.30195
0 72 917.93 920.232 2.30196
23 0 918.206 0 -918.206
22 83 918.577 920.879 2.30196
37 63 919.528 921.83 2.30195
2 77 919.94 922.242 2.30195
11 77 919.95 922.252 2.30195
51 70 920.928 923.23 2.30196
33 68 921.315 921.5 0.184834
18 84 922.14 924.442 2.30196
39 69 922.45 924.752 2.30196
5 78 923.04 925.342 2.30195
40 69 923.618 923.721 0.102658
19 83 923.633 923.735 0.102659
55 88 1051.85 1051.96 0.102658
17 84 925.734 928.036 2.30195
6 84 964.448 964.551 0.102659
57 85 958.836 958.938 0.102658
31 63 928.127 928.229 0.102656
1 0 927.409 0 -927.409
7 77 929.191 931.493 2.30195
34 69 930.466 932.768 2.30195
45 69 927.172 929.474 2.30195
16 84 926.673 928.975 2.30196
31 63 946.554 946.651 0.0975363
53 80 947.081 947.256 0.174596
40 69 942.045 942.148 0.102658
19 77 942.06 942.157 0.0975392
25 83 1044.14 1044.24 0.0975384
41 68 1098.7 1098.8 0.102659
6 84 1082.03 1082.14 0.102659
24 83 1082.91 1083.01 0.097537
41 68 948.702 948.799 0.0975389
30 63 959.576 959.679 0.102658
25 83 1104.14 1104.24 0.0975384
43 63 1084.62 1084.71 0.0975365
52 76 958.132 958.235 0.102658
25 83 968.254 968.439 0.184834
12 77 954.68 954.778 0.0975392
4 78 959.37 959.472 0.102659
58 60 957.268 957.37 0.102659
38 69 958.506 958.609 0.102658
53 80 1007.08 1007.18 0.0975401
31 63 1006.55 1006.65 0.0975363
12 77 1014.68 1014.78 0.0975392
4 78 1019.37 1019.47 0.0975393
40 69 1002.05 1002.14 0.0975383
25 83 1014.14 1014.24 0.0975384
19 77 1002.06 1002.16 0.102659
16 83 1164.73 1164.83 0.102658
38 69 1078.51 1078.6 0.097538
57 85 1168.84 1168.93 0.0975381
41 68 1008.7 1008.8 0.0975389
30 63 1019.58 1019.68 0.102658
31 63 1156.55 1156.65 0.0975363
41 68 1158.7 1158.8 0.0975389
31 63 1036.55 1036.65 0.0975363
59 74 1016.02 1016.19 0.174595
57 85 1018.84 1018.94 0.102658
38 69 1018.51 1018.6 0.097538
38 69 1048.51 1048.6 0.097538
6 84 1022.03 1022.13 0.0975388
55 88 1021.85 1021.96 0.102658
4 78 1049.37 1049.47 0.0975393
52 76 1018.13 1018.23 0.0975379
48 63 1017.66 1017.75 0.0975367
58 60 1017.27 1017.37 0.102659
53 80 1037.08 1037.18 0.0975401
12 77 1044.68 1044.78 0.0975392
54 72 1021.58 1021.68 0.102657
15 83 1155.85 1155.95 0.102658
12 77 1074.68 1074.78 0.102659
24 83 1022.91 1023.01 0.102657
52 76 1048.13 1048.23 0.0975379
6 84 1052.03 1052.13 0.0975388
48 63 1047.66 1047.75 0.0975367
43 63 1024.62 1024.71 0.0975365
19 77 1032.06 1032.16 0.0975392
40 69 1032.05 1032.14 0.0975383
57 85 1048.84 1048.93 0.0975381
41 68 1038.7 1038.8 0.0975389
59 74 1046.02 1046.19 0.174595
30 63 1049.58 1049.68 0.102658
54 72 1051.58 1051.68 0.102657
59 74 1076.02 1076.19 0.174595
33 68 1059.74 1059.84 0.0975385
0 78 1155.99 1156.09 0.102659
58 60 1047.27 1047.37 0.102659
43 63 1054.62 1054.71 0.0975365
55 88 1081.85 1081.96 0.102658
37 63 1157.58 1157.69 0.102657
31 63 1066.55 1066.65 0.0975363
52 76 1078.13 1078.23 0.0975379
57 85 1078.84 1078.93 0.0975381
24 83 1052.91 1053.01 0.097537
25 83 1074.14 1074.24 0.0975384
48 63 1077.66 1077.75 0.0975367
40 69 1062.05 1062.14 0.0975383
19 77 1062.06 1062.16 0.0975392
41 68 1068.7 1068.8 0.102659
30 63 1079.58 1079.68 0.102658
12 77 1104.68 1104.78 0.102659
52 76 1108.13 1108.23 0.0975379
48 63 1107.66 1107.75 0.0975367
30 63 1109.58 1109.67 0.0975385
57 85 1108.84 1108.93 0.0975381
4 78 1109.37 1109.47 0.102659
59 74 1106.02 1106.19 0.174595
38 69 1108.51 1108.6 0.097538
55 88 1111.85 1111.96 0.102658
27 68 1140.12 1142.42 2.30196
58 60 1107.27 1107.37 0.102659
54 72 1111.58 1111.68 0.102657
6 84 1112.03 1112.14 0.102659
26 63 1142.15 1142.25 0.102657
30 63 1139.58 1139.67 0.0975385
2 77 1147.83 1147.94 0.102658
53 80 1127.08 1127.18 0.0975401
0 78 1145.82 1145.93 0.102659
37 63 1147.42 1147.52 0.102657
55 88 1141.85 1141.96 0.102658
47 63 1156.16 1158.46 2.30195
1 0 1155.3 0 -1155.3
56 67 1152.63 1154.94 2.30195
45 69 1155.06 1155.25 0.184834
3 83 1152.3 1152.4 0.102656
15 83 1145.69 1145.79 0.102658
7 83 1157.08 1157.19 0.102661
28 63 1151.71 1154.01 2.30195
36 68 1145.44 1147.74 2.30196
18 83 1150.03 1150.14 0.102658
10 0 1155.2 0 -1155.2
42 62 1143.81 1146.11 2.30196
14 77 1158.72 1161.02 2.30196
13 79 1144.74 1147.04 2.30196
32 63 1144.64 1146.94 2.30195
34 69 1158.36 1160.66 2.30195
51 70 1148.82 1148.92 0.102659
43 63 1114.62 1114.71 0.0975365
11 78 1147.84 1150.15 2.30196
22 84 1146.47 1148.77 2.30196
9 84 1158.81 1161.11 2.30196
21 78 1155.44 1157.74 2.30196
17 84 1153.63 1155.93 2.30195
31 63 1126.55 1126.65 0.0975363
12 77 1134.68 1134.78 0.102659
46 0 1166.35 0 -1166.35
50 63 1168.34 1168.52 0.184836
23 89 1146.1 1148.4 2.30196
33 68 1119.74 1119.84 0.0975385
48 63 1137.66 1137.75 0.0975367
57 85 1138.84 1138.93 0.0975381
16 83 1154.57 1154.67 0.102658
24 83 1112.91 1113.01 0.097537
35 63 1159.61 1159.71 0.102658
25 83 1134.14 1134.24 0.0975384
5 78 1150.93 1153.24 2.30195
8 89 1160.14 1162.44 2.30196
6 84 1142.03 1142.13 0.0975388
19 77 1122.06 1122.16 0.0975392
38 69 1138.51 1138.6 0.097538
40 69 1122.05 1122.14 0.0975383
39 63 1150.34 1150.53 0.184835
4 78 1139.37 1139.47 0.0975393
53 80 1157.08 1157.18 0.0975401
29 63 1165.41 1167.71 2.30195
59 74 1136.02 1136.19 0.174595
41 68 1128.7 1128.8 0.102659
44 0 1165.31 0 -1165.31
20 84 1164.84 1165.02 0.184833
49 69 1164.8 1167.1 2.30195
51 69 1158.98 1159.09 0.102659
2 77 1158 1158.1 0.102658
40 69 1152.05 1152.14 0.0975383
33 68 1149.74 1149.84 0.0975385
43 63 1144.62 1144.71 0.0975365
58 60 1137.27 1137.37 0.097539
52 76 1138.13 1138.23 0.0975379
54 72 1141.58 1141.68 0.0975375
18 83 1180.57 1180.66 0.0975376
26 63 1152.31 1152.42 0.102657
19 77 1152.06 1152.16 0.0975392
24 83 1142.91 1143.01 0.097537
35 63 1169.77 1169.87 0.102658
12 77 1164.68 1164.78 0.102659
48 63 1167.66 1167.75 0.0975367
14 83 1386.61 1386.71 0.102656
25 83 1164.14 1164.24 0.0975384
22 83 1374.36 1374.55 0.184835
23 83 1373.99 1376.29 2.30196
34 69 1386.25 1386.36 0.102658
4 78 1169.37 1169.47 0.0975393
38 69 1168.51 1168.6 0.097538
30 63 1169.58 1169.67 0.0975385
52 76 1168.13 1168.23 0.0975379
6 84 1172.03 1172.13 0.0975388
0 78 1176.36 1176.45 0.0975387
11 77 1375.74 1375.84 0.102659
59 74 1166.02 1166.19 0.174595
20 84 1183.14 1183.24 0.102657
1 78 1383.2 1385.5 2.30196
3 83 1182.83 1182.93 0.0975364
27 68 1368.01 1368.34 0.328707
54 72 1171.58 1171.68 0.0975375
51 69 1179.35 1179.46 0.102659
29 63 1393.31 1393.41 0.102658
2 77 1178.37 1178.46 0.0975381
37 63 1177.95 1178.05 0.0975371
33 68 1179.74 1179.84 0.0975385
56 67 1380.53 1380.86 0.328706
52 76 1198.13 1198.23 0.0975379
58 60 1167.27 1167.37 0.097539
15 83 1176.22 1176.32 0.0975377
55 88 1171.85 1171.96 0.102658
5 78 1378.83 1381.13 2.30195
32 63 1372.53 1372.63 0.102656
36 68 1373.33 1373.43 0.102659
10 78 1383.09 1385.39 2.30196
21 83 1383.33 1385.63 2.30195
28 63 1379.6 1379.7 0.102658
24 83 1172.91 1173.01 0.097537
50 63 1198.87 1199.05 0.174596
13 84 1372.63 1374.94 2.30195
31 63 1186.55 1186.65 0.0975363
9 84 1386.7 1389.01 2.30196
26 63 1172.68 1172.79 0.102657
8 84 1388.03 1388.36 0.328709
19 77 1182.06 1182.16 0.0975392
40 69 1182.05 1182.14 0.0975383
45 69 1185.6 1185.77 0.174594
42 62 1371.7 1374 2.30196
16 83 1185.1 1185.2 0.097538
47 63 1384.05 1386.35 2.30195
7 77 1187.62 1187.72 0.0975375
43 63 1174.62 1174.71 0.0975365
17 84 1381.52 1381.62 0.102658
53 80 1187.08 1187.18 0.0975401
39 63 1180.88 1180.97 0.0975387
25 83 1194.14 1194.24 0.0975384
57 85 1198.84 1198.93 0.0975381
12 77 1194.68 1194.78 0.102659
30 63 1199.58 1199.67 0.0975385
38 69 1198.51 1198.6 0.097538
59 74 1196.02 1196.19 0.174595
44 63 1393.2 1395.5 2.30196
48 63 1197.66 1197.75 0.0975367
35 63 1190.14 1190.24 0.097538
4 78 1199.37 1199.47 0.0975393
46 69 1394.25 1396.55 2.30195
41 68 1188.7 1188.8 0.0975389
20 84 1195.37 1195.47 0.0975375
49 69 1392.69 1392.8 0.102658
58 60 1197.27 1197.37 0.097539
