8 48 0.0860371 2.38799 2.30196
11 48 0.727596 3.02955 2.30196
24 53 20.593 22.8949 2.30196
13 48 19.1784 21.4804 2.30196
18 46 17.8713 20.1733 2.30196
1 49 2.26052 4.56248 2.30196
12 51 2.51188 4.81383 2.30195
35 41 5.14847 7.45043 2.30196
22 46 13.8975 16.1994 2.30196
6 48 7.51361 9.81556 2.30196
32 41 982.652 982.754 0.102661
29 0 14.0885 0 -14.0885
23 50 12.1592 14.4612 2.30196
34 41 13.982 16.2839 2.30196
5 51 10.6738 12.9758 2.30196
35 41 1175.15 1175.25 0.0975401
0 51 11.8749 14.1768 2.30196
9 48 13.1358 15.4378 2.30196
9 48 1152.6 1154.9 2.30196
26 53 987.739 987.836 0.0975418
6 48 1146.98 1147.6 0.616452
4 51 14.7289 17.0308 2.30196
10 0 14.5038 0 -14.5038
4 48 1154.2 1154.38 0.184838
17 0 16.7859 0 -16.7859
2 48 15.604 17.9059 2.30196
39 45 18.3684 20.6703 2.30195
15 46 710.947 713.249 2.30196
27 50 20.9068 23.2088 2.30196
3 51 21.5527 23.8547 2.30195
37 40 21.8858 24.1878 2.30196
32 41 22.6515 24.9535 2.30196
28 51 22.0531 24.3551 2.30196
24 53 1190.59 1190.77 0.174595
18 46 1157.34 1157.44 0.102659
4 51 1184.73 1184.83 0.0975393
36 44 997.347 997.676 0.328707
25 50 24.604 26.9059 2.30196
36 44 24.7461 27.0481 2.30195
21 0 713.098 0 -713.098
33 42 25.4334 27.7354 2.30196
30 48 26.4126 28.7146 2.30196
39 45 1188.37 1188.47 0.0975379
1 48 1198.6 1198.93 0.328709
15 0 27.2673 0 -27.2673
20 0 27.1822 0 -27.1822
32 41 706.331 708.633 2.30196
14 52 27.8477 30.1497 2.30196
26 53 27.7387 30.0406 2.30196
20 45 710.862 713.164 2.30196
20 45 938.755 941.057 2.30196
7 51 28.3569 30.6589 2.30196
19 45 28.1242 30.4262 2.30196
31 0 29.7642 0 -29.7642
16 46 29.0472 31.3491 2.30196
21 46 29.4184 31.7203 2.30196
38 41 29.8965 32.1985 2.30195
17 45 1384.15 1386.45 2.30196
13 48 247.072 249.374 2.30196
25 50 252.497 254.799 2.30196
15 0 255.161 0 -255.161
38 41 257.79 260.092 2.30195
13 48 474.965 477.267 2.30196
10 48 1153.97 1156.27 2.30196
39 45 474.155 476.457 2.30195
37 40 705.566 707.868 2.30196
5 51 1378.03 1378.65 0.616451
3 51 249.446 251.748 2.30195
0 51 695.555 697.857 2.30196
20 45 255.075 257.377 2.30196
1 49 685.94 688.242 2.30196
11 48 684.407 686.709 2.30196
8 48 683.766 686.068 2.30196
39 45 246.262 248.564 2.30195
13 48 702.858 705.16 2.30196
39 45 702.048 704.35 2.30195
18 0 701.551 0 -701.551
17 0 700.466 0 -700.466
2 48 699.284 701.586 2.30196
4 0 698.409 0 -698.409
10 0 698.184 0 -698.184
29 0 697.768 0 -697.768
23 50 695.839 698.141 2.30196
32 41 250.545 252.847 2.30196
21 46 257.312 259.614 2.30196
5 51 694.354 696.656 2.30196
6 48 691.193 693.495 2.30196
35 41 688.828 691.13 2.30196
12 52 686.192 688.494 2.30196
26 53 1167.74 1167.84 0.0975418
8 48 227.979 230.281 2.30196
11 48 228.621 230.923 2.30196
1 49 230.154 232.456 2.30196
12 51 230.405 232.707 2.30195
35 41 233.042 235.344 2.30196
6 48 235.407 237.709 2.30196
5 51 238.567 240.869 2.30196
0 51 239.768 242.07 2.30196
23 50 240.052 242.354 2.30196
9 0 241.029 0 -241.029
22 46 241.791 244.093 2.30196
34 41 241.875 244.177 2.30196
29 51 241.982 244.284 2.30196
10 0 242.397 0 -242.397
4 51 242.622 244.924 2.30196
2 48 243.497 245.799 2.30196
17 46 244.679 246.981 2.30196
18 46 245.765 248.067 2.30196
32 41 1192.65 1192.75 0.0975412
36 44 1104.75 1104.85 0.102659
27 50 248.8 251.102 2.30196
37 40 249.779 252.081 2.30196
24 53 248.486 250.788 2.30196
33 42 253.327 255.629 2.30196
36 44 252.639 254.941 2.30195
28 0 249.946 0 -249.946
30 48 254.306 256.608 2.30196
31 51 257.657 259.959 2.30196
16 0 256.94 0 -256.94
7 51 256.25 258.552 2.30196
19 45 256.017 258.319 2.30196
14 45 255.741 258.043 2.30196
26 53 255.632 257.934 2.30196
25 50 1131.43 1131.76 0.328712
2 48 1185.6 1185.78 0.174596
11 48 990.728 990.902 0.174596
35 41 1010.29 1010.62 0.328708
31 51 713.444 715.746 2.30196
6 48 1208.01 1208.34 0.328708
23 50 1021.36 1021.69 0.328712
27 50 704.587 706.889 2.30196
28 51 705.733 708.035 2.30196
11 49 1170.73 1170.9 0.174601
27 50 932.48 932.583 0.102661
30 48 710.092 712.394 2.30196
22 46 1003.9 1004 0.102662
33 42 709.113 711.415 2.30196
27 50 980.907 981.004 0.0975409
36 44 1194.75 1194.85 0.102659
11 48 1110.73 1110.9 0.174596
22 46 1183.9 1184 0.0975419
26 53 711.418 713.72 2.30196
14 0 711.527 0 -711.527
38 41 713.576 715.878 2.30195
25 50 1001.26 1001.59 0.328712
33 42 1195.43 1195.53 0.0975397
14 52 483.634 485.936 2.30196
22 46 469.684 471.986 2.30196
23 50 467.946 470.248 2.30196
17 0 472.572 0 -472.572
28 51 477.84 480.142 2.30196
25 50 708.284 710.586 2.30196
19 0 483.911 0 -483.911
9 0 468.922 0 -468.922
7 51 939.93 942.232 2.30196
38 41 485.683 487.985 2.30195
24 53 476.379 478.681 2.30196
3 51 705.232 707.534 2.30195
32 41 478.438 480.74 2.30196
26 53 483.525 485.827 2.30196
0 52 1379.23 1381.54 2.30196
31 51 485.551 487.853 2.30196
30 48 482.199 484.501 2.30196
27 50 476.693 478.995 2.30196
37 40 477.672 479.974 2.30196
15 45 483.054 485.356 2.30196
7 51 484.143 486.445 2.30196
6 48 463.3 465.602 2.30196
22 46 697.577 699.879 2.30196
9 51 696.816 699.117 2.30196
33 42 481.22 483.522 2.30196
34 41 1003.98 1004.08 0.102661
18 46 473.658 475.96 2.30196
34 41 697.662 699.964 2.30196
20 45 482.969 485.271 2.30196
7 51 712.037 714.339 2.30196
8 48 455.873 458.174 2.30196
11 48 456.514 458.816 2.30196
1 49 458.047 460.349 2.30196
12 51 458.298 460.6 2.30195
35 41 460.935 463.237 2.30196
27 50 1160.91 1161 0.0975409
2 48 1155.07 1155.26 0.184836
8 48 1139.55 1140.17 0.616452
13 49 930.751 933.053 2.30196
10 51 1381.86 1384.17 2.30196
19 0 711.804 0 -711.804
5 0 466.46 0 -466.46
0 52 467.661 469.963 2.30196
3 51 477.339 479.641 2.30195
16 0 712.727 0 -712.727
4 51 470.515 472.817 2.30196
2 48 471.39 473.692 2.30196
10 0 470.29 0 -470.29
29 0 469.875 0 -469.875
34 41 469.768 472.07 2.30196
24 53 704.273 706.575 2.30196
16 46 484.834 487.136 2.30196
36 44 708.426 710.728 2.30195
21 46 485.205 487.507 2.30196
36 44 480.533 482.835 2.30195
25 50 480.39 482.692 2.30196
33 42 985.433 985.608 0.174596
29 51 1381.45 1383.75 2.30196
11 48 930.728 930.902 0.174596
27 50 1190.91 1191 0.0975409
18 46 1187.87 1187.97 0.102659
1 48 1133.52 1133.84 0.328709
12 51 1172.51 1172.61 0.102658
18 46 1167.5 1167.6 0.102659
26 53 1197.74 1197.84 0.0975418
25 50 1196.51 1196.84 0.328712
4 51 926.302 928.604 2.30196
3 51 951.553 951.655 0.102658
31 51 941.337 943.639 2.30196
34 41 943.982 944.085 0.102661
31 40 1169.23 1171.53 2.30196
23 50 923.732 924.061 0.328712
17 0 928.359 0 -928.359
14 45 939.421 941.723 2.30196
0 51 923.448 925.75 2.30196
15 46 1394.63 1396.93 2.30196
30 48 937.986 940.288 2.30196
22 46 943.897 944 0.102662
37 40 1389.25 1389.35 0.10266
33 42 1165.43 1165.53 0.0975397
18 46 929.444 931.746 2.30196
39 45 948.368 948.471 0.102658
38 41 941.469 943.771 2.30195
23 50 956.274 956.603 0.328712
8 48 911.659 913.961 2.30196
11 48 912.301 912.485 0.184836
1 49 913.834 914.45 0.616454
12 51 914.085 914.701 0.61645
35 41 916.721 917.338 0.616452
6 48 919.087 921.389 2.30196
5 51 922.247 924.549 2.30196
39 45 929.941 930.044 0.102658
9 48 924.709 927.011 2.30196
34 41 925.555 925.658 0.102661
36 44 936.319 936.936 0.616451
29 48 925.662 927.963 2.30196
10 49 926.077 928.379 2.30196
3 51 933.126 933.228 0.102658
25 50 936.177 936.506 0.328712
25 50 968.719 969.047 0.328712
19 45 939.697 941.999 2.30196
22 46 925.47 925.573 0.102662
2 48 927.177 929.479 2.30196
33 42 937.006 937.191 0.184836
33 42 955.433 955.608 0.174596
24 53 932.166 932.495 0.328707
26 53 939.312 939.496 0.184838
15 0 938.84 0 -938.84
16 46 940.62 942.922 2.30196
28 51 933.626 935.928 2.30196
21 46 940.991 943.293 2.30196
37 0 933.459 0 -933.459
12 51 1007.65 1007.84 0.184834
36 44 1164.75 1164.85 0.102659
29 0 1153.55 0 -1153.55
17 45 1156.25 1158.55 2.30196
35 41 1115.15 1115.32 0.174596
22 46 1123.9 1124 0.102662
35 41 977.75 978.079 0.328708
32 41 934.225 934.327 0.102661
20 45 1197.18 1197.36 0.174597
27 50 1130.91 1131 0.0975409
33 42 1105.43 1105.53 0.0975397
34 41 1183.98 1184.08 0.0975409
5 51 1150.14 1152.44 2.30196
23 50 1184.07 1184.39 0.328712
30 48 1393.77 1396.07 2.30196
32 41 1102.65 1102.75 0.0975412
32 41 952.652 952.754 0.102661
24 53 964.708 964.892 0.184835
27 50 950.907 951.01 0.102661
26 53 957.739 957.841 0.102662
34 41 973.982 974.08 0.0975409
11 48 960.728 960.902 0.174596
8 51 1200.58 1201.2 0.616453
22 46 973.897 973.995 0.0975419
23 50 988.816 989.144 0.328712
39 45 978.368 978.471 0.102658
1 48 974.862 975.478 0.616453
12 51 975.113 975.442 0.328706
24 53 983.006 983.181 0.174595
3 51 981.553 981.65 0.0975383
3 51 1011.55 1011.65 0.0975383
24 53 1160.59 1160.77 0.174595
25 50 1033.8 1034.13 0.328712
38 41 1179.53 1179.62 0.0975386
35 41 1042.83 1043.02 0.184836
24 53 1010.59 1010.77 0.174595
39 45 1008.37 1008.47 0.102658
9 51 1380.5 1380.6 0.10266
3 51 1191.55 1191.65 0.0975383
28 48 1194.06 1194.39 0.328711
22 46 1033.9 1034 0.102662
36 44 1029.89 1030.22 0.328707
24 53 1040.59 1040.77 0.174595
33 42 1015.43 1015.61 0.174596
27 50 1010.91 1011 0.0975409
34 41 1153.98 1154.08 0.0975409
32 41 1042.65 1042.75 0.0975412
11 48 1020.73 1020.9 0.174596
4 51 1172.49 1172.6 0.102659
32 41 1012.65 1012.75 0.102661
26 53 1017.74 1017.84 0.0975418
23 50 1053.9 1054.23 0.328712
3 51 1041.55 1041.66 0.102658
27 50 1040.91 1041 0.0975409
35 41 1061.13 1061.31 0.174596
12 51 1025.95 1026.06 0.102658
1 48 1035.89 1036.22 0.328709
34 41 1033.98 1034.08 0.102661
23 50 1086.44 1086.77 0.328712
22 46 1093.9 1094 0.0975419
39 45 1038.37 1038.47 0.102658
11 48 1050.73 1050.9 0.174596
33 42 1045.43 1045.61 0.174596
36 44 1062.43 1062.62 0.184835
25 50 1066.34 1066.67 0.328712
26 53 1047.74 1047.84 0.0975418
34 41 1063.98 1064.08 0.102661
22 46 1063.9 1064 0.0975419
23 50 1118.98 1119.31 0.328712
1 48 1068.43 1068.76 0.328709
12 51 1052.51 1052.61 0.102658
25 50 1098.89 1099.21 0.328712
32 41 1072.65 1072.75 0.0975412
3 51 1071.55 1071.66 0.102658
39 45 1068.37 1068.47 0.102658
27 50 1070.91 1071 0.0975409
7 51 1177.99 1178.09 0.102659
11 48 1080.73 1080.9 0.174596
27 50 1100.91 1101 0.0975409
36 44 1080.73 1080.83 0.102659
33 42 1075.43 1075.54 0.10266
24 53 1070.59 1070.77 0.174595
0 52 1151.34 1153.64 2.30196
34 41 1093.98 1094.08 0.0975409
32 41 1162.65 1162.75 0.0975412
26 53 1077.74 1077.84 0.0975418
13 48 1189.18 1189.35 0.174596
26 53 1107.74 1107.84 0.0975418
39 45 1098.37 1098.47 0.0975379
22 46 1153.9 1154 0.102662
34 41 1123.98 1124.08 0.0975409
3 51 1101.55 1101.66 0.102658
23 50 1151.52 1151.85 0.328712
13 48 1158.64 1158.83 0.184836
1 48 1100.97 1101.3 0.328709
12 51 1082.51 1082.61 0.0975383
35 41 1085.15 1085.32 0.174596
39 45 1128.37 1128.47 0.0975379
24 53 1100.59 1100.77 0.174595
12 51 1112.51 1112.61 0.0975383
24 53 1130.59 1130.77 0.174595
16 0 1168.51 0 -1168.51
3 51 1131.55 1131.66 0.102658
26 53 1137.74 1137.84 0.0975418
11 48 1140.73 1140.9 0.174596
7 51 1167.82 1167.93 0.102659
30 48 1165.88 1168.18 2.30196
36 44 1134.75 1134.85 0.102659
14 52 1167.31 1169.62 2.30196
19 0 1167.59 0 -1167.59
21 46 1168.88 1168.99 0.10266
25 50 1163.97 1164.3 0.328712
39 45 1158.37 1158.47 0.0975379
35 41 1145.15 1145.25 0.10266
28 48 1161.52 1161.85 0.328711
32 41 1132.65 1132.75 0.102661
37 40 1161.35 1163.65 2.30196
38 41 1169.36 1169.47 0.102659
20 45 1166.65 1166.83 0.184837
33 42 1135.43 1135.53 0.0975397
15 45 1166.73 1169.04 2.30196
1 48 1166.06 1166.39 0.328709
3 51 1161.55 1161.65 0.0975383
12 51 1142.51 1142.61 0.102658
7 51 1198.36 1198.46 0.102659
14 45 1395.21 1395.31 0.10266
19 0 1395.48 0 -1395.48
31 51 1397.12 1397.74 0.616455
21 46 1199.42 1199.52 0.0975396
38 41 1199.9 1199.99 0.0975386
16 0 1396.41 0 -1396.41
