44 52 0.0303349 2.33229 2.30196
31 67 1.66105 3.96301 2.30195
5 69 9.08504 11.387 2.30195
7 69 931.826 934.128 2.30195
11 63 6.93223 9.23418 2.30195
46 56 1086.73 1086.83 0.0975362
46 56 6.73415 9.0361 2.30195
17 77 4.61086 6.91281 2.30195
39 69 4.61475 6.9167 2.30195
21 0 3.291 0 -3.291
19 83 953.188 953.286 0.0975374
16 70 921.71 921.895 0.184835
3 69 1033.47 1033.8 0.328705
18 0 3.85111 0 -3.85111
25 83 3.8041 6.10606 2.30195
47 52 5.95732 8.25928 2.30195
0 70 6.78338 9.08533 2.30195
48 76 5.0908 7.39276 2.30195
41 59 948.728 948.831 0.102658
12 69 1091.53 1091.63 0.0975371
8 63 1386.82 1389.12 2.30196
36 68 6.86483 9.16679 2.30195
19 83 934.761 934.864 0.102657
20 83 707.575 709.877 2.30195
17 77 1144.61 1144.71 0.0975387
37 62 9.54719 11.8491 2.30195
45 81 9.74063 12.0426 2.30195
16 70 10.137 12.4389 2.30195
30 73 9.56021 11.8622 2.30195
0 70 918.356 918.459 0.102658
29 67 1005.8 1005.9 0.102658
1 64 476.224 478.526 2.30195
36 68 918.438 918.54 0.102659
14 63 928.215 930.517 2.30196
26 83 12.4255 14.7275 2.30195
24 83 10.4472 12.7492 2.30195
12 69 11.5291 13.831 2.30195
38 68 982.859 982.962 0.102659
39 69 1024.61 1024.72 0.102659
28 83 473.545 475.847 2.30195
8 0 931.033 0 -931.033
35 62 12.8905 15.1925 2.30195
33 67 13.3838 15.6858 2.30195
12 69 1061.53 1061.63 0.0975371
29 67 15.8004 18.1023 2.30195
4 70 14.9502 17.2522 2.30196
6 64 15.8303 18.1322 2.30195
42 53 20.7654 23.0674 2.30195
1 64 20.4372 22.7392 2.30195
13 63 27.6694 29.9714 2.30195
34 73 27.9275 30.2294 2.30195
30 73 921.133 921.236 0.102659
41 59 1008.73 1008.83 0.102658
9 69 16.5486 18.8505 2.30196
14 63 16.6425 18.9444 2.30196
41 59 18.7282 21.0302 2.30195
10 70 18.0021 20.304 2.30196
2 0 17.4882 0 -17.4882
28 83 17.7583 20.0603 2.30195
32 73 20.8668 23.1687 2.30195
46 56 936.734 936.832 0.0975362
15 63 937.381 939.683 2.30195
16 70 940.137 940.24 0.102659
15 63 709.487 711.789 2.30195
33 67 924.957 927.259 2.30195
7 69 476.039 478.341 2.30195
48 76 916.664 916.766 0.102657
27 82 19.7347 22.0367 2.30195
8 0 19.4597 0 -19.4597
7 69 20.2528 22.5547 2.30195
45 81 921.314 921.416 0.102658
6 64 927.403 929.705 2.30195
30 73 1089.56 1089.66 0.0975387
19 83 478.974 481.276 2.30195
49 84 22.6978 24.9997 2.30196
23 82 21.3382 23.6402 2.30196
40 53 22.4017 24.7036 2.30195
38 68 22.8593 25.1612 2.30196
20 83 23.8956 26.1975 2.30195
19 83 23.188 25.49 2.30195
43 52 23.7494 26.0514 2.30195
43 52 953.749 953.852 0.102658
23 83 477.125 479.427 2.30195
15 63 25.8076 28.1095 2.30195
1 70 932.01 934.312 2.30196
28 83 929.331 929.434 0.102658
10 0 929.575 0 -929.575
22 82 1079.7 1079.8 0.0975381
22 82 29.699 32.0009 2.30195
3 69 28.324 30.626 2.30195
47 52 917.53 917.633 0.102659
49 84 250.591 252.893 2.30196
38 68 250.753 253.054 2.30196
5 69 464.872 467.173 2.30195
8 64 247.353 249.655 2.30196
41 59 246.621 248.923 2.30195
27 82 247.628 249.93 2.30195
10 0 245.895 0 -245.895
43 52 251.643 253.945 2.30195
20 82 251.789 254.091 2.30196
44 52 1033.66 1034.28 0.616451
44 52 227.924 230.226 2.30196
31 67 229.554 231.856 2.30195
21 77 231.184 233.486 2.30196
25 0 231.697 0 -231.697
18 83 231.744 234.046 2.30195
17 77 232.504 234.806 2.30195
39 69 232.508 234.81 2.30195
48 76 232.984 235.286 2.30195
47 52 233.851 236.153 2.30195
46 56 234.627 236.929 2.30195
0 70 234.677 236.979 2.30195
36 68 234.758 237.06 2.30195
11 63 234.825 237.127 2.30195
5 69 236.978 239.28 2.30195
37 62 237.44 239.742 2.30195
30 73 237.453 239.755 2.30195
45 81 237.634 239.936 2.30195
16 70 238.03 240.332 2.30195
24 83 238.34 240.642 2.30195
12 69 239.422 241.724 2.30195
26 83 240.319 242.621 2.30195
35 62 240.784 243.086 2.30195
33 67 241.277 243.579 2.30195
4 70 242.843 245.145 2.30196
29 67 243.694 245.996 2.30195
6 64 243.724 246.025 2.30195
9 0 244.442 0 -244.442
14 0 244.536 0 -244.536
2 64 245.381 247.683 2.30195
28 83 245.652 247.954 2.30195
19 83 251.081 253.383 2.30195
40 0 250.295 0 -250.295
32 73 248.76 251.062 2.30195
42 59 248.659 250.961 2.30196
1 64 248.33 250.632 2.30195
7 69 248.146 250.448 2.30195
11 63 936.932 937.035 0.102659
15 63 253.701 256.003 2.30195
23 83 249.231 251.533 2.30195
11 63 918.505 918.608 0.102659
35 68 924.464 924.792 0.328708
22 82 485.485 487.787 2.30195
1 64 1190.44 1190.53 0.0975389
11 63 1086.93 1087.03 0.0975389
24 83 922.02 922.123 0.102658
34 73 711.607 713.909 2.30195
13 63 255.563 257.865 2.30195
34 73 255.821 258.123 2.30195
38 68 478.646 480.948 2.30196
46 56 1146.73 1146.83 0.0975362
22 82 713.379 715.681 2.30195
12 69 467.316 469.618 2.30195
47 52 1025.96 1026.06 0.102659
2 64 929.061 931.363 2.30195
13 63 711.349 713.651 2.30195
3 69 256.217 258.519 2.30195
22 82 257.592 259.894 2.30195
24 83 466.234 468.536 2.30195
37 62 921.12 923.422 2.30195
33 67 469.17 471.472 2.30195
43 52 1013.75 1013.85 0.102658
5 69 920.658 922.96 2.30195
43 52 479.536 481.838 2.30195
38 68 952.859 952.957 0.0975392
10 70 473.789 476.091 2.30196
45 81 465.527 467.829 2.30195
4 70 926.523 928.825 2.30196
28 83 947.758 947.861 0.102658
32 73 950.867 950.969 0.102656
37 62 1159.18 1159.28 0.102658
8 64 703.139 705.441 2.30196
27 81 703.414 705.716 2.30196
7 69 703.932 706.234 2.30195
1 64 704.117 706.419 2.30195
42 0 704.445 0 -704.445
32 73 704.547 706.848 2.30195
23 0 705.018 0 -705.018
40 67 706.081 708.383 2.30197
49 83 706.378 708.679 2.30195
38 68 706.539 708.841 2.30196
19 83 706.868 709.17 2.30195
12 69 923.102 923.205 0.102657
11 63 690.612 692.914 2.30195
5 69 692.765 695.067 2.30195
37 62 693.227 695.529 2.30195
30 73 693.24 695.542 2.30195
45 81 693.42 695.722 2.30195
16 64 693.817 696.119 2.30196
24 84 694.127 696.429 2.30196
12 69 695.209 697.511 2.30195
26 83 696.105 698.407 2.30195
35 68 696.57 698.872 2.30196
33 67 697.064 699.366 2.30195
4 70 698.63 700.932 2.30196
29 67 699.48 701.782 2.30195
6 64 699.51 701.812 2.30195
9 0 700.228 0 -700.228
14 0 700.322 0 -700.322
2 63 701.168 703.47 2.30196
28 83 701.438 703.74 2.30195
10 70 701.682 703.984 2.30196
41 59 702.408 704.71 2.30195
44 52 683.71 686.012 2.30196
31 67 685.341 687.643 2.30195
21 0 686.971 0 -686.971
25 0 687.484 0 -687.484
18 0 687.531 0 -687.531
17 77 688.291 690.593 2.30195
39 69 688.294 690.596 2.30195
48 76 688.771 691.073 2.30195
47 52 689.637 691.939 2.30195
46 56 690.414 692.716 2.30195
0 70 690.463 692.765 2.30195
36 68 690.545 692.847 2.30195
37 62 465.334 467.636 2.30195
45 81 1089.74 1089.84 0.0975377
0 70 936.783 936.886 0.102658
40 52 933.975 936.277 2.30196
16 70 465.923 468.225 2.30195
40 53 478.188 480.49 2.30195
23 83 1191.34 1191.44 0.102658
38 68 934.432 934.535 0.102659
43 52 707.429 709.731 2.30195
27 82 475.521 477.823 2.30195
6 64 471.617 473.919 2.30195
11 63 462.719 465.021 2.30195
35 62 468.677 470.979 2.30195
34 73 483.714 486.016 2.30195
36 68 462.651 464.953 2.30195
3 69 712.004 714.306 2.30195
0 70 462.57 464.872 2.30195
41 59 474.515 476.817 2.30195
29 67 471.587 473.889 2.30195
41 59 930.301 930.404 0.102658
20 82 479.682 481.984 2.30196
3 69 484.111 486.412 2.30195
46 56 462.521 464.823 2.30195
9 0 472.335 0 -472.335
2 64 473.275 475.577 2.30195
32 73 476.653 478.955 2.30195
27 82 931.308 933.61 2.30195
8 63 475.246 477.548 2.30196
47 52 461.744 464.046 2.30195
30 73 465.347 467.649 2.30195
26 82 468.212 470.514 2.30196
42 53 476.552 478.854 2.30195
49 84 478.484 480.786 2.30196
13 69 483.456 485.758 2.30196
4 70 470.737 473.039 2.30196
14 0 472.429 0 -472.429
15 63 481.594 483.896 2.30195
32 73 1100.87 1100.96 0.0975362
44 52 455.817 458.119 2.30196
31 67 457.448 459.75 2.30195
21 83 459.077 461.379 2.30195
25 83 459.591 461.893 2.30195
18 83 459.638 461.94 2.30195
17 77 460.397 462.699 2.30195
39 69 460.401 462.703 2.30195
48 76 460.877 463.179 2.30195
9 69 928.122 930.424 2.30196
12 69 941.529 941.632 0.102657
29 67 927.373 927.476 0.102658
29 67 945.8 945.903 0.102658
16 70 1060.14 1060.23 0.0975388
26 83 1002.43 1002.53 0.102659
29 67 1155.8 1155.9 0.0975381
47 52 1145.96 1146.05 0.0975385
44 52 1094.69 1095.02 0.328707
40 53 1194.41 1194.59 0.184834
16 70 1150.14 1150.23 0.0975388
49 83 952.698 952.795 0.0975383
47 52 1085.96 1086.05 0.0975385
48 76 1025.09 1025.19 0.102657
38 68 1192.86 1192.96 0.0975392
20 83 953.896 953.998 0.102659
28 83 1097.76 1097.86 0.0975382
12 69 1001.53 1001.63 0.102657
47 52 935.957 936.06 0.102659
39 69 916.188 916.29 0.102659
22 82 1019.7 1019.87 0.174594
20 83 935.469 935.653 0.184835
39 69 1084.61 1084.71 0.0975385
32 73 1010.87 1010.96 0.0975362
30 72 939.56 939.663 0.102659
46 56 918.307 918.41 0.102656
41 59 1098.73 1098.83 0.0975384
44 52 1159.77 1160.1 0.328707
20 83 1013.9 1013.99 0.0975385
49 83 1012.7 1012.8 0.0975383
36 68 996.865 996.962 0.097539
31 67 1157.35 1157.68 0.328706
45 81 939.741 939.843 0.102658
39 69 934.615 934.717 0.102659
13 63 1167.14 1167.46 0.328707
24 83 940.447 940.55 0.102658
42 53 932.338 934.64 2.30195
32 73 932.44 932.542 0.102656
13 63 939.242 941.544 2.30195
26 83 942.426 942.528 0.102659
49 83 934.271 934.373 0.102658
26 83 923.999 924.101 0.102659
48 76 935.091 935.188 0.0975369
23 83 932.911 935.213 2.30195
43 52 935.322 935.507 0.184834
34 73 939.5 939.829 0.328705
22 82 941.272 941.601 0.328706
35 62 957.005 957.19 0.184834
36 68 936.865 936.967 0.102659
44 52 911.603 912.22 0.616451
31 67 913.234 913.85 0.61645
21 77 914.864 917.166 2.30196
25 83 915.377 917.679 2.30195
18 0 915.424 0 -915.424
17 77 916.184 916.287 0.102659
17 77 1084.61 1084.71 0.0975387
3 69 1198.32 1198.5 0.174593
20 83 1193.9 1194 0.102659
48 76 1085.09 1085.19 0.102657
38 68 1012.86 1012.96 0.0975392
17 77 934.611 934.714 0.102659
3 69 939.897 940.513 0.616449
34 73 1077.93 1078.03 0.102657
19 83 1013.19 1013.29 0.102657
24 83 1150.45 1150.54 0.0975382
39 69 1144.61 1144.71 0.0975385
34 73 1022.88 1022.98 0.102657
48 76 1145.09 1145.19 0.0975369
27 82 1169.36 1169.47 0.102657
43 53 1193.75 1193.85 0.0975399
32 73 980.867 980.964 0.0975362
34 73 1004.58 1004.77 0.184833
31 67 1096.32 1096.94 0.61645
11 63 966.932 967.03 0.0975389
39 69 964.615 964.717 0.102659
28 83 1007.76 1007.86 0.102658
17 77 1024.61 1024.71 0.0975387
19 83 1103.19 1103.29 0.0975374
36 68 1086.86 1086.96 0.097539
17 77 964.611 964.714 0.102659
48 76 965.091 965.193 0.102657
34 73 972.042 972.371 0.328705
36 68 966.865 966.967 0.102659
35 62 975.304 975.478 0.174594
24 83 970.447 970.55 0.102658
45 81 969.741 969.843 0.102658
46 56 966.734 966.832 0.0975362
0 70 966.783 966.881 0.0975383
47 52 965.957 966.06 0.102659
22 82 973.814 973.998 0.184834
31 67 974.262 974.879 0.61645
3 69 1000.93 1001.25 0.328705
44 52 972.632 973.248 0.616451
26 83 972.426 972.528 0.102659
22 82 1139.7 1139.8 0.0975381
49 83 1102.7 1102.8 0.102658
7 69 1190.25 1190.35 0.0975381
26 83 1152.43 1152.52 0.0975386
14 0 1384 0 -1384
0 70 1146.78 1146.88 0.0975383
31 67 1035.29 1035.91 0.61645
19 83 1193.19 1193.29 0.0975374
34 73 1137.93 1138.03 0.102657
30 73 969.56 969.663 0.102659
16 70 970.137 970.235 0.0975388
48 76 1055.09 1055.19 0.102657
46 56 996.734 996.832 0.0975362
32 73 1160.87 1160.96 0.0975362
41 59 978.728 978.831 0.102658
48 76 995.091 995.193 0.102657
12 69 971.529 971.632 0.102657
43 52 983.749 983.852 0.102658
20 83 983.896 983.993 0.0975385
19 83 983.188 983.291 0.102657
29 67 975.8 975.903 0.102658
28 83 977.758 977.861 0.102658
30 73 999.56 999.663 0.102659
24 83 1000.45 1000.55 0.102658
11 63 996.932 997.03 0.0975389
22 82 992.112 992.287 0.174594
49 83 982.698 982.795 0.0975383
16 70 1000.14 1000.24 0.102659
45 81 999.741 999.838 0.0975377
35 62 1002.89 1002.99 0.102658
47 52 995.957 996.06 0.102659
17 77 994.611 994.714 0.102659
39 69 994.615 994.712 0.0975385
0 70 996.783 996.881 0.0975383
5 69 1158.71 1158.82 0.102657
24 83 1030.45 1030.55 0.102658
45 81 1149.74 1149.84 0.0975377
16 70 1030.14 1030.23 0.0975388
36 68 1026.86 1026.96 0.097539
26 83 1032.43 1032.53 0.102659
11 63 1026.93 1027.03 0.0975389
45 81 1059.74 1059.84 0.0975377
0 70 1026.78 1026.88 0.0975383
46 56 1026.73 1026.83 0.0975362
41 59 1188.73 1188.83 0.0975384
42 53 1190.77 1190.87 0.102658
0 70 1086.78 1086.88 0.0975383
45 81 1029.74 1029.84 0.0975377
30 73 1029.56 1029.66 0.102659
41 59 1158.73 1158.83 0.0975384
24 83 1090.45 1090.54 0.0975382
35 62 1092.89 1092.99 0.0975379
43 52 1103.75 1103.85 0.102658
38 68 1102.86 1102.96 0.102659
12 69 1031.53 1031.63 0.0975371
35 62 1032.89 1032.99 0.0975379
41 59 1038.73 1038.83 0.102658
28 83 1037.76 1037.86 0.102658
20 83 1043.9 1044 0.102659
49 83 1042.7 1042.8 0.102658
42 53 1170.39 1170.5 0.102658
19 83 1043.19 1043.29 0.102657
36 68 1146.86 1146.96 0.097539
15 63 1165.27 1165.46 0.184832
7 69 1169.88 1169.98 0.102658
38 68 1042.86 1042.96 0.102659
43 52 1043.75 1043.85 0.102658
24 83 1060.45 1060.54 0.0975382
28 83 1067.76 1067.86 0.102658
30 73 1149.56 1149.66 0.0975387
2 64 1156.95 1157.06 0.102658
32 73 1040.87 1040.96 0.0975362
38 68 1072.86 1072.96 0.102659
36 68 1056.86 1056.96 0.097539
26 83 1062.43 1062.52 0.0975386
34 73 1047.93 1048.03 0.097537
0 70 1056.78 1056.88 0.0975383
12 69 1151.53 1151.63 0.0975371
29 67 1035.8 1035.9 0.102658
49 83 1072.7 1072.8 0.102658
3 69 1066.01 1066.19 0.184833
11 63 1056.93 1057.03 0.102659
19 83 1133.19 1133.29 0.0975374
28 83 1157.76 1157.86 0.0975382
3 69 1138.32 1138.5 0.174593
19 83 1073.19 1073.29 0.0975374
46 56 1056.73 1056.83 0.0975362
22 82 1049.7 1049.8 0.102658
30 73 1059.56 1059.66 0.0975387
47 52 1055.96 1056.05 0.0975385
41 59 1068.73 1068.83 0.0975384
17 77 1054.61 1054.71 0.0975387
39 69 1054.61 1054.71 0.0975385
26 83 1092.43 1092.52 0.0975386
16 70 1090.14 1090.23 0.0975388
3 69 1084.31 1084.48 0.174593
35 62 1062.89 1062.99 0.0975379
43 52 1073.75 1073.85 0.102658
29 67 1095.8 1095.9 0.0975381
32 73 1070.87 1070.96 0.0975362
20 83 1073.9 1074 0.102659
29 67 1065.8 1065.9 0.0975381
20 83 1103.9 1104 0.102659
3 69 1108.32 1108.5 0.174593
18 83 1143.32 1145.62 2.30195
44 52 1127.23 1127.56 0.328707
28 83 1187.76 1187.86 0.0975382
34 73 1107.93 1108.03 0.102657
11 63 1116.93 1117.03 0.0975389
13 63 1199.68 1199.86 0.184835
11 63 1146.93 1147.03 0.0975389
35 62 1152.89 1152.99 0.102658
38 68 1162.86 1162.96 0.102659
15 63 1195.81 1195.91 0.0975365
16 70 1120.14 1120.23 0.0975388
24 83 1120.45 1120.54 0.0975382
46 56 1116.73 1116.83 0.0975362
34 73 1197.93 1198.03 0.102657
39 69 1114.61 1114.71 0.0975385
25 0 1143.27 0 -1143.27
21 77 1142.76 1145.06 2.30196
17 77 1114.61 1114.71 0.0975387
48 76 1115.09 1115.19 0.0975369
22 82 1109.7 1109.8 0.0975381
36 68 1116.86 1116.96 0.097539
30 73 1119.56 1119.66 0.0975387
32 73 1130.87 1130.96 0.0975362
38 68 1132.86 1132.96 0.102659
8 0 1158.93 0 -1158.93
45 81 1119.74 1119.84 0.0975377
37 62 1149.01 1149.12 0.102658
7 69 1159.72 1159.82 0.102658
14 63 1156.11 1158.41 2.30196
10 0 1157.47 0 -1157.47
33 67 1152.85 1153.18 0.328706
0 70 1116.78 1116.88 0.0975383
5 69 1148.55 1148.65 0.102657
47 52 1115.96 1116.05 0.0975385
23 83 1170.97 1171.07 0.102658
49 83 1162.7 1162.8 0.102658
1 64 1170.07 1170.17 0.102659
23 83 1160.8 1160.91 0.102658
20 83 1133.9 1134 0.102659
26 83 1122.43 1122.52 0.0975386
43 52 1133.75 1133.85 0.102658
9 63 1156.01 1158.32 2.30196
35 62 1122.89 1122.99 0.102658
28 83 1127.76 1127.86 0.0975382
27 82 1159.2 1159.3 0.102657
40 53 1161.87 1162.2 0.328706
49 83 1132.7 1132.8 0.102658
1 64 1159.9 1160.01 0.102659
12 69 1121.53 1121.63 0.0975371
6 64 1155.3 1157.6 2.30195
29 67 1125.8 1125.9 0.0975381
4 70 1154.42 1156.72 2.30196
41 59 1128.73 1128.83 0.0975384
42 53 1160.23 1160.33 0.102658
19 83 1163.19 1163.29 0.0975374
29 67 1185.8 1185.9 0.0975381
43 52 1163.75 1163.85 0.0975381
15 63 1183.57 1183.67 0.102656
3 63 1168.32 1168.5 0.174597
34 73 1167.93 1168.03 0.102657
45 81 1179.74 1179.84 0.0975377
20 83 1163.9 1164 0.102659
2 64 1187.49 1187.59 0.0975381
49 83 1192.7 1192.8 0.102658
39 69 1174.61 1174.71 0.0975385
18 82 1371.21 1373.51 2.30196
36 68 1176.86 1176.96 0.097539
48 76 1175.09 1175.19 0.0975369
11 63 1176.93 1177.03 0.0975389
31 67 1189.89 1190.22 0.328706
35 62 1182.89 1182.99 0.102658
4 70 1382.31 1384.61 2.30196
46 56 1176.73 1176.83 0.0975362
32 73 1190.87 1190.96 0.0975362
17 77 1174.61 1174.71 0.0975387
21 83 1370.65 1370.75 0.102658
22 82 1199.7 1199.8 0.102658
9 0 1383.91 0 -1383.91
16 70 1180.14 1180.23 0.0975388
24 83 1180.45 1180.54 0.0975382
6 64 1383.19 1383.29 0.102657
25 82 1371.16 1373.47 2.30196
27 82 1189.73 1189.84 0.102657
30 73 1179.56 1179.66 0.0975387
5 69 1179.09 1179.18 0.0975374
37 62 1179.55 1179.65 0.102658
47 52 1175.96 1176.05 0.0975385
0 70 1176.78 1176.88 0.0975383
26 83 1182.43 1182.52 0.0975386
10 76 1385.36 1387.66 2.30196
44 52 1192.31 1192.64 0.328707
22 82 1169.7 1169.8 0.102658
33 67 1185.39 1185.58 0.184834
12 69 1181.53 1181.63 0.0975371
