3 98 0.106265 2.40822 2.30195
30 74 0.566835 2.86879 2.30195
48 100 4.89683 7.19878 2.30195
50 74 936.22 938.522 2.30196
56 102 0.816444 3.1184 2.30195
41 70 915.789 915.892 0.102657
17 91 1.5876 3.88956 2.30196
11 98 928.821 928.924 0.102658
43 79 956.867 956.969 0.102658
38 78 1.97476 4.27671 2.30195
16 91 1004.41 1004.51 0.102659
7 98 3.82271 6.12466 2.30195
57 85 4.02171 6.32366 2.30195
4 97 3.09289 5.39484 2.30195
12 90 3.48332 5.78527 2.30195
34 70 1049.44 1049.54 0.0975377
5 97 1049.94 1050.04 0.0975376
43 80 938.44 938.542 0.102659
2 98 1109.78 1109.88 0.0975366
4 98 993.093 993.19 0.0975398
41 70 4.21619 6.51814 2.30195
1 97 6.02219 8.32414 2.30195
28 75 930.475 930.578 0.102659
34 70 959.44 959.542 0.102658
39 78 5.75563 8.05759 2.30195
55 91 7.26065 9.56261 2.30195
47 92 8.03007 10.332 2.30196
36 71 927.401 927.504 0.102657
49 99 8.02032 10.3223 2.30195
15 91 9.75293 12.0549 2.30195
8 97 11.5686 13.8706 2.30195
51 66 13.977 16.279 2.30195
29 75 14.7645 17.0665 2.30195
53 83 8.77964 11.0816 2.30195
9 98 927.929 930.231 2.30195
0 97 471.915 474.217 2.30195
35 78 14.2869 16.5888 2.30196
16 91 14.4057 16.7077 2.30195
19 81 929.888 932.19 2.30196
19 74 474.101 476.403 2.30195
34 70 989.44 989.537 0.0975377
32 77 1199.09 1199.18 0.0975388
58 78 471.128 473.43 2.30195
26 74 15.0683 17.3703 2.30195
58 78 15.342 17.644 2.30195
35 78 1124.29 1124.38 0.0975391
1 97 1145.49 1145.59 0.102659
30 73 930.567 930.669 0.10266
9 98 472.143 474.445 2.30195
13 91 15.7349 18.0368 2.30196
13 91 471.521 473.823 2.30196
36 71 15.8284 18.1304 2.30195
0 97 16.1281 18.4301 2.30195
22 75 940.74 940.843 0.102659
45 72 481.774 484.075 2.30195
9 97 16.3562 18.6582 2.30195
49 99 1058.02 1058.12 0.0975369
11 91 17.2481 19.55 2.30196
23 75 17.2377 19.5396 2.30195
14 97 474.757 477.059 2.30195
41 70 994.216 994.319 0.102657
32 77 1049.09 1049.18 0.0975388
14 97 18.9704 21.2724 2.30195
46 92 19.0772 21.3791 2.30196
28 74 18.9021 21.2041 2.30195
54 91 19.1382 21.4402 2.30195
19 74 18.3148 20.6168 2.30195
20 82 480.853 483.155 2.30196
29 75 1004.76 1004.86 0.0975376
57 85 994.022 994.124 0.102658
44 72 480.769 483.071 2.30195
5 97 941.518 941.62 0.102658
49 99 1118.02 1118.12 0.0975369
34 70 1169.44 1169.54 0.0975377
21 0 19.5615 0 -19.5615
31 82 21.355 23.657 2.30195
33 77 20.9941 23.296 2.30195
23 75 473.024 475.326 2.30195
59 62 24.2215 26.5235 2.30196
37 0 22.2932 0 -22.2932
18 97 23.873 26.1749 2.30195
20 82 25.0662 27.3682 2.30196
52 66 23.1772 25.4792 2.30195
10 97 22.0616 24.3636 2.30195
50 74 24.6466 26.9486 2.30196
40 0 22.7813 0 -22.7813
44 0 24.9828 0 -24.9828
6 91 24.4151 26.717 2.30195
56 102 1050.82 1050.92 0.102658
55 91 918.834 918.936 0.102658
59 62 935.795 935.897 0.102659
8 97 923.142 925.444 2.30195
48 100 916.47 916.572 0.102658
45 72 1165.99 1166.08 0.0975374
45 72 25.987 28.289 2.30195
42 80 25.7573 28.0592 2.30195
24 75 25.5417 27.8436 2.30195
23 75 928.811 931.113 2.30195
47 99 998.03 998.133 0.102659
4 97 1023.09 1023.19 0.0975367
39 70 917.329 919.631 2.30196
12 90 915.056 917.358 2.30195
17 91 991.588 991.685 0.0975393
36 71 471.615 473.917 2.30195
43 79 26.8666 29.1685 2.30195
25 81 26.7947 29.0967 2.30196
47 92 1118.03 1118.13 0.0975397
26 74 470.855 473.157 2.30195
57 85 1054.02 1054.12 0.0975376
47 99 1058.03 1058.13 0.102659
27 74 27.818 30.12 2.30195
2 98 29.7775 32.0794 2.30195
32 77 29.0863 31.3883 2.30195
22 75 29.1671 31.469 2.30195
34 70 29.4395 31.7415 2.30195
5 97 29.9448 32.2467 2.30195
11 98 473.035 475.337 2.30195
58 78 1125.34 1125.44 0.0975389
43 79 1106.87 1106.96 0.0975382
44 72 936.556 938.858 2.30195
21 74 931.134 933.436 2.30196
14 97 246.864 249.166 2.30195
28 74 246.795 249.097 2.30195
50 74 252.54 254.842 2.30196
54 91 247.031 249.333 2.30195
40 0 250.675 0 -250.675
45 72 253.88 256.182 2.30195
46 92 246.97 249.272 2.30196
21 75 247.455 249.757 2.30195
10 97 249.955 252.257 2.30195
59 62 252.115 254.417 2.30196
19 74 246.208 248.51 2.30195
18 0 251.766 0 -251.766
37 0 250.186 0 -250.186
45 72 1105.99 1106.08 0.0975374
6 91 252.308 254.61 2.30195
31 82 477.142 479.443 2.30195
3 98 228 230.301 2.30195
30 74 228.46 230.762 2.30195
56 102 228.71 231.012 2.30195
17 91 229.481 231.783 2.30196
38 78 229.868 232.17 2.30195
4 97 230.986 233.288 2.30195
12 90 231.377 233.679 2.30195
7 98 231.716 234.018 2.30195
57 85 231.915 234.217 2.30195
41 70 232.109 234.411 2.30195
48 100 232.79 235.092 2.30195
39 78 233.649 235.951 2.30195
1 97 233.915 236.217 2.30195
55 91 235.154 237.456 2.30195
49 99 235.914 238.216 2.30195
47 99 235.923 238.225 2.30195
53 83 236.673 238.975 2.30195
15 91 237.646 239.948 2.30195
8 97 239.462 241.764 2.30195
51 66 241.87 244.172 2.30195
35 78 242.18 244.482 2.30196
16 91 242.299 244.601 2.30195
29 75 242.658 244.96 2.30195
26 74 242.962 245.264 2.30195
58 78 243.235 245.537 2.30195
13 91 243.628 245.93 2.30196
36 71 243.722 246.024 2.30195
0 97 244.021 246.323 2.30195
9 98 244.249 246.551 2.30195
23 75 245.131 247.433 2.30195
11 98 245.141 247.443 2.30195
53 83 1118.78 1118.88 0.0975369
59 62 480.008 482.31 2.30196
24 75 481.328 483.63 2.30195
37 69 933.866 936.168 2.30196
40 69 934.354 936.656 2.30196
5 97 1199.94 1200.04 0.0975376
33 77 248.887 251.189 2.30195
47 99 919.603 919.706 0.102659
52 66 251.07 253.372 2.30195
20 82 252.959 255.261 2.30196
44 72 252.876 255.178 2.30195
31 82 249.248 251.55 2.30195
39 78 1145.22 1145.55 0.328707
38 78 1141.44 1141.77 0.328706
54 91 474.925 477.227 2.30195
20 82 708.746 711.048 2.30196
25 74 938.368 940.67 2.30195
42 80 985.757 985.855 0.0975378
4 97 1053.09 1053.19 0.0975367
46 92 474.864 477.166 2.30196
27 74 483.605 485.906 2.30195
52 66 478.964 481.266 2.30195
32 77 484.873 487.175 2.30195
2 98 485.564 487.866 2.30195
18 0 479.659 0 -479.659
27 74 255.711 258.013 2.30195
42 80 253.651 255.952 2.30195
24 75 253.435 255.737 2.30195
55 91 463.047 465.349 2.30195
25 0 254.688 0 -254.688
43 79 254.76 257.062 2.30195
22 75 257.06 259.362 2.30195
32 77 256.98 259.282 2.30195
34 70 257.333 259.635 2.30195
2 98 257.671 259.973 2.30195
5 97 257.838 260.14 2.30195
49 99 463.807 466.109 2.30195
51 66 1003.98 1004.07 0.0975365
56 102 930.816 930.919 0.102658
7 97 915.396 917.698 2.30196
21 75 475.348 477.65 2.30195
48 100 994.897 994.999 0.102658
27 74 987.818 987.916 0.0975376
48 100 1114.9 1114.99 0.0975379
51 66 1063.98 1064.07 0.0975365
28 74 474.689 476.991 2.30195
22 75 484.954 487.256 2.30195
35 78 1064.29 1064.38 0.0975391
26 74 926.641 928.943 2.30195
2 98 1049.78 1049.88 0.0975366
41 70 1024.22 1024.31 0.0975366
58 78 1035.34 1035.44 0.0975389
24 75 1195.54 1195.64 0.102657
55 91 997.261 997.358 0.097538
34 70 1109.44 1109.54 0.0975377
46 92 930.65 930.753 0.102659
14 97 930.543 932.845 2.30195
52 66 934.75 934.853 0.102657
35 78 925.86 925.963 0.102659
10 97 477.848 480.15 2.30195
29 75 926.338 926.44 0.102658
5 97 485.731 488.033 2.30195
33 77 476.781 479.083 2.30195
37 70 478.08 480.382 2.30195
43 79 482.653 484.955 2.30195
35 78 470.073 472.375 2.30196
42 80 481.544 483.846 2.30195
40 70 478.568 480.87 2.30195
34 70 485.226 487.528 2.30195
47 99 463.817 466.119 2.30195
8 97 467.355 469.657 2.30195
29 75 470.551 472.853 2.30195
50 0 480.433 0 -480.433
1 97 461.809 464.111 2.30195
16 91 470.192 472.494 2.30195
25 81 482.581 484.883 2.30196
6 91 480.202 482.504 2.30195
50 66 708.326 710.628 2.30196
3 98 455.893 458.195 2.30195
30 74 456.353 458.655 2.30195
56 102 456.603 458.905 2.30195
17 91 457.374 459.676 2.30196
38 78 457.761 460.063 2.30195
4 97 458.879 461.181 2.30195
12 90 459.27 461.572 2.30195
7 98 459.609 461.911 2.30195
57 85 459.808 462.11 2.30195
41 70 460.003 462.305 2.30195
48 100 460.683 462.985 2.30195
39 78 461.542 463.844 2.30195
53 83 464.566 466.868 2.30195
51 66 469.764 472.065 2.30195
15 91 465.539 467.841 2.30195
42 73 709.437 711.739 2.30196
57 85 1024.02 1024.12 0.0975376
59 62 707.901 710.203 2.30196
7 98 1153.45 1153.55 0.102658
34 70 713.119 715.421 2.30195
45 72 985.987 986.085 0.0975374
32 77 1109.09 1109.18 0.0975388
34 70 941.013 941.115 0.102658
6 91 935.988 936.173 0.184835
58 78 1005.34 1005.44 0.102659
17 91 1051.59 1051.69 0.102659
49 99 919.593 919.696 0.102657
31 82 932.928 935.23 2.30195
44 0 708.663 0 -708.663
45 72 709.667 711.969 2.30195
6 98 708.095 710.397 2.30196
24 75 709.221 711.523 2.30195
58 78 926.915 927.018 0.102659
57 85 934.022 934.124 0.102658
18 99 707.553 709.855 2.30196
43 79 1046.87 1046.96 0.0975382
15 90 921.326 921.429 0.10266
53 83 920.353 920.455 0.102657
1 98 917.595 919.897 2.30196
30 74 990.567 990.669 0.102657
43 79 710.546 712.848 2.30195
4 97 914.666 914.769 0.102657
38 78 913.548 915.85 2.30195
17 91 913.161 913.345 0.184835
30 74 912.14 912.325 0.184833
56 102 1110.82 1110.92 0.102658
10 97 933.635 933.737 0.102657
3 98 683.786 686.088 2.30195
30 74 684.247 686.549 2.30195
56 102 684.496 686.798 2.30195
17 91 685.267 687.569 2.30196
38 78 685.655 687.956 2.30195
4 97 686.773 689.075 2.30195
12 90 687.163 689.465 2.30195
7 0 687.502 0 -687.502
57 85 687.701 690.003 2.30195
41 70 687.896 690.198 2.30195
48 100 688.577 690.879 2.30195
39 0 689.435 0 -689.435
1 0 689.702 0 -689.702
55 91 690.94 693.242 2.30195
49 99 691.7 694.002 2.30195
47 99 691.71 694.012 2.30195
53 83 692.459 694.761 2.30195
15 90 693.433 695.735 2.30196
8 97 695.248 697.55 2.30195
51 66 697.657 699.959 2.30195
35 78 697.967 700.269 2.30196
16 91 698.085 700.387 2.30195
29 75 698.444 700.746 2.30195
26 74 698.748 701.05 2.30195
58 78 699.022 701.324 2.30195
13 91 699.415 701.717 2.30196
36 63 699.508 701.81 2.30196
0 97 699.808 702.11 2.30195
9 98 700.036 702.338 2.30195
23 0 700.917 0 -700.917
11 99 700.928 703.23 2.30196
19 74 701.995 704.297 2.30195
28 74 702.582 704.884 2.30195
14 90 702.65 704.952 2.30196
46 92 702.757 705.059 2.30196
54 91 702.818 705.12 2.30195
21 75 703.241 705.543 2.30195
33 77 704.674 706.976 2.30195
31 89 705.035 707.337 2.30196
10 97 705.741 708.043 2.30195
37 70 705.973 708.275 2.30195
40 70 706.461 708.763 2.30195
52 66 706.857 709.159 2.30195
52 66 1103.18 1103.27 0.0975367
45 72 955.987 956.085 0.0975374
41 70 1054.22 1054.31 0.0975366
26 74 1154.53 1154.64 0.102659
17 91 1111.59 1111.69 0.102659
16 91 1034.41 1034.51 0.102659
57 85 915.595 915.697 0.102658
33 77 932.567 932.67 0.102658
25 74 710.474 712.776 2.30195
12 90 1153.11 1153.22 0.102658
3 98 1139.57 1139.76 0.184834
45 72 937.56 937.663 0.102657
16 91 925.979 926.081 0.102659
5 97 989.945 990.047 0.102658
3 98 911.679 913.981 2.30195
0 97 927.701 927.804 0.102657
2 98 713.457 715.759 2.30195
22 75 712.847 715.149 2.30195
51 66 925.55 925.653 0.102657
29 75 1124.76 1124.86 0.0975376
18 98 935.446 937.748 2.30196
4 97 1113.09 1113.19 0.0975367
22 75 1049.17 1049.26 0.0975386
27 74 711.498 713.8 2.30195
56 102 912.389 912.574 0.184834
19 74 1157.78 1157.88 0.102659
5 97 713.625 715.926 2.30195
54 91 930.711 930.814 0.102658
32 77 712.766 715.068 2.30195
42 80 1045.76 1045.85 0.0975378
35 78 944.287 944.39 0.102659
32 77 940.659 940.762 0.102659
48 100 934.897 934.999 0.102658
48 100 1054.9 1054.99 0.0975379
15 91 999.753 999.856 0.102659
55 91 1057.26 1057.36 0.097538
22 75 1109.17 1109.27 0.102659
30 74 1110.57 1110.67 0.102657
9 98 1155.82 1155.93 0.102658
54 91 1129.14 1129.24 0.0975382
23 75 1156.7 1156.81 0.102658
56 102 990.816 990.919 0.102658
24 75 937.115 939.417 2.30195
2 98 941.35 941.453 0.102657
42 80 937.33 937.433 0.102658
13 98 927.308 929.61 2.30196
20 81 936.639 936.742 0.10266
27 74 939.391 939.494 0.102658
17 91 931.588 931.69 0.102659
4 97 933.093 933.19 0.0975367
4 97 1143.09 1143.19 0.0975367
35 78 1004.29 1004.38 0.0975391
53 83 998.78 998.882 0.102657
42 80 955.757 955.86 0.102658
57 85 1144.02 1144.12 0.0975376
49 99 1028.02 1028.12 0.0975369
20 82 1045.07 1045.16 0.0975391
46 92 1039.08 1039.17 0.0975392
8 97 1151.03 1151.22 0.184834
49 99 998.02 998.118 0.0975369
57 85 1114.02 1114.12 0.0975376
6 91 1044.42 1044.52 0.102659
53 83 1058.78 1058.88 0.102657
20 82 1105.07 1105.16 0.0975391
5 97 1109.94 1110.04 0.0975376
32 77 989.086 989.184 0.0975388
41 70 1114.22 1114.31 0.0975366
15 91 1059.75 1059.85 0.0975387
48 100 1024.9 1024.99 0.0975379
41 70 934.216 934.319 0.102657
46 92 1129.08 1129.17 0.0975392
49 99 938.02 938.123 0.102657
51 66 943.977 944.08 0.102657
47 99 938.03 938.128 0.0975385
53 83 938.78 938.882 0.102657
15 91 939.753 939.856 0.102659
55 91 937.261 937.363 0.102658
10 97 952.062 952.159 0.0975373
36 71 1155.83 1155.93 0.0975371
16 91 944.406 944.508 0.102659
58 78 945.342 945.445 0.102659
43 79 986.867 986.964 0.0975382
28 74 948.902 949 0.0975388
46 92 949.077 949.18 0.102659
29 75 944.765 944.867 0.102658
22 75 989.167 989.265 0.0975386
36 71 945.828 945.931 0.102657
2 98 989.777 989.88 0.102657
54 91 949.138 949.241 0.102658
6 91 954.415 954.518 0.102659
0 97 946.128 946.226 0.0975374
22 75 959.167 959.265 0.0975386
11 98 947.248 947.351 0.102658
47 92 1028.03 1028.13 0.10266
33 77 950.994 951.097 0.102658
20 82 955.066 955.169 0.102659
59 62 954.222 954.324 0.102659
27 74 957.818 957.921 0.102658
52 66 953.177 953.28 0.102657
5 97 959.945 960.042 0.0975376
2 98 959.777 959.88 0.102657
32 77 959.086 959.189 0.102659
54 91 1039.14 1039.24 0.0975382
14 97 1158.44 1158.54 0.102658
55 91 967.261 967.358 0.097538
49 99 968.02 968.118 0.0975369
17 91 961.588 961.685 0.0975393
56 102 960.816 960.919 0.102658
48 100 964.897 964.999 0.102658
30 74 960.567 960.664 0.0975369
53 83 968.78 968.882 0.102657
26 74 1164.7 1164.8 0.102659
4 97 963.093 963.19 0.0975367
46 92 979.077 979.18 0.102659
0 97 976.128 976.226 0.0975374
41 70 964.216 964.319 0.102657
8 97 1169.33 1169.44 0.102658
51 66 973.977 974.075 0.0975365
47 99 968.03 968.133 0.102659
54 91 979.138 979.241 0.102658
57 85 964.022 964.124 0.102658
58 78 975.342 975.445 0.102659
33 77 980.994 981.097 0.102658
10 97 982.062 982.164 0.102657
16 91 974.406 974.508 0.102659
20 82 1165.07 1165.16 0.0975391
35 78 974.287 974.384 0.0975391
29 75 974.765 974.862 0.0975376
28 74 978.902 979 0.0975388
11 98 1157.25 1157.35 0.0975379
36 71 975.828 975.931 0.102657
59 62 984.222 984.324 0.102659
15 91 969.753 969.856 0.102659
52 66 983.177 983.275 0.0975367
20 82 985.066 985.169 0.102659
6 91 984.415 984.513 0.0975386
11 98 977.248 977.346 0.0975379
11 98 1007.25 1007.35 0.0975379
46 92 1009.08 1009.17 0.0975392
28 74 1008.9 1009 0.0975388
36 71 1005.83 1005.93 0.0975371
54 91 1009.14 1009.24 0.102658
0 97 1006.13 1006.23 0.0975374
30 74 1050.57 1050.67 0.102657
52 66 1043.18 1043.27 0.0975367
27 74 1047.82 1047.92 0.0975376
59 62 1044.22 1044.32 0.097539
27 74 1167.82 1167.92 0.0975376
27 74 1107.82 1107.92 0.0975376
59 62 1134.22 1134.32 0.097539
10 97 1042.06 1042.16 0.0975373
28 74 1158.9 1159 0.102659
51 66 1123.98 1124.07 0.0975365
15 91 1119.75 1119.85 0.0975387
53 83 1028.78 1028.88 0.102657
16 91 1124.41 1124.5 0.0975389
34 70 1199.44 1199.54 0.0975377
45 72 1045.99 1046.08 0.0975374
33 77 1010.99 1011.1 0.102658
52 66 1013.18 1013.27 0.0975367
20 82 1015.07 1015.16 0.0975391
0 97 1036.13 1036.23 0.0975374
25 74 1176.42 1176.53 0.102659
42 80 1105.76 1105.85 0.0975378
59 62 1014.22 1014.32 0.097539
10 97 1012.06 1012.16 0.0975373
2 98 1019.78 1019.88 0.0975366
27 74 1017.82 1017.92 0.0975376
6 91 1014.42 1014.52 0.102659
36 71 1035.83 1035.93 0.102657
15 91 1029.75 1029.85 0.0975387
34 70 1019.44 1019.54 0.0975377
32 77 1019.09 1019.18 0.0975388
55 91 1027.26 1027.36 0.097538
5 97 1169.94 1170.04 0.0975376
42 80 1165.76 1165.85 0.0975378
7 98 1143.29 1143.39 0.102658
55 91 1117.26 1117.36 0.097538
12 90 1142.95 1143.05 0.102658
36 71 1125.83 1125.93 0.0975371
22 75 1019.17 1019.26 0.0975386
5 97 1019.94 1020.05 0.102658
43 79 1016.87 1016.96 0.0975382
22 75 1079.17 1079.27 0.102659
35 78 1034.29 1034.38 0.0975391
42 80 1015.76 1015.86 0.102658
56 102 1020.82 1020.92 0.102658
28 74 1038.9 1039 0.102659
45 72 1015.99 1016.08 0.0975374
17 91 1021.59 1021.69 0.102659
51 66 1033.98 1034.07 0.0975365
11 98 1037.25 1037.35 0.0975379
30 74 1020.57 1020.67 0.102657
33 77 1040.99 1041.09 0.097538
29 75 1034.76 1034.86 0.0975376
16 91 1064.41 1064.5 0.0975389
59 62 1164.22 1164.32 0.097539
10 97 1132.06 1132.16 0.0975373
20 82 1135.07 1135.16 0.0975391
58 78 1065.34 1065.44 0.0975389
29 75 1064.76 1064.86 0.0975376
59 62 1104.22 1104.32 0.097539
0 97 1066.13 1066.23 0.0975374
28 74 1068.9 1069 0.102659
54 91 1069.14 1069.24 0.0975382
11 98 1067.25 1067.35 0.0975379
27 74 1137.82 1137.92 0.0975376
2 98 1199.78 1199.88 0.0975366
6 91 1104.42 1104.52 0.102659
46 92 1069.08 1069.17 0.0975392
6 91 1074.42 1074.52 0.102659
36 71 1065.83 1065.93 0.102657
33 77 1070.99 1071.09 0.097538
20 82 1075.07 1075.16 0.0975391
0 97 1126.13 1126.23 0.0975374
28 74 1128.9 1129 0.102659
43 79 1166.87 1166.96 0.0975382
21 75 1159.03 1161.33 2.30195
10 97 1072.06 1072.16 0.0975373
33 77 1130.99 1131.09 0.097538
31 82 1160.82 1161.01 0.184833
50 74 1164.11 1164.22 0.102659
11 98 1097.25 1097.35 0.0975379
52 66 1073.18 1073.27 0.0975367
32 77 1079.09 1079.18 0.0975388
59 62 1074.22 1074.32 0.097539
45 72 1135.99 1136.08 0.0975374
25 74 1196.79 1196.89 0.0975385
25 74 1166.26 1166.36 0.102659
18 97 1163.34 1165.64 2.30195
13 98 1155.2 1157.5 2.30196
32 77 1139.09 1139.18 0.0975388
6 91 1134.42 1134.52 0.102659
6 91 1164.42 1164.51 0.0975386
45 72 1075.99 1076.08 0.0975374
11 98 1127.25 1127.35 0.0975379
42 80 1075.76 1075.85 0.0975378
44 72 1164.45 1166.75 2.30195
32 77 1169.09 1169.18 0.0975388
34 70 1079.44 1079.54 0.0975377
5 97 1079.94 1080.04 0.0975376
2 98 1079.78 1079.88 0.0975366
36 71 1095.83 1095.93 0.0975371
27 74 1077.82 1077.92 0.0975376
56 102 1080.82 1080.92 0.102658
43 79 1076.87 1076.96 0.0975382
48 100 1084.9 1084.99 0.0975379
30 74 1080.57 1080.67 0.102657
53 83 1088.78 1088.88 0.0975369
42 80 1195.76 1195.86 0.102658
57 85 1084.02 1084.12 0.0975376
17 91 1081.59 1081.69 0.102659
49 99 1088.02 1088.12 0.0975369
46 92 1099.08 1099.17 0.0975392
33 77 1100.99 1101.09 0.097538
41 70 1084.22 1084.31 0.0975366
29 75 1094.76 1094.86 0.0975376
47 92 1088.03 1088.13 0.0975397
54 91 1099.14 1099.24 0.0975382
16 91 1094.41 1094.5 0.0975389
31 82 1179.12 1179.22 0.102657
55 91 1087.26 1087.36 0.097538
4 97 1083.09 1083.19 0.0975367
10 97 1102.06 1102.16 0.0975373
0 97 1096.13 1096.23 0.0975374
51 66 1093.98 1094.07 0.0975365
58 78 1095.34 1095.44 0.0975389
15 91 1089.75 1089.86 0.102659
35 78 1094.29 1094.38 0.0975391
28 74 1098.9 1099 0.102659
40 74 1162.25 1164.55 2.30197
52 66 1133.18 1133.27 0.0975367
37 0 1161.76 0 -1161.76
22 75 1139.17 1139.27 0.102659
27 74 1197.82 1197.92 0.0975376
34 70 1139.44 1139.54 0.0975377
42 80 1135.76 1135.85 0.0975378
43 79 1136.87 1136.96 0.0975382
24 75 1165.01 1165.11 0.102657
24 75 1175.17 1175.27 0.102657
2 98 1139.78 1139.88 0.0975366
5 97 1139.94 1140.04 0.0975376
3 98 1157.87 1157.97 0.102658
55 91 1177.26 1177.36 0.097538
30 74 1140.57 1140.67 0.102657
56 102 1140.82 1140.91 0.0975376
48 100 1144.9 1144.99 0.0975379
17 91 1141.59 1141.69 0.102659
47 99 1178.03 1178.13 0.0975385
22 75 1169.17 1169.27 0.102659
2 98 1169.78 1169.88 0.0975366
41 70 1144.22 1144.31 0.0975366
33 77 1160.99 1161.09 0.097538
55 91 1147.26 1147.36 0.097538
0 97 1156.13 1156.23 0.0975374
35 78 1154.29 1154.38 0.0975391
47 92 1148.03 1148.13 0.0975397
23 75 1166.87 1166.97 0.102658
29 75 1154.76 1154.86 0.0975376
16 91 1154.41 1154.5 0.0975389
51 66 1153.98 1154.07 0.0975365
53 83 1148.78 1148.88 0.0975369
49 99 1148.02 1148.12 0.0975369
10 97 1162.06 1162.16 0.0975373
15 91 1149.75 1149.85 0.0975387
58 78 1155.34 1155.44 0.0975389
22 75 1199.17 1199.27 0.102659
54 91 1159.14 1159.24 0.0975382
46 92 1159.08 1159.17 0.0975392
52 66 1163.18 1163.27 0.0975367
19 74 1167.94 1168.05 0.102659
50 74 1174.28 1174.38 0.102659
14 97 1168.6 1168.7 0.102658
3 98 1170.11 1170.2 0.0975381
56 102 1170.82 1170.91 0.0975376
17 91 1171.59 1171.69 0.102659
12 90 1173.48 1173.58 0.0975381
30 74 1170.57 1170.66 0.0975369
7 98 1173.82 1173.92 0.0975381
4 97 1173.09 1173.19 0.0975367
45 72 1195.99 1196.08 0.0975374
57 85 1174.02 1174.12 0.0975376
38 78 1173.98 1174.31 0.328706
41 70 1174.22 1174.31 0.0975366
43 0 1196.87 0 -1196.87
16 91 1184.41 1184.5 0.0975389
58 78 1185.34 1185.44 0.0975389
1 97 1176.02 1176.12 0.0975387
48 100 1174.9 1174.99 0.0975379
29 75 1184.76 1184.86 0.0975376
49 99 1178.02 1178.12 0.0975369
39 78 1177.76 1177.95 0.184835
35 78 1184.29 1184.38 0.0975391
8 97 1181.57 1181.67 0.0975378
53 83 1178.78 1178.88 0.0975369
26 74 1185.07 1185.17 0.102659
52 66 1193.18 1193.27 0.0975367
0 97 1186.13 1186.23 0.0975374
21 75 1386.92 1387.11 0.184835
15 91 1179.75 1179.85 0.0975387
36 71 1185.83 1185.93 0.0975371
28 74 1188.9 1189 0.102659
54 91 1189.14 1189.24 0.0975382
51 66 1183.98 1184.07 0.0975365
9 98 1186.36 1186.45 0.0975377
46 92 1189.08 1189.17 0.0975392
11 98 1187.25 1187.35 0.0975379
13 98 1383.09 1383.2 0.102659
33 77 1190.99 1191.09 0.097538
44 72 1392.34 1392.53 0.184835
18 97 1391.23 1391.42 0.184833
23 75 1187.24 1187.34 0.0975377
6 91 1194.42 1194.51 0.0975386
20 82 1195.07 1195.16 0.0975391
40 70 1390.14 1392.44 2.30195
10 97 1192.06 1192.16 0.0975373
50 74 1194.65 1194.74 0.0975391
14 97 1188.97 1189.07 0.102658
59 62 1194.22 1194.32 0.097539
31 82 1191.36 1191.46 0.102657
19 74 1188.31 1188.41 0.0975387
37 70 1389.65 1391.95 2.30195
