55 67 0.179521 2.48147 2.30195
7 99 0.581574 2.88353 2.30195
31 70 2.39475 4.6967 2.30195
16 100 2.54444 4.84639 2.30195
22 100 474.521 476.823 2.30195
21 100 966.844 966.947 0.102658
14 100 1.02636 3.32832 2.30195
42 72 933.047 935.349 2.30195
49 88 1073.48 1073.59 0.102658
20 0 1.12766 0 -1.12766
2 92 1.49549 3.79744 2.30195
52 98 473.955 476.257 2.30195
26 99 968.706 968.891 0.184835
13 0 1.64262 0 -1.64262
45 65 467.696 469.998 2.30195
5 0 2.24929 0 -2.24929
24 106 938.588 938.691 0.102658
48 97 3.44843 5.75038 2.30195
30 70 6.36877 8.67072 2.30195
28 62 5.56953 7.87148 2.30195
37 78 7.42559 9.72755 2.30195
12 99 7.72275 10.0247 2.30195
21 100 6.84397 9.14592 2.30195
38 0 7.28098 0 -7.28098
59 94 6.58038 8.88233 2.30195
44 66 468.941 471.243 2.30195
31 70 458.181 460.483 2.30195
35 92 933.03 933.133 0.102658
32 70 1002.3 1002.4 0.0975368
25 106 931.837 931.939 0.102658
46 101 8.63923 10.9412 2.30195
6 93 7.93907 10.241 2.30195
45 65 1001.91 1002.01 0.102658
57 87 932.557 932.66 0.102658
9 99 10.9538 13.2557 2.30195
53 98 10.44 12.7419 2.30195
27 99 10.3844 12.6864 2.30195
29 70 11.001 13.3029 2.30195
45 65 11.9095 14.2114 2.30195
9 0 466.74 0 -466.74
32 70 12.303 14.6049 2.30195
19 107 472.85 475.152 2.30195
44 66 13.1549 15.4569 2.30195
41 79 13.1132 15.4151 2.30195
51 118 13.0525 15.3545 2.30195
0 100 1064.17 1064.27 0.0975364
8 99 13.3898 15.6918 2.30195
0 100 14.174 16.4759 2.30195
56 86 15.2867 17.5886 2.30195
36 92 13.857 16.159 2.30195
17 100 16.1022 18.4041 2.30195
18 0 1160.68 0 -1160.68
8 99 1063.39 1063.49 0.097538
41 79 1063.11 1063.22 0.102657
54 67 15.6268 17.9288 2.30195
28 62 461.356 463.658 2.30195
5 0 458.036 0 -458.036
47 0 477.549 0 -477.549
8 99 1123.39 1123.49 0.097538
51 118 468.839 471.141 2.30195
19 107 17.0638 19.3658 2.30195
14 0 456.813 0 -456.813
52 98 18.1682 20.4702 2.30195
22 100 18.7344 21.0364 2.30195
25 106 20.2638 22.5657 2.30195
39 77 18.78 21.0819 2.30195
33 83 18.7438 21.0457 2.30195
34 92 1161.33 1161.43 0.0975378
56 86 1005.29 1005.39 0.102658
39 77 474.566 476.868 2.30195
46 101 1118.64 1118.74 0.0975375
39 77 1068.78 1068.88 0.0975383
18 0 21.2118 0 -21.2118
35 84 21.4574 23.7594 2.30195
34 100 21.3303 23.6323 2.30196
23 0 21.1169 0 -21.1169
40 79 20.6341 22.936 2.30195
57 87 20.9844 23.2864 2.30195
39 77 1008.78 1008.88 0.102658
32 70 1122.3 1122.4 0.0975368
43 64 939.99 940.174 0.184835
58 112 935.3 935.403 0.102658
42 79 21.4741 23.776 2.30195
47 0 21.7626 0 -21.7626
17 100 1155.57 1155.67 0.102657
58 112 23.7272 26.0291 2.30195
49 88 23.483 25.7849 2.30195
7 99 456.368 458.67 2.30195
1 99 25.9849 28.2869 2.30195
50 110 25.4915 27.7935 2.30195
26 99 24.5914 26.8934 2.30195
3 107 26.6509 28.9528 2.30195
23 0 1160.58 0 -1160.58
4 99 482.135 484.437 2.30195
4 0 26.3482 0 -26.3482
3 107 482.437 484.739 2.30195
30 70 1176.37 1176.47 0.0975364
20 0 456.914 0 -456.914
12 99 1117.72 1117.82 0.0975369
24 106 957.015 957.113 0.0975381
15 107 27.0463 29.3483 2.30195
10 0 26.7959 0 -26.7959
25 106 248.157 250.459 2.30195
43 64 28.4167 30.7186 2.30195
11 92 27.4738 29.7758 2.30195
24 106 27.0152 29.3171 2.30195
3 107 254.544 256.846 2.30195
23 0 476.903 0 -476.903
34 92 932.903 933.006 0.102658
16 100 962.544 962.642 0.0975373
54 67 471.413 473.715 2.30195
43 64 958.417 958.519 0.102659
1 99 253.878 256.18 2.30195
39 77 246.673 248.975 2.30195
34 92 249.224 251.526 2.30195
33 83 246.637 248.939 2.30195
47 114 249.656 251.958 2.30196
38 0 463.067 0 -463.067
7 99 930.582 930.684 0.102658
37 78 463.212 465.514 2.30195
52 98 246.061 248.363 2.30195
22 100 246.628 248.93 2.30195
35 92 249.351 251.653 2.30195
50 110 253.385 255.687 2.30195
18 107 249.105 251.407 2.30195
55 67 228.073 230.375 2.30195
7 99 228.475 230.777 2.30195
14 0 228.92 0 -228.92
20 0 229.021 0 -229.021
2 92 229.389 231.691 2.30195
13 100 229.536 231.838 2.30195
5 107 230.143 232.444 2.30195
31 70 230.288 232.59 2.30195
16 100 230.438 232.74 2.30195
48 97 231.342 233.644 2.30195
28 62 233.463 235.765 2.30195
30 70 234.262 236.564 2.30195
59 94 234.474 236.776 2.30195
21 100 234.737 237.039 2.30195
38 78 235.174 237.476 2.30195
37 78 235.319 237.621 2.30195
12 99 235.616 237.918 2.30195
6 93 235.832 238.134 2.30195
46 101 236.532 238.834 2.30195
27 99 238.278 240.58 2.30195
53 98 238.333 240.635 2.30195
9 99 238.847 241.149 2.30195
29 62 238.894 241.196 2.30196
45 65 239.803 242.105 2.30195
32 70 240.196 242.498 2.30195
51 118 240.946 243.248 2.30195
41 79 241.006 243.308 2.30195
44 66 241.048 243.35 2.30195
8 99 241.283 243.585 2.30195
36 92 241.75 244.052 2.30195
0 100 242.067 244.369 2.30195
56 86 243.18 245.482 2.30195
54 67 243.52 245.822 2.30195
17 100 243.995 246.297 2.30195
19 107 244.957 247.259 2.30195
58 112 953.727 953.83 0.102658
53 98 466.226 468.528 2.30195
25 106 1010.26 1010.37 0.102658
1 99 481.771 484.073 2.30195
39 77 1128.78 1128.88 0.0975383
37 78 1117.43 1117.52 0.0975364
50 110 481.278 483.58 2.30195
24 106 482.802 485.104 2.30195
49 88 479.269 481.571 2.30195
18 99 932.785 935.087 2.30196
40 79 248.527 250.829 2.30195
59 94 966.58 966.678 0.0975376
58 112 1013.73 1013.82 0.0975383
42 79 249.367 251.669 2.30195
23 107 249.01 251.312 2.30195
57 87 248.878 251.18 2.30195
26 99 252.485 254.787 2.30195
49 88 251.376 253.678 2.30195
58 112 251.62 253.922 2.30195
3 107 1076.65 1076.75 0.0975378
13 99 457.429 459.731 2.30196
32 70 468.089 470.391 2.30195
4 99 254.241 256.543 2.30195
11 99 1166.94 1167.04 0.102659
24 106 1167.02 1167.11 0.0975381
18 0 476.998 0 -476.998
28 62 965.57 965.667 0.0975369
7 99 960.582 960.684 0.102658
17 100 471.889 474.191 2.30195
58 112 479.514 481.816 2.30195
34 92 1011.33 1011.43 0.0975378
24 106 254.908 257.21 2.30195
10 0 254.689 0 -254.689
11 92 255.367 257.669 2.30195
15 107 254.94 257.242 2.30195
27 0 466.171 0 -466.171
43 64 256.31 258.612 2.30195
55 67 1110.18 1110.28 0.0975377
48 97 459.235 461.537 2.30195
55 67 455.966 458.268 2.30195
16 100 458.331 460.633 2.30195
40 79 1070.63 1070.73 0.0975377
30 70 462.155 464.457 2.30195
6 93 463.726 466.028 2.30195
26 100 480.378 482.68 2.30195
44 66 1183.15 1183.25 0.0975383
25 106 476.05 478.352 2.30195
12 99 463.509 465.811 2.30195
24 106 1077.02 1077.11 0.0975381
29 70 1150.47 1150.57 0.102657
1 98 937.558 939.86 2.30196
41 79 468.9 471.202 2.30195
2 92 457.282 459.584 2.30195
15 107 938.619 940.921 2.30195
29 62 466.787 469.089 2.30196
48 97 1113.45 1113.55 0.102657
12 99 967.723 967.825 0.102657
36 92 1183.86 1183.96 0.102657
50 110 1165.49 1165.59 0.0975381
35 92 1071.46 1071.55 0.0975384
26 99 1014.59 1014.69 0.0975386
33 83 1008.74 1008.85 0.102657
20 0 1140.59 0 -1140.59
40 79 932.207 932.31 0.102658
40 78 476.421 478.723 2.30196
10 0 482.582 0 -482.582
35 84 477.244 479.546 2.30195
21 100 462.63 464.932 2.30195
8 99 469.176 471.478 2.30195
43 64 484.203 486.505 2.30195
34 100 477.117 479.419 2.30196
15 107 482.833 485.135 2.30195
11 99 483.26 485.562 2.30195
50 110 709.171 711.473 2.30195
26 99 708.271 710.573 2.30195
59 94 462.367 464.669 2.30195
36 92 469.644 471.945 2.30195
0 100 469.96 472.262 2.30195
56 86 471.073 473.375 2.30195
46 101 464.426 466.728 2.30195
42 0 477.261 0 -477.261
33 83 474.53 476.832 2.30195
57 87 476.771 479.073 2.30195
1 99 709.665 711.967 2.30195
35 92 1011.46 1011.55 0.0975384
55 67 960.18 960.282 0.102658
49 88 935.056 935.159 0.102658
16 100 1112.54 1112.64 0.0975373
37 78 967.426 967.523 0.0975364
50 110 1015.49 1015.59 0.0975381
8 99 1003.39 1003.49 0.102658
16 100 1142.54 1142.64 0.0975373
26 99 1074.59 1074.69 0.0975386
3 107 938.224 938.327 0.102658
56 86 1065.29 1065.38 0.0975379
41 79 924.686 924.789 0.102657
36 92 925.43 927.732 2.30195
3 107 710.331 712.633 2.30195
10 100 710.476 712.778 2.30195
4 99 710.028 712.33 2.30195
22 92 930.307 932.609 2.30195
55 67 683.859 686.161 2.30195
7 99 684.261 686.563 2.30195
14 100 684.706 687.008 2.30195
20 0 684.807 0 -684.807
2 92 685.175 687.477 2.30195
13 0 685.322 0 -685.322
5 107 685.929 688.231 2.30195
31 70 686.074 688.376 2.30195
16 100 686.224 688.526 2.30195
48 97 687.128 689.43 2.30195
28 62 689.249 691.551 2.30195
30 62 690.049 692.35 2.30196
59 94 690.26 692.562 2.30195
21 107 690.524 692.826 2.30195
38 78 690.961 693.263 2.30195
37 78 691.105 693.407 2.30195
12 99 691.402 693.704 2.30195
6 93 691.619 693.921 2.30195
46 101 692.319 694.621 2.30195
27 99 694.064 696.366 2.30195
53 98 694.12 696.422 2.30195
9 99 694.634 696.935 2.30195
29 62 694.681 696.983 2.30196
45 65 695.589 697.891 2.30195
32 70 695.983 698.285 2.30195
51 118 696.732 699.034 2.30195
41 79 696.793 699.095 2.30195
44 66 696.835 699.137 2.30195
8 99 697.07 699.372 2.30195
36 92 697.537 699.839 2.30195
0 101 697.854 700.156 2.30196
56 86 698.966 701.268 2.30195
54 67 699.307 701.609 2.30195
17 0 699.782 0 -699.782
19 107 700.744 703.046 2.30195
52 98 701.848 704.15 2.30195
22 100 702.414 704.716 2.30195
33 83 702.424 704.725 2.30195
39 77 702.46 704.762 2.30195
25 106 703.944 706.245 2.30195
40 79 704.314 706.616 2.30195
57 87 704.664 706.966 2.30195
23 107 704.797 707.099 2.30195
18 107 704.892 707.193 2.30195
34 92 705.01 707.312 2.30195
35 92 705.137 707.439 2.30195
42 73 705.154 707.456 2.30196
47 101 705.442 707.744 2.30195
49 88 707.163 709.465 2.30195
58 112 707.407 709.709 2.30195
36 92 1153.32 1153.43 0.102657
49 88 953.483 953.58 0.0975377
48 97 1173.45 1173.55 0.0975372
4 99 937.921 940.223 2.30195
51 118 1003.05 1003.16 0.102658
56 86 1125.29 1125.38 0.0975379
29 70 1181 1181.1 0.102657
53 98 1060.44 1060.54 0.0975373
47 101 933.336 935.638 2.30195
54 67 1185.63 1185.72 0.0975371
54 67 1005.63 1005.72 0.0975371
46 101 968.639 968.737 0.0975375
15 0 710.726 0 -710.726
24 106 710.695 712.997 2.30195
0 100 925.747 925.85 0.102656
11 92 711.154 713.456 2.30195
43 64 712.096 714.398 2.30195
24 106 1017.02 1017.11 0.0975381
28 62 1115.57 1115.67 0.0975369
10 100 938.369 940.671 2.30195
23 99 932.69 934.992 2.30196
0 100 1004.17 1004.28 0.102656
51 118 1123.05 1123.15 0.097538
44 66 1063.15 1063.25 0.0975383
33 83 1068.74 1068.85 0.102657
25 106 1070.26 1070.36 0.097538
57 87 1070.98 1071.08 0.0975378
50 110 937.064 937.167 0.102658
26 99 936.164 936.493 0.328707
39 77 930.353 930.456 0.102658
11 92 939.047 941.349 2.30195
55 67 930.18 930.282 0.102658
16 101 932.544 932.642 0.0975399
33 83 930.317 930.419 0.102657
48 97 963.448 963.546 0.0975372
44 66 1003.15 1003.26 0.102658
49 88 1103.48 1103.59 0.102658
30 70 966.369 966.466 0.0975364
53 98 940.44 940.543 0.102657
53 98 1000.44 1000.54 0.0975373
28 62 1175.57 1175.67 0.0975369
55 67 911.753 911.855 0.102658
7 99 912.155 912.257 0.102658
14 0 912.599 0 -912.599
20 0 912.701 0 -912.701
2 100 913.068 915.37 2.30195
13 0 913.216 0 -913.216
5 107 913.822 916.124 2.30195
31 70 913.968 916.27 2.30195
16 100 914.117 914.22 0.102657
48 97 915.021 915.206 0.184833
28 62 917.143 917.245 0.102657
30 77 917.942 918.044 0.10266
59 94 918.153 918.256 0.102658
21 100 918.417 918.52 0.102658
38 78 918.854 921.156 2.30195
37 78 918.999 919.101 0.102656
12 99 919.296 919.398 0.102657
6 93 919.512 919.615 0.102658
46 101 920.212 920.397 0.184834
27 0 921.957 0 -921.957
53 98 922.013 922.116 0.102657
9 0 922.527 0 -922.527
29 70 922.574 924.876 2.30195
52 98 1068.17 1068.27 0.0975368
41 79 1123.11 1123.21 0.0975374
3 107 956.651 956.754 0.102658
45 65 923.482 923.585 0.102658
32 70 923.876 923.979 0.102657
56 86 926.86 926.962 0.102658
54 67 927.2 927.302 0.102657
52 98 929.741 929.844 0.102657
17 100 927.675 929.977 2.30195
51 118 924.626 924.728 0.102658
44 66 924.728 924.831 0.102658
8 99 924.963 925.065 0.102658
19 107 928.637 930.939 2.30195
53 98 1150.44 1150.54 0.0975373
28 62 935.57 935.672 0.102657
48 97 933.448 933.551 0.102657
37 78 937.426 937.523 0.0975364
52 98 1128.17 1128.27 0.0975368
45 65 1181.91 1182.01 0.097538
51 118 1153.05 1153.15 0.097538
57 87 1130.98 1131.08 0.0975378
6 93 967.939 968.037 0.0975381
3 107 1166.65 1166.75 0.0975378
50 110 955.492 955.594 0.102658
43 64 1108.42 1108.52 0.102659
21 100 936.844 936.947 0.102658
30 70 936.369 936.471 0.102656
25 106 980.264 980.366 0.102658
58 112 1073.73 1073.82 0.0975383
41 79 1003.11 1003.22 0.102657
40 79 1010.63 1010.73 0.0975377
2 100 1171.5 1171.6 0.102658
59 94 936.58 936.683 0.102658
35 92 1131.46 1131.55 0.0975384
57 87 1010.98 1011.09 0.102658
52 98 1008.17 1008.27 0.0975368
44 66 1123.15 1123.25 0.0975383
46 101 938.639 938.742 0.102658
12 99 937.723 937.825 0.102657
6 0 937.939 0 -937.939
51 118 943.053 943.155 0.102658
39 77 948.78 948.878 0.0975383
32 70 942.303 942.406 0.102657
54 67 945.627 945.729 0.102657
57 87 950.984 951.087 0.102658
44 66 943.155 943.258 0.102658
33 83 948.744 948.846 0.102657
43 64 988.417 988.514 0.0975386
41 79 943.113 943.216 0.102657
45 65 941.909 942.012 0.102658
8 99 943.39 943.493 0.102658
40 79 950.634 950.737 0.102658
0 100 944.174 944.277 0.102656
52 98 948.168 948.271 0.102657
56 86 945.287 945.389 0.102658
49 88 1013.48 1013.59 0.102658
25 106 950.264 950.366 0.102658
35 92 951.457 951.56 0.102658
34 92 951.33 951.433 0.102658
51 118 973.053 973.155 0.102658
32 70 972.303 972.401 0.0975368
41 79 973.113 973.216 0.102657
44 66 973.155 973.258 0.102658
45 65 971.909 972.012 0.102658
24 106 1107.02 1107.11 0.0975381
53 98 970.44 970.543 0.102657
8 99 973.39 973.493 0.102658
38 78 1374.64 1374.83 0.184833
34 92 1071.33 1071.43 0.0975378
3 107 1016.65 1016.75 0.0975378
12 99 1057.72 1057.83 0.102657
22 100 1158.2 1160.5 2.30195
26 99 1104.59 1104.69 0.102659
7 99 1170.58 1170.68 0.0975382
45 65 1121.91 1122.01 0.097538
9 0 1150.42 0 -1150.42
54 67 975.627 975.724 0.0975371
48 97 993.448 993.551 0.102657
33 83 978.744 978.846 0.102657
40 79 980.634 980.737 0.102658
34 92 981.33 981.428 0.0975378
39 77 978.78 978.878 0.0975383
0 100 974.174 974.277 0.102656
49 88 983.483 983.586 0.102658
37 78 997.426 997.523 0.0975364
52 98 978.168 978.271 0.102657
7 99 1080.58 1080.68 0.0975382
56 86 975.287 975.389 0.102658
57 87 980.984 981.087 0.102658
59 94 996.58 996.678 0.0975376
24 106 987.015 987.113 0.0975381
35 92 981.457 981.555 0.0975384
11 99 1177.1 1177.21 0.102659
7 99 990.582 990.684 0.102658
50 110 985.492 985.594 0.102658
3 107 986.651 986.748 0.0975378
58 112 983.727 983.83 0.102658
26 99 987.004 987.107 0.102659
30 70 996.369 996.471 0.102656
12 99 997.723 997.825 0.102657
21 100 996.844 996.947 0.102658
46 101 998.639 998.737 0.0975375
6 93 997.939 998.037 0.0975381
55 67 990.18 990.282 0.102658
16 100 992.544 992.642 0.0975373
28 62 995.57 995.667 0.0975369
43 64 1018.42 1018.51 0.0975386
59 94 1146.58 1146.68 0.0975376
7 99 1020.58 1020.68 0.0975382
30 70 1026.37 1026.47 0.102656
59 94 1026.58 1026.68 0.0975376
58 112 1133.73 1133.82 0.0975383
48 97 1023.45 1023.55 0.102657
16 100 1022.54 1022.64 0.0975373
55 67 1020.18 1020.28 0.102658
8 99 1183.39 1183.49 0.097538
14 0 1140.49 0 -1140.49
50 110 1075.49 1075.59 0.0975381
28 62 1025.57 1025.67 0.0975369
26 99 1134.59 1134.69 0.102659
47 101 1161.23 1163.53 2.30195
37 78 1027.43 1027.52 0.0975364
21 100 1026.84 1026.94 0.0975377
6 93 1027.94 1028.04 0.0975381
53 98 1030.44 1030.54 0.0975373
43 64 1168.42 1168.52 0.102659
7 99 1140.58 1140.68 0.0975382
44 66 1033.15 1033.25 0.0975383
28 62 1055.57 1055.67 0.0975369
8 99 1153.39 1153.49 0.097538
41 79 1033.11 1033.22 0.102657
8 99 1033.39 1033.49 0.097538
54 67 1035.63 1035.72 0.0975371
46 101 1028.64 1028.74 0.0975375
51 118 1033.05 1033.16 0.102658
45 65 1031.91 1032.01 0.097538
3 107 1046.65 1046.75 0.0975378
49 88 1043.48 1043.59 0.102658
58 112 1043.73 1043.82 0.0975383
34 92 1041.33 1041.43 0.0975378
35 92 1041.46 1041.55 0.0975384
32 70 1032.3 1032.4 0.0975368
33 83 1038.74 1038.85 0.102657
52 98 1038.17 1038.27 0.0975368
43 64 1078.42 1078.52 0.102659
34 92 1131.33 1131.43 0.0975378
12 99 1027.72 1027.83 0.102657
59 94 1116.58 1116.68 0.0975376
46 101 1058.64 1058.74 0.0975375
21 100 1176.84 1176.94 0.0975377
3 107 1136.65 1136.75 0.0975378
55 67 1080.18 1080.28 0.102658
39 77 1188.78 1188.88 0.0975383
7 99 1110.58 1110.68 0.0975382
30 70 1116.37 1116.47 0.102656
41 79 1183.11 1183.21 0.0975374
39 77 1038.78 1038.88 0.102658
56 86 1035.29 1035.38 0.0975379
57 87 1040.98 1041.08 0.0975378
0 100 1034.17 1034.27 0.0975364
7 99 1050.58 1050.68 0.0975382
25 106 1130.26 1130.36 0.097538
5 107 1141.72 1144.02 2.30195
40 79 1040.63 1040.73 0.0975377
25 106 1040.26 1040.36 0.097538
43 64 1048.42 1048.51 0.0975386
48 97 1053.45 1053.55 0.102657
16 100 1052.54 1052.64 0.0975373
50 110 1045.49 1045.59 0.0975381
24 106 1047.02 1047.11 0.0975381
59 94 1056.58 1056.68 0.0975376
30 70 1056.37 1056.47 0.102656
26 99 1044.59 1044.69 0.0975386
32 70 1062.3 1062.4 0.0975368
21 100 1056.84 1056.94 0.0975377
6 93 1057.94 1058.04 0.0975381
45 65 1061.91 1062.01 0.097538
51 118 1063.05 1063.15 0.097538
55 67 1050.18 1050.28 0.102658
37 78 1057.43 1057.52 0.0975364
54 67 1065.63 1065.72 0.0975371
21 100 1086.84 1086.94 0.0975377
37 78 1087.43 1087.52 0.0975364
12 99 1087.72 1087.82 0.0975369
59 94 1086.58 1086.68 0.0975376
26 99 1164.59 1164.69 0.0975386
30 70 1086.37 1086.47 0.102656
48 97 1083.45 1083.55 0.102657
6 93 1087.94 1088.04 0.0975381
16 100 1082.54 1082.64 0.0975373
0 100 1124.17 1124.27 0.0975364
6 93 1117.94 1118.04 0.0975381
59 94 1176.58 1176.68 0.0975376
49 88 1133.48 1133.58 0.0975377
46 101 1088.64 1088.74 0.0975375
28 62 1085.57 1085.67 0.0975369
43 64 1138.42 1138.52 0.102659
21 100 1116.84 1116.95 0.102658
5 107 1369.61 1369.71 0.102658
38 78 1146.75 1149.05 2.30195
50 110 1105.49 1105.59 0.0975381
33 83 1128.74 1128.84 0.0975372
55 67 1170.18 1170.28 0.0975377
45 65 1091.91 1092.01 0.097538
41 79 1093.11 1093.21 0.0975374
32 70 1092.3 1092.4 0.0975368
44 66 1093.15 1093.25 0.0975383
8 99 1093.39 1093.49 0.097538
51 118 1093.05 1093.15 0.097538
53 98 1090.44 1090.54 0.0975373
16 100 1172.54 1172.64 0.0975373
0 100 1094.17 1094.27 0.0975364
40 79 1130.63 1130.73 0.0975377
30 70 1146.37 1146.47 0.0975364
2 100 1140.96 1141.06 0.102658
19 107 1156.53 1156.63 0.102658
15 107 1166.51 1166.62 0.102658
54 67 1125.63 1125.72 0.0975371
27 0 1149.85 0 -1149.85
53 98 1120.44 1120.54 0.0975373
31 70 1141.86 1141.96 0.102659
33 83 1098.74 1098.84 0.0975372
2 100 1151.12 1151.23 0.102658
54 67 1095.63 1095.72 0.0975371
33 83 1158.74 1158.84 0.0975372
40 79 1100.63 1100.73 0.0975377
58 112 1103.73 1103.82 0.0975383
39 77 1098.78 1098.88 0.0975383
34 92 1101.33 1101.43 0.0975378
35 92 1101.46 1101.55 0.0975384
52 98 1098.17 1098.27 0.0975368
31 70 1172.39 1172.49 0.0975386
4 99 1165.81 1165.92 0.102657
24 106 1137.02 1137.11 0.0975381
56 86 1095.29 1095.38 0.0975379
10 92 1166.26 1168.56 2.30196
1 99 1165.45 1165.55 0.102657
20 100 1368.49 1370.79 2.30196
13 0 1141.11 0 -1141.11
14 100 1368.39 1370.69 2.30195
50 110 1135.49 1135.59 0.0975381
55 67 1140.18 1140.28 0.0975377
3 107 1106.65 1106.75 0.0975378
17 100 1186.1 1186.2 0.0975366
6 93 1177.94 1178.04 0.0975381
56 86 1185.29 1185.38 0.0975379
42 79 1160.94 1161.04 0.102658
57 87 1100.98 1101.08 0.0975378
25 106 1100.26 1100.36 0.097538
33 83 1188.74 1188.84 0.0975372
6 93 1147.94 1148.04 0.0975381
21 100 1146.84 1146.94 0.0975377
48 97 1143.45 1143.55 0.102657
46 101 1148.64 1148.74 0.0975375
28 62 1145.57 1145.67 0.0975369
37 78 1147.43 1147.52 0.0975364
22 100 1386.09 1386.28 0.184834
46 101 1178.64 1178.74 0.0975375
29 70 1160.63 1160.73 0.102657
12 99 1147.72 1147.82 0.0975369
37 78 1177.43 1177.52 0.0975364
13 99 1369 1371.3 2.30196
41 79 1153.11 1153.21 0.0975374
44 66 1153.15 1153.25 0.0975383
32 70 1152.3 1152.4 0.0975368
45 65 1151.91 1152.01 0.097538
51 118 1183.05 1183.15 0.097538
19 107 1187.06 1187.17 0.102658
27 0 1377.74 0 -1377.74
53 98 1180.44 1180.54 0.0975373
0 100 1184.17 1184.27 0.0975364
12 99 1177.72 1177.82 0.0975369
52 98 1188.17 1188.27 0.0975368
54 67 1155.63 1155.72 0.0975371
17 100 1165.73 1165.83 0.102657
36 92 1163.49 1163.59 0.102657
19 107 1166.69 1166.8 0.102658
0 100 1154.17 1154.27 0.0975364
56 86 1155.29 1155.38 0.0975379
9 0 1378.31 0 -1378.31
32 70 1182.3 1182.4 0.0975368
39 77 1158.78 1158.88 0.0975383
40 79 1160.63 1160.73 0.0975377
57 87 1160.98 1161.08 0.0975378
35 84 1161.46 1161.55 0.0975384
52 98 1158.17 1158.27 0.0975368
15 107 1176.68 1176.78 0.102658
58 112 1163.73 1163.82 0.0975383
49 88 1163.48 1163.58 0.0975377
25 106 1160.26 1160.36 0.097538
40 79 1190.63 1190.73 0.0975377
18 107 1388.57 1390.87 2.30195
34 92 1191.33 1191.43 0.0975378
42 79 1191.47 1191.57 0.0975378
58 112 1193.73 1193.82 0.0975383
57 87 1190.98 1191.08 0.0975378
35 92 1191.46 1191.55 0.0975384
23 107 1388.48 1390.78 2.30195
49 88 1193.48 1193.58 0.0975377
25 106 1190.26 1190.36 0.097538
4 99 1196.35 1196.45 0.0975372
10 100 1394.16 1396.46 2.30195
15 107 1197.05 1197.14 0.0975381
24 106 1197.02 1197.11 0.0975381
26 99 1194.59 1194.69 0.0975386
47 101 1389.12 1389.45 0.328705
50 110 1195.49 1195.59 0.0975381
3 107 1196.65 1196.75 0.0975378
43 64 1198.42 1198.52 0.102659
11 99 1197.47 1197.58 0.102659
1 99 1195.98 1196.08 0.0975368
