5 25 0.91229 3.21425 2.30196
9 26 3.19037 5.49232 2.30196
11 20 15.2403 17.5422 2.30195
17 22 15.5437 17.8457 2.30196
19 22 8.88993 11.1919 2.30196
7 25 8.59592 10.8979 2.30196
15 26 7.00049 9.30245 2.30196
2 21 1215.19 1215.52 0.328709
13 0 1393.16 0 -1393.16
8 26 11.0898 13.3918 2.30195
2 21 14.6945 16.9965 2.30196
12 20 11.6638 13.9658 2.30195
3 21 15.751 18.053 2.30195
6 25 17.6758 19.9778 2.30195
18 20 17.5771 19.8791 2.30196
4 21 21.1662 23.4681 2.30196
10 26 1167.8 1167.89 0.0975402
14 0 26.3087 0 -26.3087
0 21 29.3602 31.6621 2.30196
10 26 27.7955 30.0974 2.30196
1 21 28.115 30.417 2.30196
16 0 28.5438 0 -28.5438
13 0 25.8006 0 -25.8006
1 22 256.008 258.31 2.30196
10 26 255.689 257.991 2.30196
1 21 1200.12 1200.45 0.32871
10 26 1197.8 1197.89 0.0975402
0 21 257.253 259.555 2.30196
5 25 228.806 231.107 2.30196
9 26 231.084 233.386 2.30196
15 0 234.894 0 -234.894
7 25 236.489 238.791 2.30196
19 22 236.783 239.085 2.30196
8 26 238.983 241.285 2.30195
12 20 239.557 241.859 2.30195
2 21 242.588 244.89 2.30196
11 20 243.134 245.435 2.30195
17 22 243.437 245.739 2.30196
3 21 243.644 245.946 2.30195
18 20 245.47 247.772 2.30196
6 25 245.569 247.871 2.30195
4 21 249.059 251.361 2.30196
14 20 254.202 256.504 2.30196
13 20 253.694 255.996 2.30196
16 26 256.437 258.739 2.30196
17 0 471.33 0 -471.33
13 0 481.587 0 -481.587
8 26 941.09 941.187 0.0975384
19 22 464.676 466.978 2.30196
6 25 473.462 475.764 2.30195
10 26 483.582 485.884 2.30196
7 25 464.382 466.684 2.30196
17 22 1382.9 1383.52 0.616454
0 21 940.933 941.036 0.10266
15 26 462.787 465.089 2.30196
3 21 471.537 473.839 2.30195
18 20 473.364 475.666 2.30196
3 21 1185.75 1185.85 0.097539
1 0 483.902 0 -483.902
16 25 940.117 942.419 2.30196
14 0 482.095 0 -482.095
0 21 485.147 487.449 2.30196
5 25 456.699 459.001 2.30196
9 26 458.977 461.279 2.30196
8 26 466.876 469.178 2.30195
2 0 470.481 0 -470.481
12 20 467.45 469.752 2.30195
11 20 471.027 473.329 2.30195
18 20 1187.58 1187.75 0.174599
6 25 1187.68 1187.77 0.0975384
4 21 476.953 479.255 2.30196
16 0 484.33 0 -484.33
5 25 1201.41 1201.74 0.328708
14 0 1393.67 0 -1393.67
14 0 709.988 0 -709.988
13 0 709.48 0 -709.48
1 21 939.688 941.99 2.30196
11 20 1185.24 1185.34 0.0975378
8 26 1181.09 1181.19 0.0975384
12 20 1181.66 1181.76 0.097538
5 25 684.592 686.894 2.30196
9 26 686.87 689.172 2.30196
15 0 690.68 0 -690.68
7 25 692.276 694.578 2.30196
19 22 692.57 694.872 2.30196
8 26 694.77 697.072 2.30195
12 20 695.344 697.646 2.30195
2 21 698.374 700.676 2.30196
11 21 698.92 701.222 2.30196
17 0 699.223 0 -699.223
3 21 699.431 701.733 2.30195
18 20 701.257 703.559 2.30196
6 25 701.356 703.658 2.30195
4 22 704.846 707.148 2.30196
10 26 711.475 713.777 2.30196
9 26 933.19 933.293 0.102659
0 21 713.04 715.342 2.30196
1 21 711.795 714.097 2.30196
16 26 712.224 714.525 2.30196
0 21 1169.36 1169.46 0.0975399
16 26 1395.9 1397.22 1.31482
7 25 1233.42 1233.75 0.328712
4 21 932.739 935.041 2.30196
10 26 939.368 939.471 0.10266
19 22 1209.38 1210 0.616456
4 21 1388.53 1390.83 2.30196
3 21 975.751 975.854 0.102659
2 22 926.268 928.569 2.30196
3 21 927.324 927.427 0.102659
0 21 959.36 959.463 0.10266
12 20 941.664 941.838 0.174594
0 21 1199.36 1199.46 0.0975399
5 25 912.485 914.787 2.30196
9 26 914.763 914.948 0.184835
15 26 918.573 920.875 2.30196
7 25 920.169 921.484 1.31482
19 22 920.463 922.765 2.30196
8 26 922.663 922.765 0.102658
12 20 923.237 923.422 0.184834
17 22 927.117 929.419 2.30196
11 20 926.813 926.916 0.102658
7 25 1172.39 1173.01 0.616456
3 21 945.751 945.854 0.102659
18 20 929.15 929.767 0.616455
6 25 929.249 929.351 0.102658
13 20 937.374 939.676 2.30196
14 20 937.882 940.184 2.30196
12 20 971.664 971.766 0.102658
11 20 945.24 945.343 0.102658
11 20 1155.24 1155.34 0.0975378
11 20 975.24 975.343 0.102658
6 25 947.676 947.778 0.102658
6 25 977.676 977.773 0.0975384
10 26 957.795 957.898 0.10266
9 26 963.19 963.293 0.102659
8 26 971.09 971.192 0.102658
18 20 990.178 990.507 0.328711
3 0 1155.75 0 -1155.75
6 25 1007.68 1007.78 0.102658
9 26 993.19 993.293 0.102659
0 21 989.36 989.463 0.10266
10 26 987.795 987.898 0.10266
7 25 1111.36 1111.98 0.616456
12 20 1001.66 1001.77 0.102658
7 25 1050.34 1050.95 0.616456
6 25 1157.68 1157.77 0.0975384
3 21 1005.75 1005.85 0.097539
9 26 1023.19 1023.29 0.102659
0 21 1019.36 1019.46 0.0975399
12 20 1031.66 1031.76 0.097538
11 20 1065.24 1065.34 0.0975378
8 26 1001.09 1001.19 0.102658
11 20 1005.24 1005.34 0.102658
18 20 1022.72 1022.91 0.184839
9 26 1143.19 1143.29 0.0975394
10 26 1017.8 1017.9 0.10266
0 21 1049.36 1049.46 0.0975399
11 20 1035.24 1035.34 0.102658
18 20 1041.02 1041.19 0.174599
6 25 1067.68 1067.78 0.102658
8 26 1031.09 1031.19 0.102658
10 26 1047.8 1047.89 0.0975402
3 21 1065.75 1065.85 0.097539
3 21 1035.75 1035.85 0.097539
12 20 1061.66 1061.77 0.102658
6 25 1037.68 1037.78 0.102658
11 20 1125.24 1125.34 0.0975378
12 20 1091.66 1091.77 0.102658
6 25 1127.68 1127.78 0.102658
18 20 1067.58 1067.75 0.174599
9 26 1053.19 1053.29 0.102659
9 26 1083.19 1083.29 0.0975394
2 21 1154.16 1154.78 0.616453
8 26 1061.09 1061.19 0.102658
0 21 1079.36 1079.46 0.0975399
18 20 1157.58 1157.75 0.174599
11 20 1095.24 1095.34 0.0975378
15 26 1374.36 1376.66 2.30196
10 26 1077.8 1077.89 0.0975402
12 20 1121.66 1121.76 0.097538
18 20 1097.58 1097.75 0.174599
6 25 1097.68 1097.78 0.102658
8 26 1091.09 1091.19 0.0975384
0 21 1109.36 1109.46 0.10266
17 22 1155.01 1157.31 2.30196
3 21 1095.75 1095.85 0.097539
19 22 1148.36 1148.97 0.616456
13 20 1165.27 1167.57 2.30196
9 26 1113.19 1113.29 0.0975394
18 20 1127.58 1127.75 0.174599
10 26 1107.8 1107.89 0.0975402
5 25 1140.38 1140.99 0.616452
0 21 1139.36 1139.46 0.0975399
9 26 1173.19 1173.29 0.102659
15 26 1146.47 1148.77 2.30196
14 20 1165.77 1168.08 2.30196
16 26 1168.01 1170.31 2.30196
8 26 1121.09 1121.19 0.0975384
1 21 1167.58 1167.91 0.32871
3 21 1125.75 1125.85 0.097539
8 26 1151.09 1151.19 0.0975384
4 21 1160.63 1162.93 2.30196
12 20 1151.66 1151.76 0.097538
10 26 1137.8 1137.9 0.10266
