13 76 1.08694 3.38889 2.30195
28 58 1.64234 3.94429 2.30196
26 79 8.37794 10.6799 2.30195
11 75 8.19542 10.4974 2.30195
38 81 8.47536 10.7773 2.30195
35 80 8.57067 10.8726 2.30195
20 79 7.51322 9.81518 2.30195
9 69 7.79846 10.1004 2.30195
4 75 2.52586 4.82781 2.30196
9 69 919.371 919.556 0.184833
14 76 3.56389 5.86585 2.30195
21 86 969.599 969.701 0.102659
23 78 4.70746 7.00941 2.30195
36 87 1036.15 1036.25 0.0975366
48 89 927.644 927.747 0.102658
10 70 702.791 705.093 2.30195
21 86 9.59856 11.9005 2.30195
41 73 10.0755 12.3775 2.30195
40 80 698.339 700.641 2.30195
2 76 921.82 924.122 2.30195
48 89 946.071 946.174 0.102658
34 87 703.892 706.194 2.30196
48 89 976.071 976.174 0.102658
36 87 927.724 927.827 0.102657
12 70 10.6926 12.9946 2.30195
2 75 10.2467 12.5486 2.30196
31 58 702.362 704.664 2.30195
1 75 710.218 712.52 2.30196
37 74 932.898 933.226 0.328707
49 76 12.2413 14.5432 2.30195
32 59 11.4955 13.7975 2.30195
25 86 12.298 14.6 2.30195
11 75 691.875 694.177 2.30195
24 87 928.326 930.628 2.30195
35 80 968.571 968.673 0.102659
3 76 12.7433 15.0452 2.30195
0 70 18.7528 21.0548 2.30195
27 79 928.058 928.161 0.102658
33 65 14.1301 16.432 2.30196
18 70 14.1875 16.4894 2.30196
37 74 1063.06 1063.39 0.328707
36 87 976.151 976.249 0.0975366
40 80 14.6589 16.9609 2.30195
18 76 925.76 928.062 2.30195
7 70 982.271 982.369 0.0975379
28 58 685.322 687.624 2.30196
29 0 701.317 0 -701.317
48 89 16.071 18.373 2.30195
36 87 16.1513 18.4533 2.30195
22 78 16.1808 18.4827 2.30195
38 81 1028.48 1028.57 0.0975376
49 76 923.814 923.917 0.102657
23 78 688.387 690.689 2.30195
26 79 968.378 968.475 0.0975378
7 70 933.844 933.947 0.102658
1 70 1046.54 1046.64 0.0975387
27 79 16.4852 18.7871 2.30195
14 83 687.244 689.546 2.30196
23 78 1054.71 1054.81 0.102658
19 75 930.604 932.906 2.30195
29 66 929.21 931.512 2.30195
42 72 701.047 703.349 2.30195
24 86 16.7528 19.0548 2.30195
30 58 16.6099 18.9118 2.30195
4 76 914.099 914.715 0.61645
13 76 991.087 991.19 0.102657
29 66 17.6373 19.9392 2.30195
31 58 18.6823 20.9843 2.30195
42 72 17.3677 19.6696 2.30195
18 0 697.867 0 -697.867
44 62 711.035 713.337 2.30196
10 70 19.1114 21.4134 2.30195
13 76 912.66 912.763 0.102657
44 63 987.355 987.457 0.102657
9 69 937.798 937.901 0.102657
30 58 946.61 946.713 0.102657
19 75 19.0309 21.3328 2.30195
15 76 940.244 940.347 0.102659
43 56 20.5389 22.8408 2.30195
47 68 19.4841 21.7861 2.30196
34 80 980.212 980.315 0.102658
34 80 20.212 22.514 2.30195
8 69 19.9484 22.2503 2.30196
39 80 711.672 713.974 2.30195
32 59 923.068 923.171 0.102658
23 78 1024.71 1024.81 0.102658
37 74 21.3247 23.6267 2.30195
12 70 238.586 240.888 2.30195
32 59 239.389 241.691 2.30195
39 80 27.9921 30.294 2.30195
22 78 244.074 246.376 2.30195
27 79 244.378 246.68 2.30195
30 58 244.503 246.805 2.30195
3 76 240.637 242.938 2.30195
32 59 695.175 697.477 2.30195
21 86 693.278 695.58 2.30195
7 70 22.2712 24.5731 2.30195
28 58 1111.64 1111.74 0.102659
16 69 23.2679 25.5698 2.30196
6 70 24.8546 27.1566 2.30195
45 66 25.3945 27.6965 2.30196
37 74 705.004 707.306 2.30195
35 80 920.144 920.246 0.102659
25 86 240.191 242.493 2.30195
14 76 915.137 916.452 1.31482
15 76 28.6709 30.9728 2.30195
46 71 27.5464 29.8484 2.30195
1 70 26.5387 28.8406 2.30195
17 76 26.5503 28.8523 2.30195
44 63 27.3548 29.6568 2.30195
31 58 246.576 248.878 2.30195
0 70 246.646 248.948 2.30195
48 89 243.964 246.266 2.30195
36 87 244.045 246.347 2.30195
49 76 240.135 242.436 2.30195
33 65 242.023 244.325 2.30196
18 76 242.081 244.383 2.30195
3 76 924.316 926.618 2.30195
21 86 921.172 921.274 0.102659
47 68 1039.48 1039.58 0.097539
9 69 1027.8 1027.9 0.102657
0 70 930.326 932.628 2.30195
35 80 692.25 694.552 2.30195
25 86 972.298 972.401 0.102659
5 70 29.3535 31.6555 2.30195
24 87 244.646 246.948 2.30195
42 72 245.261 247.563 2.30195
29 66 245.531 247.832 2.30195
9 69 1117.8 1117.9 0.102657
13 76 931.087 931.184 0.0975374
40 80 242.552 244.854 2.30195
2 0 238.14 0 -238.14
23 78 916.28 916.609 0.328706
43 56 248.432 250.734 2.30195
40 80 470.445 472.747 2.30195
47 68 247.377 249.679 2.30196
34 80 248.105 250.407 2.30195
46 71 255.44 257.742 2.30195
10 70 247.005 249.307 2.30195
8 69 247.842 250.144 2.30196
30 58 700.29 702.592 2.30195
12 70 922.266 922.368 0.102659
19 75 246.924 249.226 2.30195
34 80 475.999 478.3 2.30195
41 73 921.649 921.751 0.102658
32 59 971.495 971.598 0.102658
27 79 976.485 976.583 0.097538
13 76 228.98 231.282 2.30195
28 58 229.536 231.838 2.30196
4 76 230.419 232.721 2.30195
14 76 231.457 233.759 2.30195
23 78 232.601 234.903 2.30195
20 79 235.406 237.708 2.30195
9 69 235.692 237.994 2.30195
11 75 236.089 238.391 2.30195
26 79 236.271 238.573 2.30195
38 81 236.369 238.671 2.30195
35 88 236.464 238.766 2.30196
21 86 237.492 239.794 2.30195
41 73 237.969 240.271 2.30195
12 70 694.372 696.674 2.30195
9 69 691.478 693.78 2.30195
13 76 684.767 687.069 2.30195
49 76 695.921 698.223 2.30195
26 79 919.951 920.054 0.102658
3 75 696.423 698.725 2.30196
7 70 250.164 252.466 2.30195
37 74 249.218 251.52 2.30195
16 69 706.948 709.25 2.30196
44 63 255.248 257.55 2.30195
16 76 251.161 253.463 2.30196
45 66 709.074 711.376 2.30196
46 71 711.226 713.528 2.30195
45 66 987.808 987.982 0.174596
19 75 702.711 705.013 2.30195
6 70 252.748 255.05 2.30195
1 76 254.432 256.734 2.30196
34 80 931.785 931.97 0.184834
17 76 254.444 256.746 2.30195
45 66 253.288 255.59 2.30196
47 68 703.164 705.466 2.30196
31 58 1038.68 1038.78 0.102659
28 58 1021.64 1021.74 0.102659
20 86 919.086 921.388 2.30196
43 56 932.112 932.215 0.102658
10 70 979.111 979.214 0.102658
46 71 1047.55 1047.65 0.102657
43 56 980.539 980.636 0.0975376
49 76 942.241 942.344 0.102657
15 76 256.564 258.866 2.30195
39 80 255.885 258.187 2.30195
49 76 972.241 972.339 0.0975373
30 58 928.183 928.286 0.102657
0 70 702.433 704.735 2.30195
5 70 257.247 259.549 2.30195
33 65 925.703 928.005 2.30196
25 87 695.978 698.28 2.30196
46 71 987.546 987.644 0.0975373
33 65 697.81 700.112 2.30196
35 80 464.357 466.659 2.30195
38 81 692.155 694.457 2.30195
41 73 693.755 696.057 2.30195
5 70 713.033 715.335 2.30195
32 59 1031.5 1031.6 0.102658
39 80 1167.99 1168.09 0.0975379
27 79 946.485 946.588 0.102658
38 81 920.048 920.151 0.102658
26 79 692.058 694.36 2.30195
2 0 693.926 0 -693.926
11 75 919.768 922.07 2.30195
6 70 708.534 710.836 2.30195
5 70 1049.35 1049.46 0.102658
37 74 997.981 998.31 0.328707
28 58 913.215 913.544 0.328707
40 80 1124.66 1124.76 0.0975386
20 0 691.193 0 -691.193
4 75 686.206 688.508 2.30196
27 79 472.272 474.574 2.30195
18 70 469.974 472.276 2.30196
2 76 1149.71 1152.01 2.30195
7 69 705.951 708.253 2.30196
42 72 928.941 929.043 0.102657
42 72 473.154 475.456 2.30195
31 58 930.255 930.358 0.102659
43 56 476.325 478.627 2.30195
37 74 477.111 479.413 2.30195
43 56 704.219 706.521 2.30195
39 80 939.565 939.894 0.328706
15 76 712.351 714.653 2.30195
22 78 699.861 702.162 2.30195
48 89 699.751 702.053 2.30195
36 86 699.831 702.133 2.30196
39 80 1047.99 1048.09 0.102658
5 70 989.354 989.528 0.174594
28 58 991.642 991.817 0.174595
40 80 926.232 926.335 0.102659
27 79 700.165 702.467 2.30195
25 86 923.871 923.974 0.102659
8 0 703.628 0 -703.628
12 70 940.693 940.795 0.102659
30 58 1036.61 1036.71 0.0975373
22 78 927.754 930.056 2.30195
5 70 485.14 487.442 2.30195
8 75 931.521 933.823 2.30196
48 89 471.857 474.159 2.30195
21 86 465.385 467.687 2.30195
15 76 484.457 486.759 2.30195
0 70 474.539 476.841 2.30195
38 81 464.262 466.564 2.30195
45 66 481.181 483.483 2.30196
46 71 483.333 485.635 2.30195
26 79 464.164 466.466 2.30195
16 70 479.054 481.356 2.30196
1 70 482.325 484.627 2.30195
44 63 483.141 485.443 2.30195
17 76 710.23 712.532 2.30195
11 75 463.982 466.284 2.30195
31 58 474.469 476.771 2.30195
7 70 478.058 480.36 2.30195
9 69 463.585 465.887 2.30195
33 65 469.917 472.219 2.30196
42 72 977.368 977.465 0.0975368
20 79 463.3 465.602 2.30195
2 75 466.033 468.335 2.30196
29 66 473.424 475.726 2.30195
49 76 1032.24 1032.34 0.0975373
10 70 930.684 930.787 0.102658
25 86 1032.3 1032.4 0.102659
17 76 482.337 484.639 2.30195
19 75 474.817 477.119 2.30195
36 87 471.938 474.24 2.30195
13 76 456.873 459.175 2.30195
28 58 457.429 459.731 2.30196
4 75 458.312 460.614 2.30196
14 76 459.35 461.652 2.30195
23 78 460.494 462.796 2.30195
38 81 968.475 968.573 0.0975376
3 76 468.53 470.832 2.30195
41 73 465.862 468.164 2.30195
12 70 466.479 468.781 2.30195
49 76 468.028 470.33 2.30195
32 59 467.282 469.584 2.30195
22 78 471.967 474.269 2.30195
25 86 468.085 470.386 2.30195
24 0 700.433 0 -700.433
10 70 474.898 477.2 2.30195
30 58 472.396 474.698 2.30195
47 68 475.271 477.573 2.30196
24 87 472.539 474.841 2.30195
8 75 475.735 478.037 2.30196
6 70 480.641 482.943 2.30195
39 80 483.779 486.081 2.30195
47 68 931.057 931.16 0.102659
23 78 994.707 994.81 0.102658
27 79 1036.49 1036.58 0.097538
41 73 940.076 940.178 0.102658
30 58 976.61 976.713 0.102657
25 86 942.298 942.401 0.102659
26 79 1058.38 1058.48 0.0975378
12 70 970.693 970.79 0.0975389
31 58 948.682 948.785 0.102659
40 80 1154.66 1154.76 0.0975386
42 72 947.368 947.47 0.102657
14 76 1045.3 1045.92 0.61645
1 70 986.539 986.636 0.0975387
29 66 1157.1 1157.21 0.102658
32 59 941.495 941.593 0.0975377
40 80 974.659 974.762 0.102659
4 76 1036.16 1036.77 0.61645
3 76 1152.21 1152.31 0.102658
6 70 984.855 984.957 0.102658
26 79 1028.38 1028.48 0.0975378
1 70 938.112 938.214 0.102659
16 70 934.841 937.143 2.30196
17 76 938.123 940.425 2.30195
31 58 978.682 978.785 0.102659
39 80 990.405 990.58 0.174594
45 66 936.968 937.296 0.328708
26 79 938.378 938.481 0.102658
40 80 944.659 944.762 0.102659
25 86 1122.3 1122.4 0.102659
6 70 1044.85 1044.96 0.102658
43 56 1040.54 1040.64 0.0975376
9 69 997.798 997.896 0.0975372
47 68 979.484 979.587 0.102659
6 70 936.428 936.53 0.102658
9 69 967.798 967.901 0.102657
36 87 946.151 946.254 0.102657
15 76 1048.67 1048.77 0.0975386
35 80 1028.57 1028.67 0.0975389
46 71 939.119 939.304 0.184833
44 63 938.928 939.113 0.184833
34 80 1040.21 1040.31 0.0975383
5 70 940.927 941.111 0.184834
13 76 1051.09 1051.19 0.102657
28 58 945.757 945.942 0.184835
38 81 938.475 938.578 0.102658
23 78 948.822 949.007 0.184834
35 80 938.571 938.673 0.102659
23 78 967.121 967.223 0.102658
21 86 939.599 939.701 0.102659
28 58 1051.64 1051.74 0.0975391
10 70 949.111 949.209 0.0975378
47 68 1159.48 1159.58 0.097539
41 73 970.076 970.178 0.102658
47 68 949.484 949.587 0.102659
1 70 956.539 956.636 0.0975387
34 80 950.212 950.315 0.102658
28 58 964.055 964.23 0.174595
43 56 950.539 950.642 0.102658
7 70 952.271 952.374 0.102658
5 70 959.354 959.528 0.174594
30 58 1156.61 1156.71 0.0975373
45 66 969.509 969.694 0.184836
46 71 957.546 957.649 0.102657
6 70 1014.85 1014.96 0.102658
44 63 957.355 957.457 0.102657
37 74 965.439 965.768 0.328707
41 73 1030.08 1030.17 0.0975379
13 76 961.087 961.19 0.102657
6 70 954.855 954.957 0.102658
39 80 972.107 972.292 0.184834
12 70 1030.69 1030.79 0.0975389
15 76 958.671 958.774 0.102659
13 76 1021.09 1021.19 0.102657
4 76 975.127 975.744 0.61645
15 76 988.671 988.768 0.0975386
35 80 998.571 998.668 0.0975389
38 81 998.475 998.573 0.0975376
26 79 998.378 998.475 0.0975378
27 79 1156.49 1156.58 0.097538
34 80 1160.21 1160.31 0.0975383
7 70 1042.27 1042.37 0.102658
1 70 1106.54 1106.64 0.0975387
5 70 1109.35 1109.45 0.0975377
12 70 1000.69 1000.8 0.102659
41 73 1000.08 1000.17 0.0975379
32 59 1001.5 1001.6 0.102658
45 66 1045.39 1045.57 0.174596
21 86 999.599 999.696 0.097539
25 86 1002.3 1002.4 0.0975389
30 58 1006.61 1006.71 0.102657
49 76 1002.24 1002.34 0.0975373
42 72 1007.37 1007.47 0.0975368
44 63 1167.35 1167.45 0.097537
31 58 1008.68 1008.78 0.102659
43 56 1010.54 1010.64 0.0975376
36 87 1156.15 1156.25 0.0975366
27 79 1006.49 1006.58 0.097538
40 80 1034.66 1034.76 0.0975386
42 72 1037.37 1037.47 0.0975368
45 66 1015.39 1015.57 0.174596
10 70 1009.11 1009.21 0.102658
47 68 1009.48 1009.58 0.097539
7 70 1012.27 1012.37 0.102658
36 87 1006.15 1006.25 0.0975366
39 80 1017.99 1018.17 0.174594
40 80 1004.66 1004.76 0.102659
1 70 1166.54 1166.64 0.0975387
10 70 1039.11 1039.21 0.0975378
49 76 1092.24 1092.34 0.0975373
44 63 1047.35 1047.46 0.102657
35 80 1118.57 1118.67 0.0975389
48 89 1006.07 1006.17 0.102658
48 89 1036.07 1036.17 0.097538
21 86 1029.6 1029.7 0.097539
42 72 1157.37 1157.47 0.0975368
1 70 1016.54 1016.64 0.0975387
34 80 1010.21 1010.31 0.102658
46 71 1017.55 1017.65 0.102657
5 70 1019.35 1019.53 0.174594
44 63 1017.35 1017.46 0.102657
37 74 1030.52 1030.85 0.328707
20 79 1146.98 1147.6 0.616451
15 76 1018.67 1018.77 0.102659
18 70 1153.65 1153.98 0.328709
30 58 1096.61 1096.71 0.0975373
38 81 1058.48 1058.57 0.0975376
9 69 1057.8 1057.9 0.102657
35 80 1058.57 1058.67 0.0975389
12 70 1060.69 1060.79 0.0975389
49 76 1062.24 1062.34 0.0975373
42 72 1067.37 1067.47 0.0975368
25 86 1062.3 1062.4 0.102659
21 86 1059.6 1059.7 0.097539
41 73 1060.08 1060.17 0.0975379
32 59 1061.5 1061.6 0.102658
33 65 1153.6 1154.21 0.616451
38 81 1118.48 1118.57 0.0975376
43 56 1160.54 1160.64 0.0975376
47 68 1069.48 1069.58 0.097539
10 70 1069.11 1069.21 0.0975378
21 86 1089.6 1089.7 0.102659
45 66 1075.39 1075.5 0.10266
7 70 1072.27 1072.37 0.102658
30 58 1066.61 1066.71 0.0975373
31 58 1068.68 1068.78 0.0975386
27 79 1066.49 1066.58 0.097538
23 78 1114.71 1114.81 0.102658
46 71 1077.55 1077.65 0.102657
36 87 1066.15 1066.25 0.0975366
36 87 1096.15 1096.25 0.0975366
48 89 1066.07 1066.17 0.097538
43 56 1070.54 1070.64 0.0975376
40 80 1064.66 1064.76 0.0975386
34 80 1070.21 1070.31 0.102658
6 70 1074.85 1074.95 0.0975377
12 70 1090.69 1090.79 0.0975389
26 79 1088.38 1088.48 0.0975378
27 79 1126.49 1126.58 0.097538
0 70 1158.22 1160.52 2.30195
28 58 1081.64 1081.74 0.0975391
44 63 1077.35 1077.46 0.102657
37 74 1095.61 1095.93 0.328707
9 69 1087.8 1087.9 0.102657
35 80 1088.57 1088.67 0.0975389
15 76 1078.67 1078.77 0.0975386
38 81 1088.48 1088.57 0.0975376
13 76 1081.09 1081.18 0.0975374
10 70 1099.11 1099.21 0.0975378
25 86 1092.3 1092.4 0.102659
45 66 1105.39 1105.49 0.0975395
4 76 1097.18 1097.51 0.328706
1 70 1076.54 1076.64 0.0975387
39 80 1077.99 1078.09 0.0975379
47 68 1099.48 1099.59 0.102659
48 89 1096.07 1096.17 0.097538
12 70 1150.69 1150.79 0.0975389
27 79 1096.49 1096.58 0.097538
40 80 1094.66 1094.76 0.0975386
48 89 1126.07 1126.17 0.097538
49 76 1122.24 1122.34 0.0975373
32 59 1091.5 1091.6 0.102658
14 76 1106.33 1106.95 0.61645
5 70 1079.35 1079.45 0.0975377
46 71 1107.55 1107.65 0.102657
23 78 1084.71 1084.81 0.102658
41 73 1090.08 1090.17 0.0975379
7 70 1102.27 1102.37 0.0975379
42 72 1097.37 1097.47 0.0975368
11 75 1147.66 1147.76 0.102658
36 87 1126.15 1126.25 0.0975366
6 70 1104.85 1104.95 0.0975377
12 70 1120.69 1120.79 0.0975389
34 80 1100.21 1100.31 0.0975383
24 86 1156.22 1156.32 0.102659
43 56 1100.54 1100.64 0.0975376
32 59 1121.5 1121.59 0.0975377
21 86 1119.6 1119.7 0.097539
44 63 1107.35 1107.46 0.102657
41 73 1120.08 1120.17 0.0975379
37 74 1128.15 1128.48 0.328707
31 58 1098.68 1098.78 0.0975386
31 58 1158.68 1158.78 0.0975386
19 75 1158.5 1158.6 0.102658
8 69 1159.41 1159.52 0.10266
39 80 1107.99 1108.09 0.0975379
30 58 1126.61 1126.71 0.0975373
4 76 1129.73 1130.05 0.328706
13 76 1111.09 1111.18 0.0975374
22 78 1155.65 1155.75 0.102658
26 79 1118.38 1118.48 0.0975378
15 76 1108.67 1108.77 0.0975386
31 58 1128.68 1128.78 0.0975386
42 72 1127.37 1127.47 0.0975368
10 70 1129.11 1129.21 0.0975378
25 86 1152.3 1152.4 0.0975389
43 56 1130.54 1130.64 0.0975376
34 80 1130.21 1130.31 0.0975383
17 76 1166.02 1166.35 0.328707
46 71 1137.55 1137.65 0.102657
7 70 1132.27 1132.37 0.0975379
45 66 1135.39 1135.49 0.0975395
16 70 1162.73 1163.06 0.328708
6 70 1134.85 1134.95 0.0975377
37 74 1160.69 1161.02 0.328707
1 70 1136.54 1136.64 0.0975387
22 78 1165.81 1165.91 0.102658
47 68 1129.48 1129.58 0.097539
49 76 1152.24 1152.34 0.0975373
44 63 1137.35 1137.46 0.102657
7 70 1162.27 1162.37 0.0975379
24 87 1166.38 1166.48 0.102658
3 76 1162.37 1162.48 0.102658
29 66 1167.27 1167.37 0.102658
46 71 1167.55 1167.65 0.102657
28 58 1141.64 1141.74 0.102659
9 69 1147.8 1147.9 0.0975372
4 76 1162.27 1162.6 0.328706
26 79 1148.38 1148.48 0.0975378
11 75 1157.82 1157.93 0.102658
39 80 1137.99 1138.09 0.0975379
35 80 1148.57 1148.67 0.0975389
38 81 1148.48 1148.57 0.0975376
48 89 1156.07 1156.17 0.097538
15 76 1138.67 1138.77 0.0975386
10 70 1159.11 1159.21 0.0975378
32 59 1151.5 1151.59 0.0975377
19 75 1168.66 1168.76 0.102658
21 86 1149.6 1149.7 0.097539
13 76 1141.09 1141.18 0.0975374
8 69 1169.58 1169.68 0.10266
6 70 1164.85 1164.95 0.0975377
45 66 1165.39 1165.49 0.0975395
5 70 1139.35 1139.45 0.0975377
23 78 1144.71 1144.81 0.102658
14 76 1167.36 1167.98 0.61645
41 73 1150.08 1150.17 0.0975379
4 76 1194.81 1194.99 0.184834
26 79 1178.38 1178.48 0.0975378
28 58 1171.64 1171.74 0.102659
13 76 1171.09 1171.18 0.0975374
11 75 1178.2 1178.3 0.102658
38 81 1178.48 1178.57 0.0975376
15 76 1168.67 1168.77 0.0975386
23 78 1174.71 1174.8 0.0975375
14 76 1228.39 1229.01 0.61645
35 80 1178.57 1178.67 0.0975389
5 70 1169.35 1169.46 0.102658
20 79 1208.01 1208.62 0.616451
9 69 1177.8 1177.9 0.102657
12 70 1180.69 1180.79 0.0975389
21 86 1179.6 1179.7 0.097539
22 78 1186.18 1186.28 0.0975382
41 73 1180.08 1180.17 0.0975379
2 76 1377.61 1377.79 0.184835
25 86 1182.3 1182.4 0.0975389
40 80 1184.66 1184.76 0.0975386
36 87 1186.15 1186.25 0.0975366
32 59 1181.5 1181.59 0.0975377
49 76 1182.24 1182.34 0.0975373
48 89 1186.07 1186.17 0.097538
18 76 1186.2 1186.52 0.328706
33 65 1214.62 1214.95 0.328707
3 76 1182.74 1182.85 0.102658
27 79 1186.49 1186.58 0.097538
10 70 1189.11 1189.21 0.0975378
30 58 1186.61 1186.71 0.0975373
24 87 1186.75 1186.86 0.102658
42 72 1187.37 1187.47 0.0975368
19 75 1189.03 1189.13 0.0975378
16 70 1195.28 1195.6 0.328708
47 68 1189.48 1189.58 0.097539
45 66 1195.39 1195.49 0.0975395
29 66 1187.64 1187.74 0.102658
34 80 1190.21 1190.31 0.102658
43 56 1190.54 1190.64 0.0975376
0 70 1386.11 1386.21 0.102658
31 58 1188.68 1188.78 0.0975386
8 69 1189.95 1190.05 0.0975399
5 70 1199.35 1199.46 0.102658
7 70 1192.27 1192.37 0.0975379
17 76 1198.56 1198.89 0.328707
37 74 1193.23 1193.56 0.328707
15 76 1198.67 1198.77 0.102659
39 80 1197.99 1198.09 0.0975379
46 71 1197.55 1197.64 0.0975373
44 63 1197.35 1197.45 0.097537
1 70 1196.54 1196.64 0.0975387
6 70 1194.85 1194.95 0.0975377
