24 54 0.510778 2.81273 2.30195
2 0 0.640875 0 -0.640875
5 0 2.24916 0 -2.24916
18 52 2.80709 5.10905 2.30197
46 56 4.8053 7.10725 2.30196
41 52 4.55378 6.85574 2.30195
10 58 6.41276 8.71471 2.30195
20 0 5.17298 0 -5.17298
0 51 1387.82 1387.92 0.102661
44 52 1.25828 3.56023 2.30195
29 61 697.294 699.596 2.30196
19 58 1.29413 3.59608 2.30195
30 60 697.011 699.313 2.30196
35 60 1086.75 1086.94 0.184835
22 54 1.39235 3.69431 2.30195
14 59 1068.84 1068.94 0.102661
49 56 694.427 696.729 2.30195
11 58 1392.88 1395.18 2.30196
9 58 1193.69 1193.79 0.09754
44 52 991.258 991.356 0.0975377
21 55 1.92812 4.23008 2.30196
3 54 694.197 696.499 2.30197
32 60 938.873 941.175 2.30196
34 60 1.96686 4.26881 2.30196
33 64 693.631 695.933 2.30196
43 52 1074.37 1074.47 0.102659
3 58 1090.52 1090.62 0.102657
13 0 5.86076 0 -5.86076
1 58 5.98185 8.2838 2.30195
7 58 5.41672 7.71868 2.30195
16 50 1201.44 1201.77 0.328708
40 50 692.947 695.249 2.30196
0 51 1159.93 1162.23 2.30196
14 59 1128.84 1128.94 0.097541
42 52 691.991 694.293 2.30195
22 54 1081.39 1081.49 0.0975382
27 61 691.129 693.431 2.30196
10 58 690.093 692.394 2.30195
45 56 1163.35 1163.44 0.0975406
27 61 7.44959 9.75155 2.30196
42 52 8.31081 10.6128 2.30195
40 50 9.26707 11.569 2.30196
21 55 1081.93 1082.03 0.0975411
45 56 934.918 935.021 0.102661
1 58 689.662 691.964 2.30195
3 58 10.5174 12.8194 2.30195
33 59 9.95094 12.2529 2.30196
13 0 689.541 0 -689.541
36 53 933.337 935.639 2.30196
49 56 10.7476 13.0495 2.30195
38 51 1154.99 1155.09 0.0975376
8 50 1395.95 1398.25 2.30196
29 61 13.614 15.9159 2.30196
28 61 16.483 18.785 2.30195
35 60 16.5248 18.8268 2.30196
38 51 14.9919 17.2939 2.30195
30 60 13.3312 15.6331 2.30196
15 59 16.2229 18.5248 2.30196
7 0 689.096 0 -689.096
48 0 933.498 0 -933.498
20 0 688.853 0 -688.853
49 56 970.748 970.85 0.102658
43 52 1134.37 1134.47 0.102659
46 56 688.485 690.787 2.30196
17 51 21.1133 23.4152 2.30196
26 61 20.6569 22.9588 2.30195
31 60 21.114 23.416 2.30195
23 62 19.4744 21.7764 2.30196
14 59 18.8383 21.1403 2.30196
41 53 688.234 690.535 2.30196
45 56 983.345 983.448 0.102661
41 52 1084.55 1084.65 0.0975386
47 0 21.4164 0 -21.4164
36 53 21.7637 24.0657 2.30196
0 51 20.4627 22.7647 2.30196
6 58 21.8582 24.1601 2.30196
25 0 22.0829 0 -22.0829
48 0 21.9252 0 -21.9252
18 0 686.487 0 -686.487
23 61 1189.47 1189.57 0.0975391
5 58 685.929 688.231 2.30196
49 56 1060.75 1060.85 0.102658
25 61 1389.44 1391.74 2.30195
36 53 1191.76 1191.87 0.102661
34 60 685.647 687.949 2.30196
17 59 1388.47 1390.77 2.30196
21 55 685.608 687.91 2.30196
16 56 713.109 715.411 2.30198
47 61 932.989 935.291 2.30195
22 54 685.072 687.374 2.30195
8 50 940.163 942.464 2.30196
19 0 684.974 0 -684.974
15 59 976.223 976.397 0.174597
30 60 973.331 973.434 0.102661
1 58 1085.98 1086.08 0.0975369
44 52 684.938 687.24 2.30195
23 61 1159.47 1159.57 0.0975391
2 0 684.321 0 -684.321
37 51 1197.29 1197.39 0.0975398
39 0 22.7604 0 -22.7604
45 56 23.345 25.647 2.30196
24 54 684.191 686.492 2.30195
38 51 1064.99 1065.09 0.0975376
43 52 24.366 26.6679 2.30196
9 58 23.6913 25.9933 2.30196
22 54 991.392 991.49 0.0975382
37 51 27.293 29.5949 2.30196
11 64 25.5188 27.8208 2.30196
12 58 987.716 987.814 0.097539
12 58 27.716 30.018 2.30196
4 58 26.4653 28.7672 2.30196
32 52 27.2996 29.6015 2.30196
23 61 931.047 931.232 0.184835
14 59 978.838 978.936 0.097541
8 50 28.5895 30.8915 2.30196
43 52 935.939 936.042 0.102659
25 54 933.656 935.958 2.30196
16 50 29.4295 31.7314 2.30196
14 59 246.732 249.034 2.30196
6 0 249.751 0 -249.751
23 61 247.368 249.67 2.30196
0 51 248.356 250.658 2.30196
9 0 479.478 0 -479.478
48 0 249.818 0 -249.818
17 0 249.007 0 -249.007
31 60 249.007 251.309 2.30195
17 0 476.9 0 -476.9
11 0 253.412 0 -253.412
16 0 257.323 0 -257.323
17 51 932.686 934.988 2.30196
25 61 1161.55 1163.85 2.30195
43 52 252.259 254.561 2.30196
37 51 987.293 987.396 0.10266
16 51 941.002 943.304 2.30196
14 59 474.625 476.927 2.30196
23 61 703.154 705.456 2.30196
26 0 248.55 0 -248.55
25 0 249.976 0 -249.976
47 0 249.31 0 -249.31
30 60 469.118 471.42 2.30196
36 53 249.657 251.959 2.30196
8 0 256.483 0 -256.483
24 54 228.404 230.706 2.30195
2 50 228.534 230.836 2.30196
44 52 229.152 231.453 2.30195
19 58 229.187 231.489 2.30195
22 54 229.286 231.588 2.30195
21 55 229.821 232.123 2.30196
34 60 229.86 232.162 2.30196
5 58 230.142 232.444 2.30196
18 0 230.7 0 -230.7
41 52 232.447 234.749 2.30195
46 56 232.699 235.001 2.30196
20 0 233.066 0 -233.066
7 58 233.31 235.612 2.30195
13 0 233.754 0 -233.754
1 58 233.875 236.177 2.30195
10 58 234.306 236.608 2.30195
27 61 235.343 237.645 2.30196
42 52 236.204 238.506 2.30195
40 50 237.16 239.462 2.30196
33 59 237.844 240.146 2.30196
3 58 238.411 240.713 2.30195
49 56 238.641 240.943 2.30195
30 60 241.224 243.526 2.30196
29 61 241.507 243.809 2.30196
38 51 242.885 245.187 2.30195
15 59 244.116 246.418 2.30196
28 61 244.376 246.678 2.30195
35 60 244.418 246.72 2.30196
45 56 1133.35 1133.45 0.102661
16 50 1168.9 1169.22 0.328708
41 52 994.554 994.651 0.0975386
30 60 1063.33 1063.43 0.102661
45 56 251.238 253.54 2.30196
9 58 251.585 253.887 2.30196
12 58 1137.72 1137.81 0.097539
39 0 250.654 0 -250.654
15 59 699.903 702.205 2.30196
30 60 1153.33 1153.43 0.0975413
45 56 1193.35 1193.44 0.0975406
9 50 707.371 709.673 2.30196
32 52 1166.77 1169.07 2.30196
14 59 1188.84 1188.94 0.097541
4 64 254.359 256.66 2.30196
27 61 463.236 465.538 2.30196
12 58 255.609 257.911 2.30196
37 51 255.186 257.488 2.30196
32 52 255.193 257.495 2.30196
44 52 1081.26 1081.36 0.0975377
8 58 1168.06 1170.36 2.30196
45 56 707.025 709.327 2.30196
15 59 1126.22 1126.33 0.102661
15 59 1186.22 1186.32 0.097541
38 51 698.672 700.974 2.30195
23 61 979.474 979.572 0.0975391
33 59 465.737 468.039 2.30196
42 52 464.097 466.399 2.30195
37 51 1167.29 1167.39 0.0975398
39 0 706.44 0 -706.44
47 0 1388.78 0 -1388.78
25 54 705.763 708.065 2.30196
8 0 712.269 0 -712.269
48 0 705.605 0 -705.605
26 0 1160.12 0 -1160.12
6 59 705.538 707.84 2.30196
35 60 989.126 989.455 0.328707
36 53 705.443 707.745 2.30196
23 61 1129.47 1129.58 0.102659
22 54 1141.39 1141.49 0.0975382
47 0 705.096 0 -705.096
35 60 1054.21 1054.54 0.328707
31 60 704.794 707.096 2.30195
38 51 1184.99 1185.09 0.0975376
31 60 932.687 934.989 2.30195
38 51 1124.99 1125.09 0.0975376
17 0 704.793 0 -704.793
12 58 1197.72 1197.81 0.097539
26 0 704.337 0 -704.337
4 59 1165.93 1168.23 2.30196
0 0 704.142 0 -704.142
30 60 1123.33 1123.43 0.0975413
26 61 932.23 934.532 2.30195
28 61 700.163 702.465 2.30195
1 58 1145.98 1146.08 0.0975369
14 59 1158.84 1158.94 0.097541
21 55 931.928 932.031 0.102661
42 52 1148.31 1148.41 0.0975367
28 61 1155.95 1156.05 0.102656
14 58 702.518 704.82 2.30196
9 58 1181.46 1181.56 0.10266
35 59 700.205 702.507 2.30196
17 51 1160.58 1162.88 2.30196
36 53 1161.23 1161.33 0.102661
40 50 1149.27 1149.36 0.0975402
32 52 1394.66 1394.76 0.10266
31 60 476.901 479.202 2.30195
25 54 477.869 480.171 2.30196
37 51 483.079 485.381 2.30196
3 58 466.304 468.606 2.30195
29 61 469.4 471.702 2.30196
36 53 477.55 479.852 2.30196
11 0 481.305 0 -481.305
8 50 484.376 486.678 2.30196
31 60 1191.11 1191.22 0.102658
23 55 475.261 477.563 2.30196
27 61 1147.45 1147.55 0.10266
11 59 709.199 711.5 2.30196
4 58 710.145 712.447 2.30196
6 0 477.645 0 -477.645
48 0 477.712 0 -477.712
4 58 938.038 940.34 2.30196
12 58 483.503 485.804 2.30196
10 58 462.199 464.501 2.30195
40 50 465.054 467.356 2.30196
31 60 1160.58 1160.68 0.102658
28 61 472.27 474.571 2.30195
15 59 472.009 474.311 2.30196
35 60 472.311 474.613 2.30196
49 56 466.534 468.836 2.30195
38 51 470.778 473.08 2.30195
21 55 991.928 992.031 0.102661
4 58 1393.82 1394.15 0.328708
38 51 974.992 975.095 0.102658
32 52 483.086 485.388 2.30196
16 50 485.216 487.518 2.30196
35 60 1156.52 1156.7 0.174595
24 54 456.297 458.599 2.30195
2 50 456.427 458.729 2.30196
44 52 457.045 459.347 2.30195
19 0 457.081 0 -457.081
22 54 457.179 459.481 2.30195
21 55 457.715 460.017 2.30196
34 60 457.753 460.055 2.30196
5 58 458.036 460.338 2.30196
18 0 458.594 0 -458.594
41 52 460.34 462.642 2.30195
46 56 460.592 462.894 2.30196
20 0 460.959 0 -460.959
7 0 461.203 0 -461.203
13 0 461.647 0 -461.647
1 58 461.768 464.07 2.30195
43 52 984.366 984.469 0.102659
46 56 1084.81 1084.91 0.10266
39 0 478.547 0 -478.547
26 61 476.443 478.745 2.30195
0 0 476.249 0 -476.249
47 61 477.203 479.505 2.30195
45 56 479.132 481.433 2.30196
43 52 480.152 482.454 2.30196
4 0 482.252 0 -482.252
43 59 708.046 710.348 2.30196
12 58 711.396 713.698 2.30196
37 51 710.973 713.275 2.30196
32 52 710.979 713.281 2.30196
15 59 927.796 927.981 0.184837
44 52 1141.26 1141.36 0.0975377
41 52 1144.55 1144.65 0.0975386
27 61 937.45 937.552 0.10266
26 0 1388.02 0 -1388.02
6 58 1161.32 1163.63 2.30196
21 55 961.928 962.031 0.102661
45 56 1073.35 1073.44 0.0975406
38 51 926.565 926.668 0.102658
35 60 1186.52 1186.63 0.102659
29 61 1185.62 1185.81 0.184836
39 59 1162.23 1164.53 2.30196
22 54 931.392 931.495 0.102658
9 58 935.264 937.566 2.30196
12 58 939.289 939.392 0.102659
15 59 946.223 946.397 0.174597
14 59 930.411 930.596 0.184837
6 59 933.431 935.733 2.30196
39 0 934.333 0 -934.333
11 59 937.092 939.394 2.30196
46 56 934.805 934.908 0.10266
42 52 938.311 938.413 0.102657
28 61 928.056 930.358 2.30195
6 58 1389.22 1389.32 0.10266
29 61 925.187 927.489 2.30196
35 60 928.098 928.714 0.616451
0 51 932.036 934.338 2.30196
44 52 931.258 931.361 0.102658
30 60 924.904 925.089 0.184837
37 50 938.866 938.969 0.102662
40 50 939.267 939.37 0.10266
24 61 912.084 914.386 2.30196
2 0 912.214 0 -912.214
44 52 912.831 912.934 0.102658
19 0 912.867 0 -912.867
22 54 912.965 913.068 0.102658
21 55 913.501 913.604 0.102661
34 60 913.54 915.842 2.30196
5 0 913.822 0 -913.822
18 58 914.38 916.682 2.30195
41 52 916.127 916.229 0.102659
46 56 916.378 916.481 0.10266
20 58 916.746 919.048 2.30195
7 50 916.99 919.292 2.30196
13 58 917.434 919.736 2.30195
1 58 917.555 917.657 0.102657
10 58 917.986 920.288 2.30195
27 61 919.023 919.125 0.10266
42 52 919.884 919.986 0.102657
40 50 920.84 920.943 0.10266
33 59 921.524 923.826 2.30196
3 50 922.09 922.275 0.18484
49 56 922.321 922.423 0.102658
37 51 1077.29 1077.39 0.0975398
23 61 1069.47 1069.58 0.102659
12 58 1077.72 1077.81 0.097539
47 0 1160.88 0 -1160.88
41 52 934.554 934.651 0.0975386
35 60 1126.52 1126.7 0.174595
49 56 1150.75 1150.85 0.0975379
1 58 935.982 936.079 0.0975369
3 58 940.517 940.692 0.174593
49 56 940.748 940.85 0.102658
30 60 943.331 943.506 0.174597
23 61 1039.47 1039.57 0.0975391
43 52 954.366 954.469 0.102659
23 61 949.474 949.577 0.102659
44 52 961.258 961.356 0.0975377
12 58 957.716 957.819 0.102659
22 54 961.392 961.49 0.0975382
38 51 944.992 945.095 0.102658
14 59 948.838 948.941 0.102661
45 56 953.345 953.448 0.102661
36 53 1171.39 1171.5 0.102661
37 51 957.293 957.396 0.10266
40 50 969.267 969.365 0.0975402
46 56 964.805 964.908 0.10266
41 52 964.554 964.651 0.0975386
42 52 968.311 968.413 0.102657
3 58 970.517 970.62 0.102657
1 58 965.982 966.079 0.0975369
27 61 967.45 967.552 0.10266
27 61 1087.45 1087.55 0.0975403
46 56 994.805 994.908 0.10266
46 56 1144.81 1144.9 0.0975397
49 56 1000.75 1000.85 0.102658
1 58 995.982 996.079 0.0975369
42 52 998.311 998.413 0.102657
40 50 999.267 999.365 0.0975402
12 58 1017.72 1017.81 0.097539
27 61 997.45 997.552 0.10266
42 52 1088.31 1088.41 0.0975367
48 61 1161.39 1163.69 2.30196
37 51 1137.29 1137.39 0.0975398
3 58 1000.52 1000.61 0.0975367
28 54 1166.11 1166.21 0.102663
44 52 1021.26 1021.36 0.0975377
23 61 1009.47 1009.57 0.0975391
30 60 1003.33 1003.43 0.102661
34 60 1141.43 1141.54 0.102661
21 55 1021.93 1022.03 0.102661
15 59 1006.22 1006.33 0.102661
35 60 1021.67 1022 0.328707
38 51 1004.99 1005.09 0.102658
14 59 1008.84 1008.94 0.097541
22 54 1021.39 1021.49 0.0975382
43 52 1014.37 1014.46 0.0975391
45 56 1013.35 1013.45 0.102661
37 51 1017.29 1017.4 0.10266
40 50 1029.27 1029.36 0.0975402
41 52 1054.55 1054.65 0.0975386
46 56 1024.81 1024.9 0.0975397
45 56 1043.35 1043.44 0.0975406
42 52 1028.31 1028.41 0.0975367
1 58 1025.98 1026.08 0.0975369
37 51 1047.29 1047.39 0.0975398
41 52 1024.55 1024.65 0.0975386
49 56 1030.75 1030.85 0.102658
3 58 1030.52 1030.62 0.102657
11 59 1164.99 1167.29 2.30196
44 52 1051.26 1051.36 0.0975377
21 55 1051.93 1052.03 0.0975411
27 61 1027.45 1027.55 0.10266
30 60 1033.33 1033.43 0.0975413
24 54 1158.28 1158.38 0.102659
14 59 1038.84 1038.94 0.097541
15 59 1036.22 1036.32 0.097541
22 54 1051.39 1051.49 0.0975382
21 55 1141.93 1142.03 0.102661
38 51 1034.99 1035.09 0.0975376
43 52 1044.37 1044.47 0.102659
12 58 1047.72 1047.81 0.097539
15 59 1156.22 1156.33 0.102661
1 58 1055.98 1056.08 0.0975369
46 56 1054.81 1054.9 0.0975397
3 58 1060.52 1060.62 0.102657
40 50 1089.27 1089.36 0.0975402
27 61 1057.45 1057.55 0.0975403
15 59 1066.22 1066.32 0.097541
3 58 1150.52 1150.61 0.0975367
40 50 1059.27 1059.36 0.0975402
42 52 1058.31 1058.41 0.0975367
22 54 1111.39 1111.49 0.0975382
15 59 1096.22 1096.32 0.097541
21 55 1111.93 1112.03 0.102661
5 59 1141.72 1144.02 2.30196
13 0 1145.33 0 -1145.33
49 56 1090.75 1090.85 0.0975379
43 52 1194.37 1194.46 0.0975391
41 52 1114.55 1114.65 0.0975386
23 61 1099.47 1099.58 0.102659
35 60 1105.05 1105.22 0.174595
31 60 1170.74 1170.85 0.102658
24 54 1139.98 1140.16 0.184835
43 52 1104.37 1104.47 0.102659
30 60 1093.33 1093.43 0.102661
30 60 1183.33 1183.43 0.0975413
1 58 1115.98 1116.08 0.0975369
38 51 1094.99 1095.09 0.0975376
48 0 1389.28 0 -1389.28
19 58 1140.76 1143.06 2.30195
49 56 1120.75 1120.85 0.0975379
2 50 1140.11 1142.41 2.30196
12 58 1107.72 1107.81 0.097539
33 59 1149.42 1149.6 0.184835
14 59 1098.84 1098.94 0.102661
40 50 1119.27 1119.36 0.0975402
29 61 1153.08 1153.41 0.328708
39 51 1390.12 1392.42 2.30195
19 58 1368.65 1370.96 2.30195
45 56 1103.35 1103.45 0.102661
9 58 1163.16 1163.34 0.184836
10 58 1156.04 1156.14 0.102657
3 58 1120.52 1120.62 0.102657
44 52 1111.26 1111.36 0.0975377
7 0 1144.88 0 -1144.88
46 56 1114.81 1114.91 0.10266
20 58 1144.64 1146.94 2.30195
18 58 1142.27 1144.58 2.30195
42 52 1118.31 1118.41 0.0975367
27 61 1117.45 1117.55 0.10266
10 58 1145.88 1145.98 0.102657
37 51 1107.29 1107.39 0.0975398
2 50 1368 1370.3 2.30196
34 60 1171.97 1172.06 0.097541
12 58 1167.72 1167.81 0.097539
43 52 1164.37 1164.46 0.0975391
44 52 1171.26 1171.36 0.0975377
46 56 1174.81 1174.9 0.0975397
33 59 1179.95 1180.13 0.174595
5 58 1369.61 1371.91 2.30196
28 61 1186.48 1186.59 0.102656
42 52 1178.31 1178.41 0.0975367
24 54 1170.51 1170.61 0.102659
20 0 1372.53 0 -1372.53
22 54 1171.39 1171.49 0.0975382
3 58 1180.52 1180.61 0.0975367
40 50 1179.27 1179.36 0.0975402
21 55 1171.93 1172.03 0.0975411
13 58 1373.22 1375.52 2.30195
18 59 1370.17 1372.47 2.30196
41 52 1174.55 1174.65 0.0975386
7 50 1372.78 1375.08 2.30196
10 58 1176.41 1176.51 0.0975373
1 58 1175.98 1176.08 0.0975369
49 56 1180.75 1180.85 0.0975379
27 61 1177.45 1177.55 0.0975403
