29 31 0.615761 2.91773 2.30197
0 0 0.936466 0 -0.936466
13 31 5.29841 7.60037 2.30196
12 31 5.87767 8.17963 2.30196
9 0 7.08051 0 -7.08051
2 30 1.82412 4.12608 2.30196
21 30 1.96325 4.26521 2.30196
16 31 3.68765 5.98961 2.30196
4 0 3.24285 0 -3.24285
3 30 3.94833 6.2503 2.30197
1 30 8.32866 10.6306 2.30197
7 0 8.81544 0 -8.81544
24 31 10.4988 12.8007 2.30196
22 31 10.9129 13.2149 2.30196
20 30 12.6859 14.9878 2.30196
27 0 13.9983 0 -13.9983
19 30 14.3614 16.6634 2.30195
15 31 14.787 17.089 2.30196
28 31 14.8202 17.1221 2.30196
10 0 16.1351 0 -16.1351
11 30 19.1382 21.4401 2.30197
26 31 20.6119 22.9139 2.30196
8 30 23.1969 25.4988 2.30197
18 30 23.0729 25.3749 2.30196
5 30 24.0317 26.3336 2.30197
25 31 24.5697 26.8717 2.30197
17 30 26.6292 28.9312 2.30195
23 30 27.6986 30.0005 2.30196
14 31 28.3088 30.6108 2.30196
6 0 28.6991 0 -28.6991
11 30 247.031 249.333 2.30197
26 31 248.505 250.807 2.30196
5 30 251.925 254.227 2.30197
6 30 256.592 258.894 2.30197
24 0 466.285 0 -466.285
23 0 255.592 0 -255.592
15 0 470.574 0 -470.574
20 0 468.472 0 -468.472
14 31 939.882 942.184 2.30196
8 0 251.09 0 -251.09
25 31 252.463 254.765 2.30197
17 30 254.522 256.824 2.30195
1 0 464.115 0 -464.115
14 0 256.202 0 -256.202
18 30 250.966 253.268 2.30196
19 30 470.148 472.45 2.30195
28 31 1154.82 1154.92 0.0975417
6 30 940.272 942.574 2.30197
17 30 482.416 484.718 2.30195
29 31 228.509 230.811 2.30197
0 30 228.83 231.132 2.30197
2 0 229.717 0 -229.717
21 31 229.856 232.158 2.30196
4 0 231.136 0 -231.136
16 0 231.581 0 -231.581
3 0 231.842 0 -231.842
13 31 233.192 235.494 2.30196
12 31 233.771 236.073 2.30196
9 30 234.974 237.276 2.30197
1 0 236.222 0 -236.222
7 0 236.709 0 -236.709
24 31 238.392 240.694 2.30196
22 31 238.806 241.108 2.30196
20 30 240.579 242.881 2.30196
27 0 241.892 0 -241.892
19 30 242.255 244.557 2.30195
15 31 242.68 244.982 2.30196
28 31 242.713 245.015 2.30196
10 30 244.028 246.33 2.30196
22 30 466.699 469.001 2.30196
18 30 478.859 481.161 2.30196
25 31 480.356 482.658 2.30197
5 0 479.818 0 -479.818
17 0 710.309 0 -710.309
28 31 470.607 472.909 2.30196
26 31 932.185 934.487 2.30196
8 0 478.983 0 -478.983
14 0 484.095 0 -484.095
7 30 464.602 466.904 2.30197
19 30 974.361 974.464 0.102659
10 0 471.922 0 -471.922
23 30 483.485 485.787 2.30196
6 31 484.486 486.788 2.30198
27 31 1381.36 1383.66 2.30197
9 0 462.867 0 -462.867
17 0 938.202 0 -938.202
14 0 711.989 0 -711.989
11 30 474.925 477.227 2.30197
27 30 469.785 472.087 2.30197
11 0 930.711 0 -930.711
26 31 476.398 478.7 2.30196
23 0 711.378 0 -711.378
29 0 456.402 0 -456.402
0 0 456.723 0 -456.723
2 0 457.611 0 -457.611
21 31 457.75 460.052 2.30196
4 0 459.029 0 -459.029
16 0 459.474 0 -459.474
3 30 459.735 462.037 2.30197
13 0 461.085 0 -461.085
12 0 461.664 0 -461.664
21 30 978.62 978.948 0.328712
3 0 1371.31 0 -1371.31
25 31 708.249 710.551 2.30197
15 31 1382.15 1384.45 2.30196
6 31 712.379 714.681 2.30198
19 30 925.934 926.037 0.102659
23 30 939.272 941.574 2.30196
10 30 927.708 930.01 2.30196
27 0 925.571 0 -925.571
29 31 684.296 686.597 2.30197
0 30 684.616 686.918 2.30197
2 30 685.504 687.806 2.30196
21 30 685.643 687.945 2.30196
4 0 686.923 0 -686.923
16 0 687.367 0 -687.367
3 0 687.628 0 -687.628
13 0 688.978 0 -688.978
12 0 689.557 0 -689.557
9 0 690.76 0 -690.76
1 0 692.008 0 -692.008
7 30 692.495 694.797 2.30197
24 0 694.179 0 -694.179
22 30 694.593 696.895 2.30196
20 0 696.366 0 -696.366
27 0 697.678 0 -697.678
19 31 698.041 700.343 2.30197
15 31 698.467 700.769 2.30196
28 31 698.5 700.802 2.30196
10 0 699.815 0 -699.815
11 30 702.818 705.12 2.30197
26 31 704.292 706.594 2.30196
18 30 706.753 709.055 2.30196
8 30 706.877 709.179 2.30197
5 30 707.711 710.013 2.30197
24 31 1377.86 1380.16 2.30196
15 0 926.36 0 -926.36
5 0 935.605 0 -935.605
9 0 1374.44 0 -1374.44
8 0 934.77 0 -934.77
21 30 946.078 946.407 0.328712
28 31 926.393 926.496 0.102662
18 30 934.646 936.948 2.30196
28 31 944.82 944.923 0.102662
19 30 944.361 944.464 0.102659
20 30 924.259 926.561 2.30196
19 30 1184.36 1184.46 0.097539
28 31 974.82 974.923 0.102662
25 0 936.143 0 -936.143
22 31 983.514 984.131 0.616458
29 31 912.189 914.491 2.30197
0 30 912.509 914.811 2.30197
2 30 913.397 915.699 2.30196
21 30 913.536 913.865 0.328712
4 30 914.816 917.118 2.30197
16 31 915.261 917.563 2.30196
3 0 915.521 0 -915.521
13 31 916.871 919.173 2.30196
12 31 917.451 919.753 2.30196
9 0 918.654 0 -918.654
1 30 919.902 922.204 2.30197
7 30 920.388 922.69 2.30197
24 31 922.072 924.374 2.30196
22 31 922.486 923.102 0.616458
10 30 1383.49 1385.8 2.30196
7 0 1376.17 0 -1376.17
21 30 1011.16 1011.49 0.328712
4 31 1370.6 1372.9 2.30198
19 30 1004.36 1004.46 0.097539
28 31 1004.82 1004.92 0.0975417
20 30 1380.05 1380.15 0.10266
28 31 1034.82 1034.92 0.0975417
21 30 1043.7 1044.03 0.328712
1 0 1375.69 0 -1375.69
22 31 1044.54 1045.16 0.616458
19 30 1034.36 1034.46 0.097539
13 31 1372.66 1372.84 0.18484
16 31 1371.05 1373.35 2.30196
0 0 1368.3 0 -1368.3
29 31 1367.98 1370.28 2.30197
2 30 1369.18 1371.49 2.30196
23 0 1395.06 0 -1395.06
28 31 1064.82 1064.92 0.102662
22 30 1166.6 1167.22 0.616461
21 30 1076.24 1076.57 0.328712
19 30 1064.36 1064.46 0.097539
19 30 1154.36 1154.46 0.097539
21 30 1173.87 1174.2 0.328712
28 31 1184.82 1184.92 0.0975417
28 31 1094.82 1094.92 0.102662
12 0 1373.24 0 -1373.24
11 30 1386.5 1388.8 2.30197
19 30 1094.36 1094.46 0.097539
22 31 1105.57 1106.19 0.616458
21 30 1108.79 1109.12 0.328712
1 30 1147.79 1150.1 2.30197
6 0 1396.06 0 -1396.06
26 31 1192.62 1192.95 0.328712
24 30 1149.97 1152.27 2.30197
13 31 1144.76 1147.07 2.30196
7 30 1148.28 1150.58 2.30197
22 31 1227.63 1228.24 0.616458
28 31 1124.82 1124.92 0.0975417
29 31 1140.08 1142.38 2.30197
9 0 1146.55 0 -1146.55
0 30 1140.4 1142.7 2.30197
2 30 1141.29 1143.59 2.30196
20 30 1152.15 1154.45 2.30196
15 31 1154.25 1156.56 2.30196
19 30 1124.36 1124.46 0.097539
27 30 1153.46 1155.77 2.30197
12 31 1145.34 1147.65 2.30196
26 31 1160.08 1160.41 0.328712
11 30 1158.6 1160.91 2.30197
17 0 1166.1 0 -1166.1
21 30 1141.33 1141.66 0.328712
4 0 1142.71 0 -1142.71
16 31 1143.15 1145.46 2.30196
3 0 1143.41 0 -1143.41
8 30 1162.66 1164.97 2.30197
25 31 1164.04 1166.34 2.30197
23 0 1167.16 0 -1167.16
14 0 1167.78 0 -1167.78
6 31 1168.17 1170.47 2.30198
18 30 1390.43 1392.73 2.30196
10 31 1155.6 1157.9 2.30197
5 0 1163.5 0 -1163.5
18 30 1162.54 1164.84 2.30196
5 0 1391.39 0 -1391.39
14 0 1395.67 0 -1395.67
8 0 1390.56 0 -1390.56
25 31 1391.93 1393.24 1.31483
17 31 1393.99 1396.29 2.30197
