35 54 0.61634 2.9183 2.30196
22 0 0.96901 0 -0.96901
38 53 1.95878 4.26073 2.30195
25 53 2.51323 4.81519 2.30196
24 54 2.99489 5.29685 2.30196
17 0 1.98756 0 -1.98756
48 51 921.79 924.092 2.30196
39 53 3.22396 5.52591 2.30196
10 0 1.81013 0 -1.81013
27 0 1164.99 0 -1164.99
19 53 6.76763 9.06959 2.30196
20 53 9.85362 12.1556 2.30196
4 0 8.58644 0 -8.58644
34 54 8.45705 10.759 2.30195
5 52 1136.46 1136.56 0.0975418
38 53 1141.96 1142.06 0.0975366
22 53 912.542 914.844 2.30196
7 0 9.12577 0 -9.12577
48 51 10.2166 12.5185 2.30196
36 54 10.5389 12.8409 2.30195
15 0 11.119 0 -11.119
8 52 11.3071 13.609 2.30196
49 54 13.7352 16.0371 2.30195
3 52 14.9691 17.271 2.30196
37 54 15.3565 17.6584 2.30196
3 54 1186.98 1187.31 0.32871
13 52 1165.78 1165.96 0.184838
41 51 15.5975 17.8994 2.30196
31 50 16.2508 18.5528 2.30196
43 50 16.7118 19.0137 2.30196
28 54 16.8018 19.1038 2.30196
36 54 940.539 940.636 0.0975389
30 50 949.888 949.986 0.0975383
0 0 17.0429 0 -17.0429
1 52 17.0956 19.3976 2.30196
32 50 955.691 955.789 0.0975387
11 52 950.872 951.047 0.174598
42 50 1165.89 1166.22 0.328712
16 54 17.1064 19.4084 2.30196
21 0 17.2688 0 -17.2688
47 51 17.5516 19.8536 2.30196
14 52 18.2893 20.5912 2.30196
33 0 18.3092 0 -18.3092
2 54 19.8526 22.1546 2.30196
33 0 929.882 0 -929.882
30 50 19.8884 22.1904 2.30195
35 54 930.616 930.719 0.10266
23 0 19.9405 0 -19.9405
40 51 20.0507 22.3526 2.30196
24 0 914.568 0 -914.568
44 52 935.024 935.127 0.102658
46 0 20.2876 0 -20.2876
11 53 20.8722 23.1742 2.30196
29 0 21.6606 0 -21.6606
9 0 21.9056 0 -21.9056
12 53 23.6693 25.9712 2.30196
44 52 23.4513 25.7533 2.30195
27 0 25.5209 0 -25.5209
18 54 937.141 939.443 2.30196
18 0 25.5681 0 -25.5681
32 50 25.6914 27.9934 2.30195
42 51 26.4245 28.7265 2.30196
13 53 26.313 28.6149 2.30196
26 53 26.0992 28.4011 2.30196
5 52 26.4581 28.7601 2.30196
6 0 27.8512 0 -27.8512
45 54 27.4439 29.7458 2.30196
32 50 1135.69 1135.79 0.0975387
30 50 247.782 250.084 2.30195
12 53 251.563 253.864 2.30196
6 53 255.744 258.046 2.30196
6 0 483.638 0 -483.638
27 0 253.414 0 -253.414
29 50 249.554 251.856 2.30196
45 54 255.337 257.639 2.30196
1 52 472.882 475.184 2.30196
46 53 248.181 250.483 2.30196
34 54 464.244 466.546 2.30195
30 50 475.675 477.977 2.30195
40 51 247.944 250.246 2.30196
11 53 248.765 251.067 2.30196
5 52 254.351 256.653 2.30196
0 53 472.829 475.131 2.30196
23 0 247.834 0 -247.834
2 54 247.746 250.048 2.30196
42 51 254.318 256.62 2.30196
13 53 254.206 256.508 2.30196
9 52 249.799 252.101 2.30196
20 0 921.427 0 -921.427
43 50 472.498 474.8 2.30196
35 54 912.189 912.292 0.10266
26 0 481.886 0 -481.886
29 0 477.447 0 -477.447
35 54 228.51 230.812 2.30196
22 0 228.862 0 -228.862
10 0 229.703 0 -229.703
38 53 229.852 232.154 2.30195
17 0 229.881 0 -229.881
25 0 230.406 0 -230.406
24 53 230.888 233.19 2.30196
39 52 231.117 233.419 2.30196
19 53 234.661 236.963 2.30196
34 54 236.35 238.652 2.30195
4 53 236.48 238.782 2.30196
7 0 237.019 0 -237.019
20 0 237.747 0 -237.747
48 51 238.11 240.412 2.30196
36 54 238.432 240.734 2.30195
15 0 239.012 0 -239.012
8 52 239.2 241.502 2.30196
49 54 241.628 243.93 2.30195
3 54 242.862 245.164 2.30196
37 0 243.25 0 -243.25
41 52 243.491 245.793 2.30196
31 0 244.144 0 -244.144
43 0 244.605 0 -244.605
28 0 244.695 0 -244.695
0 0 244.936 0 -244.936
1 0 244.989 0 -244.989
16 0 245 0 -245
21 0 245.162 0 -245.162
47 51 245.445 247.747 2.30196
14 52 246.183 248.484 2.30196
33 0 246.202 0 -246.202
13 53 937.886 940.188 2.30196
36 54 1150.54 1150.64 0.0975389
44 52 251.345 253.647 2.30195
26 53 253.992 256.294 2.30196
18 0 253.461 0 -253.461
32 50 253.585 255.887 2.30195
45 0 1166.91 0 -1166.91
44 52 953.451 953.554 0.102658
34 54 920.03 922.332 2.30195
42 51 937.997 940.299 2.30196
26 0 1165.57 0 -1165.57
8 52 941.307 941.41 0.102661
7 0 920.699 0 -920.699
25 0 914.086 0 -914.086
12 53 935.242 937.544 2.30196
38 53 913.532 913.634 0.102657
8 52 922.88 922.983 0.102661
15 51 922.692 924.994 2.30197
4 0 920.159 0 -920.159
10 52 913.383 915.685 2.30196
27 0 937.094 0 -937.094
17 0 913.561 0 -913.561
39 52 914.797 917.099 2.30196
5 54 938.031 938.134 0.102663
36 0 922.112 0 -922.112
19 53 918.341 920.643 2.30196
35 54 1140.62 1140.71 0.0975403
3 0 470.756 0 -470.756
11 52 476.659 478.961 2.30196
23 0 475.727 0 -475.727
6 54 939.424 941.726 2.30196
45 54 483.23 485.532 2.30196
32 50 937.264 937.367 0.102659
38 0 931.959 0 -931.959
42 50 710.104 712.406 2.30196
16 0 472.893 0 -472.893
21 0 473.055 0 -473.055
40 51 475.837 478.139 2.30196
0 0 928.616 0 -928.616
30 50 1039.89 1039.99 0.0975383
29 50 933.234 935.536 2.30196
47 0 929.125 0 -929.125
27 0 709.201 0 -709.201
40 51 931.624 933.926 2.30196
7 0 464.912 0 -464.912
48 51 466.003 468.305 2.30196
8 52 467.094 469.396 2.30196
46 0 476.074 0 -476.074
13 53 482.099 484.401 2.30196
4 54 464.373 466.675 2.30196
49 54 469.522 471.824 2.30195
36 54 466.325 468.627 2.30195
41 51 471.384 473.686 2.30196
28 0 472.588 0 -472.588
31 50 472.037 474.339 2.30196
14 52 474.076 476.378 2.30196
21 0 928.842 0 -928.842
44 52 479.238 481.54 2.30195
27 0 481.307 0 -481.307
13 0 709.993 0 -709.993
23 0 931.513 0 -931.513
45 54 711.124 713.426 2.30196
19 53 462.554 464.856 2.30196
9 52 477.692 479.994 2.30196
2 0 475.639 0 -475.639
33 50 474.096 476.398 2.30196
32 50 481.478 483.78 2.30195
18 54 1165.03 1167.34 2.30196
42 50 482.211 484.513 2.30196
26 0 709.779 0 -709.779
15 54 466.906 469.207 2.30196
20 0 465.64 0 -465.64
26 0 937.672 0 -937.672
37 54 471.143 473.445 2.30196
47 51 473.338 475.64 2.30196
12 53 479.456 481.758 2.30196
18 0 481.355 0 -481.355
5 52 482.245 484.547 2.30196
32 50 709.371 711.673 2.30195
9 52 933.479 935.781 2.30196
35 54 456.403 458.705 2.30196
22 54 456.756 459.057 2.30196
10 52 457.597 459.899 2.30196
38 53 457.745 460.047 2.30195
17 0 457.774 0 -457.774
25 53 458.3 460.602 2.30196
24 0 458.781 0 -458.781
39 52 459.01 461.312 2.30196
31 0 927.824 0 -927.824
5 54 710.138 712.44 2.30196
6 53 711.531 713.833 2.30196
3 54 926.542 928.844 2.30196
11 52 932.445 932.63 0.184838
1 0 928.669 0 -928.669
30 50 931.461 931.564 0.102658
18 0 709.248 0 -709.248
2 51 931.426 933.728 2.30197
22 0 1368.33 0 -1368.33
41 52 927.17 927.273 0.102661
46 52 931.861 934.163 2.30197
43 0 928.285 0 -928.285
35 54 684.296 686.598 2.30196
22 0 684.649 0 -684.649
10 52 685.49 687.792 2.30196
38 53 685.639 687.94 2.30195
17 0 685.667 0 -685.667
25 0 686.193 0 -686.193
24 0 686.675 0 -686.675
39 0 686.904 0 -686.904
19 53 690.447 692.749 2.30196
34 54 692.137 694.439 2.30195
4 0 692.266 0 -692.266
7 0 692.806 0 -692.806
20 53 693.533 695.835 2.30196
48 0 693.896 0 -693.896
36 54 694.219 696.521 2.30195
15 54 694.799 697.101 2.30196
8 52 694.987 697.289 2.30196
49 0 697.415 0 -697.415
3 53 698.649 700.951 2.30196
37 51 699.036 701.338 2.30197
41 51 699.277 701.579 2.30196
31 50 699.931 702.233 2.30196
43 50 700.392 702.693 2.30196
28 54 700.482 702.784 2.30196
0 52 700.723 703.025 2.30196
1 52 700.775 703.077 2.30196
16 54 700.786 703.088 2.30196
21 0 700.949 0 -700.949
47 51 701.231 703.533 2.30196
14 52 701.969 704.271 2.30196
33 0 701.989 0 -701.989
2 52 703.532 705.834 2.30196
30 50 703.568 705.87 2.30195
23 54 703.62 705.922 2.30196
40 0 703.73 0 -703.73
46 0 703.967 0 -703.967
11 52 704.552 706.854 2.30196
29 0 705.34 0 -705.34
9 52 705.585 707.887 2.30196
44 52 707.131 709.433 2.30195
12 52 707.349 709.651 2.30196
28 0 928.375 0 -928.375
14 52 929.862 932.164 2.30196
16 0 928.679 0 -928.679
45 54 939.017 941.319 2.30196
41 52 945.597 945.7 0.102661
49 54 925.308 927.61 2.30195
37 54 926.929 929.231 2.30196
5 52 956.458 956.556 0.0975418
8 52 971.307 971.405 0.0975414
11 52 980.872 980.975 0.102662
35 54 960.616 960.714 0.0975403
38 53 961.959 962.056 0.0975366
36 54 970.539 970.642 0.102659
20 0 1377.21 0 -1377.21
41 52 975.597 975.7 0.102661
32 50 1165.69 1165.79 0.0975387
30 50 979.888 979.986 0.0975383
32 50 985.691 985.794 0.102659
44 52 983.451 983.549 0.0975381
5 54 986.458 986.556 0.0975428
35 54 990.616 990.719 0.10266
25 0 1369.87 0 -1369.87
38 53 991.959 992.056 0.0975366
5 54 1016.46 1016.56 0.0975428
36 54 1000.54 1000.64 0.0975389
48 51 1159.85 1159.95 0.10266
35 54 1020.62 1020.72 0.10266
8 52 1001.31 1001.4 0.0975414
11 52 1010.87 1010.97 0.0975417
30 0 1159.89 0 -1159.89
41 52 1155.6 1155.7 0.0975414
41 52 1005.6 1005.7 0.0975414
30 50 1009.89 1009.99 0.0975383
8 52 1061.31 1061.4 0.0975414
32 50 1015.69 1015.79 0.0975387
44 52 1013.45 1013.55 0.102658
24 0 1370.35 0 -1370.35
19 53 1374.13 1376.43 2.30196
11 52 1040.87 1040.97 0.0975417
36 54 1030.54 1030.64 0.0975389
38 53 1021.96 1022.06 0.0975366
34 54 1158.09 1158.19 0.102657
8 52 1031.31 1031.4 0.0975414
41 52 1035.6 1035.7 0.0975414
5 52 1046.46 1046.56 0.0975418
38 53 1171.96 1172.06 0.0975366
17 54 1369.35 1371.65 2.30196
36 54 1060.54 1060.64 0.0975389
38 53 1051.96 1052.06 0.0975366
32 50 1045.69 1045.79 0.0975387
44 52 1043.45 1043.55 0.102658
31 50 1383.61 1383.71 0.102663
35 54 1050.62 1050.72 0.10266
36 54 1180.54 1180.64 0.0975389
30 50 1069.89 1069.99 0.0975383
11 52 1160.87 1160.97 0.0975417
11 52 1070.87 1070.97 0.0975417
41 52 1065.6 1065.7 0.0975414
44 52 1073.45 1073.55 0.0975381
38 53 1081.96 1082.06 0.0975366
32 50 1075.69 1075.79 0.0975387
5 52 1076.46 1076.56 0.0975418
8 52 1151.31 1151.4 0.0975414
10 0 1141.28 0 -1141.28
36 54 1090.54 1090.64 0.0975389
30 50 1099.89 1099.99 0.0975383
8 52 1091.31 1091.4 0.0975414
35 54 1080.62 1080.71 0.0975403
32 50 1105.69 1105.79 0.0975387
19 53 1146.23 1148.54 2.30196
48 51 1180.22 1180.32 0.10266
11 52 1100.87 1100.97 0.0975417
44 52 1103.45 1103.55 0.0975381
13 52 1184.08 1184.25 0.174598
41 52 1095.6 1095.7 0.0975414
37 51 1154.82 1157.12 2.30197
38 53 1111.96 1112.06 0.0975366
5 52 1106.46 1106.56 0.0975418
34 54 1147.92 1148.03 0.102657
4 0 1148.05 0 -1148.05
0 53 1156.51 1158.81 2.30196
3 52 1154.44 1154.76 0.32871
25 0 1141.98 0 -1141.98
39 53 1142.69 1142.88 0.184837
7 0 1148.59 0 -1148.59
36 54 1120.54 1120.64 0.0975389
8 52 1121.31 1121.4 0.0975414
48 51 1149.68 1149.79 0.10266
20 54 1149.32 1151.62 2.30196
15 54 1150.59 1152.89 2.30196
44 52 1133.45 1133.55 0.0975381
41 52 1125.6 1125.7 0.0975414
24 53 1142.46 1144.76 2.30196
35 54 1110.62 1110.71 0.0975403
22 0 1140.44 0 -1140.44
17 54 1141.45 1143.76 2.30196
33 0 1157.78 0 -1157.78
16 54 1156.57 1158.87 2.30196
1 0 1156.56 0 -1156.56
28 54 1156.27 1158.57 2.30196
21 0 1156.74 0 -1156.74
14 52 1157.76 1160.06 2.30196
2 0 1159.32 0 -1159.32
43 50 1156.18 1158.48 2.30196
47 0 1157.02 0 -1157.02
9 0 1161.37 0 -1161.37
30 50 1129.89 1129.99 0.0975383
11 52 1130.87 1130.97 0.0975417
31 50 1155.72 1158.02 2.30196
23 0 1159.41 0 -1159.41
46 0 1159.75 0 -1159.75
12 53 1163.14 1165.44 2.30196
29 53 1161.13 1163.43 2.30197
40 51 1159.52 1161.82 2.30196
49 52 1153.2 1155.5 2.30197
6 52 1167.32 1169.62 2.30196
35 54 1170.62 1170.71 0.0975403
10 0 1369.17 0 -1369.17
39 53 1173.22 1173.4 0.174597
8 52 1181.31 1181.4 0.0975414
44 52 1163.45 1163.55 0.0975381
5 52 1166.46 1166.56 0.0975418
4 0 1375.95 0 -1375.95
34 54 1178.46 1178.55 0.0975374
7 0 1376.49 0 -1376.49
37 54 1382.72 1385.02 2.30196
2 0 1387.21 0 -1387.21
6 54 1395.21 1397.51 2.30196
15 54 1378.48 1378.66 0.184837
41 52 1185.6 1185.7 0.0975414
47 51 1384.91 1387.21 2.30196
42 50 1198.43 1198.76 0.328712
13 52 1201.36 1201.46 0.102662
49 54 1381.09 1383.4 2.30195
18 0 1392.93 0 -1392.93
11 52 1190.87 1190.97 0.0975417
9 52 1389.27 1391.57 2.30196
45 54 1394.8 1397.11 2.30196
21 0 1384.63 0 -1384.63
43 50 1384.07 1384.26 0.18484
16 0 1384.47 0 -1384.47
28 0 1384.16 0 -1384.16
14 52 1385.65 1385.75 0.10266
46 0 1387.65 0 -1387.65
26 0 1393.46 0 -1393.46
29 50 1389.02 1391.32 2.30196
1 53 1384.46 1386.76 2.30196
0 53 1384.4 1386.7 2.30196
5 52 1196.46 1196.56 0.0975418
30 50 1189.89 1189.99 0.0975383
23 0 1387.3 0 -1387.3
32 50 1195.69 1195.79 0.0975387
33 0 1385.67 0 -1385.67
40 0 1387.41 0 -1387.41
44 52 1193.45 1193.55 0.0975381
12 53 1391.03 1391.36 0.32871
27 53 1392.88 1395.18 2.30196
