27 62 1.59407 3.89602 2.30195
23 70 3.09841 5.40037 2.30196
13 76 1131.79 1131.88 0.0975386
27 62 1021.59 1021.7 0.102658
36 68 942.686 942.783 0.0975383
37 68 3.17517 5.47712 2.30195
37 68 1143.18 1143.27 0.0975372
41 75 3.52995 5.83191 2.30195
3 65 7.07014 9.37209 2.30195
24 70 5.36522 7.66717 2.30196
29 62 713.354 715.656 2.30196
49 67 1031.1 1031.21 0.10266
29 62 959.674 959.777 0.10266
11 65 5.42029 7.72225 2.30196
54 66 5.72975 8.03171 2.30195
18 78 709.811 712.113 2.30197
33 74 5.99171 8.29366 2.30196
13 76 981.787 981.889 0.102659
38 68 7.34969 9.65164 2.30196
51 73 7.81426 10.1162 2.30195
43 0 7.19992 0 -7.19992
55 62 10.0531 12.355 2.30195
40 75 8.46632 10.7683 2.30195
28 63 10.0183 12.3203 2.30196
53 61 9.84866 12.1506 2.30195
29 62 1049.67 1049.77 0.0975397
49 67 11.105 13.4069 2.30196
36 68 12.6855 14.9875 2.30195
12 65 11.746 14.048 2.30195
2 0 11.2304 0 -11.2304
11 65 967.833 968.008 0.174596
12 65 1031.75 1031.84 0.0975369
51 73 1057.81 1057.91 0.0975371
32 74 1127.2 1127.29 0.0975389
46 64 1159.49 1159.59 0.0975394
0 0 13.1004 0 -13.1004
7 0 12.2159 0 -12.2159
39 68 12.5847 14.8867 2.30195
52 69 713.464 715.766 2.30195
8 65 1153.18 1155.48 2.30195
30 62 1168.88 1168.98 0.102659
59 60 710.294 712.596 2.30196
27 62 1051.59 1051.7 0.102658
8 0 13.7103 0 -13.7103
34 74 15.3778 17.6798 2.30195
16 76 15.3309 17.6328 2.30196
42 71 17.2023 19.5042 2.30196
27 62 961.594 961.692 0.0975375
57 63 17.107 19.409 2.30195
44 69 16.13 18.4319 2.30196
32 74 17.1965 19.4985 2.30195
56 74 17.2842 19.5862 2.30196
30 62 19.2463 21.5483 2.30196
14 0 19.3435 0 -19.3435
4 0 18.1286 0 -18.1286
26 70 18.5561 20.858 2.30195
17 76 18.3521 20.654 2.30196
24 70 1175.37 1175.46 0.0975402
53 61 969.849 969.951 0.102658
24 70 1145.37 1145.46 0.0975402
51 73 967.814 967.912 0.0975371
43 75 1374.56 1374.74 0.184834
55 62 1000.05 1000.15 0.0975378
40 75 968.466 968.564 0.0975367
37 68 1053.18 1053.27 0.0975372
40 75 1178.47 1178.56 0.0975367
54 66 965.73 965.827 0.0975383
18 65 1165.6 1167.9 2.30195
52 69 1169.25 1171.55 2.30195
31 77 1134.95 1135.05 0.0975381
13 76 1161.79 1161.88 0.0975386
22 79 19.6158 21.9178 2.30196
46 64 19.4914 21.7934 2.30196
19 65 1169.44 1171.74 2.30195
9 65 1159.81 1162.11 2.30196
42 75 947.202 947.305 0.10266
50 78 20.2799 22.5818 2.30195
9 65 20.3394 22.6413 2.30196
53 61 1179.85 1179.95 0.0975377
32 74 977.197 977.299 0.102659
5 65 1164.77 1167.08 2.30196
54 66 1175.73 1175.83 0.0975383
54 66 1055.73 1055.83 0.102658
13 76 21.7868 24.0887 2.30195
58 69 21.2429 23.5448 2.30195
20 70 1164.94 1165.27 0.328708
42 75 1037.2 1037.3 0.0975402
45 0 22.136 0 -22.136
35 74 22.0896 24.3915 2.30196
25 70 23.2542 25.5562 2.30195
40 75 1148.47 1148.56 0.0975367
41 75 963.53 963.633 0.102658
10 76 23.6237 25.9257 2.30196
1 65 959.108 959.205 0.0975362
42 75 1157.2 1157.3 0.0975402
31 77 24.9532 27.2551 2.30195
6 65 24.5747 26.8767 2.30195
15 65 25.0425 27.3444 2.30195
21 71 24.7775 27.0795 2.30196
57 63 947.107 947.21 0.102657
21 70 1164.78 1164.88 0.0975388
48 67 25.2416 27.5435 2.30196
5 76 25.3082 27.6101 2.30196
20 71 25.4763 27.7782 2.30196
32 74 947.197 947.299 0.102659
21 70 1044.78 1044.88 0.0975388
49 67 971.105 971.208 0.10266
59 60 26.6144 28.9163 2.30196
18 65 26.1317 28.4337 2.30195
54 66 1025.73 1025.83 0.102658
51 73 1147.81 1147.91 0.0975371
37 68 1023.18 1023.28 0.102657
1 65 29.1075 31.4095 2.30195
47 68 29.5802 31.8821 2.30196
29 62 29.674 31.9759 2.30196
52 69 29.7838 32.0858 2.30195
19 0 29.9744 0 -29.9744
49 67 1181.1 1181.21 0.10266
53 61 1029.85 1029.95 0.0975377
51 73 1027.81 1027.91 0.0975371
13 76 249.68 251.982 2.30195
5 76 253.201 255.503 2.30196
48 67 253.135 255.437 2.30196
15 65 252.936 255.238 2.30195
9 65 248.233 250.535 2.30196
51 73 937.814 937.917 0.102657
50 78 248.173 250.475 2.30195
45 0 250.029 0 -250.029
21 70 252.671 254.973 2.30195
1 65 257.001 259.303 2.30195
52 69 257.677 259.979 2.30195
18 0 481.918 0 -481.918
22 79 247.509 249.811 2.30196
46 64 247.385 249.687 2.30196
58 69 249.136 251.438 2.30195
35 74 249.983 252.285 2.30196
6 65 252.468 254.77 2.30195
47 68 257.473 259.775 2.30196
29 62 257.567 259.869 2.30196
35 74 1042.09 1042.26 0.174598
35 74 982.09 982.264 0.174598
31 77 1044.95 1045.06 0.102658
20 71 253.37 255.671 2.30196
59 60 254.508 256.81 2.30196
19 0 257.868 0 -257.868
27 62 229.487 231.789 2.30195
23 70 230.992 233.294 2.30196
37 68 231.068 233.37 2.30195
41 75 231.423 233.725 2.30195
24 70 233.258 235.56 2.30196
11 64 233.314 235.615 2.30196
54 66 233.623 235.925 2.30195
33 74 233.885 236.187 2.30196
3 65 234.963 237.265 2.30195
43 75 235.093 237.395 2.30195
38 68 235.243 237.545 2.30196
51 73 235.708 238.009 2.30195
40 75 236.36 238.662 2.30195
53 61 237.742 240.044 2.30195
28 63 237.912 240.214 2.30196
55 62 237.946 240.248 2.30195
49 67 238.998 241.3 2.30196
2 0 239.124 0 -239.124
12 65 239.639 241.941 2.30195
7 76 240.109 242.411 2.30196
39 68 240.478 242.78 2.30195
36 68 240.579 242.881 2.30195
0 0 240.994 0 -240.994
8 0 241.604 0 -241.604
16 76 243.224 245.526 2.30196
34 74 243.271 245.573 2.30195
44 69 244.023 246.325 2.30196
57 63 245 247.302 2.30195
32 74 245.09 247.392 2.30195
42 75 245.096 247.397 2.30196
56 74 245.177 247.479 2.30196
4 0 246.022 0 -246.022
17 0 246.245 0 -246.245
26 70 246.449 248.751 2.30195
30 62 247.14 249.442 2.30196
14 0 247.237 0 -247.237
55 62 1030.05 1030.15 0.0975378
29 77 1169.67 1169.77 0.0975414
31 77 954.953 955.051 0.0975381
29 62 1139.67 1139.77 0.0975397
1 65 1169.11 1169.21 0.0975362
54 66 1145.73 1145.83 0.0975383
57 63 977.107 977.205 0.0975369
28 62 1159.65 1159.75 0.102661
25 70 251.147 253.449 2.30195
10 76 251.517 253.819 2.30196
6 65 1164.04 1164.14 0.102658
24 70 965.365 965.463 0.0975402
23 70 1023.1 1023.27 0.174597
40 75 1058.47 1058.56 0.0975367
18 0 254.025 0 -254.025
31 77 252.846 255.148 2.30195
12 65 971.746 971.844 0.0975369
45 65 1161.6 1163.9 2.30196
27 77 1171.59 1171.69 0.0975418
24 70 1055.37 1055.47 0.10266
3 65 1374.43 1374.61 0.184833
38 68 1177.35 1177.52 0.174596
23 70 1173.1 1173.2 0.0975407
50 78 1040.28 1040.38 0.0975367
14 65 1158.81 1161.11 2.30195
23 70 965.511 965.686 0.174597
10 76 983.624 983.721 0.0975408
36 68 972.686 972.788 0.102658
24 70 1025.37 1025.47 0.10266
58 69 1160.71 1163.01 2.30195
48 67 1045.24 1045.34 0.0975394
50 78 980.28 980.377 0.0975367
34 74 471.164 473.466 2.30195
41 75 1053.53 1053.63 0.0975376
46 64 949.491 949.589 0.0975394
37 68 963.175 963.278 0.102657
46 64 979.491 979.594 0.102659
53 61 1149.85 1149.95 0.0975377
39 68 1162.21 1162.32 0.102657
11 65 1025.42 1025.59 0.174596
36 68 1122.69 1122.79 0.102658
42 75 977.202 977.305 0.10266
40 75 1028.47 1028.56 0.0975367
10 76 1163.62 1163.72 0.0975408
11 65 1145.42 1145.59 0.174596
55 62 970.053 970.151 0.0975378
23 70 1143.1 1143.2 0.0975407
41 75 1143.53 1143.63 0.0975376
32 74 472.983 475.285 2.30195
12 65 467.533 469.834 2.30195
22 79 475.402 477.704 2.30196
15 65 480.829 483.131 2.30195
19 0 485.761 0 -485.761
8 76 469.497 471.799 2.30196
44 69 471.916 474.218 2.30196
4 65 473.915 476.217 2.30195
56 74 473.071 475.373 2.30196
17 0 474.139 0 -474.139
31 77 480.74 483.042 2.30195
52 69 485.57 487.872 2.30195
7 65 468.002 470.304 2.30196
26 70 474.343 476.645 2.30195
9 0 476.126 0 -476.126
30 62 475.033 477.335 2.30196
21 70 480.564 482.866 2.30195
40 75 464.253 466.555 2.30195
16 65 471.117 473.419 2.30195
42 75 472.989 475.291 2.30196
50 78 476.066 478.368 2.30195
58 69 477.029 479.331 2.30195
6 0 480.361 0 -480.361
48 67 481.028 483.33 2.30196
1 65 484.894 487.196 2.30195
47 68 485.367 487.669 2.30196
51 73 463.601 465.903 2.30195
14 0 475.13 0 -475.13
10 61 479.41 481.712 2.30196
29 62 485.46 487.762 2.30196
5 76 481.095 483.397 2.30196
57 63 472.894 475.195 2.30195
46 64 475.278 477.58 2.30196
20 71 481.263 483.565 2.30196
59 60 482.401 484.703 2.30196
27 62 457.381 459.683 2.30195
23 70 458.885 461.187 2.30196
37 68 458.962 461.264 2.30195
41 75 459.316 461.618 2.30195
24 70 461.152 463.454 2.30196
11 64 461.207 463.509 2.30196
54 66 461.516 463.818 2.30195
33 74 461.778 464.08 2.30196
3 65 462.857 465.159 2.30195
43 75 462.986 465.288 2.30195
38 68 463.136 465.438 2.30196
55 62 465.84 468.142 2.30195
28 0 465.805 0 -465.805
53 61 465.635 467.937 2.30195
2 0 467.017 0 -467.017
49 67 466.891 469.193 2.30196
0 65 468.887 471.189 2.30195
39 68 468.371 470.673 2.30195
36 68 468.472 470.774 2.30195
25 70 479.041 481.343 2.30195
13 76 477.573 479.875 2.30195
45 69 477.922 480.224 2.30196
35 74 477.876 480.178 2.30196
52 69 941.357 943.659 2.30195
20 70 709.156 711.458 2.30196
19 65 713.654 715.956 2.30195
46 64 931.064 931.167 0.102659
10 76 1043.62 1043.72 0.0975408
5 0 708.988 0 -708.988
10 76 1133.62 1133.72 0.0975408
56 74 928.857 931.159 2.30196
47 68 713.26 715.562 2.30196
30 62 930.819 933.121 2.30196
27 62 685.274 687.576 2.30195
23 70 686.778 689.08 2.30196
37 68 686.855 689.157 2.30195
41 75 687.21 689.512 2.30195
24 79 689.045 691.347 2.30196
11 65 689.1 691.402 2.30196
54 66 689.409 691.711 2.30195
33 74 689.671 691.973 2.30196
3 76 690.75 693.052 2.30196
43 0 690.88 0 -690.88
38 0 691.029 0 -691.029
51 73 691.494 693.796 2.30195
40 75 692.146 694.448 2.30195
53 61 693.528 695.83 2.30195
28 63 693.698 696 2.30196
55 62 693.733 696.035 2.30195
49 67 694.785 697.087 2.30196
2 65 694.91 697.212 2.30195
12 65 695.426 697.728 2.30195
7 76 695.896 698.198 2.30196
39 68 696.264 698.566 2.30195
36 68 696.365 698.667 2.30195
0 76 696.78 699.082 2.30196
8 65 697.39 699.692 2.30195
16 76 699.011 701.313 2.30196
34 74 699.058 701.36 2.30195
44 69 699.81 702.112 2.30196
57 63 700.787 703.089 2.30195
32 74 700.876 703.178 2.30195
42 75 700.882 703.184 2.30196
56 75 700.964 703.266 2.30196
4 65 701.808 704.11 2.30195
17 65 702.032 704.334 2.30195
26 70 702.236 704.538 2.30195
30 62 702.926 705.228 2.30196
14 65 703.023 705.325 2.30195
46 68 703.171 705.473 2.30196
22 70 703.296 705.598 2.30196
50 78 703.96 706.262 2.30195
9 64 704.019 706.321 2.30196
58 69 704.923 707.225 2.30195
13 76 705.467 707.768 2.30195
35 73 705.769 708.071 2.30196
45 69 705.816 708.118 2.30196
25 79 706.934 709.236 2.30196
10 76 707.303 709.605 2.30196
6 65 708.254 710.556 2.30195
21 70 708.457 710.759 2.30195
31 77 708.633 710.935 2.30195
15 0 708.722 0 -708.722
48 67 708.921 711.223 2.30196
48 67 955.242 955.344 0.102659
1 65 712.787 715.089 2.30195
50 78 950.28 950.383 0.102657
36 68 1032.69 1032.79 0.102658
21 70 954.778 954.875 0.0975388
13 76 1041.79 1041.88 0.0975386
35 74 1132.09 1132.26 0.174598
47 64 1169.05 1171.35 2.30196
32 74 1037.2 1037.29 0.0975389
12 65 1151.75 1151.84 0.0975369
55 62 940.053 940.156 0.102658
10 76 953.624 953.721 0.0975408
25 70 1162.72 1165.02 2.30195
46 64 1039.49 1039.59 0.102659
33 74 1155.62 1155.72 0.10266
35 74 933.663 933.847 0.184838
50 78 931.853 931.956 0.102657
9 65 931.912 934.214 2.30196
14 65 930.917 933.218 2.30195
58 69 932.816 935.118 2.30195
21 70 936.35 936.453 0.102659
16 65 926.904 929.206 2.30195
11 65 949.535 949.72 0.184836
53 61 939.849 939.951 0.102658
19 76 941.547 943.849 2.30196
5 76 936.881 939.183 2.30196
47 68 941.153 943.455 2.30196
35 74 952.09 952.264 0.174598
49 67 941.105 941.208 0.10266
42 75 928.775 928.878 0.10266
6 64 936.148 938.45 2.30196
29 62 941.247 941.432 0.184836
24 70 935.365 935.468 0.10266
12 0 941.746 0 -941.746
40 75 938.466 938.564 0.0975367
32 74 928.77 928.872 0.102659
10 76 935.197 935.299 0.102661
1 65 940.681 940.783 0.102656
37 68 933.175 933.278 0.102657
27 62 931.594 931.697 0.102658
34 74 926.951 929.253 2.30195
45 0 933.709 0 -933.709
41 75 933.53 933.633 0.102658
27 62 913.167 913.352 0.184834
23 70 914.671 915 0.328709
37 68 914.748 914.851 0.102657
41 75 915.103 915.206 0.102658
24 70 916.938 917.041 0.10266
11 65 916.993 917.322 0.328708
54 66 917.303 917.405 0.102658
33 74 917.565 919.867 2.30196
3 65 918.643 920.945 2.30195
43 75 918.773 921.075 2.30195
38 68 918.923 921.225 2.30196
51 73 919.387 919.49 0.102657
40 75 920.039 920.142 0.102657
53 61 921.422 921.524 0.102658
28 63 921.591 923.893 2.30196
55 62 921.626 921.729 0.102658
49 67 922.678 922.781 0.10266
2 65 922.803 925.105 2.30195
12 65 923.319 923.422 0.102657
7 65 923.789 926.091 2.30196
39 68 924.158 926.46 2.30195
36 68 924.258 924.361 0.102658
0 65 924.673 926.975 2.30195
6 65 1174.2 1174.31 0.102658
59 61 1166.08 1168.38 2.30196
13 76 933.36 933.462 0.102659
8 65 925.283 927.585 2.30195
22 74 931.189 933.491 2.30196
25 70 934.827 937.129 2.30195
18 65 937.705 940.007 2.30195
31 77 936.526 936.629 0.102658
20 70 937.049 939.351 2.30196
54 66 935.73 935.832 0.102658
48 67 936.815 936.917 0.102659
15 65 936.615 938.917 2.30195
17 0 929.925 0 -929.925
26 70 930.129 932.431 2.30195
23 70 1053.1 1053.27 0.174597
27 62 1141.59 1141.69 0.0975375
57 63 1037.11 1037.2 0.0975369
4 0 929.702 0 -929.702
13 76 951.787 951.889 0.102659
44 69 927.703 930.005 2.30196
57 63 928.68 928.783 0.102657
23 70 947.213 947.398 0.184837
59 61 938.187 940.489 2.30196
41 75 1023.53 1023.63 0.0975376
48 67 985.242 985.344 0.102659
21 70 984.778 984.88 0.102659
11 65 1175.42 1175.59 0.174596
31 77 984.953 985.056 0.102658
53 61 999.849 999.951 0.102658
41 75 993.53 993.633 0.102658
29 62 989.674 989.772 0.0975397
53 61 1059.85 1059.95 0.0975377
56 75 1156.75 1156.85 0.102661
11 65 1055.42 1055.59 0.174596
51 73 1177.81 1177.91 0.0975371
15 65 1164.51 1164.61 0.102658
28 62 1180.02 1180.12 0.102661
1 65 989.108 989.205 0.0975362
55 62 1060.05 1060.15 0.0975378
35 74 1012.09 1012.26 0.174598
50 78 1160.28 1160.38 0.0975367
27 62 991.594 991.697 0.102658
24 70 995.365 995.463 0.0975402
42 75 1007.2 1007.3 0.10266
36 68 1002.69 1002.79 0.102658
37 68 993.175 993.278 0.102657
23 70 993.098 993.273 0.174597
48 67 1135.24 1135.34 0.0975394
12 65 1001.75 1001.84 0.0975369
11 65 995.42 995.595 0.174596
54 66 995.73 995.832 0.102658
49 67 1001.1 1001.21 0.10266
11 65 1085.42 1085.59 0.174596
49 67 1151.1 1151.21 0.10266
51 73 997.814 997.912 0.0975371
40 75 998.466 998.564 0.0975367
31 77 1014.95 1015.06 0.102658
57 63 1007.11 1007.2 0.0975369
32 74 1007.2 1007.29 0.0975389
46 64 1009.49 1009.59 0.0975394
50 78 1010.28 1010.38 0.0975367
10 76 1013.62 1013.72 0.0975408
32 74 1097.2 1097.29 0.0975389
13 76 1011.79 1011.89 0.102659
1 65 1049.11 1049.21 0.0975362
48 67 1015.24 1015.34 0.0975394
1 65 1019.11 1019.21 0.0975362
29 62 1019.67 1019.77 0.0975397
21 70 1014.78 1014.88 0.0975388
21 70 1134.78 1134.88 0.0975388
31 77 1074.95 1075.05 0.0975381
49 67 1061.1 1061.21 0.10266
36 68 1062.69 1062.79 0.102658
26 70 1168.19 1168.29 0.102658
12 65 1061.75 1061.84 0.0975369
42 75 1067.2 1067.3 0.0975402
50 78 1070.28 1070.38 0.0975367
55 62 1180.05 1180.15 0.0975378
37 68 1173.18 1173.27 0.0975372
35 74 1162.09 1162.26 0.174598
57 63 1067.11 1067.2 0.0975369
32 74 1067.2 1067.29 0.0975389
35 74 1072.09 1072.26 0.174598
46 64 1069.49 1069.59 0.0975394
48 67 1075.24 1075.34 0.0975394
21 70 1074.78 1074.88 0.102659
13 76 1071.79 1071.88 0.0975386
12 65 1091.75 1091.84 0.0975369
41 75 1083.53 1083.63 0.0975376
53 61 1089.85 1089.95 0.0975377
54 66 1085.73 1085.83 0.0975383
10 76 1073.62 1073.72 0.0975408
1 65 1079.11 1079.21 0.0975362
37 68 1083.18 1083.27 0.0975372
23 70 1083.1 1083.2 0.102661
1 65 1139.11 1139.21 0.0975362
57 63 1097.11 1097.2 0.0975369
29 62 1079.67 1079.77 0.0975397
41 75 1173.53 1173.63 0.0975376
49 67 1091.1 1091.2 0.0975396
51 73 1087.81 1087.91 0.0975371
21 70 1104.78 1104.88 0.102659
55 62 1090.05 1090.15 0.0975378
27 62 1081.59 1081.7 0.102658
31 77 1164.95 1165.05 0.0975381
12 65 1121.75 1121.84 0.0975369
48 67 1165.24 1165.34 0.0975394
40 75 1088.47 1088.56 0.0975367
50 78 1100.28 1100.38 0.0975367
36 68 1092.69 1092.79 0.102658
29 62 1109.67 1109.77 0.0975397
24 70 1085.37 1085.47 0.10266
35 74 1102.09 1102.26 0.174598
46 64 1099.49 1099.59 0.0975394
42 75 1097.2 1097.3 0.10266
31 77 1104.95 1105.05 0.0975381
0 65 1152.57 1154.87 2.30195
41 75 1113.53 1113.63 0.0975376
13 76 1101.79 1101.88 0.0975386
1 65 1109.11 1109.21 0.0975362
16 64 1154.8 1157.1 2.30196
23 70 1113.1 1113.2 0.0975407
30 62 1158.71 1158.82 0.102659
42 75 1127.2 1127.3 0.10266
3 65 1146.54 1148.84 2.30195
10 76 1103.62 1103.72 0.0975408
26 70 1158.02 1158.12 0.102658
48 67 1105.24 1105.34 0.0975394
33 74 1145.46 1145.56 0.10266
28 62 1149.48 1149.59 0.102661
40 75 1118.47 1118.56 0.0975367
34 73 1154.84 1157.15 2.30196
57 63 1127.11 1127.2 0.0975369
44 69 1155.6 1155.78 0.184836
7 76 1151.68 1153.98 2.30196
17 0 1157.82 0 -1157.82
53 61 1119.85 1119.95 0.0975377
37 68 1113.18 1113.27 0.0975372
27 62 1111.59 1111.69 0.0975375
50 78 1130.28 1130.38 0.0975367
4 0 1157.59 0 -1157.59
51 73 1117.81 1117.91 0.0975371
22 79 1159.08 1161.38 2.30196
38 68 1146.82 1147 0.184836
55 62 1150.05 1150.15 0.0975378
2 76 1150.7 1153 2.30196
46 64 1129.49 1129.59 0.0975394
49 67 1121.1 1121.21 0.10266
39 68 1152.05 1152.15 0.102657
43 75 1146.67 1148.97 2.30195
54 66 1115.73 1115.83 0.0975383
24 70 1115.37 1115.47 0.10266
11 65 1115.42 1115.59 0.174596
55 62 1120.05 1120.15 0.0975378
36 68 1152.69 1152.78 0.0975383
57 63 1157.11 1157.2 0.0975369
33 74 1175.99 1176.09 0.10266
12 65 1181.75 1181.84 0.0975369
32 74 1157.2 1157.29 0.0975389
2 76 1378.59 1380.89 2.30196
56 74 1166.91 1167.02 0.102661
39 68 1182.58 1182.69 0.102657
0 65 1380.46 1380.56 0.102658
36 0 1182.69 0 -1182.69
56 74 1187.28 1187.39 0.102661
58 69 1388.6 1388.71 0.102659
57 63 1187.11 1187.2 0.0975369
16 65 1382.69 1382.88 0.184835
32 74 1187.2 1187.29 0.0975389
42 75 1187.2 1187.3 0.0975402
45 64 1389.5 1391.8 2.30196
4 0 1385.49 0 -1385.49
44 69 1186.13 1186.3 0.174596
14 65 1386.7 1389 2.30195
7 65 1379.58 1379.68 0.102659
9 65 1387.7 1387.88 0.184836
8 65 1381.07 1383.37 2.30195
30 62 1189.25 1189.35 0.102659
17 65 1385.71 1388.01 2.30195
34 74 1382.74 1383.07 0.328707
50 78 1190.28 1190.38 0.0975367
22 79 1386.98 1387.16 0.184836
25 70 1390.61 1390.94 0.328706
26 70 1188.56 1188.65 0.0975379
21 70 1194.78 1194.88 0.0975388
46 64 1189.49 1189.59 0.0975394
35 74 1192.09 1192.26 0.174598
48 67 1195.24 1195.34 0.0975394
31 77 1194.95 1195.05 0.0975381
20 70 1197.48 1197.67 0.184836
5 76 1392.67 1392.77 0.102659
15 65 1195.04 1195.14 0.0975375
13 76 1191.79 1191.88 0.0975386
6 65 1194.57 1194.67 0.0975375
47 68 1396.94 1399.24 2.30196
52 69 1397.14 1397.25 0.102659
19 65 1397.33 1399.64 2.30195
29 62 1199.67 1199.77 0.0975397
10 76 1193.62 1193.72 0.0975408
18 65 1393.49 1393.68 0.184834
1 65 1199.11 1199.21 0.0975362
59 60 1393.97 1396.28 2.30196
