32 78 0.413027 2.71498 2.30196
14 73 1.39966 3.70161 2.30196
46 63 9.0535 11.3555 2.30195
3 73 3.61473 5.91669 2.30196
33 72 3.7414 6.04336 2.30195
59 64 920.546 920.649 0.102658
20 0 1.53772 0 -1.53772
1 78 963.185 963.37 0.184835
31 0 1373.35 0 -1373.35
37 72 1188.31 1188.41 0.0975379
56 67 1.75445 4.05641 2.30196
53 63 1091.51 1091.61 0.097541
54 67 2.2185 4.52046 2.30196
7 0 1148.44 0 -1148.44
54 67 992.219 992.321 0.102661
56 67 978.411 978.74 0.328708
4 0 1378.74 0 -1378.74
49 63 1166.57 1166.67 0.0975384
16 0 1142.94 0 -1142.94
0 0 1150.61 0 -1150.61
55 67 2.97196 5.27391 2.30195
16 78 3.4696 5.77156 2.30196
17 73 2.86661 5.16856 2.30196
24 72 1176.84 1176.94 0.0975371
56 67 1043.49 1043.82 0.328708
59 64 1148.97 1149.07 0.097538
54 67 913.791 913.894 0.102661
4 0 1150.85 0 -1150.85
44 72 4.30203 6.60399 2.30195
57 62 4.06975 6.3717 2.30196
59 64 968.973 969.076 0.102658
53 63 1151.51 1151.61 0.102661
12 73 1383.34 1385.65 2.30196
47 63 973.313 973.415 0.10266
40 0 6.31915 0 -6.31915
31 0 5.99288 0 -5.99288
37 72 1068.31 1068.41 0.0975379
51 63 6.88993 9.19189 2.30196
24 72 6.83887 9.14083 2.30195
34 0 7.26851 0 -7.26851
23 0 6.97743 0 -6.97743
43 0 8.74985 0 -8.74985
13 73 7.69454 9.9965 2.30196
45 63 8.05829 10.3602 2.30195
7 0 8.97496 0 -8.97496
6 0 8.09857 0 -8.09857
59 64 1028.97 1029.08 0.102658
59 64 8.97323 11.2752 2.30195
37 72 978.308 978.405 0.0975379
13 0 919.268 0 -919.268
46 63 920.626 920.729 0.102657
30 0 936.621 0 -936.621
1 78 930.643 930.972 0.328707
47 63 1093.31 1093.42 0.10266
22 72 9.18318 11.4851 2.30195
0 68 11.1463 13.4482 2.30196
36 68 10.7141 13.016 2.30196
45 63 1178.06 1178.16 0.102658
7 0 1376.33 0 -1376.33
21 0 12.0598 0 -12.0598
53 63 11.509 13.811 2.30196
15 72 12.3359 14.6379 2.30195
4 0 11.3839 0 -11.3839
23 78 1146.44 1148.75 2.30196
3 0 1143.08 0 -1143.08
3 0 915.188 0 -915.188
37 72 1098.31 1098.41 0.0975379
42 72 12.9191 15.221 2.30195
38 78 12.6559 14.9579 2.30195
40 0 917.892 0 -917.892
57 62 915.643 915.745 0.102661
25 72 1166.35 1166.45 0.0975387
2 66 12.9483 15.2503 2.30198
47 63 13.3127 15.6146 2.30196
41 0 12.4271 0 -12.4271
57 62 1084.07 1084.17 0.0975406
36 0 922.287 0 -922.287
2 0 1380.31 0 -1380.31
0 0 922.719 0 -922.719
47 63 1063.31 1063.42 0.10266
27 0 14.1605 0 -14.1605
9 68 14.9368 17.2387 2.30196
0 0 1378.51 0 -1378.51
8 73 15.5316 17.8335 2.30196
37 72 948.308 948.41 0.102658
12 0 15.9855 0 -15.9855
1 78 19.0704 21.3724 2.30196
11 0 15.6462 0 -15.6462
56 67 1076.04 1076.36 0.328708
55 77 914.545 916.847 2.30196
41 0 1379.79 0 -1379.79
59 64 1118.97 1119.07 0.097538
37 72 18.3075 20.6095 2.30195
25 72 16.7231 19.0251 2.30195
52 63 24.7748 27.0768 2.30196
50 63 21.1247 23.4267 2.30195
2 73 1152.41 1154.72 2.30196
31 0 917.566 0 -917.566
39 0 25.6091 0 -25.6091
30 0 25.0482 0 -25.0482
18 72 23.4706 25.7726 2.30196
48 63 23.7933 26.0953 2.30196
11 73 1383.01 1385.31 2.30196
56 67 1108.58 1108.91 0.328708
24 72 918.412 920.714 2.30195
43 0 920.323 0 -920.323
33 0 1371.1 0 -1371.1
57 62 964.07 964.172 0.102661
53 63 1061.51 1061.61 0.102661
29 72 25.9103 28.2122 2.30195
54 67 962.219 962.321 0.102661
33 0 915.314 0 -915.314
28 72 26.6857 28.9877 2.30195
49 63 26.5676 28.8695 2.30195
39 0 1392.97 0 -1392.97
19 0 28.7234 0 -28.7234
26 72 28.0793 30.3813 2.30195
10 0 28.3581 0 -28.3581
58 81 29.6279 31.9299 2.30196
5 0 27.6127 0 -27.6127
51 63 1176.89 1176.99 0.10266
34 0 1146.73 0 -1146.73
55 67 1142.44 1144.74 2.30195
53 63 1121.51 1121.61 0.097541
35 72 29.2601 31.562 2.30196
1 78 1099.07 1099.17 0.102659
6 0 919.672 0 -919.672
30 0 252.941 0 -252.941
59 64 1088.97 1089.07 0.097538
45 0 463.845 0 -463.845
13 0 463.481 0 -463.481
5 0 483.399 0 -483.399
51 63 918.463 920.765 2.30196
34 78 918.842 921.143 2.30196
37 72 1038.31 1038.41 0.0975379
20 0 913.111 0 -913.111
1 78 246.964 249.266 2.30196
39 72 253.502 255.804 2.30196
49 63 1076.57 1076.67 0.102658
53 62 467.296 469.597 2.30196
37 72 246.201 248.503 2.30195
16 0 1370.83 0 -1370.83
10 0 256.251 0 -256.251
35 0 257.153 0 -257.153
44 0 915.875 0 -915.875
29 0 253.804 0 -253.804
32 72 228.306 230.608 2.30195
14 72 229.293 231.595 2.30196
20 72 229.431 231.733 2.30195
56 67 229.648 231.95 2.30196
54 63 230.112 232.414 2.30196
17 0 230.76 0 -230.76
55 67 230.865 233.167 2.30195
16 0 231.363 0 -231.363
3 0 231.508 0 -231.508
33 72 231.635 233.937 2.30195
57 62 231.963 234.265 2.30196
44 72 232.195 234.497 2.30195
31 0 233.886 0 -233.886
40 78 234.212 236.514 2.30196
24 72 234.732 237.034 2.30195
51 63 234.783 237.085 2.30196
23 78 234.871 237.173 2.30196
34 0 235.162 0 -235.162
13 0 235.588 0 -235.588
45 77 235.952 238.253 2.30196
6 0 235.992 0 -235.992
43 0 236.643 0 -236.643
59 64 236.866 239.168 2.30195
7 0 236.868 0 -236.868
46 63 236.947 239.249 2.30195
22 72 237.076 239.378 2.30195
36 78 238.607 240.909 2.30196
0 0 239.04 0 -239.04
4 73 239.277 241.579 2.30196
53 63 239.402 241.704 2.30196
21 73 239.953 242.255 2.30196
15 72 240.229 242.531 2.30195
41 0 240.32 0 -240.32
38 78 240.549 242.851 2.30195
42 72 240.812 243.114 2.30195
2 0 240.842 0 -240.842
47 63 241.206 243.508 2.30196
27 0 242.054 0 -242.054
9 68 242.83 245.132 2.30196
8 0 243.425 0 -243.425
11 78 243.539 245.841 2.30195
12 73 243.879 246.181 2.30196
25 72 244.616 246.918 2.30195
1 78 981.483 981.658 0.174595
17 72 914.44 916.742 2.30196
22 0 920.756 0 -920.756
57 62 1144.07 1144.17 0.102661
57 62 1114.07 1114.17 0.0975406
49 63 986.568 986.67 0.102658
38 78 924.229 926.531 2.30195
53 63 971.509 971.684 0.174597
7 0 920.548 0 -920.548
49 63 1046.57 1046.67 0.102658
16 0 915.043 0 -915.043
50 63 249.018 251.32 2.30195
47 63 1033.31 1033.42 0.10266
42 72 924.492 926.794 2.30195
32 72 1367.77 1370.07 2.30195
14 73 912.973 915.275 2.30196
54 67 1172.22 1172.32 0.0975412
1 78 1069.07 1069.17 0.102659
46 63 969.054 969.151 0.0975375
54 67 1022.22 1022.32 0.0975412
53 63 1181.51 1181.61 0.102661
46 63 1149.05 1149.15 0.0975375
51 63 1146.36 1146.46 0.10266
1 78 1009.07 1009.17 0.102659
52 63 252.668 254.97 2.30196
48 63 251.687 253.989 2.30196
18 78 251.364 253.666 2.30196
43 0 1148.22 0 -1148.22
54 67 1082.22 1082.32 0.102661
59 64 1058.97 1059.08 0.102658
40 0 1145.79 0 -1145.79
17 0 1142.33 0 -1142.33
45 77 919.631 921.933 2.30196
58 81 1002.23 1002.85 0.616451
20 68 1368.9 1371.2 2.30196
19 78 256.617 258.919 2.30195
28 78 254.579 256.881 2.30196
49 63 254.461 256.763 2.30195
47 63 1153.31 1153.42 0.10266
36 0 1378.07 0 -1378.07
56 67 913.327 913.656 0.328708
43 0 1376.11 0 -1376.11
47 63 1003.31 1003.41 0.0975396
29 72 1393.27 1395.57 2.30195
26 72 255.973 258.275 2.30195
5 0 255.506 0 -255.506
13 0 1375.05 0 -1375.05
21 0 1151.53 0 -1151.53
2 0 924.521 0 -924.521
58 81 257.521 259.823 2.30196
4 0 922.957 0 -922.957
15 72 1379.7 1382 2.30195
32 68 911.986 914.288 2.30196
23 0 918.55 0 -918.55
9 68 926.51 928.812 2.30196
49 63 1106.57 1106.67 0.102658
45 63 1147.52 1147.63 0.102658
46 63 1119.05 1119.15 0.0975375
38 78 1380.02 1380.12 0.102658
24 72 1146.31 1146.41 0.102657
47 63 1123.31 1123.42 0.10266
57 62 994.07 994.172 0.102661
56 67 1173.66 1173.99 0.328708
53 63 923.082 923.267 0.184837
59 64 1178.97 1179.07 0.097538
59 64 464.76 467.062 2.30195
46 63 1029.05 1029.15 0.0975375
44 72 1143.77 1146.07 2.30195
8 72 1382.89 1383.22 0.328708
58 81 1124.29 1124.9 0.616451
1 78 474.857 477.159 2.30196
28 0 710.365 0 -710.365
22 72 464.97 467.272 2.30195
58 81 485.414 487.716 2.30196
53 63 1031.51 1031.68 0.174597
49 63 482.354 484.656 2.30195
52 63 480.561 482.863 2.30196
29 0 481.697 0 -481.697
23 0 462.764 0 -462.764
6 0 463.885 0 -463.885
10 0 484.145 0 -484.145
25 72 472.51 474.812 2.30195
26 72 483.866 486.168 2.30195
54 67 932.219 932.321 0.102661
19 78 940.296 942.598 2.30195
51 77 462.676 464.978 2.30196
34 0 463.055 0 -463.055
2 0 468.735 0 -468.735
12 78 471.772 474.074 2.30196
37 72 474.094 476.396 2.30195
50 63 476.911 479.213 2.30195
48 63 479.58 481.882 2.30196
24 72 462.625 464.927 2.30195
43 0 464.536 0 -464.536
42 72 468.706 471.008 2.30195
11 0 471.433 0 -471.433
8 0 471.318 0 -471.318
28 78 482.472 484.774 2.30196
18 78 479.257 481.559 2.30196
10 78 712.038 714.34 2.30196
40 72 462.106 464.408 2.30195
7 0 464.761 0 -464.761
0 78 466.933 469.235 2.30196
36 0 466.501 0 -466.501
15 72 468.122 470.424 2.30195
47 63 469.099 471.401 2.30196
19 0 484.51 0 -484.51
35 0 485.047 0 -485.047
46 63 464.84 467.142 2.30195
4 0 467.17 0 -467.17
9 0 470.723 0 -470.723
30 0 480.835 0 -480.835
39 0 481.396 0 -481.396
32 72 456.2 458.501 2.30195
14 0 457.186 0 -457.186
20 72 457.324 459.626 2.30195
56 67 457.541 459.843 2.30196
54 67 458.005 460.307 2.30196
17 0 458.653 0 -458.653
55 67 458.758 461.06 2.30195
16 0 459.256 0 -459.256
3 0 459.401 0 -459.401
33 72 459.528 461.83 2.30195
57 62 459.856 462.158 2.30196
44 72 460.089 462.39 2.30195
31 0 461.779 0 -461.779
21 0 467.846 0 -467.846
27 72 469.947 472.249 2.30196
38 78 468.442 470.744 2.30195
41 0 468.214 0 -468.214
39 0 709.289 0 -709.289
19 78 712.403 714.705 2.30195
22 0 1376.54 0 -1376.54
30 0 708.728 0 -708.728
29 72 709.59 711.892 2.30195
49 63 710.247 712.549 2.30195
58 81 941.201 941.817 0.616451
37 72 1158.31 1158.41 0.0975379
49 63 956.568 956.67 0.102658
28 0 938.259 0 -938.259
52 0 708.455 0 -708.455
5 0 939.186 0 -939.186
57 62 1174.07 1174.17 0.102661
3 73 1370.97 1373.28 2.30196
11 0 927.219 0 -927.219
47 63 924.886 925.07 0.184836
52 63 936.348 938.65 2.30196
15 0 923.909 0 -923.909
8 73 927.105 929.407 2.30196
47 63 943.313 943.487 0.174596
32 68 684.093 686.395 2.30196
14 73 685.079 687.381 2.30196
20 0 685.217 0 -685.217
56 67 685.434 687.736 2.30196
54 63 685.898 688.2 2.30196
17 0 686.546 0 -686.546
55 0 686.652 0 -686.652
16 72 687.149 689.451 2.30196
3 0 687.294 0 -687.294
33 72 687.421 689.723 2.30195
57 62 687.749 690.051 2.30196
44 72 687.982 690.284 2.30195
31 0 689.673 0 -689.673
40 0 689.999 0 -689.999
24 0 690.519 0 -690.519
51 77 690.57 692.872 2.30196
23 0 690.657 0 -690.657
34 0 690.948 0 -690.948
13 0 691.374 0 -691.374
45 63 691.738 694.04 2.30195
6 0 691.778 0 -691.778
43 0 692.43 0 -692.43
59 64 692.653 694.955 2.30195
7 0 692.655 0 -692.655
46 63 692.733 695.035 2.30195
22 0 692.863 0 -692.863
36 0 694.394 0 -694.394
0 0 694.826 0 -694.826
4 0 695.064 0 -695.064
53 62 695.189 697.491 2.30196
21 0 695.74 0 -695.74
15 0 696.016 0 -696.016
41 0 696.107 0 -696.107
38 78 696.336 698.638 2.30195
42 0 696.599 0 -696.599
2 0 696.628 0 -696.628
47 77 696.992 699.294 2.30196
27 0 697.84 0 -697.84
9 0 698.617 0 -698.617
8 73 699.211 701.513 2.30196
11 0 699.326 0 -699.326
12 80 699.665 701.967 2.30198
25 0 700.403 0 -700.403
37 72 701.987 704.289 2.30195
1 78 702.75 705.052 2.30196
50 63 704.804 707.106 2.30195
18 78 707.15 709.452 2.30196
48 0 707.473 0 -707.473
57 62 1054.07 1054.17 0.102661
46 63 1059.05 1059.15 0.0975375
52 63 1225.27 1225.89 0.616453
13 0 1147.16 0 -1147.16
6 72 1375.46 1377.76 2.30195
23 0 1374.34 0 -1374.34
41 0 1151.89 0 -1151.89
42 72 1182.92 1183.02 0.0975369
1 78 1189.07 1189.17 0.102659
25 72 1186.72 1186.82 0.0975387
58 81 1063.26 1063.87 0.616451
47 63 1183.31 1183.41 0.0975396
14 0 1368.76 0 -1368.76
33 72 1143.21 1145.51 2.30195
31 78 1145.46 1147.76 2.30196
46 63 999.054 999.151 0.0975375
58 81 1185.31 1185.64 0.328707
54 67 1052.22 1052.32 0.0975412
57 62 1024.07 1024.17 0.102661
27 0 1381.52 0 -1381.52
35 78 940.833 943.135 2.30196
5 0 711.292 0 -711.292
26 72 711.759 714.061 2.30195
10 72 939.931 942.233 2.30196
58 81 713.308 715.61 2.30196
41 72 924 926.302 2.30196
48 63 935.366 937.668 2.30196
35 0 712.94 0 -712.94
49 63 938.141 938.325 0.184834
21 0 923.633 0 -923.633
53 63 941.509 941.684 0.174597
26 72 939.652 941.954 2.30195
29 0 937.483 0 -937.483
27 0 925.733 0 -925.733
12 0 927.558 0 -927.558
56 67 945.869 946.198 0.328708
50 77 932.698 935 2.30196
18 78 935.044 937.346 2.30196
39 66 937.182 939.484 2.30198
1 78 1159.07 1159.17 0.102659
55 67 1370.33 1370.43 0.102658
25 73 928.296 930.598 2.30196
37 72 1008.31 1008.41 0.102658
1 78 1039.07 1039.17 0.0975394
37 78 929.881 929.983 0.102664
46 63 1089.05 1089.15 0.0975375
49 63 1016.57 1016.67 0.102658
53 63 1001.51 1001.68 0.174597
6 0 1147.56 0 -1147.56
30 0 1392.41 0 -1392.41
56 67 1010.95 1011.28 0.328708
17 78 1370.23 1372.53 2.30196
59 64 998.973 999.076 0.102658
45 63 1157.69 1157.79 0.102658
42 72 1152.39 1152.49 0.102657
14 73 1140.87 1143.17 2.30196
20 0 1141 0 -1141
56 67 1141.12 1141.45 0.328708
54 67 1112.22 1112.32 0.102661
15 72 1151.8 1154.1 2.30195
32 68 1139.88 1142.18 2.30196
38 78 1152.12 1154.42 2.30195
27 0 1153.63 0 -1153.63
22 0 1148.65 0 -1148.65
36 78 1150.18 1152.48 2.30196
57 62 934.07 934.172 0.102661
46 0 939.054 0 -939.054
59 64 938.973 939.076 0.102658
9 72 1382.3 1382.4 0.10266
40 72 1373.68 1375.98 2.30195
18 78 1162.94 1165.24 2.30196
11 0 1155.11 0 -1155.11
5 78 1167.08 1169.38 2.30196
9 72 1154.4 1156.7 2.30196
29 0 1165.38 0 -1165.38
8 72 1155 1157.3 2.30196
1 78 1129.07 1129.17 0.102659
50 63 1160.59 1162.89 2.30195
48 63 1163.26 1163.59 0.328708
49 63 1136.57 1136.67 0.102658
54 67 1142.22 1142.32 0.0975412
28 0 1166.15 0 -1166.15
26 72 1167.55 1167.65 0.102657
10 0 1167.82 0 -1167.82
35 72 1168.73 1171.03 2.30196
19 78 1168.19 1170.49 2.30195
39 72 1165.08 1167.38 2.30196
30 0 1164.51 0 -1164.51
52 77 1164.24 1164.86 0.616455
25 72 1156.19 1156.29 0.102659
37 72 1128.31 1128.41 0.0975379
12 0 1155.45 0 -1155.45
34 78 1374.63 1376.93 2.30196
46 63 1179.05 1179.15 0.0975375
48 63 1195.8 1196.13 0.328708
44 0 1371.66 0 -1371.66
18 72 1390.83 1393.13 2.30196
51 63 1156.52 1156.62 0.10266
50 63 1388.48 1389.1 0.616449
21 72 1379.42 1381.72 2.30196
28 0 1394.05 0 -1394.05
49 63 1196.57 1196.67 0.0975384
19 78 1396.08 1396.19 0.102659
10 78 1395.72 1398.02 2.30196
58 81 1217.86 1218.18 0.328707
5 0 1394.97 0 -1394.97
35 72 1396.62 1398.92 2.30196
26 72 1198.08 1198.18 0.0975369
