36 69 0.242683 2.54464 2.30196
0 61 0.591404 2.89336 2.30195
46 67 9.50326 11.8052 2.30196
54 64 940.763 943.064 2.30195
2 0 931.218 0 -931.218
8 61 11.7288 14.0308 2.30196
45 70 1.10035 3.4023 2.30196
41 67 1094.42 1094.53 0.102661
43 73 1156.26 1156.36 0.0975395
37 69 1190.17 1190.27 0.102659
32 63 1.5332 3.83515 2.30195
40 67 1.69754 3.9995 2.30196
58 65 1201.11 1201.29 0.184837
54 64 1168.66 1168.98 0.328705
56 60 1.81531 4.11727 2.30196
49 70 1.83131 4.13327 2.30196
6 69 992.733 992.835 0.10266
6 62 2.73284 5.0348 2.30196
40 73 1141.7 1141.8 0.0975414
1 0 7.58342 0 -7.58342
20 0 7.24052 0 -7.24052
50 66 7.04072 9.34268 2.30196
3 69 5.31591 7.61786 2.30196
43 73 1006.26 1006.36 0.0975395
40 73 1081.7 1081.8 0.0975414
53 67 8.48389 10.7859 2.30197
27 63 8.42276 10.7247 2.30196
48 70 1185.79 1185.89 0.0975399
19 63 9.77013 12.0721 2.30195
7 62 9.63981 11.9418 2.30196
15 61 8.751 11.053 2.30195
44 70 11.4703 13.7722 2.30195
55 60 12.1974 14.4993 2.30196
18 61 11.3329 13.6348 2.30195
34 0 11.4633 0 -11.4633
16 0 1388.16 0 -1388.16
46 67 1116.33 1116.66 0.32871
47 67 986.939 987.042 0.102659
29 63 1014.1 1014.2 0.102662
39 69 1385.02 1387.32 2.30196
26 0 12.0507 0 -12.0507
4 61 1381.34 1381.45 0.102659
14 61 13.1291 15.431 2.30196
12 61 1387.85 1390.16 2.30196
21 0 13.5283 0 -13.5283
48 70 975.793 975.896 0.10266
24 0 14.7167 0 -14.7167
52 71 13.985 16.287 2.30195
4 61 13.983 16.2849 2.30196
0 61 990.591 990.694 0.102658
44 70 1161.1 1161.2 0.102659
10 0 1387.84 0 -1387.84
22 0 14.6078 0 -14.6078
35 69 14.6031 16.905 2.30195
41 67 14.4246 16.7265 2.30196
42 73 1193.62 1193.8 0.174596
43 73 1186.26 1186.36 0.0975395
50 66 1087.04 1087.22 0.174597
15 61 1088.75 1088.85 0.0975376
13 61 985.807 985.904 0.0975374
13 61 1135.81 1135.9 0.0975374
43 73 16.2583 18.5602 2.30196
38 68 17.0092 19.3111 2.30196
48 70 15.7933 18.0953 2.30196
6 62 1142.73 1142.83 0.0975398
57 65 17.0829 19.3849 2.30196
21 0 1380.89 0 -1380.89
17 62 17.7124 20.0143 2.30196
31 63 17.6343 19.9363 2.30196
39 62 17.658 19.96 2.30196
59 60 19.2384 21.5403 2.30196
42 73 1018.58 1018.75 0.174596
29 63 1104.1 1104.2 0.0975417
30 63 1161.47 1163.77 2.30196
2 0 1387 0 -1387
55 60 1152.2 1152.29 0.0975393
29 62 707.781 710.083 2.30196
51 65 710.038 712.34 2.30195
24 0 1382.08 0 -1382.08
2 0 19.645 0 -19.645
10 0 20.4756 0 -20.4756
12 0 20.495 0 -20.495
37 69 20.168 22.47 2.30196
13 61 1195.81 1195.9 0.0975374
16 61 20.7989 23.1009 2.30196
59 60 1189.24 1189.34 0.102662
32 63 1081.53 1081.63 0.0975389
15 61 998.751 998.849 0.0975376
9 61 21.0491 23.3511 2.30195
28 0 21.1266 0 -21.1266
11 0 21.2213 0 -21.2213
45 70 1081.1 1081.2 0.0975399
46 67 1018.7 1019.03 0.32871
13 61 1015.81 1015.9 0.0975374
30 0 22.0055 0 -22.0055
29 63 24.101 26.403 2.30196
42 73 23.6215 25.9234 2.30196
23 63 23.2285 25.5305 2.30196
47 67 1076.94 1077.04 0.0975391
57 65 1007.08 1007.18 0.0975394
13 61 25.8069 28.1089 2.30195
36 69 1080.24 1080.34 0.0975393
51 65 26.3579 28.6598 2.30195
56 60 991.815 991.913 0.0975399
45 70 1141.1 1141.2 0.0975399
5 62 26.4743 28.7762 2.30196
25 63 28.29 30.592 2.30196
47 67 26.9389 29.2409 2.30196
54 64 29.1895 31.4915 2.30195
58 65 29.0998 31.4018 2.30196
2 0 247.538 0 -247.538
5 61 710.154 712.456 2.30196
56 60 1081.82 1081.92 0.10266
33 63 29.6181 31.9201 2.30195
42 73 1163.62 1163.8 0.174596
29 63 1134.1 1134.2 0.0975417
59 60 247.132 249.434 2.30196
37 69 248.061 250.363 2.30196
54 64 257.083 259.385 2.30195
9 0 248.942 0 -248.942
5 62 254.368 256.669 2.30196
11 0 249.115 0 -249.115
25 63 256.183 258.485 2.30196
36 69 990.243 990.34 0.0975393
10 61 248.369 250.671 2.30195
33 63 257.511 259.813 2.30195
48 70 1095.79 1095.89 0.0975399
24 63 470.503 472.805 2.30196
29 63 984.101 984.204 0.102662
51 65 1196.36 1196.46 0.0975388
29 62 251.994 254.296 2.30196
51 65 254.251 256.553 2.30195
52 71 469.772 472.073 2.30195
16 0 248.692 0 -248.692
45 70 991.1 991.275 0.174596
30 63 1389.37 1391.67 2.30196
12 0 248.388 0 -248.388
28 63 249.02 251.322 2.30196
30 63 249.899 252.201 2.30196
13 61 253.7 256.002 2.30195
51 65 1016.36 1016.46 0.102659
36 69 228.136 230.438 2.30196
0 61 228.485 230.787 2.30195
45 70 228.994 231.296 2.30196
32 63 229.426 231.728 2.30195
40 73 229.591 231.893 2.30196
56 60 229.709 232.011 2.30196
49 70 229.725 232.027 2.30196
6 62 230.626 232.928 2.30196
3 69 233.209 235.511 2.30196
50 66 234.934 237.236 2.30196
20 63 235.134 237.436 2.30196
1 61 235.477 237.779 2.30196
27 0 236.316 0 -236.316
53 63 236.377 238.679 2.30196
15 61 236.644 238.946 2.30195
46 67 237.397 239.698 2.30196
7 62 237.533 239.835 2.30196
19 63 237.663 239.965 2.30195
18 0 239.226 0 -239.226
34 0 239.357 0 -239.357
44 70 239.364 241.665 2.30195
8 0 239.622 0 -239.622
26 0 239.944 0 -239.944
55 60 240.091 242.393 2.30196
14 62 241.022 243.324 2.30196
21 63 241.422 243.723 2.30195
4 61 241.876 244.178 2.30196
52 71 241.878 244.18 2.30195
41 67 242.318 244.62 2.30196
35 69 242.496 244.798 2.30195
22 63 242.501 244.803 2.30195
24 63 242.61 244.912 2.30196
48 70 243.687 245.989 2.30196
43 73 244.152 246.453 2.30196
38 69 244.902 247.204 2.30196
57 65 244.976 247.278 2.30196
31 63 245.528 247.83 2.30196
39 69 245.551 247.853 2.30196
17 62 245.606 247.908 2.30196
58 65 1168.57 1168.89 0.328709
32 63 991.533 991.631 0.0975389
50 66 997.041 997.215 0.174597
55 60 1092.2 1092.3 0.102659
23 63 1193.23 1193.33 0.10266
48 70 1155.79 1155.89 0.0975399
59 60 1099.24 1099.34 0.102662
22 0 1381.97 0 -1381.97
13 61 1105.81 1105.9 0.0975374
47 67 254.832 257.134 2.30196
42 73 251.515 253.817 2.30196
58 65 256.993 259.295 2.30196
23 63 251.122 253.424 2.30196
47 67 1196.94 1197.04 0.0975391
41 67 1004.42 1004.53 0.102661
6 62 1082.73 1082.83 0.0975398
57 65 977.083 977.186 0.102659
57 65 947.083 947.186 0.102659
47 67 1136.94 1137.04 0.0975391
13 61 709.487 711.789 2.30195
19 63 999.77 999.868 0.0975385
52 71 1003.99 1004.09 0.102658
57 65 1097.08 1097.18 0.0975394
42 73 1000.28 1000.46 0.184836
14 61 1183.13 1183.23 0.0975396
30 68 933.579 935.88 2.30198
31 63 1167.26 1167.37 0.10266
14 61 468.916 471.218 2.30196
25 63 1200.2 1201.51 1.31482
14 61 1162.76 1162.86 0.10266
33 63 1079.62 1079.72 0.102659
55 60 1002.2 1002.3 0.102659
29 63 1194.1 1194.2 0.0975417
11 0 1388.58 0 -1388.58
23 63 1162.69 1162.88 0.184836
51 65 1136.36 1136.46 0.102659
5 61 1165.94 1166.13 0.184835
52 71 1183.99 1184.08 0.0975378
5 61 1196.47 1196.65 0.174595
33 63 989.618 989.721 0.102659
32 63 1141.53 1141.63 0.0975389
55 60 467.984 470.286 2.30196
1 61 463.37 465.672 2.30196
12 0 476.281 0 -476.281
37 69 475.955 478.256 2.30196
15 61 464.538 466.839 2.30195
53 0 464.27 0 -464.27
5 61 482.261 484.563 2.30196
16 0 476.585 0 -476.585
9 61 476.836 479.138 2.30195
13 61 481.593 483.895 2.30195
19 63 465.557 467.859 2.30195
22 0 470.394 0 -470.394
17 0 473.499 0 -473.499
51 65 482.144 484.446 2.30195
23 63 479.015 481.317 2.30196
25 63 484.077 486.378 2.30196
29 63 479.887 482.189 2.30196
33 63 485.405 487.707 2.30195
47 67 710.619 712.921 2.30196
20 0 463.027 0 -463.027
27 0 464.209 0 -464.209
48 70 471.58 473.882 2.30196
42 73 479.408 481.71 2.30196
47 67 482.725 485.027 2.30196
58 65 484.886 487.188 2.30196
50 66 462.827 465.129 2.30196
18 0 467.119 0 -467.119
43 73 472.045 474.347 2.30196
49 70 1159.6 1159.7 0.102661
39 69 473.444 475.746 2.30196
11 0 477.008 0 -477.008
28 63 476.913 479.215 2.30196
8 0 467.515 0 -467.515
7 62 465.426 467.728 2.30196
35 69 470.39 472.692 2.30195
41 67 470.211 472.513 2.30196
31 63 473.421 475.723 2.30196
59 60 475.025 477.327 2.30196
2 61 475.432 477.733 2.30196
10 0 476.262 0 -476.262
30 0 477.792 0 -477.792
54 64 484.976 487.278 2.30195
36 69 456.029 458.331 2.30196
0 61 456.378 458.68 2.30195
45 74 456.887 459.189 2.30196
32 63 457.32 459.622 2.30195
40 73 457.484 459.786 2.30196
56 60 457.602 459.904 2.30196
49 0 457.618 0 -457.618
6 62 458.519 460.821 2.30196
3 69 461.102 463.404 2.30196
44 70 467.257 469.559 2.30195
46 67 465.29 467.592 2.30196
34 0 467.25 0 -467.25
38 69 472.796 475.098 2.30196
26 63 467.837 470.139 2.30196
4 61 469.769 472.071 2.30196
21 0 469.315 0 -469.315
57 65 472.869 475.171 2.30196
58 65 940.673 942.975 2.30196
43 73 976.258 976.361 0.10266
36 69 683.922 686.224 2.30196
0 61 684.271 686.573 2.30195
45 70 684.78 687.082 2.30196
32 63 685.213 687.515 2.30195
40 67 685.377 687.679 2.30196
56 60 685.495 687.797 2.30196
49 70 685.511 687.813 2.30196
6 62 686.413 688.715 2.30196
3 69 688.996 691.298 2.30196
50 66 690.72 693.022 2.30196
20 63 690.92 693.222 2.30196
1 0 691.263 0 -691.263
27 63 692.103 694.404 2.30196
53 0 692.164 0 -692.164
15 61 692.431 694.733 2.30195
46 67 693.183 695.485 2.30196
7 62 693.32 695.622 2.30196
19 63 693.45 695.752 2.30195
18 0 695.013 0 -695.013
34 0 695.143 0 -695.143
44 70 695.15 697.452 2.30195
8 66 695.409 697.711 2.30198
26 0 695.73 0 -695.73
55 60 695.877 698.179 2.30196
14 0 696.809 0 -696.809
21 0 697.208 0 -697.208
4 69 697.663 699.965 2.30196
52 71 697.665 699.967 2.30195
41 67 698.104 700.406 2.30196
35 69 698.283 700.585 2.30195
22 0 698.288 0 -698.288
24 0 698.396 0 -698.396
48 70 699.473 701.775 2.30196
43 73 699.938 702.24 2.30196
38 68 700.689 702.991 2.30196
57 64 700.763 703.065 2.30196
31 63 701.314 703.616 2.30196
39 62 701.338 703.64 2.30196
17 62 701.392 703.694 2.30196
59 60 702.918 705.22 2.30196
2 0 703.325 0 -703.325
37 69 703.848 706.15 2.30196
10 61 704.155 706.457 2.30195
12 61 704.175 706.477 2.30196
16 0 704.479 0 -704.479
9 0 704.729 0 -704.729
28 0 704.806 0 -704.806
11 0 704.901 0 -704.901
30 0 705.685 0 -705.685
23 0 706.908 0 -706.908
42 73 707.301 709.603 2.30196
59 60 930.811 930.914 0.102662
31 63 1187.63 1187.73 0.0975403
33 63 1139.62 1139.72 0.102659
48 70 1005.79 1005.9 0.10266
47 67 1016.94 1017.04 0.0975391
40 73 991.698 991.8 0.102661
51 65 1106.36 1106.46 0.102659
51 65 986.358 986.461 0.102659
59 60 979.238 979.341 0.102662
19 63 1089.77 1089.87 0.0975385
57 65 1157.08 1157.18 0.0975394
13 61 937.38 937.483 0.102657
23 63 1180.99 1181.1 0.10266
25 63 711.97 714.272 2.30196
0 61 1080.59 1080.69 0.0975376
42 73 1133.62 1133.8 0.174596
54 64 712.869 715.171 2.30195
33 63 713.298 715.6 2.30195
33 63 941.191 941.376 0.184835
58 64 712.78 715.082 2.30196
42 73 935.194 935.523 0.328708
47 67 938.512 938.615 0.102659
29 63 935.674 935.777 0.102662
37 69 1169.8 1169.89 0.0975393
40 73 931.698 931.8 0.102661
9 0 932.622 0 -932.622
11 0 932.794 0 -932.794
36 74 930.243 930.345 0.102659
5 61 938.047 940.349 2.30196
19 63 939.77 939.873 0.102659
45 70 931.1 931.275 0.174596
46 67 953.618 953.947 0.32871
41 67 944.425 944.527 0.102661
22 0 926.181 0 -926.181
57 65 928.656 928.759 0.102659
28 0 932.7 0 -932.7
41 67 974.425 974.527 0.102661
0 61 930.591 930.694 0.102658
32 63 931.533 931.636 0.102659
41 67 925.998 926.1 0.102661
24 0 926.29 0 -926.29
25 63 939.863 941.178 1.31482
15 61 938.751 938.854 0.102658
6 0 932.733 0 -932.733
51 65 937.931 938.116 0.184835
56 60 931.815 931.918 0.10266
36 69 911.816 912.001 0.184835
0 61 912.164 912.267 0.102658
45 70 912.673 912.858 0.184836
32 63 913.106 913.209 0.102659
40 73 913.271 913.373 0.102661
56 60 913.388 913.491 0.10266
49 70 913.404 915.706 2.30196
6 62 914.306 914.408 0.10266
3 69 916.889 919.191 2.30196
50 66 918.614 918.942 0.328709
20 63 918.814 921.115 2.30196
1 60 919.156 921.458 2.30196
27 0 919.996 0 -919.996
53 0 920.057 0 -920.057
15 61 920.324 920.427 0.102658
46 67 921.076 921.405 0.32871
7 0 921.213 0 -921.213
19 63 921.343 921.446 0.102659
18 61 922.906 925.208 2.30195
34 0 923.036 0 -923.036
44 70 923.043 925.345 2.30195
8 61 923.302 925.604 2.30196
55 60 923.77 923.873 0.102659
26 63 923.624 925.926 2.30196
38 68 928.582 930.884 2.30196
31 63 929.207 931.509 2.30196
39 0 929.231 0 -929.231
14 62 924.702 927.004 2.30196
48 70 927.366 927.469 0.10266
21 63 925.101 927.403 2.30195
43 73 927.831 927.934 0.10266
48 70 945.793 945.896 0.10266
35 69 926.176 928.478 2.30195
17 0 929.285 0 -929.285
52 71 925.558 925.661 0.102658
55 68 942.197 942.295 0.0975421
4 61 925.556 927.858 2.30196
43 73 946.258 946.361 0.10266
23 63 934.802 937.103 2.30196
28 63 1388.49 1390.79 2.30196
50 66 951.155 951.34 0.184837
37 69 931.741 934.043 2.30196
16 0 932.372 0 -932.372
10 0 932.049 0 -932.049
12 0 932.068 0 -932.068
52 68 943.985 944.088 0.102662
59 60 949.238 949.341 0.102662
29 63 954.101 954.199 0.0975417
36 69 960.243 960.34 0.0975393
47 67 956.939 957.042 0.102659
33 63 959.618 959.721 0.102659
42 73 967.736 968.065 0.328708
51 65 956.358 956.461 0.102659
13 61 955.807 955.91 0.102657
0 61 960.591 960.694 0.102658
19 63 969.77 969.868 0.0975385
45 70 961.1 961.275 0.174596
40 73 961.698 961.8 0.102661
46 67 986.16 986.488 0.32871
15 61 968.751 968.849 0.0975376
19 63 1149.77 1149.87 0.0975385
52 71 973.985 974.083 0.0975378
6 62 962.733 962.83 0.0975398
50 66 969.454 969.628 0.174597
56 60 961.815 961.918 0.10266
48 70 1065.79 1065.89 0.0975399
55 60 972.197 972.3 0.102659
32 63 961.533 961.631 0.0975389
52 71 1093.99 1094.08 0.0975378
33 63 1019.62 1019.72 0.102659
59 60 1009.24 1009.34 0.0975418
42 73 1073.62 1073.8 0.174596
59 60 1159.24 1159.34 0.0975418
9 0 1160.52 0 -1160.52
38 69 1187.01 1187.18 0.174595
42 73 1103.62 1103.8 0.174596
52 71 1033.99 1034.08 0.0975378
45 70 1021.1 1021.2 0.10266
0 61 1020.59 1020.69 0.102658
46 67 1051.24 1051.57 0.32871
19 63 1029.77 1029.87 0.0975385
55 60 1032.2 1032.3 0.102659
36 69 1020.24 1020.34 0.0975393
50 66 1027.04 1027.22 0.174597
28 63 1160.59 1162.89 2.30196
35 69 1184.6 1184.7 0.0975388
52 71 1153.99 1154.08 0.0975378
15 61 1058.75 1058.85 0.0975376
48 70 1035.79 1035.89 0.0975399
15 61 1028.75 1028.85 0.0975376
6 69 1022.73 1022.83 0.0975401
48 70 1125.79 1125.89 0.0975399
56 60 1021.82 1021.91 0.0975399
29 63 1044.1 1044.2 0.102662
43 73 1066.26 1066.36 0.0975395
32 63 1021.53 1021.63 0.0975389
57 65 1037.08 1037.19 0.102659
40 73 1021.7 1021.8 0.0975414
41 67 1034.42 1034.52 0.0975409
43 73 1096.26 1096.36 0.0975395
42 73 1043.62 1043.8 0.174596
51 65 1166.36 1166.46 0.0975388
43 73 1036.26 1036.36 0.0975395
59 60 1039.24 1039.34 0.102662
47 67 1046.94 1047.04 0.0975391
36 69 1050.24 1050.34 0.0975393
51 65 1046.36 1046.46 0.102659
13 61 1045.81 1045.9 0.0975374
40 73 1051.7 1051.8 0.0975414
25 63 1070.03 1071.34 1.31482
33 63 1049.62 1049.72 0.102659
0 61 1050.59 1050.69 0.0975376
56 60 1051.82 1051.92 0.10266
55 60 1062.2 1062.3 0.102659
45 70 1051.1 1051.2 0.0975399
19 63 1059.77 1059.87 0.0975385
50 66 1057.04 1057.22 0.174597
29 63 1074.1 1074.2 0.0975417
29 63 1164.1 1164.2 0.0975417
46 67 1083.78 1084.11 0.32871
59 60 1069.24 1069.34 0.102662
52 71 1063.99 1064.08 0.0975378
41 67 1064.42 1064.53 0.102661
6 62 1052.73 1052.83 0.0975398
57 65 1067.08 1067.19 0.102659
13 61 1075.81 1075.9 0.0975374
32 63 1051.53 1051.63 0.0975389
15 61 1148.75 1148.85 0.0975376
51 65 1076.36 1076.46 0.102659
49 70 1141.3 1141.48 0.184837
47 67 1106.94 1107.04 0.0975391
0 61 1110.59 1110.69 0.0975376
39 69 1157.12 1159.43 2.30196
20 63 1146.71 1149.01 2.30196
36 69 1110.24 1110.34 0.0975393
33 63 1109.62 1109.72 0.102659
6 62 1112.73 1112.83 0.0975398
9 61 1388.41 1390.71 2.30195
56 60 1141.82 1141.91 0.0975399
18 69 1150.8 1153.1 2.30196
24 0 1154.18 0 -1154.18
40 73 1111.7 1111.8 0.0975414
31 63 1157.1 1157.2 0.10266
15 61 1118.75 1118.85 0.0975376
38 69 1156.48 1156.66 0.184835
56 60 1111.82 1111.92 0.10266
50 66 1147.04 1147.22 0.174597
36 69 1140.24 1140.34 0.0975393
11 0 1160.69 0 -1160.69
57 65 1187.08 1187.18 0.0975394
12 0 1159.96 0 -1159.96
8 69 1151.2 1153.5 2.30196
10 61 1159.94 1162.24 2.30195
41 67 1154.42 1154.53 0.102661
45 70 1111.1 1111.2 0.0975399
1 61 1147.05 1149.35 2.30196
50 66 1117.04 1117.22 0.174597
44 70 1150.94 1151.04 0.102659
4 69 1153.45 1155.75 2.30196
34 0 1150.93 0 -1150.93
17 0 1157.18 0 -1157.18
46 67 1148.87 1149.2 0.32871
55 60 1122.2 1122.29 0.0975393
52 71 1123.99 1124.08 0.0975378
3 69 1144.78 1145.4 0.616452
26 63 1151.52 1153.82 2.30196
22 63 1154.07 1156.38 2.30195
27 62 1147.89 1150.19 2.30196
43 73 1126.26 1126.36 0.0975395
14 61 1152.6 1152.7 0.10266
35 69 1154.07 1154.17 0.102659
16 0 1160.27 0 -1160.27
41 67 1124.42 1124.53 0.102661
57 65 1127.08 1127.18 0.0975394
37 69 1159.63 1159.74 0.102659
19 63 1119.77 1119.87 0.0975385
21 63 1152.99 1155.3 2.30195
2 61 1159.11 1161.41 2.30196
32 63 1111.53 1111.63 0.0975389
53 70 1147.95 1150.25 2.30196
7 62 1149.11 1151.41 2.30196
59 60 1129.24 1129.34 0.0975418
54 64 1201.2 1201.38 0.184833
33 63 1199.62 1199.72 0.097539
0 61 1140.59 1140.69 0.0975376
34 0 1378.82 0 -1378.82
36 69 1170.24 1170.34 0.0975393
56 60 1171.82 1171.91 0.0975399
33 63 1169.62 1169.72 0.097539
0 61 1170.59 1170.69 0.0975376
46 67 1181.41 1181.74 0.32871
27 62 1375.78 1378.08 2.30196
15 61 1178.75 1178.85 0.0975376
47 67 1166.94 1167.04 0.0975391
13 61 1165.81 1165.9 0.0975374
55 60 1182.2 1182.3 0.102659
45 70 1171.1 1171.2 0.0975399
17 0 1385.07 0 -1385.07
41 67 1184.42 1184.52 0.0975409
49 70 1171.83 1171.93 0.0975408
8 69 1379.09 1379.42 0.328709
7 0 1377 0 -1377
19 63 1179.77 1179.87 0.0975385
18 69 1378.69 1380.99 2.30196
44 70 1181.47 1181.57 0.102659
3 69 1205.81 1206.14 0.328708
6 62 1172.73 1172.83 0.0975398
20 63 1374.6 1374.78 0.184835
1 61 1374.94 1377.24 2.30196
50 66 1177.04 1177.22 0.174597
40 73 1171.7 1171.8 0.0975414
26 63 1379.41 1381.71 2.30196
32 63 1171.53 1171.63 0.0975389
53 70 1375.84 1378.15 2.30196
