17 34 1.02184 3.32379 2.30196
0 34 16.7887 19.0906 2.30195
11 0 13.1222 0 -13.1222
3 34 9.65594 11.9579 2.30196
9 34 7.82585 10.1278 2.30195
7 0 13.6849 0 -13.6849
18 20 10.79 13.092 2.30195
13 0 11.5786 0 -11.5786
1 0 17.3558 0 -17.3558
19 28 1054.27 1054.6 0.328707
11 30 1380.48 1382.78 2.30196
8 0 12.3008 0 -12.3008
14 34 17.5162 19.8182 2.30196
12 34 12.9769 15.2789 2.30196
10 0 13.6744 0 -13.6744
10 30 1381.03 1383.34 2.30196
8 0 1151.77 0 -1151.77
4 33 18.5772 20.8792 2.30196
6 34 15.9911 18.2931 2.30195
16 30 15.827 18.1289 2.30196
19 28 20.6414 22.9434 2.30196
2 34 21.3774 23.6794 2.30196
5 34 24.7187 27.0207 2.30196
13 0 1151.04 0 -1151.04
15 34 28.3312 30.6331 2.30196
7 0 469.471 0 -469.471
0 34 1126.79 1126.89 0.0975367
12 30 1152.44 1154.75 2.30196
14 0 1156.98 0 -1156.98
19 28 248.535 250.837 2.30196
17 34 228.915 231.217 2.30196
9 34 235.719 238.021 2.30195
3 34 237.549 239.851 2.30196
18 20 238.683 240.985 2.30195
13 31 239.472 241.774 2.30196
8 0 240.194 0 -240.194
12 0 240.87 0 -240.87
11 34 241.015 243.317 2.30196
10 0 241.568 0 -241.568
7 0 241.578 0 -241.578
16 30 243.72 246.022 2.30196
6 34 243.884 246.186 2.30195
0 34 244.682 246.984 2.30195
1 0 245.249 0 -245.249
14 34 245.409 247.711 2.30196
4 33 246.47 248.772 2.30196
7 35 1381.04 1383.35 2.30196
5 34 252.612 254.914 2.30196
2 34 249.271 251.573 2.30196
15 34 256.224 258.526 2.30196
0 34 1036.79 1036.89 0.0975367
0 34 946.789 946.891 0.102657
1 0 1156.82 0 -1156.82
7 31 1153.15 1155.45 2.30196
16 0 1155.29 0 -1155.29
5 34 1164.18 1164.8 0.616452
18 20 940.79 940.893 0.102657
0 34 472.575 474.877 2.30195
0 34 1006.79 1006.89 0.0975367
15 34 1061.96 1062.58 0.616451
16 0 471.613 0 -471.613
10 0 469.461 0 -469.461
19 28 476.428 478.73 2.30196
15 34 484.118 486.42 2.30196
4 0 474.364 0 -474.364
0 34 1066.79 1066.89 0.0975367
9 34 463.612 465.914 2.30195
2 34 477.164 479.466 2.30196
11 0 1152.59 0 -1152.59
10 34 1153.14 1155.44 2.30196
17 34 456.808 459.11 2.30196
18 20 1150.79 1150.89 0.097537
9 34 1147.29 1147.91 0.616449
18 20 466.577 468.878 2.30195
3 34 465.442 467.744 2.30196
8 34 468.087 470.389 2.30196
12 0 468.763 0 -468.763
11 34 468.909 471.211 2.30196
13 35 467.365 469.667 2.30196
14 0 473.303 0 -473.303
6 0 471.778 0 -471.778
5 34 480.505 482.807 2.30196
1 34 473.142 475.444 2.30196
17 34 1042.76 1044.08 1.31482
18 20 970.79 970.893 0.102657
18 20 1030.79 1030.89 0.102657
19 28 1086.81 1087.14 0.328707
2 34 1055.01 1055.62 0.616452
2 34 1177.06 1177.39 0.328708
18 20 1000.79 1000.89 0.102657
0 34 1156.79 1156.89 0.0975367
6 34 1155.46 1157.76 2.30195
4 34 1158.04 1158.23 0.184834
3 35 1149.12 1151.42 2.30196
18 20 1090.79 1090.89 0.097537
2 34 932.95 933.567 0.616452
2 34 1209.61 1209.93 0.328708
0 34 1096.79 1096.89 0.0975367
2 34 1116.04 1116.65 0.616452
19 28 1119.35 1119.68 0.328707
18 20 1060.79 1060.89 0.097537
5 34 708.398 710.7 2.30196
17 34 1172.93 1173.54 0.616451
15 34 939.904 940.521 0.616451
7 34 925.258 927.56 2.30196
17 34 684.702 687.004 2.30196
9 34 691.506 693.808 2.30195
3 35 693.336 695.638 2.30196
18 20 694.47 696.772 2.30195
13 0 695.258 0 -695.258
8 0 695.981 0 -695.981
12 34 696.657 698.959 2.30196
11 0 696.802 0 -696.802
10 34 697.354 699.656 2.30196
7 0 697.365 0 -697.365
16 30 699.507 701.809 2.30196
6 0 699.671 0 -699.671
0 34 700.468 702.77 2.30195
1 0 701.036 0 -701.036
14 0 701.196 0 -701.196
4 34 702.257 704.559 2.30195
19 28 704.321 706.623 2.30196
2 35 705.057 707.359 2.30196
18 20 1120.79 1120.89 0.097537
15 34 712.011 714.313 2.30196
19 28 1190.64 1190.82 0.174595
19 28 1151.9 1152.08 0.184835
15 34 1000.93 1001.55 0.616451
14 35 1384.88 1387.18 2.30196
15 34 1155.53 1155.86 0.328707
2 34 993.979 994.595 0.616452
19 28 932.214 932.831 0.616451
10 0 925.247 0 -925.247
11 34 924.695 926.997 2.30196
1 35 1384.72 1387.02 2.30196
19 28 993.243 993.859 0.616451
12 0 924.55 0 -924.55
0 34 976.789 976.886 0.0975367
17 34 912.595 913.91 1.31482
9 34 919.399 921.701 2.30195
3 35 921.229 923.531 2.30196
18 20 922.363 922.548 0.184833
13 0 923.152 0 -923.152
8 0 923.874 0 -923.874
6 34 927.564 929.866 2.30195
0 34 928.362 928.464 0.102657
4 33 930.15 932.452 2.30196
14 35 929.089 931.391 2.30196
1 35 928.929 931.231 2.30196
5 34 936.292 938.594 2.30196
16 30 927.4 929.702 2.30196
19 28 1170.19 1170.37 0.174595
15 34 1122.99 1123.32 0.328707
6 34 1383.35 1383.45 0.102658
16 0 1383.19 0 -1383.19
12 0 1380.34 0 -1380.34
4 34 1188.58 1188.75 0.174594
15 34 1188.07 1188.26 0.184835
8 35 1379.66 1381.96 2.30196
18 20 1180.79 1180.89 0.097537
3 34 1377.02 1379.32 2.30196
9 34 1208.32 1208.65 0.328705
13 31 1378.94 1381.24 2.30196
0 34 1186.79 1186.89 0.0975367
15 34 1206.37 1206.55 0.174595
5 34 1225.21 1225.83 0.616452
