27 60 0.723565 3.02552 2.30196
38 66 1.09052 3.39247 2.30195
34 0 5.79101 0 -5.79101
36 0 6.15711 0 -6.15711
8 0 6.26492 0 -6.26492
10 0 6.27257 0 -6.27257
33 0 6.36919 0 -6.36919
28 60 1.12423 3.42618 2.30196
6 69 1063.9 1064.23 0.328709
58 65 3.94447 6.24642 2.30196
55 70 3.44076 5.74272 2.30196
53 62 3.50283 5.80478 2.30195
29 0 5.39187 0 -5.39187
17 60 4.1684 6.47036 2.30196
4 69 4.21692 6.51888 2.30195
37 66 4.77121 7.07317 2.30195
50 62 4.50576 6.80771 2.30196
30 67 4.59974 6.9017 2.30196
42 62 1026.47 1026.57 0.0975393
16 64 937.956 938.572 0.616456
38 66 1057.07 1057.25 0.174594
21 60 933.254 935.556 2.30195
47 62 1005.74 1005.84 0.0975394
22 60 1165.54 1165.64 0.102661
55 74 915.014 917.316 2.30196
53 62 915.076 917.378 2.30195
24 60 1060.3 1060.39 0.0975386
52 62 1001.61 1002.23 0.616452
38 66 973.692 974.021 0.328706
31 70 974.515 974.613 0.0975398
0 0 6.45377 0 -6.45377
42 62 6.47111 8.77307 2.30196
14 69 6.96105 9.26301 2.30195
41 66 1067.73 1067.83 0.0975399
25 60 1167.51 1167.62 0.102661
42 62 966.471 966.574 0.102659
42 62 996.471 996.574 0.102659
12 73 7.77667 10.0786 2.30196
9 0 7.25671 0 -7.25671
40 70 8.13923 10.4412 2.30195
13 68 8.08352 10.3855 2.30196
1 0 7.69494 0 -7.69494
16 60 1076.38 1076.49 0.102659
38 66 912.664 913.28 0.61645
28 64 912.697 914.999 2.30196
48 62 1070.14 1070.24 0.0975378
39 0 8.5849 0 -8.5849
52 66 940.585 941.202 0.616455
54 62 9.72343 12.0254 2.30196
24 60 10.2961 12.598 2.30195
23 0 11.5912 0 -11.5912
46 62 10.8167 13.1187 2.30196
43 62 11.6083 13.9103 2.30196
24 60 970.296 970.394 0.0975386
59 67 12.1617 14.4637 2.30196
26 60 13.4811 15.783 2.30195
19 60 13.5235 15.8254 2.30196
45 62 13.3333 15.6352 2.30195
27 60 1140.72 1140.82 0.0975406
31 70 14.5151 16.8171 2.30196
2 69 14.4911 16.7931 2.30196
6 69 1031.36 1031.69 0.328709
47 62 15.7414 18.0434 2.30196
49 62 15.4431 17.745 2.30195
3 69 15.6821 17.9841 2.30196
22 61 15.9059 18.2078 2.30196
47 62 975.741 975.844 0.102659
48 62 1040.14 1040.24 0.0975378
57 75 1016.19 1016.3 0.102659
41 66 17.7332 20.0352 2.30196
44 0 16.9541 0 -16.9541
15 60 16.8708 19.1727 2.30195
25 60 17.8832 20.1852 2.30196
17 60 1153.8 1153.9 0.102659
56 69 18.4047 20.7066 2.30196
48 62 20.1382 22.4402 2.30195
20 0 19.056 0 -19.056
7 69 19.3627 21.6647 2.30195
5 73 19.5607 21.8626 2.30196
18 0 19.3164 0 -19.3164
6 69 1096.44 1096.63 0.184837
57 75 1076.19 1076.3 0.102659
58 65 915.517 917.819 2.30196
17 60 915.741 918.043 2.30196
37 66 1054.77 1054.87 0.0975387
54 66 969.723 969.898 0.174598
40 70 998.139 998.237 0.0975387
48 62 980.138 980.236 0.0975378
11 69 20.5437 22.8457 2.30195
21 60 21.6811 23.9831 2.30195
32 70 21.8837 24.1857 2.30196
6 69 22.161 24.463 2.30196
41 66 1037.73 1037.83 0.0975399
35 70 23.0919 25.3938 2.30196
27 60 912.297 912.913 0.616453
16 60 26.3826 28.6845 2.30195
57 75 26.1945 28.4965 2.30195
47 62 1035.74 1035.84 0.0975394
52 62 29.0121 31.314 2.30196
51 62 29.131 31.433 2.30195
11 69 248.437 250.739 2.30195
49 62 1154.91 1155.01 0.102657
20 64 246.949 249.251 2.30196
51 62 257.024 259.326 2.30195
32 0 249.777 0 -249.777
16 60 998.984 999.313 0.328707
19 60 469.31 471.612 2.30196
48 62 248.031 250.333 2.30195
5 0 247.454 0 -247.454
52 62 256.905 259.207 2.30196
27 60 973.325 973.654 0.328709
54 62 1029.72 1029.9 0.174596
32 0 1161.35 0 -1161.35
7 69 247.256 249.558 2.30195
35 0 250.985 0 -250.985
16 60 254.276 256.578 2.30195
18 60 247.21 249.512 2.30196
57 75 254.088 256.39 2.30195
27 60 1005.87 1006.05 0.184837
24 60 1030.3 1030.39 0.0975386
40 70 463.926 466.228 2.30195
46 0 466.603 0 -466.603
27 60 228.617 230.919 2.30196
38 66 228.984 231.286 2.30195
28 60 229.017 231.319 2.30196
55 70 231.334 233.636 2.30196
53 62 231.396 233.698 2.30195
58 65 231.838 234.14 2.30196
17 60 232.062 234.364 2.30196
4 69 232.11 234.412 2.30195
50 0 232.399 0 -232.399
30 67 232.493 234.795 2.30196
37 66 232.664 234.966 2.30195
29 0 233.285 0 -233.285
34 0 233.684 0 -233.684
36 0 234.05 0 -234.05
8 0 234.158 0 -234.158
10 0 234.166 0 -234.166
33 0 234.262 0 -234.262
0 0 234.347 0 -234.347
42 62 234.364 236.666 2.30196
14 0 234.854 0 -234.854
9 69 235.15 237.452 2.30195
1 0 235.588 0 -235.588
12 73 235.67 237.972 2.30196
13 0 235.977 0 -235.977
40 70 236.032 238.334 2.30195
39 76 236.478 238.78 2.30196
54 62 237.617 239.919 2.30196
24 60 238.189 240.491 2.30195
46 62 238.71 241.012 2.30196
23 61 239.484 241.786 2.30196
43 62 239.502 241.804 2.30196
59 67 240.055 242.357 2.30196
45 63 241.227 243.528 2.30196
26 60 241.374 243.676 2.30195
19 60 241.417 243.719 2.30196
2 69 242.384 244.686 2.30196
31 70 242.408 244.71 2.30196
49 62 243.336 245.638 2.30195
3 69 243.575 245.877 2.30196
47 62 243.635 245.937 2.30196
22 61 243.799 246.101 2.30196
15 60 244.764 247.066 2.30195
44 62 244.847 247.149 2.30196
41 66 245.626 247.928 2.30196
25 61 245.776 248.078 2.30196
56 0 246.298 0 -246.298
4 69 1153.85 1153.95 0.102658
57 75 988.608 988.71 0.102659
21 60 249.574 251.876 2.30195
6 73 250.054 252.356 2.30196
41 66 1157.73 1157.83 0.0975399
48 62 950.138 950.241 0.102658
31 70 944.515 944.618 0.10266
57 75 937.768 938.096 0.328707
0 0 918.027 0 -918.027
42 62 918.044 918.147 0.102659
38 66 1006.23 1006.56 0.328706
11 69 932.117 934.419 2.30195
54 62 999.723 999.898 0.174596
57 75 1046.19 1046.3 0.102659
38 66 1141.09 1141.19 0.0975383
2 69 1153.96 1156.26 2.30196
16 60 1049.82 1050 0.174595
40 70 1058.14 1058.24 0.0975387
47 62 1065.74 1065.84 0.0975394
40 70 938.139 938.242 0.102659
31 70 1004.52 1004.61 0.0975398
16 60 1031.53 1031.71 0.184835
27 60 1050.72 1050.82 0.0975406
54 62 1149.72 1149.9 0.174596
31 70 1034.52 1034.61 0.0975398
10 0 917.846 0 -917.846
33 0 917.942 0 -917.942
36 0 917.73 0 -917.73
8 0 917.838 0 -917.838
42 62 1056.47 1056.57 0.0975393
14 0 918.534 0 -918.534
9 0 918.83 0 -918.83
1 0 919.268 0 -919.268
12 0 919.35 0 -919.35
29 0 916.965 0 -916.965
34 0 917.364 0 -917.364
30 0 916.173 0 -916.173
37 67 916.344 916.447 0.102664
44 62 928.527 930.829 2.30196
4 69 915.79 918.092 2.30195
50 62 916.079 918.381 2.30196
45 62 469.12 471.422 2.30195
13 0 463.87 0 -463.87
54 66 465.51 467.812 2.30196
15 60 472.657 474.959 2.30195
25 64 473.67 475.972 2.30196
12 73 463.563 465.865 2.30196
2 0 470.278 0 -470.278
47 62 471.528 473.83 2.30196
51 62 484.918 487.219 2.30195
1 0 463.481 0 -463.481
31 70 470.302 472.604 2.30196
3 0 471.469 0 -471.469
7 0 475.149 0 -475.149
6 69 477.948 480.249 2.30196
52 62 484.799 487.101 2.30196
9 69 463.043 465.345 2.30195
26 60 469.268 471.57 2.30195
49 62 471.23 473.532 2.30195
22 60 471.692 473.994 2.30196
18 0 475.103 0 -475.103
32 0 477.67 0 -477.67
57 75 481.981 484.283 2.30195
14 0 462.748 0 -462.748
59 67 467.948 470.25 2.30196
20 0 474.843 0 -474.843
56 69 474.191 476.493 2.30196
11 0 476.33 0 -476.33
48 62 475.925 478.227 2.30195
21 60 477.468 479.77 2.30195
39 76 464.371 466.673 2.30196
24 60 466.083 468.385 2.30195
22 60 927.479 929.781 2.30196
23 61 467.378 469.68 2.30196
44 0 472.741 0 -472.741
41 66 473.52 475.822 2.30196
35 0 478.878 0 -478.878
5 69 475.347 477.649 2.30196
16 60 482.169 484.471 2.30195
57 75 709.874 712.176 2.30195
51 62 712.811 715.113 2.30195
27 60 456.51 458.812 2.30196
38 66 456.877 459.179 2.30195
28 60 456.911 459.213 2.30196
55 74 459.227 461.529 2.30196
53 62 459.289 461.591 2.30195
58 65 459.731 462.033 2.30196
17 60 459.955 462.257 2.30196
4 69 460.003 462.305 2.30195
50 62 460.292 462.594 2.30196
30 0 460.386 0 -460.386
37 66 460.558 462.86 2.30195
29 0 461.178 0 -461.178
34 0 461.578 0 -461.578
36 0 461.944 0 -461.944
8 0 462.051 0 -462.051
10 0 462.059 0 -462.059
33 0 462.156 0 -462.156
0 0 462.24 0 -462.24
42 62 462.258 464.56 2.30196
43 63 467.395 469.697 2.30196
6 69 966.276 966.604 0.328709
5 69 931.134 933.436 2.30196
48 62 1010.14 1010.24 0.102658
6 69 933.734 934.063 0.328709
16 60 710.062 712.364 2.30195
52 62 712.692 714.994 2.30196
18 60 930.889 933.191 2.30196
47 62 945.741 945.844 0.102659
41 66 947.733 947.831 0.0975399
3 69 927.255 929.557 2.30196
47 63 927.314 927.417 0.102663
40 70 968.139 968.242 0.102659
24 0 1000.3 0 -1000.3
41 66 1007.73 1007.84 0.10266
32 0 933.457 0 -933.457
6 69 998.817 999.146 0.328709
35 0 934.665 0 -934.665
7 69 930.936 933.238 2.30195
41 66 977.733 977.836 0.10266
38 66 1038.78 1038.96 0.184834
27 60 1024.16 1024.27 0.102661
40 70 1028.14 1028.24 0.0975387
27 60 684.403 686.705 2.30196
38 66 684.77 687.072 2.30195
28 60 684.804 687.106 2.30196
55 74 687.121 689.422 2.30196
53 62 687.183 689.485 2.30195
58 65 687.624 689.926 2.30196
17 61 687.848 690.15 2.30196
4 69 687.897 690.199 2.30195
50 63 688.186 690.487 2.30196
30 67 688.279 690.581 2.30196
37 67 688.451 690.753 2.30196
29 0 689.072 0 -689.072
34 0 689.471 0 -689.471
36 66 689.837 692.139 2.30196
8 68 689.945 692.247 2.30196
10 0 689.952 0 -689.952
33 66 690.049 692.351 2.30196
0 0 690.134 0 -690.134
42 63 690.151 692.453 2.30196
14 0 690.641 0 -690.641
9 0 690.936 0 -690.936
1 0 691.375 0 -691.375
12 0 691.456 0 -691.456
13 0 691.763 0 -691.763
40 70 691.819 694.121 2.30195
39 76 692.265 694.567 2.30196
54 62 693.403 695.705 2.30196
24 60 693.976 696.278 2.30195
46 62 694.496 696.798 2.30196
23 0 695.271 0 -695.271
43 0 695.288 0 -695.288
59 0 695.841 0 -695.841
45 63 697.013 699.315 2.30196
26 64 697.161 699.463 2.30196
19 61 697.203 699.505 2.30196
2 69 698.171 700.473 2.30196
31 70 698.195 700.497 2.30196
49 62 699.123 701.425 2.30195
3 69 699.362 701.664 2.30196
47 63 699.421 701.723 2.30196
22 0 699.586 0 -699.586
15 60 700.551 702.852 2.30195
44 62 700.634 702.936 2.30196
41 66 701.413 703.715 2.30196
25 0 701.563 0 -701.563
56 73 702.084 704.386 2.30196
20 60 702.736 705.038 2.30196
18 64 702.996 705.298 2.30196
7 69 703.042 705.344 2.30195
5 73 703.24 705.542 2.30196
48 62 703.818 706.12 2.30195
11 69 704.223 706.525 2.30195
21 60 705.361 707.663 2.30195
32 0 705.563 0 -705.563
6 69 705.841 708.143 2.30196
35 0 706.772 0 -706.772
40 70 1148.14 1148.24 0.0975387
52 62 1062.64 1063.26 0.616452
37 66 964.771 964.869 0.0975387
57 75 970.309 970.494 0.184835
25 60 929.456 931.758 2.30196
37 76 934.771 934.869 0.0975438
50 62 1174.51 1174.61 0.10266
37 66 1024.77 1024.87 0.0975387
54 62 1059.72 1059.9 0.174596
49 62 927.016 929.318 2.30195
48 66 931.711 931.814 0.102664
13 74 919.657 921.958 2.30197
40 70 919.712 919.815 0.102659
39 76 920.158 922.46 2.30196
54 66 921.296 921.481 0.184838
24 60 921.869 921.972 0.102659
46 62 922.39 924.692 2.30196
23 61 923.164 925.466 2.30196
43 0 923.181 0 -923.181
59 67 923.735 926.037 2.30196
15 60 928.444 930.746 2.30195
19 61 925.096 927.398 2.30196
26 0 925.054 0 -925.054
45 0 924.906 0 -924.906
56 0 929.978 0 -929.978
51 62 940.704 943.006 2.30195
20 60 930.629 932.931 2.30196
41 66 929.306 929.409 0.10266
31 70 926.088 926.273 0.184836
2 69 926.064 928.366 2.30196
54 62 939.723 939.898 0.174596
37 66 994.771 994.874 0.102659
31 70 1064.52 1064.62 0.10266
39 76 1166.35 1166.45 0.10266
24 60 940.296 940.399 0.102659
42 62 936.471 936.574 0.102659
40 70 1088.14 1088.24 0.0975387
24 60 1090.3 1090.39 0.0975386
37 66 1084.77 1084.87 0.0975387
38 66 1081.09 1081.27 0.174594
29 70 1372.75 1375.05 2.30195
27 60 1080.72 1080.82 0.0975406
54 62 1089.72 1089.9 0.174596
42 62 1086.47 1086.57 0.0975393
50 62 1154.13 1154.24 0.10266
31 70 1094.52 1094.62 0.10266
47 62 1095.74 1095.84 0.102659
16 60 1106.38 1106.49 0.102659
48 62 1100.14 1100.24 0.0975378
47 62 1125.74 1125.84 0.0975394
33 0 1145.84 0 -1145.84
8 0 1145.73 0 -1145.73
6 69 1114.74 1114.92 0.174597
57 75 1106.19 1106.3 0.102659
24 60 1120.3 1120.39 0.0975386
6 69 1132.16 1132.34 0.174597
28 60 1140.59 1142.89 2.30196
5 69 1386.92 1387.1 0.184836
34 66 1145.26 1147.56 2.30196
21 60 1161.15 1161.25 0.102657
12 0 1147.24 0 -1147.24
41 66 1097.73 1097.83 0.0975399
31 70 1124.52 1124.62 0.10266
38 66 1111.09 1111.19 0.102658
48 62 1160.14 1160.24 0.0975378
20 60 1158.52 1160.82 2.30196
52 62 1123.67 1124.29 0.616452
29 0 1144.86 0 -1144.86
27 60 1110.72 1110.83 0.102661
39 76 1148.05 1148.24 0.184836
1 69 1147.16 1149.46 2.30195
54 62 1119.72 1119.9 0.174596
40 70 1118.14 1118.24 0.0975387
23 60 1151.06 1153.36 2.30196
46 62 1150.28 1152.58 2.30196
14 0 1146.43 0 -1146.43
13 0 1147.55 0 -1147.55
37 66 1114.77 1114.87 0.0975387
3 73 1155.15 1157.45 2.30196
25 60 1157.35 1157.45 0.102661
15 64 1156.34 1158.64 2.30196
36 66 1145.62 1147.93 2.30196
53 62 1153.13 1153.23 0.102658
44 63 1156.42 1158.72 2.30196
56 70 1157.87 1160.17 2.30196
9 0 1146.72 0 -1146.72
55 70 1142.91 1145.21 2.30196
58 65 1143.41 1145.71 2.30196
30 67 1144.07 1146.37 2.30196
4 69 1143.68 1143.79 0.102658
53 62 1142.97 1143.07 0.102658
17 60 1143.63 1143.74 0.102659
10 0 1145.74 0 -1145.74
22 61 1155.37 1155.47 0.102662
0 0 1145.92 0 -1145.92
42 62 1116.47 1116.57 0.0975393
50 62 1143.97 1144.07 0.10266
35 76 1162.56 1164.86 2.30196
26 60 1152.95 1155.25 2.30195
19 60 1152.99 1155.29 2.30196
45 0 1152.8 0 -1152.8
43 63 1151.07 1153.38 2.30196
59 67 1151.63 1153.93 2.30196
42 0 1146.47 0 -1146.47
7 69 1158.83 1158.93 0.102659
48 62 1130.14 1130.24 0.0975378
37 66 1144.77 1144.87 0.0975387
18 60 1158.78 1161.08 2.30196
11 69 1160.01 1162.31 2.30195
5 74 1159.03 1161.33 2.30196
41 66 1127.73 1127.83 0.0975399
51 62 1168.6 1169.21 0.616448
47 62 1155.74 1155.84 0.0975394
24 60 1150.3 1150.39 0.0975386
31 70 1154.52 1154.62 0.10266
16 60 1136.38 1136.49 0.102659
57 75 1136.19 1136.3 0.102659
1 69 1375.05 1377.36 2.30195
6 69 1162.16 1162.34 0.174597
38 66 1171.09 1171.19 0.0975383
2 69 1381.85 1382.18 0.328708
16 60 1166.38 1166.49 0.102659
34 70 1373.15 1375.45 2.30196
37 66 1174.77 1174.87 0.0975387
57 75 1166.19 1166.29 0.0975389
28 60 1368.48 1369.8 1.31482
52 62 1184.7 1185.03 0.328708
12 0 1375.14 0 -1375.14
8 68 1373.62 1375.93 2.30196
47 62 1185.74 1185.84 0.0975394
15 61 1384.23 1386.53 2.30196
22 60 1185.91 1186.01 0.102661
13 0 1375.44 0 -1375.44
10 0 1373.63 0 -1373.63
30 67 1371.96 1374.26 2.30196
39 76 1178.58 1178.68 0.0975397
27 60 1170.72 1170.82 0.0975406
6 73 1192.16 1192.34 0.174597
9 0 1374.62 0 -1374.62
40 70 1178.14 1178.24 0.0975387
46 62 1378.18 1380.48 2.30196
14 69 1374.32 1376.62 2.30195
23 60 1378.95 1379.05 0.10266
43 0 1378.97 0 -1378.97
42 62 1176.47 1176.57 0.0975393
0 0 1373.81 0 -1373.81
25 60 1187.88 1187.99 0.102661
4 69 1174.22 1174.31 0.0975375
20 64 1386.42 1388.72 2.30196
49 62 1185.44 1185.54 0.0975372
31 70 1184.52 1184.62 0.10266
33 0 1373.73 0 -1373.73
3 73 1383.04 1385.34 2.30196
24 60 1180.3 1180.39 0.0975386
36 0 1373.52 0 -1373.52
54 62 1179.72 1179.9 0.174596
41 66 1187.73 1187.83 0.0975399
58 65 1371.3 1373.61 2.30196
53 62 1173.5 1173.61 0.102658
17 60 1174.17 1174.27 0.0975392
35 70 1390.45 1392.75 2.30196
18 60 1386.68 1388.98 2.30196
55 70 1370.8 1371.13 0.328707
21 60 1191.68 1191.78 0.0975368
7 69 1189.36 1189.46 0.0975385
32 70 1389.24 1391.55 2.30196
45 0 1380.69 0 -1380.69
26 60 1380.84 1383.14 2.30195
59 67 1379.52 1379.71 0.184838
19 60 1380.88 1383.18 2.30196
11 69 1387.9 1388.01 0.102659
48 62 1190.14 1190.24 0.0975378
44 62 1384.31 1384.42 0.10266
56 69 1385.76 1385.95 0.184837
52 62 1217.24 1217.57 0.328708
51 62 1229.63 1229.95 0.328704
57 75 1196.19 1196.29 0.0975389
16 60 1196.38 1196.49 0.102659
