15 21 0.237871 2.53984 2.30196
11 21 1.77799 4.07995 2.30196
2 21 3.74667 6.04863 2.30196
1 21 3.61241 5.91437 2.30196
9 20 1041.66 1041.76 0.102661
6 20 4.33729 6.63925 2.30196
7 20 10.0499 12.3518 2.30196
10 20 10.9039 13.2058 2.30196
18 0 11.3523 0 -11.3523
18 21 1150.82 1153.12 2.30197
3 0 1153.48 0 -1153.48
8 20 15.7216 18.0235 2.30196
3 21 14.0096 16.3115 2.30196
4 0 16.1408 0 -16.1408
4 21 1155.61 1157.91 2.30196
9 20 1131.66 1131.76 0.0975415
12 21 16.3247 18.6267 2.30196
13 21 17.4514 19.7534 2.30196
6 20 1144.34 1144.51 0.174597
17 20 1168 1168.11 0.102658
16 0 24.9104 0 -24.9104
14 0 19.5108 0 -19.5108
9 20 21.6577 23.9597 2.30196
5 20 24.857 27.1589 2.30196
19 20 25.1046 27.4066 2.30196
5 21 1164.32 1166.63 2.30197
0 21 1165.23 1167.54 2.30196
8 20 1155.19 1157.49 2.30196
0 21 25.7683 28.0703 2.30196
11 21 1141.24 1141.57 0.328712
9 20 249.551 251.853 2.30196
17 20 28.5374 30.8394 2.30195
2 21 1023.75 1023.85 0.102662
6 20 1024.34 1024.51 0.174597
16 0 480.697 0 -480.697
13 0 473.238 0 -473.238
9 20 1071.66 1071.76 0.102661
0 21 253.662 255.964 2.30196
17 20 256.431 258.733 2.30195
19 20 1075.1 1075.21 0.10266
14 21 247.404 249.706 2.30197
2 21 1173.75 1173.84 0.0975416
7 20 1060.05 1060.15 0.102661
6 20 1174.34 1174.51 0.174597
7 20 465.836 468.138 2.30196
5 20 252.75 255.052 2.30196
16 0 252.804 0 -252.804
4 21 471.927 474.229 2.30196
9 20 477.444 479.746 2.30196
15 21 228.131 230.433 2.30196
11 21 229.671 231.973 2.30196
1 0 231.506 0 -231.506
2 21 231.64 233.942 2.30196
6 20 232.231 234.533 2.30196
7 20 237.943 240.245 2.30196
6 20 994.337 994.512 0.174597
10 21 238.797 241.099 2.30197
18 0 239.246 0 -239.246
3 21 241.903 244.205 2.30196
8 20 243.615 245.917 2.30196
4 21 244.034 246.336 2.30196
12 21 244.218 246.52 2.30196
13 21 245.345 247.647 2.30196
10 20 1150.37 1151.68 1.31483
14 0 1158.98 0 -1158.98
19 20 252.998 255.3 2.30196
6 20 1114.34 1114.51 0.174597
1 0 1370.97 0 -1370.97
9 20 1161.66 1161.76 0.102661
7 20 1000.05 1000.15 0.097541
3 21 469.796 472.098 2.30196
6 20 1054.34 1054.51 0.174597
14 21 475.297 477.599 2.30197
5 20 480.643 482.945 2.30196
10 20 466.69 468.992 2.30196
8 0 471.508 0 -471.508
18 0 467.139 0 -467.139
0 21 481.555 483.857 2.30196
19 20 985.105 985.279 0.174596
19 20 480.891 483.193 2.30196
19 20 1015.1 1015.28 0.174596
12 0 472.111 0 -472.111
19 21 708.784 711.086 2.30197
17 20 484.324 486.626 2.30195
15 0 456.024 0 -456.024
11 21 457.564 459.866 2.30196
1 0 459.399 0 -459.399
2 21 459.533 461.835 2.30196
6 20 460.124 462.426 2.30196
7 20 1090.05 1090.15 0.102661
6 20 1084.34 1084.51 0.174597
2 21 993.747 993.849 0.102662
2 21 1143.75 1143.85 0.102662
4 0 927.714 0 -927.714
16 21 708.59 710.892 2.30197
0 21 709.448 711.75 2.30196
0 21 937.341 939.643 2.30196
5 0 708.537 0 -708.537
17 20 712.217 714.519 2.30195
2 21 1053.75 1053.84 0.0975416
7 20 1030.05 1030.15 0.102661
17 20 940.11 942.412 2.30195
15 21 683.918 686.22 2.30196
11 20 685.458 687.76 2.30196
1 21 687.292 689.594 2.30196
2 21 687.426 689.728 2.30196
6 21 688.017 690.319 2.30197
7 20 693.73 696.032 2.30196
10 21 694.584 696.886 2.30197
18 0 695.032 0 -695.032
3 21 697.689 699.991 2.30196
8 20 699.401 701.703 2.30196
4 0 699.82 0 -699.82
12 21 700.004 702.306 2.30196
13 21 701.131 703.433 2.30196
14 21 703.191 705.493 2.30197
9 20 705.337 707.639 2.30196
7 20 1150.05 1150.15 0.102661
19 20 1105.1 1105.21 0.10266
15 21 1367.6 1369.9 2.30196
6 20 934.337 934.512 0.174597
13 21 929.024 931.326 2.30196
13 21 1156.92 1159.22 2.30196
1 21 1143.08 1145.38 2.30196
9 20 1011.66 1011.76 0.102661
19 20 1045.1 1045.28 0.174596
19 20 955.105 955.279 0.174596
2 21 963.747 963.844 0.0975416
8 20 927.295 929.597 2.30196
16 21 936.483 938.785 2.30197
6 20 964.337 964.512 0.174597
19 20 1135.1 1135.2 0.0975401
19 0 936.678 0 -936.678
2 21 933.747 933.849 0.102662
9 20 965.772 965.957 0.184837
3 0 925.583 0 -925.583
12 21 927.898 930.2 2.30196
14 0 931.084 0 -931.084
5 21 936.43 938.732 2.30197
2 21 1113.75 1113.85 0.102662
7 20 954.165 954.267 0.102661
9 20 933.231 933.559 0.328709
15 0 911.811 0 -911.811
11 21 913.351 915.653 2.30196
1 0 915.185 0 -915.185
2 21 915.32 915.422 0.102662
6 20 915.91 916.095 0.184837
7 20 921.623 921.952 0.328709
10 21 922.477 924.779 2.30197
18 0 922.925 0 -922.925
19 20 1165.1 1165.2 0.0975401
12 21 1155.79 1155.89 0.102662
15 21 1139.7 1142.01 2.30196
16 0 1164.38 0 -1164.38
7 20 970.05 970.153 0.102661
9 20 1101.66 1101.76 0.102661
9 20 984.071 984.173 0.102661
2 21 1083.75 1083.84 0.0975416
7 20 1120.05 1120.15 0.097541
4 20 1383.5 1385.8 2.30198
3 21 1381.37 1383.67 2.30196
9 20 1191.66 1191.76 0.102661
11 21 1173.79 1173.97 0.18484
13 21 1384.81 1385 0.184839
16 20 1392.27 1394.57 2.30197
5 20 1392.22 1392.83 0.616453
8 20 1383.08 1385.38 2.30196
7 20 1180.05 1180.15 0.102661
17 20 1198.54 1198.63 0.0975383
14 21 1386.87 1389.17 2.30197
0 21 1393.13 1395.43 2.30196
19 20 1195.1 1195.2 0.0975401
12 21 1186.32 1186.42 0.0975421
10 20 1280.54 1281.15 0.61646
18 20 1378.71 1381.01 2.30196
