36 83 0.606367 2.90832 2.30195
31 53 3.28212 5.58407 2.30196
16 56 4.24461 6.54657 2.30196
8 62 5.22047 7.52243 2.30196
8 62 688.9 691.202 2.30196
0 56 7.92338 10.2253 2.30196
45 64 8.37434 10.6763 2.30195
35 83 8.19324 10.4952 2.30195
10 62 9.53639 11.8383 2.30195
28 72 7.65196 9.95391 2.30195
18 76 6.26396 8.56591 2.30195
34 83 5.76424 8.0662 2.30195
17 76 1070.99 1071.08 0.0975371
28 72 1087.65 1087.75 0.097538
7 56 1079.02 1079.11 0.0975384
35 83 691.873 694.175 2.30195
11 57 8.4812 10.7832 2.30195
30 71 7.3744 9.67636 2.30195
21 71 8.17743 10.4794 2.30195
29 72 696.798 699.1 2.30195
32 53 1071.4 1071.5 0.0975366
30 71 1027.37 1027.47 0.0975373
32 53 705.083 707.384 2.30195
48 67 1098.99 1099.09 0.0975364
25 68 1090.33 1090.43 0.102659
14 0 700.505 0 -700.505
34 83 1145.76 1145.86 0.0975381
31 53 1083.28 1083.38 0.102659
4 63 1100.91 1101.01 0.0975377
6 57 707.512 709.814 2.30196
25 68 10.3273 12.6292 2.30195
26 0 10.6115 0 -10.6115
42 80 1094.73 1094.83 0.102658
13 56 10.852 13.154 2.30195
5 0 11.0152 0 -11.0152
2 57 11.0843 13.3862 2.30195
41 80 1075.05 1075.15 0.102658
25 68 1150.33 1150.42 0.0975389
15 57 1077.51 1077.61 0.0975389
22 70 1009.84 1009.94 0.0975387
12 63 1012.88 1012.98 0.0975396
39 57 11.127 13.4289 2.30196
20 76 1192.34 1192.43 0.0975384
38 78 700.883 703.185 2.30197
38 57 928.777 931.079 2.30196
23 67 11.1831 13.485 2.30196
45 64 1148.37 1148.47 0.0975364
19 82 11.3635 13.6655 2.30196
48 67 1008.99 1009.1 0.102656
46 0 11.5734 0 -11.5734
49 78 11.702 14.004 2.30195
8 62 916.793 919.095 2.30196
31 53 914.855 915.472 0.616451
13 56 1000.85 1000.95 0.0975372
36 83 1042.35 1043.66 1.31482
16 56 964.245 964.342 0.097539
12 63 706.558 708.86 2.30196
37 58 13.5261 15.828 2.30196
29 72 13.1181 15.42 2.30195
27 72 13.7109 16.0129 2.30195
19 77 1001.36 1001.47 0.102659
42 80 14.7274 17.0294 2.30195
17 76 1100.99 1101.08 0.0975371
17 76 20.986 23.288 2.30195
38 64 17.2036 19.5056 2.30196
3 63 16.8403 19.1422 2.30195
14 0 16.8255 0 -16.8255
48 67 18.9937 21.2956 2.30195
21 71 968.177 968.28 0.102658
17 76 704.666 706.968 2.30195
40 58 930.38 932.682 2.30196
9 56 17.1438 19.4457 2.30196
40 52 18.8071 21.109 2.30196
33 58 20.5979 22.8998 2.30195
22 70 19.8402 22.1422 2.30195
4 63 20.9097 23.2117 2.30195
20 76 1072.34 1072.43 0.0975384
47 69 1077.25 1077.34 0.0975374
23 73 922.756 925.058 2.30195
42 80 1004.73 1004.82 0.0975381
7 56 712.696 714.998 2.30195
48 67 1068.99 1069.09 0.0975364
30 71 918.947 919.05 0.102657
44 66 934.206 934.308 0.102657
29 72 1003.12 1003.22 0.102657
4 63 1070.91 1071.01 0.102658
42 80 698.407 700.709 2.30195
16 56 687.924 690.226 2.30196
21 71 1088.18 1088.27 0.0975379
26 73 694.291 696.593 2.30195
44 66 22.6327 24.9346 2.30195
32 53 21.4028 23.7047 2.30195
12 62 22.8779 25.1799 2.30196
20 76 22.3353 24.6372 2.30195
6 57 23.8325 26.1345 2.30196
36 83 684.286 686.588 2.30195
12 63 1072.88 1072.98 0.0975396
30 71 691.054 693.356 2.30195
49 78 923.275 923.378 0.102657
26 73 922.184 924.486 2.30195
3 63 1066.84 1066.94 0.0975378
4 63 1010.91 1011.01 0.102658
25 68 1000.33 1000.42 0.0975389
40 52 702.487 704.789 2.30196
19 77 1151.36 1151.46 0.0975389
41 80 25.047 27.349 2.30195
43 59 26.3008 28.6027 2.30195
1 0 26.7327 0 -26.7327
4 57 704.589 706.891 2.30196
49 78 1061.7 1061.8 0.0975374
31 53 686.962 689.264 2.30196
44 66 1072.63 1072.73 0.0975369
15 57 27.5089 29.8108 2.30195
47 69 27.2457 29.5476 2.30195
32 53 1011.4 1011.5 0.0975366
34 83 917.337 917.44 0.102658
30 71 1087.37 1087.47 0.0975373
30 71 967.374 967.472 0.0975373
28 72 919.225 919.328 0.102658
24 73 1079.62 1079.72 0.102657
44 66 706.312 708.614 2.30195
24 73 713.299 715.601 2.30195
32 53 249.296 251.598 2.30195
24 73 29.6192 31.9211 2.30195
7 56 29.0164 31.3183 2.30195
35 83 463.98 466.282 2.30195
33 58 248.491 250.793 2.30195
47 69 255.139 257.441 2.30195
22 70 247.733 250.035 2.30195
1 63 254.626 256.928 2.30195
48 67 246.887 249.189 2.30195
24 73 257.512 259.814 2.30195
41 80 708.727 711.029 2.30195
45 64 464.161 466.463 2.30195
40 52 246.7 249.002 2.30196
18 76 689.944 692.246 2.30195
15 57 255.402 257.704 2.30195
39 57 1001.13 1001.22 0.097539
36 83 228.5 230.802 2.30195
31 53 231.175 233.477 2.30196
16 56 232.138 234.44 2.30196
8 62 233.114 235.416 2.30196
34 83 233.657 235.959 2.30195
18 76 234.157 236.459 2.30195
30 71 235.268 237.57 2.30195
28 72 235.545 237.847 2.30195
0 57 235.817 238.119 2.30196
21 71 236.071 238.373 2.30195
35 83 236.086 238.388 2.30195
45 64 236.268 238.57 2.30195
11 57 236.374 238.676 2.30195
10 62 237.43 239.732 2.30195
25 68 238.221 240.522 2.30195
26 0 238.505 0 -238.505
13 56 238.745 241.047 2.30195
5 56 238.908 241.21 2.30195
2 57 238.978 241.279 2.30195
39 57 239.02 241.322 2.30196
23 0 239.076 0 -239.076
19 82 239.257 241.559 2.30196
46 0 239.467 0 -239.467
49 78 239.595 241.897 2.30195
29 72 241.011 243.313 2.30195
37 58 241.419 243.721 2.30196
27 72 241.604 243.906 2.30195
42 80 242.621 244.923 2.30195
14 63 244.719 247.021 2.30196
3 63 244.734 247.035 2.30195
9 57 245.037 247.339 2.30195
38 57 245.097 247.399 2.30196
17 76 932.559 932.662 0.102657
49 78 695.382 697.684 2.30195
44 66 1012.63 1012.73 0.0975369
20 76 250.229 252.53 2.30195
46 0 695.253 0 -695.253
10 56 693.216 695.518 2.30196
44 66 250.526 252.828 2.30195
2 63 694.764 697.066 2.30196
12 62 250.771 253.073 2.30196
27 72 697.391 699.693 2.30195
17 76 248.879 251.181 2.30195
4 63 248.803 251.105 2.30195
25 68 694.007 696.309 2.30195
43 59 254.194 256.496 2.30195
41 80 252.94 255.242 2.30195
5 56 694.695 696.997 2.30195
37 58 697.206 699.508 2.30196
20 76 1102.34 1102.43 0.0975384
6 57 251.726 254.028 2.30196
43 59 709.981 712.282 2.30195
22 70 703.52 705.822 2.30195
28 72 967.652 967.749 0.097538
12 63 934.451 934.636 0.184836
34 83 689.444 691.746 2.30195
20 76 1012.34 1012.44 0.102658
33 58 704.278 706.58 2.30195
23 0 694.863 0 -694.863
13 56 694.532 696.834 2.30195
41 80 955.047 955.15 0.102658
48 67 702.673 704.975 2.30195
36 83 912.179 913.494 1.31482
9 56 700.824 703.125 2.30196
1 0 710.412 0 -710.412
15 57 1197.51 1197.61 0.0975389
19 77 922.937 923.039 0.102659
39 52 694.807 697.109 2.30196
45 64 1088.37 1088.47 0.0975364
20 76 706.015 708.317 2.30195
7 56 256.91 259.212 2.30195
34 83 1085.76 1085.86 0.0975381
21 71 691.857 694.159 2.30195
24 73 1139.62 1139.72 0.102657
47 69 710.925 713.227 2.30195
43 59 1076.3 1076.4 0.102657
15 57 1017.51 1017.61 0.0975389
14 63 928.398 930.7 2.30196
16 56 1084.24 1084.34 0.097539
18 76 917.837 917.94 0.102658
15 57 711.189 713.491 2.30195
13 56 922.425 922.528 0.102657
22 70 1099.84 1099.94 0.0975387
4 63 932.483 932.585 0.102658
11 57 692.161 694.463 2.30195
22 70 1069.84 1069.94 0.0975387
5 51 922.588 924.89 2.30196
7 56 1199.02 1199.11 0.0975384
34 83 1025.76 1025.87 0.102658
25 68 921.9 922.003 0.102659
39 52 466.913 469.215 2.30196
19 76 695.043 697.345 2.30196
44 66 1102.63 1102.73 0.0975369
39 57 1151.13 1151.22 0.097539
1 63 1394.09 1394.42 0.328707
16 56 915.818 915.92 0.102659
49 78 1001.7 1001.8 0.0975374
39 57 922.7 922.803 0.102659
2 63 922.657 924.959 2.30196
30 71 1147.37 1147.47 0.0975373
0 57 691.603 693.905 2.30196
27 72 469.497 471.799 2.30195
3 63 1006.84 1006.94 0.0975378
45 64 692.054 694.356 2.30195
32 53 932.976 933.078 0.102657
28 72 691.332 693.634 2.30195
17 76 1010.99 1011.08 0.0975371
42 80 1064.73 1064.83 0.102658
41 80 1015.05 1015.15 0.102658
15 57 483.295 485.597 2.30195
28 72 463.438 465.74 2.30195
3 63 700.52 702.822 2.30195
4 63 476.696 478.998 2.30195
32 53 477.189 479.491 2.30195
7 56 1019.02 1019.11 0.0975384
46 67 923.146 925.448 2.30196
21 71 1148.18 1148.27 0.0975379
24 73 1024.57 1024.75 0.174593
12 63 1192.88 1192.98 0.0975396
48 67 474.78 477.082 2.30195
38 64 472.99 475.292 2.30196
2 57 466.871 469.173 2.30195
17 76 476.773 479.074 2.30195
24 73 485.406 487.708 2.30195
21 71 463.964 466.266 2.30195
37 58 469.313 471.615 2.30196
5 56 466.802 469.104 2.30195
9 57 472.93 475.232 2.30195
47 69 1017.25 1017.35 0.102657
0 57 463.71 466.012 2.30196
40 52 474.594 476.896 2.30196
9 57 928.717 931.019 2.30195
30 71 463.161 465.463 2.30195
42 80 470.514 472.816 2.30195
14 63 472.612 474.914 2.30196
16 56 934.245 934.347 0.102659
33 58 476.384 478.686 2.30195
20 76 933.908 934.011 0.102658
3 63 928.413 928.516 0.102658
42 80 926.3 926.485 0.184834
29 72 468.905 471.207 2.30195
3 63 472.627 474.929 2.30195
22 70 475.627 477.929 2.30195
6 57 479.619 481.921 2.30196
7 56 484.803 487.105 2.30195
36 83 456.393 458.695 2.30195
31 53 459.069 461.371 2.30196
16 56 460.031 462.333 2.30196
8 62 461.007 463.309 2.30196
34 83 461.551 463.853 2.30195
18 76 462.05 464.352 2.30195
31 53 1026.72 1026.9 0.174595
11 57 464.268 466.57 2.30195
13 56 466.639 468.94 2.30195
23 67 466.97 469.272 2.30196
19 82 467.15 469.452 2.30196
25 68 466.114 468.416 2.30195
26 0 466.398 0 -466.398
10 62 465.323 467.625 2.30195
46 0 467.36 0 -467.36
49 78 467.489 469.79 2.30195
43 59 482.087 484.389 2.30195
44 66 478.419 480.721 2.30195
20 77 478.122 480.424 2.30196
41 80 480.833 483.135 2.30195
12 63 478.664 480.966 2.30196
1 62 482.519 484.821 2.30196
47 69 483.032 485.334 2.30195
28 72 1027.65 1027.75 0.097538
10 61 921.109 923.411 2.30196
39 57 1091.13 1091.22 0.097539
11 57 920.054 922.356 2.30195
18 76 1086.26 1086.36 0.0975378
45 64 919.947 920.05 0.102656
35 83 919.766 922.068 2.30195
33 58 932.171 934.473 2.30195
48 67 930.567 930.669 0.102656
21 71 919.75 919.853 0.102658
28 72 1147.65 1147.75 0.097538
47 69 1197.25 1197.35 0.102657
48 67 1158.99 1159.09 0.0975364
0 56 919.496 921.798 2.30196
18 76 966.264 966.367 0.102658
29 72 1063.12 1063.22 0.097537
31 53 975.883 976.212 0.328707
15 57 957.509 957.612 0.102659
32 53 1101.4 1101.5 0.0975366
43 59 1016.3 1016.4 0.102657
21 71 998.177 998.28 0.102658
37 58 925.099 927.401 2.30196
27 66 925.284 927.586 2.30196
29 72 924.691 924.794 0.102657
22 70 931.413 931.516 0.102659
6 57 1391.19 1391.52 0.328707
19 77 941.364 941.466 0.102659
41 80 936.62 936.805 0.184834
6 57 935.406 937.707 2.30196
47 69 938.819 939.004 0.184833
43 59 937.874 938.059 0.184833
16 56 1024.24 1024.34 0.097539
18 76 1026.26 1026.36 0.0975378
16 56 1144.24 1144.34 0.097539
13 56 1090.85 1090.95 0.0975372
49 78 1091.7 1091.8 0.0975374
41 80 1195.05 1195.14 0.0975379
1 63 938.306 940.608 2.30195
15 57 939.082 939.185 0.102659
45 64 998.374 998.472 0.0975364
7 56 940.589 940.774 0.184834
12 63 982.878 982.975 0.0975396
24 73 941.192 941.521 0.328705
18 76 936.264 936.367 0.102658
28 72 937.652 937.755 0.102658
34 83 935.764 935.867 0.102658
21 71 938.177 938.275 0.0975379
35 83 1157.82 1157.93 0.102659
45 64 938.374 938.472 0.0975364
30 71 937.374 937.477 0.102657
25 68 940.327 940.43 0.102659
32 53 981.403 981.5 0.0975366
49 78 941.702 941.805 0.102657
39 52 941.127 941.23 0.10266
13 56 940.852 940.95 0.0975372
22 70 949.84 949.943 0.102659
29 72 943.118 943.221 0.102657
42 80 944.727 944.902 0.174594
3 63 946.84 946.943 0.102658
12 63 952.878 952.981 0.10266
48 67 948.994 949.096 0.102656
32 53 951.403 951.505 0.102657
4 63 950.91 951.007 0.0975377
17 76 950.986 951.089 0.102657
47 69 957.246 957.42 0.174593
20 76 952.335 952.438 0.102658
34 83 965.764 965.867 0.102658
7 56 959.016 959.119 0.102658
44 66 952.633 952.735 0.102657
43 59 956.301 956.403 0.102657
24 73 973.734 974.063 0.328705
39 57 971.127 971.23 0.102659
45 64 968.374 968.472 0.0975364
13 56 970.852 970.95 0.0975372
25 68 970.327 970.43 0.102659
19 77 971.364 971.466 0.102659
28 72 997.652 997.749 0.097538
49 78 971.702 971.8 0.0975374
29 72 973.118 973.221 0.102657
43 59 986.301 986.403 0.102657
24 73 1006.28 1006.46 0.184833
20 76 982.335 982.438 0.102658
43 59 1046.3 1046.4 0.102657
29 72 1153.12 1153.22 0.097537
3 63 1096.84 1096.94 0.0975378
3 63 976.84 976.943 0.102658
34 83 995.764 995.867 0.102658
22 70 979.84 979.943 0.102659
48 67 978.994 979.096 0.102656
44 66 982.633 982.73 0.0975369
42 80 974.727 974.83 0.102658
15 57 987.509 987.612 0.102659
4 63 980.91 981.007 0.0975377
3 63 1156.84 1156.94 0.0975378
16 56 994.245 994.342 0.097539
30 71 997.374 997.472 0.0975373
47 69 987.246 987.42 0.174593
17 76 980.986 981.084 0.0975371
21 71 1058.18 1058.28 0.102658
41 80 985.047 985.15 0.102658
18 76 996.264 996.367 0.102658
5 56 1160.64 1160.75 0.102658
7 56 989.016 989.114 0.0975384
45 64 1028.37 1028.47 0.0975364
31 53 1008.43 1008.61 0.184835
48 67 1038.99 1039.09 0.0975364
49 78 1031.7 1031.8 0.0975374
29 72 1033.12 1033.22 0.102657
42 80 1034.73 1034.83 0.102658
39 57 1031.13 1031.22 0.097539
13 56 1030.85 1030.95 0.0975372
25 68 1030.33 1030.42 0.0975389
22 70 1039.84 1039.94 0.0975387
19 77 1031.36 1031.46 0.0975389
21 71 1028.18 1028.28 0.102658
32 53 1161.4 1161.5 0.0975366
19 77 1091.36 1091.46 0.0975389
4 63 1160.91 1161.01 0.0975377
44 66 1192.63 1192.73 0.0975369
45 64 1058.37 1058.47 0.0975364
3 63 1036.84 1036.94 0.0975378
12 63 1102.88 1102.98 0.0975396
42 80 1154.73 1154.83 0.102658
32 53 1041.4 1041.5 0.0975366
20 76 1042.34 1042.43 0.0975384
31 53 1053.28 1053.46 0.174595
12 63 1042.88 1042.98 0.0975396
4 63 1040.91 1041.01 0.102658
44 66 1042.63 1042.73 0.0975369
17 76 1040.99 1041.08 0.0975371
29 72 1093.12 1093.22 0.097537
41 80 1105.05 1105.15 0.102658
39 57 1061.13 1061.22 0.097539
48 67 1128.99 1129.09 0.0975364
19 77 1061.36 1061.46 0.0975389
43 59 1106.3 1106.4 0.0975375
47 69 1047.25 1047.34 0.0975374
7 56 1049.02 1049.11 0.0975384
13 56 1060.85 1060.95 0.0975372
16 56 1054.24 1054.34 0.097539
18 76 1056.26 1056.36 0.0975378
34 83 1055.76 1055.86 0.0975381
41 80 1045.05 1045.15 0.102658
24 73 1049.62 1049.72 0.102657
25 68 1060.33 1060.42 0.0975389
15 57 1047.51 1047.61 0.0975389
28 72 1057.65 1057.75 0.097538
30 71 1057.37 1057.47 0.0975373
31 53 1143.28 1143.38 0.0975391
18 76 1146.26 1146.36 0.0975378
47 69 1107.25 1107.34 0.0975374
21 71 1118.18 1118.27 0.0975379
7 56 1109.02 1109.11 0.0975384
18 76 1116.26 1116.36 0.0975378
24 73 1109.62 1109.72 0.102657
35 83 1147.66 1147.76 0.102659
16 56 1114.24 1114.34 0.097539
34 83 1115.76 1115.86 0.0975381
15 57 1107.51 1107.61 0.102659
31 53 1113.28 1113.38 0.0975391
11 57 1158.11 1158.21 0.102657
48 67 1188.99 1189.09 0.0975364
37 58 1163.16 1163.26 0.10266
7 56 1139.02 1139.11 0.0975384
17 76 1160.99 1161.08 0.0975371
24 73 1199.62 1199.72 0.0975369
28 72 1117.65 1117.75 0.097538
30 71 1117.37 1117.47 0.0975373
8 62 1144.69 1146.99 2.30196
13 56 1150.85 1150.95 0.0975372
0 63 1147.39 1149.69 2.30196
45 64 1118.37 1118.47 0.0975364
11 57 1147.95 1148.05 0.102657
42 80 1124.73 1124.83 0.102658
25 68 1120.33 1120.42 0.0975389
26 73 1150.08 1152.38 2.30195
13 56 1120.85 1120.95 0.0975372
19 77 1121.36 1121.46 0.0975389
23 73 1150.65 1152.95 2.30195
5 56 1150.48 1150.58 0.102658
39 57 1121.13 1121.22 0.097539
2 57 1150.55 1152.85 2.30195
37 58 1152.99 1153.09 0.10266
27 72 1153.18 1153.28 0.102657
49 78 1121.7 1121.8 0.0975374
10 61 1149 1151.3 2.30196
12 63 1132.88 1132.98 0.0975396
29 72 1123.12 1123.22 0.097537
38 57 1156.67 1156.85 0.184835
43 59 1136.3 1136.4 0.0975375
22 70 1129.84 1129.94 0.0975387
32 53 1131.4 1131.5 0.0975366
46 62 1151.04 1153.34 2.30196
44 66 1132.63 1132.73 0.0975369
9 57 1156.61 1158.91 2.30195
15 57 1137.51 1137.61 0.0975389
49 78 1151.7 1151.8 0.0975374
40 52 1158.27 1158.38 0.102659
33 58 1160.06 1160.25 0.184834
4 63 1130.91 1131.01 0.0975377
3 63 1126.84 1126.94 0.0975378
14 63 1156.29 1158.59 2.30196
47 69 1137.25 1137.35 0.102657
22 70 1159.84 1159.94 0.0975387
17 76 1130.99 1131.08 0.0975371
6 57 1163.3 1165.6 2.30196
20 76 1132.34 1132.43 0.0975384
1 63 1166.2 1168.5 2.30195
41 80 1135.05 1135.15 0.102658
20 76 1162.34 1162.43 0.0975384
12 63 1162.88 1162.98 0.0975396
35 83 1178.19 1178.3 0.102659
44 66 1162.63 1162.73 0.0975369
34 83 1175.76 1175.86 0.0975381
7 56 1169.02 1169.11 0.0975384
41 80 1165.05 1165.14 0.0975379
2 57 1378.44 1378.55 0.102658
43 59 1166.3 1166.4 0.0975375
45 64 1178.37 1178.47 0.0975364
24 73 1169.62 1169.72 0.102657
18 76 1176.26 1176.36 0.0975378
49 78 1181.7 1181.8 0.0975374
23 73 1378.54 1378.65 0.102659
17 76 1190.99 1191.08 0.0975371
32 53 1191.4 1191.5 0.0975366
28 72 1177.65 1177.75 0.097538
31 53 1173.28 1173.38 0.0975391
47 69 1167.25 1167.35 0.102657
21 71 1178.18 1178.27 0.0975379
15 57 1167.51 1167.61 0.0975389
10 62 1376.9 1377 0.102658
11 57 1178.48 1178.58 0.102657
37 58 1183.53 1183.63 0.10266
29 72 1183.12 1183.22 0.097537
5 56 1181.02 1181.11 0.0975384
19 77 1181.36 1181.46 0.0975389
38 57 1187.2 1187.38 0.174595
27 72 1183.71 1183.81 0.0975372
26 67 1377.97 1380.27 2.30196
25 68 1180.33 1180.42 0.0975389
16 56 1174.24 1174.34 0.097539
22 70 1189.84 1189.94 0.0975387
9 57 1384.5 1384.69 0.184835
46 61 1378.93 1381.23 2.30195
36 83 1172.51 1173.13 0.616451
0 56 1375.28 1377.58 2.30196
33 58 1190.6 1190.77 0.174594
43 59 1196.3 1196.4 0.0975375
39 57 1181.13 1181.22 0.097539
30 71 1177.37 1177.47 0.0975373
40 52 1188.81 1188.9 0.0975394
4 63 1190.91 1191.01 0.0975377
13 56 1180.85 1180.95 0.0975372
8 62 1372.58 1373.2 0.616451
3 63 1186.84 1186.94 0.0975378
14 63 1384.18 1384.51 0.328707
42 80 1184.73 1184.83 0.102658
