17 97 0.616872 2.91883 2.30195
44 60 1.32698 3.62893 2.30195
5 88 4.55383 6.85578 2.30195
2 97 3.21334 5.5153 2.30195
26 90 4.11467 6.41662 2.30196
10 89 1.53024 3.83219 2.30195
1 97 927.521 927.623 0.102658
48 100 457.787 460.089 2.30196
39 69 1.80436 4.10631 2.30195
45 93 957.832 957.934 0.102657
48 100 2.00019 4.30214 2.30196
1 97 471.734 474.036 2.30195
58 94 2.1122 4.41415 2.30195
29 104 1177.24 1177.33 0.0975361
29 104 7.23731 9.53927 2.30195
20 88 7.18927 9.49122 2.30195
11 97 7.69974 10.0017 2.30195
22 90 8.30164 10.6036 2.30195
47 84 5.49509 7.79705 2.30195
9 97 5.55114 7.85309 2.30195
57 71 7.94735 10.2493 2.30195
6 98 477.249 479.551 2.30195
13 88 473.337 475.639 2.30195
41 68 933.583 933.768 0.184835
35 96 1078.63 1078.73 0.102659
58 94 1052.11 1052.21 0.0975385
1 97 1005.95 1006.05 0.0975377
15 98 470.126 472.428 2.30195
53 86 467.887 470.189 2.30195
8 89 470.998 473.3 2.30195
59 73 1188.94 1189.04 0.0975372
18 96 1068.55 1068.65 0.0975373
50 80 1016.34 1016.51 0.174593
20 88 462.976 465.278 2.30195
51 88 467.915 470.217 2.30195
19 88 471.599 473.901 2.30196
30 0 467.957 0 -467.957
49 100 8.9456 11.2476 2.30195
52 76 468.946 471.248 2.30196
54 67 1122.12 1122.21 0.0975372
12 98 11.962 14.264 2.30195
53 86 12.1003 14.4023 2.30195
54 67 12.1156 14.4175 2.30195
36 0 11.8856 0 -11.8856
14 0 468.869 0 -468.869
18 96 474.337 476.639 2.30195
44 60 457.113 459.415 2.30195
46 92 483.988 486.29 2.30195
10 89 991.53 991.633 0.102657
51 88 12.1282 14.4302 2.30195
45 93 939.405 939.507 0.102657
30 0 12.1707 0 -12.1707
0 0 12.2199 0 -12.2199
16 96 1070.68 1070.78 0.0975377
52 76 13.1592 15.4612 2.30196
34 0 13.221 0 -13.221
25 0 13.7326 0 -13.7326
31 0 13.4345 0 -13.4345
14 0 13.0823 0 -13.0823
38 96 12.5874 14.8893 2.30196
29 104 463.024 465.326 2.30195
25 0 469.519 0 -469.519
59 73 948.939 949.114 0.174593
57 71 997.947 998.122 0.174595
15 0 14.3398 0 -14.3398
37 104 934.131 934.233 0.102657
8 88 15.2111 17.5131 2.30195
19 0 15.8128 0 -15.8128
42 69 17.1907 19.4927 2.30195
44 60 961.327 961.43 0.102657
33 104 16.4935 18.7954 2.30195
1 97 15.9478 18.2497 2.30195
11 97 1057.7 1057.8 0.0975369
38 0 468.374 0 -468.374
15 98 1381.7 1381.8 0.102659
42 69 1007.19 1007.29 0.102659
40 68 18.4869 20.7889 2.30195
13 88 17.5504 19.8523 2.30195
28 95 478.023 480.325 2.30195
18 96 18.5505 20.8525 2.30195
59 73 18.9394 21.2413 2.30195
35 96 940.201 940.303 0.102659
4 88 19.6037 21.9056 2.30195
34 0 469.008 0 -469.008
46 92 1078.2 1078.3 0.0975382
16 96 20.6832 22.9851 2.30195
41 68 22.0103 24.3122 2.30195
6 98 21.4629 23.7649 2.30195
27 88 22.9508 25.2528 2.30195
28 95 22.2369 24.5389 2.30195
37 104 22.5578 24.8598 2.30195
44 60 931.327 931.43 0.102657
50 80 482.123 484.425 2.30195
32 104 481.306 483.608 2.30195
7 97 27.3406 29.6426 2.30195
3 97 23.1954 25.4974 2.30195
55 89 23.0984 25.4003 2.30195
47 84 461.282 463.584 2.30195
45 93 27.8318 30.1337 2.30195
11 97 997.7 997.802 0.102657
10 89 931.53 931.633 0.102657
18 96 948.551 948.653 0.102657
23 97 24.9959 27.2978 2.30195
21 89 24.1263 26.4282 2.30195
27 88 478.737 481.039 2.30195
46 92 28.2015 30.5034 2.30195
50 80 26.3365 28.6385 2.30195
32 104 25.5195 27.8214 2.30195
37 104 478.344 480.646 2.30195
21 88 479.913 482.215 2.30196
27 88 1012.95 1013.05 0.102658
8 89 1005.21 1005.31 0.0975383
24 96 484.275 486.577 2.30195
42 69 472.977 475.279 2.30195
17 97 1080.62 1080.71 0.0975379
24 96 28.4887 30.7906 2.30195
35 96 28.6277 30.9297 2.30195
7 97 483.127 485.429 2.30195
26 89 459.901 462.203 2.30195
2 97 459 461.302 2.30195
58 94 457.899 460.201 2.30195
5 89 460.34 462.642 2.30195
43 61 29.9666 32.2686 2.30195
56 83 29.7567 32.0587 2.30195
49 100 464.732 467.034 2.30195
3 97 478.982 481.284 2.30195
22 90 464.088 466.39 2.30195
45 93 255.725 258.027 2.30195
16 96 248.576 250.878 2.30195
16 96 476.47 478.772 2.30195
12 98 467.749 470.05 2.30195
27 88 250.844 253.146 2.30195
59 73 246.833 249.135 2.30195
57 71 463.734 466.036 2.30195
10 89 457.317 459.619 2.30195
18 96 246.444 248.746 2.30195
4 88 247.497 249.799 2.30195
37 104 250.451 252.753 2.30195
55 90 478.885 481.187 2.30196
17 97 228.51 230.812 2.30195
44 60 229.22 231.522 2.30195
10 89 229.423 231.725 2.30195
39 69 229.698 232 2.30195
48 100 229.893 232.195 2.30196
58 94 230.005 232.307 2.30195
2 97 231.107 233.409 2.30195
26 89 232.008 234.31 2.30195
5 89 232.447 234.749 2.30195
47 84 233.388 235.69 2.30195
9 97 233.444 235.746 2.30195
20 88 235.083 237.384 2.30195
29 104 235.131 237.433 2.30195
11 97 235.593 237.895 2.30195
57 71 235.841 238.143 2.30195
22 90 236.195 238.497 2.30195
49 100 236.839 239.141 2.30195
36 0 239.779 0 -239.779
12 98 239.855 242.157 2.30195
53 86 239.994 242.296 2.30195
54 67 240.009 242.311 2.30195
51 88 240.021 242.323 2.30195
30 0 240.064 0 -240.064
0 0 240.113 0 -240.113
38 104 240.481 242.783 2.30195
14 0 240.976 0 -240.976
52 0 241.052 0 -241.052
34 0 241.114 0 -241.114
31 0 241.328 0 -241.328
25 0 241.626 0 -241.626
15 0 242.233 0 -242.233
8 89 243.104 245.406 2.30195
19 96 243.706 246.008 2.30196
1 97 243.841 246.143 2.30195
33 104 244.387 246.689 2.30195
42 69 245.084 247.386 2.30195
13 88 245.444 247.746 2.30195
40 68 246.38 248.682 2.30195
17 97 456.403 458.705 2.30195
40 68 474.273 476.575 2.30195
23 97 1135 1135.09 0.0975375
31 0 469.221 0 -469.221
59 73 474.726 477.028 2.30195
43 61 485.753 488.055 2.30195
1 97 945.948 946.045 0.0975377
42 69 947.191 947.288 0.0975385
45 93 483.618 485.92 2.30195
56 83 941.33 941.658 0.328707
41 68 477.797 480.099 2.30195
6 98 249.356 251.658 2.30195
3 97 934.768 937.07 2.30195
43 61 989.967 990.069 0.102659
55 89 250.992 253.294 2.30195
41 68 249.904 252.205 2.30195
28 95 250.13 252.432 2.30195
35 96 484.414 486.716 2.30195
3 97 251.089 253.391 2.30195
21 89 252.02 254.321 2.30195
12 98 1181.96 1182.06 0.097538
39 69 457.591 459.893 2.30195
33 104 472.28 474.582 2.30195
28 95 952.237 952.34 0.102658
28 95 933.81 933.913 0.102658
32 104 253.413 255.715 2.30195
23 97 252.889 255.191 2.30195
44 60 991.327 991.43 0.102657
11 97 463.486 465.788 2.30195
50 80 254.23 256.532 2.30195
24 97 256.382 258.684 2.30195
7 97 255.234 257.536 2.30195
7 97 938.914 941.216 2.30195
41 68 952.01 952.113 0.102659
23 97 480.782 483.084 2.30195
35 104 256.521 258.823 2.30196
46 92 256.095 258.397 2.30195
23 97 936.569 936.672 0.102658
43 61 257.86 260.162 2.30195
56 83 257.65 259.952 2.30195
27 88 952.951 953.053 0.102658
13 88 929.123 931.425 2.30195
53 86 1062.1 1062.2 0.102658
58 94 992.112 992.215 0.102658
7 97 1166.81 1167.14 0.328706
17 97 960.617 960.72 0.102658
4 89 931.177 933.479 2.30196
51 88 942.128 942.231 0.102658
36 0 467.672 0 -467.672
48 100 992 992.103 0.102659
40 68 1068.49 1068.59 0.102657
9 0 461.338 0 -461.338
40 68 930.06 930.245 0.184833
53 86 1002.1 1002.2 0.102658
59 73 1008.94 1009.04 0.102657
4 88 475.39 477.692 2.30195
0 89 468.006 470.308 2.30196
54 67 467.902 470.204 2.30195
56 83 485.543 487.845 2.30195
19 89 1155.28 1157.58 2.30196
54 67 942.116 942.218 0.102657
10 89 961.53 961.633 0.102657
18 96 930.124 930.226 0.102657
35 96 958.628 958.725 0.0975388
40 68 948.487 948.59 0.102657
50 80 710.016 712.318 2.30195
43 61 941.54 941.724 0.184835
16 96 950.683 950.786 0.102658
2 97 1370.57 1370.68 0.102657
18 96 1008.55 1008.65 0.0975373
32 103 937.092 939.394 2.30196
32 103 709.199 711.501 2.30196
46 92 711.881 714.183 2.30195
7 97 711.02 713.322 2.30195
46 92 939.774 939.877 0.102658
23 97 708.676 710.978 2.30195
19 0 927.386 0 -927.386
45 93 711.512 713.813 2.30195
38 104 924.16 926.462 2.30195
56 83 713.436 715.738 2.30195
27 88 934.524 934.626 0.102658
8 89 945.211 945.314 0.102658
17 97 684.297 686.599 2.30195
44 60 685.007 687.309 2.30195
10 89 685.21 687.512 2.30195
39 69 685.484 687.786 2.30195
48 100 685.68 687.982 2.30196
58 94 685.792 688.094 2.30195
2 96 686.893 689.195 2.30196
26 90 687.794 690.096 2.30196
5 88 688.234 690.536 2.30195
47 101 689.175 691.477 2.30196
9 97 689.231 691.533 2.30195
20 89 690.869 693.171 2.30196
29 104 690.917 693.219 2.30195
11 97 691.379 693.681 2.30195
57 71 691.627 693.929 2.30195
22 91 691.981 694.283 2.30196
49 100 692.625 694.927 2.30195
36 95 695.565 697.867 2.30196
12 98 695.642 697.944 2.30195
53 86 695.78 698.082 2.30195
54 67 695.795 698.097 2.30195
51 88 695.808 698.11 2.30195
30 0 695.85 0 -695.85
0 0 695.9 0 -695.9
38 104 696.267 698.569 2.30195
14 90 696.762 699.064 2.30195
52 0 696.839 0 -696.839
34 0 696.901 0 -696.901
31 104 697.114 699.416 2.30196
25 0 697.412 0 -697.412
15 90 698.019 700.321 2.30196
8 89 698.891 701.193 2.30195
19 96 699.493 701.794 2.30196
1 97 699.628 701.929 2.30195
33 104 700.173 702.475 2.30195
42 69 700.87 703.172 2.30195
13 88 701.23 703.532 2.30195
40 68 702.167 704.469 2.30195
18 96 702.23 704.532 2.30195
59 73 702.619 704.921 2.30195
4 88 703.283 705.585 2.30195
16 105 704.363 706.665 2.30196
6 98 705.143 707.445 2.30195
41 60 705.69 707.992 2.30196
28 95 705.917 708.219 2.30195
37 104 706.238 708.54 2.30195
27 88 706.631 708.933 2.30195
55 89 706.778 709.08 2.30195
3 0 706.875 0 -706.875
21 89 707.806 710.108 2.30195
29 104 1057.24 1057.33 0.0975361
37 104 952.558 952.66 0.102657
40 68 1188.49 1188.59 0.102657
55 89 1013.1 1013.2 0.097538
46 92 958.201 958.304 0.102658
39 69 991.804 991.902 0.0975389
43 61 959.967 960.069 0.102659
15 98 925.913 928.215 2.30195
43 61 713.646 715.948 2.30195
24 96 712.168 714.47 2.30195
56 83 973.871 974.056 0.184835
17 97 930.617 930.72 0.102658
28 95 1012.24 1012.34 0.102658
17 97 990.617 990.72 0.102658
27 88 1162.95 1163.05 0.0975375
56 83 992.17 992.344 0.174595
6 98 933.036 935.338 2.30195
12 98 941.962 942.065 0.102658
34 103 924.794 927.096 2.30195
55 89 953.098 953.201 0.102658
58 94 932.112 932.215 0.102658
29 104 997.237 997.335 0.0975361
53 86 942.1 942.198 0.0975375
35 96 712.307 714.609 2.30195
33 103 928.066 930.368 2.30196
8 88 926.784 926.887 0.102658
42 69 928.764 928.866 0.102659
5 89 994.554 994.651 0.0975386
28 95 982.237 982.34 0.102658
59 73 930.512 930.697 0.184833
31 103 925.007 927.309 2.30195
48 100 932 932.103 0.102659
53 86 923.673 923.776 0.102658
20 88 918.762 918.865 0.102659
9 0 917.124 0 -917.124
47 84 917.068 919.37 2.30195
22 89 919.875 922.177 2.30196
57 71 919.52 919.705 0.184835
11 97 919.273 919.375 0.102657
29 104 918.81 918.913 0.102656
12 98 923.535 923.638 0.102658
36 95 923.459 925.761 2.30196
49 100 920.519 920.621 0.102658
30 96 923.744 926.046 2.30195
51 88 923.701 923.804 0.102658
54 67 923.689 923.791 0.102657
20 88 997.189 997.287 0.0975387
24 96 940.062 942.364 2.30195
57 71 937.947 938.122 0.174595
5 89 1174.55 1174.65 0.0975386
23 97 954.996 955.099 0.102658
5 89 916.127 916.229 0.102659
26 89 915.688 917.99 2.30195
2 97 914.786 917.088 2.30195
58 94 913.685 913.788 0.102658
48 100 913.573 913.676 0.102659
39 69 913.377 913.48 0.102659
10 89 913.103 913.288 0.184833
44 60 912.9 913.003 0.102657
17 97 912.19 912.293 0.102658
16 96 1130.68 1130.78 0.0975377
52 86 924.732 927.034 2.30195
39 69 931.804 931.902 0.0975389
49 100 998.946 999.043 0.0975378
0 0 923.793 0 -923.793
16 96 932.256 932.359 0.102658
50 80 937.91 938.238 0.328705
14 89 924.655 926.957 2.30195
25 89 925.306 927.608 2.30195
55 89 934.671 934.774 0.102658
21 88 935.699 938.001 2.30196
39 69 1051.8 1051.91 0.102659
5 89 934.554 934.651 0.0975386
10 89 1051.53 1051.63 0.0975375
50 80 970.451 970.636 0.184833
51 88 1002.13 1002.23 0.0975379
13 88 1384.91 1385.01 0.102658
4 88 1159.07 1159.17 0.102658
11 97 1147.7 1147.8 0.0975369
40 68 1008.49 1008.58 0.0975371
59 73 1128.94 1129.04 0.0975372
30 0 1379.53 0 -1379.53
37 104 1012.56 1012.66 0.0975368
16 96 1010.68 1010.78 0.0975377
11 97 937.7 937.802 0.102657
46 92 988.201 988.299 0.0975382
51 88 1182.13 1182.23 0.0975379
57 71 1057.95 1058.12 0.174595
41 68 982.01 982.108 0.0975386
29 103 937.237 937.335 0.0975404
20 88 937.189 937.287 0.0975387
35 96 1018.63 1018.73 0.0975388
49 100 938.946 939.048 0.102658
54 67 1002.12 1002.22 0.102657
5 89 964.554 964.656 0.102659
11 97 967.7 967.802 0.102657
58 94 962.112 962.215 0.102658
39 69 961.804 961.902 0.0975389
48 100 962 962.103 0.102659
12 98 1001.96 1002.06 0.097538
58 94 1172.11 1172.21 0.0975385
23 97 1015 1015.09 0.0975375
43 61 1019.97 1020.07 0.102659
5 89 1144.55 1144.65 0.0975386
57 71 967.947 968.122 0.174595
41 68 1012.01 1012.11 0.102659
20 88 967.189 967.287 0.0975387
29 104 967.237 967.335 0.0975361
31 103 1380.79 1383.1 2.30195
27 88 1072.95 1073.05 0.0975375
50 80 1076.34 1076.51 0.174593
49 100 1058.95 1059.04 0.0975378
27 88 1132.95 1133.05 0.0975375
21 89 1163.59 1163.7 0.102658
44 60 1051.33 1051.42 0.0975374
18 96 1128.55 1128.65 0.0975373
46 92 1018.2 1018.3 0.0975382
10 89 1021.53 1021.63 0.0975375
44 60 1141.33 1141.42 0.0975374
52 86 1380.52 1380.7 0.184834
40 68 978.487 978.584 0.0975371
53 86 972.1 972.203 0.102658
51 88 972.128 972.231 0.102658
27 88 982.951 983.048 0.0975375
54 67 1152.12 1152.21 0.0975372
54 67 972.116 972.218 0.102657
35 96 988.628 988.725 0.0975388
49 100 968.946 969.048 0.102658
1 97 975.948 976.045 0.0975377
18 96 1038.55 1038.65 0.0975373
8 89 975.211 975.309 0.0975383
45 93 987.832 987.929 0.0975369
16 96 980.683 980.781 0.0975377
59 73 978.939 979.114 0.174593
23 97 984.996 985.099 0.102658
45 93 1137.83 1137.93 0.0975369
54 67 1062.12 1062.21 0.0975372
59 73 1068.94 1069.04 0.0975372
50 80 1136.34 1136.51 0.174593
12 98 971.962 972.065 0.102658
18 96 978.551 978.648 0.0975373
42 69 977.191 977.288 0.0975385
37 104 982.558 982.655 0.0975368
55 89 983.098 983.201 0.102658
17 97 1020.62 1020.72 0.102658
50 80 988.75 988.924 0.174593
57 71 1177.95 1178.12 0.174595
45 93 1017.83 1017.93 0.0975369
55 89 1073.1 1073.2 0.097538
24 96 1167.95 1168.14 0.184835
48 100 1022 1022.1 0.102659
56 83 1019.76 1019.86 0.102659
10 89 1081.53 1081.63 0.0975375
44 60 1081.33 1081.42 0.0975374
41 68 1072.01 1072.11 0.102659
1 97 1065.95 1066.05 0.0975377
43 61 1139.97 1140.06 0.0975386
47 84 1177.5 1177.69 0.184834
48 100 1082 1082.1 0.0975392
37 104 1072.56 1072.66 0.0975368
44 60 1021.33 1021.43 0.102657
39 69 1021.8 1021.91 0.102659
12 98 1061.96 1062.06 0.097538
34 0 1380.58 0 -1380.58
56 83 1139.76 1139.86 0.102659
28 95 1132.24 1132.33 0.0975379
58 94 1022.11 1022.21 0.0975385
39 69 1171.8 1171.91 0.102659
58 94 1082.11 1082.21 0.0975385
42 69 1067.19 1067.29 0.102659
34 103 1152.69 1154.99 2.30195
46 92 1168.2 1168.3 0.0975382
51 88 1062.13 1062.23 0.0975379
49 100 1028.95 1029.04 0.0975378
51 88 1032.13 1032.23 0.0975379
11 97 1027.7 1027.8 0.0975369
54 67 1032.12 1032.21 0.0975372
5 89 1024.55 1024.65 0.0975386
12 98 1031.96 1032.06 0.097538
48 100 1052 1052.1 0.102659
42 69 1037.19 1037.29 0.102659
29 104 1027.24 1027.33 0.0975361
20 88 1027.19 1027.29 0.0975387
57 71 1027.95 1028.12 0.174595
28 95 1192.24 1192.33 0.0975379
43 61 1079.97 1080.07 0.102659
56 83 1079.76 1079.85 0.0975389
39 69 1081.8 1081.91 0.102659
28 95 1072.24 1072.33 0.0975379
6 98 1160.93 1161.11 0.184833
55 89 1133.1 1133.2 0.097538
20 88 1057.19 1057.29 0.0975387
35 96 1138.63 1138.73 0.102659
28 95 1042.24 1042.33 0.0975379
57 71 1147.95 1148.12 0.174595
41 68 1042.01 1042.11 0.102659
53 86 1032.1 1032.2 0.102658
45 93 1077.83 1077.93 0.0975369
50 80 1046.34 1046.51 0.174593
8 89 1035.21 1035.31 0.0975383
59 73 1038.94 1039.04 0.0975372
27 88 1042.95 1043.05 0.0975375
37 104 1042.56 1042.66 0.0975368
55 89 1043.1 1043.2 0.097538
46 92 1048.2 1048.3 0.0975382
43 61 1049.97 1050.07 0.102659
40 68 1038.49 1038.59 0.102657
35 96 1048.63 1048.73 0.0975388
1 97 1035.95 1036.05 0.0975377
5 89 1054.55 1054.65 0.0975386
23 97 1075 1075.09 0.0975375
29 104 1147.24 1147.33 0.0975361
8 89 1065.21 1065.31 0.0975383
41 68 1192.01 1192.11 0.0975386
44 60 1171.33 1171.42 0.0975374
23 97 1045 1045.09 0.0975375
17 97 1050.62 1050.71 0.0975379
16 96 1040.68 1040.78 0.0975377
45 93 1047.83 1047.93 0.0975369
56 83 1049.76 1049.85 0.0975389
54 67 1092.12 1092.21 0.0975372
49 100 1088.95 1089.04 0.0975378
12 98 1091.96 1092.06 0.097538
51 88 1092.13 1092.23 0.0975379
5 89 1084.55 1084.65 0.0975386
57 71 1087.95 1088.12 0.174595
11 97 1087.7 1087.8 0.0975369
29 104 1087.24 1087.33 0.0975361
53 86 1182.1 1182.2 0.0975375
53 86 1092.1 1092.2 0.102658
20 88 1087.19 1087.29 0.102659
46 92 1138.2 1138.3 0.0975382
14 89 1380.44 1382.74 2.30195
1 97 1185.95 1186.05 0.0975377
8 89 1185.21 1185.31 0.0975383
17 97 1170.62 1170.71 0.0975379
33 104 1186.49 1186.6 0.102659
39 69 1141.8 1141.91 0.102659
8 89 1095.21 1095.31 0.0975383
2 97 1142.68 1144.98 2.30195
42 69 1097.19 1097.29 0.102659
55 89 1103.1 1103.2 0.097538
41 68 1102.01 1102.11 0.102659
59 73 1098.94 1099.04 0.0975372
1 97 1095.95 1096.05 0.0975377
27 88 1102.95 1103.05 0.0975375
11 97 1117.7 1117.8 0.0975369
32 104 1164.99 1165.17 0.184834
26 89 1371.47 1371.58 0.102659
37 104 1102.56 1102.66 0.0975368
28 95 1102.24 1102.33 0.0975379
38 104 1152.05 1152.16 0.102659
39 69 1111.8 1111.91 0.102659
3 97 1162.66 1162.76 0.102657
48 100 1112 1112.1 0.0975392
18 96 1098.55 1098.65 0.0975373
40 68 1098.49 1098.59 0.102657
58 94 1142.11 1142.21 0.0975385
19 88 1383.17 1385.47 2.30196
4 88 1189.6 1189.71 0.102658
20 88 1177.19 1177.29 0.0975387
17 97 1110.62 1110.71 0.0975379
29 104 1117.24 1117.33 0.0975361
20 88 1147.19 1147.29 0.102659
36 0 1379.25 0 -1379.25
42 69 1187.19 1187.29 0.0975385
43 61 1109.97 1110.07 0.102659
35 96 1108.63 1108.73 0.102659
10 89 1111.53 1111.63 0.0975375
50 80 1106.34 1106.51 0.174593
23 97 1105 1105.09 0.0975375
35 96 1168.63 1168.73 0.102659
14 89 1152.55 1154.85 2.30195
37 104 1132.56 1132.66 0.0975368
51 88 1122.13 1122.23 0.0975379
49 100 1118.95 1119.04 0.0975378
53 86 1122.1 1122.2 0.0975375
58 94 1112.11 1112.21 0.0975385
47 84 1144.96 1145.29 0.328706
46 92 1108.2 1108.3 0.0975382
9 96 1145.02 1147.32 2.30196
56 83 1109.76 1109.86 0.102659
57 71 1117.95 1118.12 0.174595
0 0 1151.69 0 -1151.69
16 96 1100.68 1100.78 0.0975377
10 89 1141.53 1141.63 0.0975375
0 89 1379.58 1381.88 2.30196
18 96 1188.55 1188.65 0.0975373
40 68 1128.49 1128.59 0.102657
16 96 1160.68 1160.78 0.0975377
44 60 1111.33 1111.42 0.0975374
1 97 1125.95 1126.05 0.0975377
5 89 1114.55 1114.65 0.0975386
26 89 1143.58 1145.88 2.30195
36 95 1151.35 1153.65 2.30196
12 98 1121.96 1122.06 0.097538
13 88 1157.02 1159.32 2.30195
31 103 1152.9 1155.2 2.30195
52 86 1152.63 1154.93 2.30195
41 68 1132.01 1132.11 0.102659
42 69 1127.19 1127.29 0.102659
30 96 1151.64 1153.94 2.30195
17 97 1140.62 1140.71 0.0975379
48 100 1142 1142.1 0.0975392
25 89 1153.2 1155.5 2.30195
45 93 1107.83 1107.93 0.0975369
20 88 1117.19 1117.29 0.0975387
33 104 1155.96 1156.06 0.102659
22 90 1147.77 1150.07 2.30195
15 98 1153.81 1156.11 2.30195
8 89 1125.21 1125.31 0.0975383
49 100 1148.95 1149.04 0.0975378
53 86 1152.1 1152.2 0.0975375
12 98 1151.96 1152.06 0.097538
51 88 1152.13 1152.23 0.0975379
6 98 1191.46 1191.64 0.174593
11 97 1177.7 1177.8 0.0975369
9 97 1372.91 1375.21 2.30195
25 89 1381.09 1383.39 2.30195
10 89 1171.53 1171.63 0.0975375
43 61 1169.97 1170.06 0.0975386
38 104 1182.59 1182.68 0.0975389
38 104 1162.22 1162.32 0.102659
56 83 1169.76 1169.86 0.102659
1 97 1155.95 1156.05 0.0975377
8 89 1155.21 1155.31 0.0975383
54 67 1182.12 1182.21 0.0975372
48 100 1172 1172.1 0.0975392
45 93 1167.83 1167.93 0.0975369
49 100 1178.95 1179.04 0.0975378
42 69 1157.19 1157.29 0.102659
59 73 1158.94 1159.04 0.0975372
33 104 1166.12 1166.23 0.102659
55 89 1163.1 1163.2 0.097538
37 104 1162.56 1162.66 0.0975368
40 68 1158.49 1158.59 0.102657
18 96 1158.55 1158.65 0.0975373
4 88 1169.23 1169.34 0.102658
16 96 1190.68 1190.78 0.0975377
50 80 1166.34 1166.51 0.174593
22 90 1375.66 1375.85 0.184835
41 68 1162.01 1162.11 0.102659
28 95 1162.24 1162.33 0.0975379
21 89 1173.76 1173.86 0.102658
23 97 1165 1165.09 0.0975375
37 104 1192.56 1192.66 0.0975368
50 80 1196.34 1196.51 0.174593
55 89 1193.1 1193.2 0.097538
3 97 1193.2 1193.29 0.0975366
32 104 1195.52 1195.69 0.174594
7 97 1199.35 1199.45 0.102658
23 97 1195 1195.09 0.0975375
27 88 1192.95 1193.05 0.0975375
21 89 1194.13 1194.23 0.102658
43 61 1199.97 1200.06 0.0975386
56 83 1199.76 1199.86 0.102659
35 96 1198.63 1198.73 0.0975388
24 96 1198.49 1198.66 0.174595
46 92 1198.2 1198.3 0.0975382
45 93 1197.83 1197.93 0.0975369
