7 0 0.510094 0 -0.510094
18 53 1.41577 3.71772 2.30195
16 58 685.78 688.082 2.30195
9 58 5.36423 7.66619 2.30196
30 54 3.85687 6.15883 2.30196
10 0 1.75308 0 -1.75308
1 58 1087.18 1087.28 0.0975383
7 0 1139.98 0 -1139.98
33 47 1139.98 1140.07 0.097539
16 58 2.10003 4.40198 2.30195
27 50 1095.4 1095.49 0.0975399
3 61 2.56699 4.86895 2.30196
38 40 8.13479 10.4367 2.30195
1 58 7.18496 9.48692 2.30195
14 53 9.95805 12.26 2.30195
34 60 8.93051 11.2325 2.30196
11 0 7.57945 0 -7.57945
6 53 8.38449 10.6864 2.30196
28 61 7.08437 9.38632 2.30195
25 46 1119.12 1119.45 0.328708
11 53 691.259 693.561 2.30196
13 53 1195.29 1195.39 0.097539
8 58 1132.88 1132.98 0.0975385
22 47 1161.48 1161.81 0.328708
26 50 704.85 707.152 2.30196
33 57 1109.98 1110.08 0.102663
18 53 1111.42 1111.52 0.102659
9 0 689.044 0 -689.044
4 58 10.9776 13.2796 2.30196
36 43 13.1835 15.4855 2.30195
27 50 15.3967 17.6987 2.30196
12 52 13.9651 16.2671 2.30196
23 57 15.2531 17.5551 2.30195
25 46 16.3554 18.6574 2.30196
5 53 15.8916 18.1936 2.30195
25 46 1054.04 1054.37 0.328708
17 53 705.786 708.088 2.30195
34 60 1088.93 1089.11 0.174597
18 53 685.096 687.397 2.30195
34 60 692.61 694.912 2.30196
35 60 701.438 703.74 2.30195
21 47 16.7861 19.088 2.30196
26 50 21.1706 23.4726 2.30196
35 60 17.7579 20.0599 2.30195
22 0 22.0124 0 -22.0124
24 50 21.3051 23.6071 2.30196
17 0 22.1063 0 -22.1063
8 58 22.8784 25.1803 2.30195
31 61 22.2052 24.5071 2.30195
20 57 22.3607 24.6627 2.30195
13 53 1045.29 1045.39 0.102659
34 60 985.587 985.916 0.328709
15 53 1175.96 1176.07 0.102658
2 53 24.0197 26.3217 2.30195
15 53 26.3343 28.6363 2.30195
37 42 24.6194 26.9213 2.30195
13 58 25.2893 27.5913 2.30196
20 57 1162.36 1162.46 0.0975387
32 47 713.649 715.951 2.30195
2 53 1163.49 1165.79 2.30195
31 61 705.885 708.187 2.30195
21 47 700.466 702.768 2.30196
7 0 684.19 0 -684.19
29 61 27.305 29.6069 2.30196
19 57 27.0328 29.3348 2.30196
23 57 1095.25 1095.35 0.0975383
23 57 1035.25 1035.35 0.0975383
14 53 1119.96 1120.06 0.102657
27 50 1125.4 1125.49 0.0975399
25 46 700.035 702.337 2.30196
32 47 29.9693 32.2713 2.30195
33 46 29.9766 32.2786 2.30196
39 49 29.9716 32.2735 2.30195
0 58 29.6103 31.9123 2.30195
6 53 1118.38 1118.48 0.0975394
0 58 257.504 259.806 2.30195
38 40 463.921 466.223 2.30195
39 49 257.865 260.167 2.30195
33 46 257.87 260.172 2.30196
0 58 713.29 715.592 2.30195
15 53 254.228 256.53 2.30195
19 57 254.926 257.228 2.30196
38 40 1118.13 1118.24 0.102659
13 53 253.183 255.485 2.30196
29 61 255.198 257.5 2.30196
32 47 257.863 260.165 2.30195
24 0 477.092 0 -477.092
39 49 713.651 715.953 2.30195
6 52 464.171 466.473 2.30196
7 53 228.403 230.705 2.30196
18 53 229.309 231.611 2.30195
10 0 229.646 0 -229.646
16 58 229.993 232.295 2.30195
3 0 230.46 0 -230.46
30 54 231.75 234.052 2.30196
9 52 233.257 235.559 2.30196
28 61 234.978 237.28 2.30195
1 58 235.078 237.38 2.30195
11 0 235.473 0 -235.473
38 40 236.028 238.33 2.30195
6 53 236.278 238.58 2.30196
34 60 236.824 239.126 2.30196
14 53 237.851 240.153 2.30195
4 58 238.871 241.173 2.30196
36 43 241.077 243.379 2.30195
12 53 241.858 244.16 2.30196
23 57 243.146 245.448 2.30195
27 50 243.29 245.592 2.30196
5 53 243.785 246.087 2.30195
25 46 244.249 246.551 2.30196
21 47 244.679 246.981 2.30196
35 60 245.651 247.953 2.30195
5 53 699.571 701.873 2.30195
8 58 706.558 708.86 2.30195
8 58 250.772 253.074 2.30195
24 0 249.198 0 -249.198
26 0 249.064 0 -249.064
17 58 250 252.301 2.30196
22 47 249.906 252.208 2.30196
31 61 250.098 252.4 2.30195
20 57 250.254 252.556 2.30195
2 53 251.913 254.215 2.30195
27 50 699.076 701.378 2.30196
37 42 252.513 254.815 2.30195
23 57 698.933 701.235 2.30195
12 53 697.645 699.947 2.30196
1 58 690.865 693.167 2.30195
36 43 696.863 699.165 2.30195
7 53 1367.87 1370.17 2.30196
0 58 1109.61 1109.71 0.102658
0 58 1139.61 1139.71 0.102658
30 54 687.537 689.839 2.30196
6 53 1088.38 1088.48 0.0975394
8 58 952.878 952.981 0.102659
6 53 692.064 694.366 2.30196
4 48 694.657 696.959 2.30196
24 0 1160.77 0 -1160.77
8 58 478.665 480.967 2.30195
24 50 932.878 935.18 2.30196
20 57 1102.36 1102.46 0.0975387
32 47 959.969 960.072 0.102658
2 53 707.699 710.001 2.30195
28 61 1087.08 1087.18 0.0975369
34 60 1148.93 1149.11 0.174597
17 58 933.679 935.981 2.30196
20 57 706.04 708.342 2.30195
22 47 705.692 707.994 2.30196
24 50 704.985 707.287 2.30196
28 61 690.764 693.066 2.30195
38 40 691.815 694.116 2.30195
34 60 464.717 467.019 2.30196
11 0 463.366 0 -463.366
32 47 485.756 488.058 2.30195
29 61 483.091 485.393 2.30196
0 58 485.397 487.699 2.30195
14 53 465.745 468.046 2.30195
5 53 471.678 473.98 2.30195
14 53 1029.96 1030.06 0.102657
2 53 479.806 482.108 2.30195
1 58 462.971 465.273 2.30195
20 57 478.147 480.449 2.30195
17 53 477.893 480.195 2.30195
28 61 462.871 465.173 2.30195
23 57 471.04 473.342 2.30195
26 0 476.957 0 -476.957
36 43 1123.18 1123.28 0.0975365
37 42 480.406 482.708 2.30195
7 52 456.297 458.599 2.30196
18 53 457.202 459.504 2.30195
10 53 457.54 459.842 2.30195
16 58 457.887 460.188 2.30195
3 53 458.353 460.655 2.30195
30 54 459.643 461.945 2.30196
9 53 461.151 463.453 2.30196
21 47 472.573 474.875 2.30196
37 42 1164.09 1164.7 0.616451
0 58 959.61 959.785 0.174594
13 53 1105.29 1105.39 0.102659
10 53 685.433 687.735 2.30195
14 53 693.638 695.94 2.30195
36 43 468.97 471.272 2.30195
4 58 466.764 469.066 2.30196
33 47 959.977 960.151 0.174595
21 47 946.786 946.889 0.10266
25 46 472.142 474.444 2.30196
12 52 469.752 472.054 2.30196
30 0 1143.32 0 -1143.32
11 53 1147.05 1149.35 2.30196
27 50 471.183 473.485 2.30196
19 57 1107.03 1107.13 0.0975395
34 60 1118.93 1119.11 0.174597
3 61 686.247 688.549 2.30196
22 47 933.585 935.887 2.30196
27 50 1035.4 1035.49 0.0975399
35 60 473.544 475.846 2.30195
31 61 477.992 480.294 2.30195
22 47 477.799 480.101 2.30196
35 60 1045.25 1045.36 0.102658
0 58 1199.61 1199.71 0.0975384
19 57 957.033 957.135 0.102659
33 47 713.656 715.958 2.30195
15 53 482.121 484.423 2.30195
33 47 485.763 488.065 2.30195
13 53 481.076 483.378 2.30196
15 53 710.014 712.316 2.30195
19 57 482.819 485.121 2.30196
39 49 485.758 488.06 2.30195
19 57 710.713 713.015 2.30196
13 53 708.969 711.271 2.30196
39 49 941.545 943.846 2.30195
29 61 710.985 713.287 2.30196
13 53 936.862 937.191 0.328707
37 57 708.299 710.601 2.30196
13 53 969.404 969.589 0.184835
5 53 1095.89 1095.99 0.102658
15 53 937.907 940.209 2.30195
32 47 941.542 941.645 0.102658
12 53 925.538 927.84 2.30196
5 53 1125.89 1125.99 0.102658
4 58 1150.44 1152.75 2.30196
26 0 1160.64 0 -1160.64
28 61 1117.08 1117.18 0.0975369
9 53 1144.83 1145.16 0.328708
36 43 924.757 925.085 0.328704
35 60 1097.76 1097.86 0.0975384
6 53 1148.38 1148.48 0.0975394
8 58 1102.88 1102.98 0.0975385
27 50 926.97 927.298 0.328708
20 57 952.361 952.463 0.102659
38 40 938.135 938.237 0.102659
36 43 1093.18 1093.28 0.0975365
3 61 1142.03 1144.34 2.30196
12 53 1153.43 1155.73 2.30196
25 46 1151.67 1151.99 0.328708
31 61 1161.67 1163.97 2.30195
20 57 1132.36 1132.46 0.0975387
31 61 933.778 936.08 2.30195
29 61 938.878 941.18 2.30196
14 53 1089.96 1090.06 0.102657
5 53 945.892 945.989 0.0975383
5 53 1035.89 1035.99 0.102658
25 46 927.928 928.545 0.616452
20 57 933.934 934.036 0.102659
28 61 937.084 937.187 0.102657
34 60 953.045 953.374 0.328709
7 0 912.083 0 -912.083
18 53 912.989 913.317 0.328707
10 61 913.326 915.628 2.30196
16 58 913.673 913.776 0.102658
3 61 914.14 916.442 2.30196
30 0 915.43 0 -915.43
9 53 916.937 919.239 2.30196
28 61 918.657 918.76 0.102657
1 58 918.758 918.861 0.102658
11 53 919.152 921.454 2.30196
38 40 919.708 919.81 0.102659
6 53 919.957 920.06 0.102659
34 60 920.504 920.832 0.328709
14 53 921.531 921.86 0.328705
4 58 922.551 924.853 2.30196
10 58 1141.22 1143.52 2.30196
1 58 1117.18 1117.28 0.0975383
39 49 1201.98 1202.16 0.184834
35 60 1127.76 1127.86 0.102658
32 0 1109.97 0 -1109.97
21 47 928.359 928.462 0.10266
5 53 927.465 927.567 0.102658
26 50 932.744 935.046 2.30196
35 60 929.331 929.66 0.328706
23 57 926.826 926.929 0.102658
8 58 934.451 934.554 0.102659
2 58 935.593 937.895 2.30196
33 47 941.55 941.734 0.184835
19 57 938.606 938.708 0.102659
37 42 936.192 938.494 2.30195
6 53 938.384 938.487 0.102659
38 40 1088.13 1088.24 0.102659
6 53 1028.38 1028.48 0.0975394
0 58 941.183 941.368 0.184834
16 58 932.1 932.203 0.102658
16 58 1142.1 1142.2 0.097538
1 58 937.185 937.288 0.102658
18 53 945.53 945.715 0.184835
14 53 1004.91 1005.09 0.174593
14 53 954.073 954.401 0.328705
27 50 959.511 959.696 0.184836
21 47 976.786 976.889 0.10266
23 57 945.253 945.356 0.102658
36 43 957.298 957.483 0.184832
18 53 963.829 963.931 0.102659
32 47 989.969 990.072 0.102658
35 60 961.873 962.201 0.328706
16 58 962.1 962.198 0.097538
23 57 1125.25 1125.35 0.0975383
17 53 1161.57 1163.87 2.30195
25 46 988.957 989.285 0.328708
14 53 986.614 986.799 0.184833
38 40 968.135 968.232 0.0975388
6 53 968.384 968.487 0.102659
27 50 977.81 977.912 0.10266
28 61 967.084 967.182 0.0975369
1 58 967.185 967.283 0.0975383
33 47 1169.98 1170.07 0.097539
13 53 987.702 987.805 0.102659
33 47 989.977 990.079 0.102659
16 58 992.1 992.198 0.097538
5 53 975.892 975.994 0.102658
23 57 975.253 975.356 0.102658
36 43 975.597 975.699 0.102656
8 58 982.878 982.981 0.102659
35 60 994.414 994.743 0.328706
19 57 1077.03 1077.14 0.102659
34 60 1018.13 1018.46 0.328709
0 58 989.61 989.713 0.102658
20 57 982.361 982.463 0.102659
18 53 991.416 991.513 0.0975387
38 40 998.135 998.237 0.102659
27 50 1005.4 1005.49 0.0975399
19 57 987.033 987.135 0.102659
1 58 997.185 997.283 0.0975383
1 58 1027.18 1027.28 0.0975383
36 43 1003.18 1003.29 0.102656
6 53 998.384 998.487 0.102659
5 53 1005.89 1005.99 0.0975383
23 57 1005.25 1005.35 0.0975383
35 60 1026.96 1027.14 0.184834
13 53 1015.29 1015.39 0.102659
16 58 1022.1 1022.2 0.097538
28 61 997.084 997.182 0.0975369
25 46 1021.5 1021.83 0.328708
32 47 1019.97 1020.07 0.097538
20 57 1012.36 1012.46 0.102659
33 47 1019.98 1020.07 0.097539
38 40 1028.13 1028.24 0.102659
21 47 1006.79 1006.88 0.0975405
18 53 1021.42 1021.51 0.0975387
20 57 1042.36 1042.46 0.102659
19 57 1017.03 1017.14 0.102659
8 58 1012.88 1012.98 0.102659
33 47 1049.98 1050.07 0.097539
34 60 1050.67 1050.86 0.184837
36 43 1033.18 1033.29 0.102656
0 58 1019.61 1019.71 0.0975384
28 61 1027.08 1027.18 0.0975369
38 40 1058.13 1058.24 0.102659
14 53 1059.96 1060.06 0.102657
21 47 1036.79 1036.89 0.10266
8 58 1042.88 1042.98 0.0975385
32 0 1049.97 0 -1049.97
19 57 1047.03 1047.14 0.102659
0 58 1049.61 1049.71 0.102658
21 47 1096.79 1096.89 0.10266
13 53 1135.29 1135.39 0.102659
15 53 1165.8 1165.9 0.102658
21 47 1126.79 1126.89 0.10266
16 58 1112.1 1112.2 0.097538
8 58 1072.88 1072.98 0.0975385
23 57 1065.25 1065.35 0.0975383
18 53 1051.42 1051.52 0.102659
6 53 1058.38 1058.48 0.0975394
32 0 1199.97 0 -1199.97
36 43 1063.18 1063.28 0.0975365
27 50 1065.4 1065.49 0.0975399
34 60 1068.97 1069.14 0.174597
5 53 1065.89 1065.99 0.102658
25 46 1086.58 1086.91 0.328708
16 58 1052.1 1052.2 0.097538
38 40 1148.13 1148.23 0.0975388
0 58 1079.61 1079.71 0.102658
35 60 1067.76 1067.86 0.0975384
32 0 1079.97 0 -1079.97
28 61 1057.08 1057.18 0.0975369
16 58 1082.1 1082.2 0.097538
1 58 1057.18 1057.28 0.0975383
13 53 1075.29 1075.39 0.102659
18 53 1081.42 1081.52 0.102659
21 47 1066.79 1066.89 0.10266
33 47 1079.98 1080.07 0.097539
20 57 1072.36 1072.46 0.0975387
39 49 1169.44 1169.77 0.328706
29 61 1166.77 1167.1 0.328708
19 57 1137.03 1137.13 0.0975395
32 47 1139.97 1140.07 0.097538
18 53 1141.42 1141.52 0.102659
28 61 1147.08 1147.18 0.0975369
1 58 1147.18 1147.28 0.0975383
14 53 1149.96 1150.06 0.102657
18 53 1171.42 1171.52 0.102659
19 57 1167.03 1167.13 0.0975395
13 53 1165.29 1165.39 0.102659
35 60 1157.76 1157.86 0.102658
5 53 1155.89 1155.99 0.0975383
27 50 1155.4 1155.49 0.0975399
28 61 1177.08 1177.18 0.0975369
25 46 1184.21 1184.54 0.328708
33 57 1199.98 1200.07 0.0975426
23 57 1155.25 1155.35 0.0975383
21 47 1156.79 1156.88 0.0975405
6 53 1178.38 1178.48 0.0975394
8 58 1162.88 1162.98 0.0975385
0 58 1169.61 1169.71 0.0975384
11 53 1374.94 1377.24 2.30196
36 43 1153.18 1153.28 0.0975365
35 60 1187.76 1187.86 0.102658
32 47 1169.97 1170.07 0.097538
29 61 1199.31 1199.5 0.184836
34 60 1178.93 1179.11 0.174597
9 53 1177.37 1177.7 0.328708
3 53 1369.93 1372.23 2.30195
38 40 1178.13 1178.23 0.0975388
27 50 1185.4 1185.49 0.0975399
4 53 1378.34 1379.65 1.31482
8 58 1192.88 1192.98 0.0975385
23 57 1185.25 1185.35 0.0975383
10 53 1369.11 1369.22 0.102658
16 58 1172.1 1172.2 0.097538
20 57 1192.36 1192.46 0.0975387
12 53 1381.32 1381.43 0.10266
30 54 1371.22 1373.52 2.30196
1 58 1177.18 1177.28 0.0975383
14 53 1179.96 1180.06 0.102657
17 53 1389.47 1389.57 0.102658
15 53 1196.33 1196.44 0.102658
36 43 1183.18 1183.28 0.0975365
37 42 1225.11 1225.44 0.328707
2 53 1391.38 1391.56 0.184834
19 57 1197.03 1197.13 0.0975395
22 47 1194.02 1194.35 0.328708
21 47 1186.79 1186.89 0.10266
26 0 1388.53 0 -1388.53
24 0 1388.66 0 -1388.66
31 61 1389.56 1389.67 0.102659
5 53 1185.89 1185.99 0.0975383
