9 0 1.14449 0 -1.14449
18 63 1.45418 3.75614 2.30195
47 67 2.11513 4.41709 2.30196
19 62 2.47661 4.77856 2.30195
29 0 1374.56 0 -1374.56
24 62 2.41822 4.72018 2.30196
44 65 1179.79 1179.88 0.0975387
34 0 1.59634 0 -1.59634
35 0 919.322 0 -919.322
23 62 1174.97 1175.07 0.102658
4 63 1.6178 3.91975 2.30195
1 0 930.755 0 -930.755
59 64 1.89655 4.19851 2.30196
10 0 1381.51 0 -1381.51
52 65 921.375 923.677 2.30196
18 63 913.027 915.329 2.30195
31 0 2.8737 0 -2.8737
12 0 914.84 0 -914.84
14 63 936.805 937.133 0.328707
38 66 938.31 940.612 2.30195
37 0 2.91058 0 -2.91058
31 70 914.447 916.749 2.30196
44 65 1149.25 1149.35 0.102659
12 0 3.26717 0 -3.26717
16 0 1148.52 0 -1148.52
43 0 4.0999 0 -4.0999
58 0 4.47252 0 -4.47252
27 63 6.46127 8.76322 2.30195
25 70 6.31645 8.6184 2.30196
53 0 6.52796 0 -6.52796
36 62 1186.63 1186.73 0.0975393
28 0 6.6835 0 -6.6835
49 68 1030.18 1030.28 0.0975374
29 70 7.20116 9.50312 2.30196
30 0 7.64245 0 -7.64245
21 61 931.786 934.088 2.30196
53 61 918.101 920.403 2.30196
43 66 1371.46 1372.08 0.616456
37 67 1142.38 1144.68 2.30195
35 0 7.74888 0 -7.74888
27 63 936.461 936.559 0.0975367
2 63 7.79455 10.0965 2.30195
59 64 913.47 913.654 0.184839
53 61 1178.54 1178.72 0.184838
16 0 9.05326 0 -9.05326
8 63 10.0678 12.3698 2.30195
51 64 9.66307 11.965 2.30196
44 65 9.78583 12.0878 2.30195
52 65 9.80184 12.1038 2.30196
22 62 1377.84 1380.14 2.30196
0 62 928.582 930.884 2.30196
37 67 1370.27 1372.57 2.30195
58 0 916.046 0 -916.046
52 65 1377.16 1377.26 0.10266
49 68 10.1795 12.4815 2.30195
46 0 10.3671 0 -10.3671
22 63 10.4813 12.7832 2.30196
47 0 913.688 0 -913.688
46 66 1149.83 1152.14 2.30196
33 0 10.4925 0 -10.4925
48 63 939.711 940.328 0.616455
9 0 912.717 0 -912.717
27 63 918.034 918.137 0.102657
40 67 12.7608 15.0628 2.30195
54 70 12.7522 15.0542 2.30196
11 63 14.9686 17.2706 2.30196
20 63 13.3532 15.6552 2.30195
57 0 13.1814 0 -13.1814
33 62 1377.85 1380.15 2.30196
10 0 14.1551 0 -14.1551
3 0 13.981 0 -13.981
55 65 984.215 984.313 0.0975404
12 63 1370.63 1372.93 2.30196
29 63 918.774 921.076 2.30195
59 64 931.897 932.071 0.174599
41 67 15.7359 18.0378 2.30196
50 68 18.5898 20.8917 2.30195
36 62 16.6284 18.9303 2.30196
39 66 16.536 18.8379 2.30195
56 0 18.344 0 -18.344
0 0 17.0087 0 -17.0087
24 0 1141.88 0 -1141.88
25 69 1145.78 1148.08 2.30196
7 0 18.6979 0 -18.6979
57 67 924.754 927.056 2.30196
46 66 1377.73 1380.03 2.30196
16 0 920.626 0 -920.626
9 0 1368.5 0 -1368.5
19 62 1112.48 1112.57 0.0975366
17 0 19.3226 0 -19.3226
1 63 19.1819 21.4839 2.30196
48 63 711.818 714.12 2.30196
27 63 1146.46 1146.56 0.0975367
52 64 1149.27 1151.57 2.30196
13 63 19.9711 22.2731 2.30195
21 0 20.2127 0 -20.2127
45 66 20.2912 22.5932 2.30196
39 66 928.109 928.212 0.102657
18 63 1140.92 1143.22 2.30195
13 63 979.971 980.069 0.0975369
2 63 1147.26 1147.36 0.102658
15 0 20.4557 0 -20.4557
36 62 928.201 930.503 2.30196
54 70 924.325 926.627 2.30196
33 0 1149.96 0 -1149.96
5 63 20.6991 23.001 2.30195
32 0 20.7636 0 -20.7636
54 70 1152.22 1154.52 2.30196
23 62 25.3402 27.6422 2.30195
14 63 25.2316 27.5336 2.30196
55 65 24.2154 26.5173 2.30196
42 66 25.7689 28.0708 2.30195
34 62 913.169 915.471 2.30195
26 63 1169.51 1169.61 0.102658
26 63 29.5097 31.8117 2.30195
38 66 26.7372 29.0392 2.30195
47 70 1369.47 1371.78 2.30196
6 63 939.1 941.402 2.30196
6 63 27.5268 29.8287 2.30196
22 62 922.054 924.356 2.30196
4 63 913.191 913.293 0.102658
56 61 929.917 932.219 2.30196
48 67 28.1382 30.4402 2.30196
32 0 248.657 0 -248.657
2 63 919.368 921.67 2.30195
5 0 248.592 0 -248.592
21 0 248.106 0 -248.106
23 62 253.233 255.535 2.30195
8 63 465.854 468.156 2.30195
28 0 918.256 0 -918.256
25 62 1373.68 1375.98 2.30196
30 62 919.215 921.517 2.30196
45 66 248.184 250.486 2.30196
15 0 248.349 0 -248.349
55 65 252.109 254.411 2.30196
35 70 463.535 465.837 2.30196
44 65 921.359 923.661 2.30195
8 0 921.641 0 -921.641
51 64 921.236 921.339 0.102659
13 63 247.864 250.166 2.30195
30 0 463.429 0 -463.429
42 66 253.662 255.964 2.30195
48 63 256.031 258.333 2.30196
12 0 1142.73 0 -1142.73
57 67 468.968 471.27 2.30196
39 66 472.322 474.624 2.30195
17 0 247.216 0 -247.216
38 66 254.63 256.932 2.30195
49 68 465.966 468.268 2.30195
26 63 257.403 259.705 2.30195
49 68 1180.18 1180.28 0.0975374
1 63 247.075 249.377 2.30196
49 68 921.753 921.855 0.102657
6 0 255.42 0 -255.42
48 63 1191.93 1192.26 0.328711
19 62 1172.48 1172.57 0.0975366
50 68 978.59 978.692 0.102657
43 66 1143.57 1145.87 2.30196
46 0 921.94 0 -921.94
14 63 253.125 255.427 2.30196
17 0 930.896 0 -930.896
33 0 922.065 0 -922.065
9 0 229.038 0 -229.038
18 63 229.347 231.649 2.30195
34 0 229.49 0 -229.49
4 63 229.511 231.813 2.30195
59 64 229.79 232.092 2.30196
47 0 230.008 0 -230.008
24 0 230.311 0 -230.311
19 62 230.37 232.672 2.30195
31 0 230.767 0 -230.767
37 0 230.804 0 -230.804
12 0 231.16 0 -231.16
43 66 231.993 234.295 2.30196
58 63 232.366 234.668 2.30196
25 69 234.21 236.512 2.30196
27 63 234.355 236.656 2.30195
53 61 234.421 236.723 2.30196
28 63 234.577 236.879 2.30196
29 0 235.094 0 -235.094
30 0 235.536 0 -235.536
35 70 235.642 237.944 2.30196
2 0 235.688 0 -235.688
16 63 236.947 239.248 2.30196
51 64 237.556 239.858 2.30196
44 0 237.679 0 -237.679
52 0 237.695 0 -237.695
8 0 237.961 0 -237.961
49 68 238.073 240.375 2.30195
46 0 238.26 0 -238.26
22 0 238.375 0 -238.375
33 0 238.386 0 -238.386
54 70 240.645 242.947 2.30196
40 67 240.654 242.956 2.30195
57 67 241.075 243.377 2.30196
20 63 241.246 243.548 2.30195
3 0 241.874 0 -241.874
10 0 242.048 0 -242.048
11 63 242.862 245.164 2.30196
41 67 243.629 245.931 2.30196
39 66 244.429 246.731 2.30195
36 62 244.522 246.824 2.30196
0 63 244.902 247.204 2.30196
56 62 246.237 248.539 2.30196
50 68 246.483 248.785 2.30195
7 0 246.591 0 -246.591
27 63 1176.46 1176.56 0.0975367
24 0 913.991 0 -913.991
42 66 1165.77 1165.87 0.0975362
40 67 924.334 924.519 0.184835
59 64 1141.9 1141.99 0.0975433
24 70 1369.78 1372.08 2.30196
10 63 925.728 928.03 2.30196
55 65 935.788 935.973 0.184836
20 63 973.353 973.456 0.102659
5 63 932.272 934.574 2.30195
32 63 932.337 934.639 2.30196
59 64 1171.9 1171.99 0.0975433
43 64 915.673 917.975 2.30197
19 62 914.05 914.152 0.102657
31 0 1370.23 0 -1370.23
15 0 932.029 0 -932.029
54 70 1380.11 1382.41 2.30196
40 67 1182.76 1182.86 0.0975387
4 63 1171.62 1171.72 0.0975376
19 0 932.477 0 -932.477
40 67 1122.76 1122.86 0.102659
37 67 914.484 916.786 2.30195
42 66 937.342 937.445 0.102656
30 0 1375 0 -1375
50 68 930.163 930.265 0.102657
48 63 1126.85 1127.18 0.328711
2 63 1177.79 1177.89 0.0975375
58 0 1371.83 0 -1371.83
58 0 1143.94 0 -1143.94
25 69 917.889 920.191 2.30196
39 66 976.536 976.634 0.097537
51 64 465.45 467.752 2.30196
13 0 931.544 0 -931.544
23 62 936.913 939.215 2.30195
8 63 1377.43 1379.73 2.30195
51 64 969.663 969.761 0.0975393
45 66 931.864 934.166 2.30196
26 63 941.083 941.411 0.328706
7 70 930.271 932.573 2.30196
16 0 464.84 0 -464.84
11 63 470.755 473.057 2.30196
20 63 469.14 471.442 2.30195
3 0 469.767 0 -469.767
36 62 472.415 474.717 2.30196
56 0 474.13 0 -474.13
15 0 476.242 0 -476.242
45 66 476.078 478.38 2.30196
26 63 485.296 487.598 2.30195
38 67 482.524 484.826 2.30196
23 62 709.02 711.322 2.30195
51 64 1029.66 1029.76 0.0975393
21 0 475.999 0 -475.999
5 0 476.486 0 -476.486
14 63 481.018 483.32 2.30196
42 66 709.449 711.751 2.30195
22 62 466.268 468.57 2.30196
33 0 466.279 0 -466.279
38 66 710.417 712.719 2.30195
6 67 483.313 485.615 2.30197
2 63 463.581 465.883 2.30195
10 63 469.942 472.244 2.30196
50 68 474.376 476.678 2.30195
1 63 474.968 477.27 2.30196
13 63 475.758 478.06 2.30195
32 0 476.55 0 -476.55
14 62 708.911 711.213 2.30196
29 0 462.988 0 -462.988
44 66 465.572 467.874 2.30196
46 0 466.154 0 -466.154
26 63 713.189 715.491 2.30195
0 0 472.795 0 -472.795
17 0 475.109 0 -475.109
6 0 711.207 0 -711.207
20 63 924.926 925.029 0.102659
54 70 468.539 470.841 2.30196
52 64 465.588 467.89 2.30196
40 67 468.547 470.849 2.30195
41 67 471.522 473.824 2.30196
7 0 474.484 0 -474.484
55 65 480.002 482.304 2.30196
23 62 481.127 483.429 2.30195
42 66 481.555 483.857 2.30195
48 63 483.925 486.227 2.30196
9 0 456.931 0 -456.931
18 0 457.241 0 -457.241
34 62 457.383 459.685 2.30195
4 63 457.404 459.706 2.30195
59 64 457.683 459.985 2.30196
47 67 457.902 460.204 2.30196
24 0 458.205 0 -458.205
19 62 458.263 460.565 2.30195
31 63 458.66 460.962 2.30196
37 0 458.697 0 -458.697
12 0 459.054 0 -459.054
43 0 459.886 0 -459.886
58 63 460.259 462.561 2.30196
25 70 462.103 464.405 2.30196
27 63 462.248 464.55 2.30195
53 61 462.314 464.616 2.30196
28 70 462.47 464.772 2.30196
9 0 684.824 0 -684.824
18 0 685.134 0 -685.134
34 0 685.276 0 -685.276
4 63 685.298 687.599 2.30195
59 64 685.576 687.878 2.30196
47 0 685.795 0 -685.795
24 70 686.098 688.4 2.30196
19 62 686.156 688.458 2.30195
31 0 686.553 0 -686.553
37 0 686.59 0 -686.59
12 0 686.947 0 -686.947
43 66 687.78 690.082 2.30196
58 0 688.152 0 -688.152
25 69 689.996 692.298 2.30196
27 63 690.141 692.443 2.30195
53 61 690.208 692.51 2.30196
28 70 690.363 692.665 2.30196
29 0 690.881 0 -690.881
30 63 691.322 693.624 2.30195
35 0 691.429 0 -691.429
2 63 691.474 693.776 2.30195
16 0 692.733 0 -692.733
51 64 693.343 695.645 2.30196
44 65 693.466 695.768 2.30195
52 65 693.482 695.784 2.30196
8 0 693.748 0 -693.748
49 68 693.859 696.161 2.30195
46 65 694.047 696.349 2.30196
22 0 694.161 0 -694.161
33 0 694.172 0 -694.172
54 70 696.432 698.734 2.30196
40 67 696.441 698.743 2.30195
57 67 696.861 699.163 2.30196
20 63 697.033 699.335 2.30195
3 0 697.661 0 -697.661
10 0 697.835 0 -697.835
11 63 698.648 700.95 2.30196
41 0 699.416 0 -699.416
39 66 700.216 702.518 2.30195
36 69 700.308 702.61 2.30196
0 0 700.688 0 -700.688
56 0 702.024 0 -702.024
50 68 702.27 704.571 2.30195
7 70 702.378 704.68 2.30196
1 0 702.862 0 -702.862
17 0 703.002 0 -703.002
13 63 703.651 705.953 2.30195
21 0 703.892 0 -703.892
45 0 703.971 0 -703.971
15 0 704.135 0 -704.135
5 63 704.379 706.681 2.30195
32 0 704.443 0 -704.443
55 65 707.895 710.197 2.30196
4 63 1141.62 1141.72 0.0975376
49 68 940.18 940.282 0.102657
3 63 925.554 927.856 2.30196
57 67 1152.65 1152.83 0.184839
8 63 1149.53 1151.84 2.30195
26 63 1109.51 1109.61 0.102658
27 63 996.461 996.559 0.0975367
20 63 1123.35 1123.45 0.097539
14 63 1001.89 1002.22 0.328707
41 0 927.309 0 -927.309
11 63 926.542 928.844 2.30196
49 68 1120.18 1120.28 0.0975374
34 62 1368.96 1371.26 2.30195
11 63 1382.33 1384.63 2.30196
39 66 1186.54 1186.63 0.097537
40 67 972.761 972.863 0.102659
4 63 1111.62 1111.72 0.0975376
9 0 1140.61 0 -1140.61
22 0 1149.95 0 -1149.95
18 63 1368.81 1368.92 0.102659
4 0 931.618 0 -931.618
20 63 1153.35 1153.45 0.097539
39 66 946.536 946.639 0.102657
51 64 939.663 939.766 0.102659
49 68 970.18 970.277 0.0975374
50 68 948.59 948.692 0.102657
20 63 943.353 943.456 0.102659
40 67 942.761 942.935 0.174595
50 68 1158.59 1158.69 0.097537
26 63 973.624 973.953 0.328706
36 62 1166.26 1166.36 0.102659
55 65 954.215 954.318 0.10266
13 63 949.971 950.069 0.0975369
14 63 969.346 969.675 0.328707
59 64 961.897 961.999 0.102663
19 62 962.477 962.574 0.0975366
27 63 966.461 966.559 0.0975367
4 63 961.618 961.715 0.0975376
42 66 955.769 955.866 0.0975362
4 63 991.618 991.715 0.0975376
48 63 1000.74 1001.36 0.616455
26 63 1006.17 1006.35 0.184834
57 67 1183.18 1183.36 0.174599
19 62 1142.48 1142.57 0.0975366
51 64 999.663 999.761 0.0975393
19 62 992.477 992.574 0.0975366
59 64 991.897 991.994 0.0975433
16 63 1376.41 1378.71 2.30196
42 66 985.769 985.866 0.0975362
49 68 1000.18 1000.28 0.0975374
20 62 1003.35 1003.45 0.0975407
47 67 1141.58 1143.88 2.30196
55 65 1164.22 1164.31 0.0975404
40 67 1002.76 1002.86 0.102659
4 63 1021.62 1021.72 0.0975376
26 63 1024.46 1024.64 0.174594
14 63 1034.43 1034.76 0.328707
59 64 1021.9 1021.99 0.0975433
19 62 1022.48 1022.57 0.0975366
39 66 1006.54 1006.63 0.097537
27 63 1026.46 1026.56 0.0975367
13 63 1009.97 1010.07 0.0975369
50 68 1008.59 1008.69 0.102657
55 65 1014.22 1014.32 0.10266
20 63 1033.35 1033.45 0.097539
3 0 1381.34 0 -1381.34
42 66 1015.77 1015.87 0.0975362
51 64 1149.66 1149.76 0.0975393
13 63 1039.97 1040.07 0.0975369
40 67 1032.76 1032.86 0.102659
50 68 1038.59 1038.69 0.097537
55 65 1044.22 1044.32 0.10266
14 63 1066.97 1067.3 0.328707
39 66 1036.54 1036.63 0.097537
27 63 1086.46 1086.56 0.0975367
51 64 1059.66 1059.76 0.0975393
19 62 1052.48 1052.57 0.0975366
13 63 1069.97 1070.07 0.0975369
20 63 1093.35 1093.45 0.097539
27 63 1056.46 1056.56 0.0975367
48 63 1061.77 1062.1 0.328711
26 63 1049.51 1049.61 0.102658
40 67 1062.76 1062.86 0.102659
49 68 1060.18 1060.28 0.0975374
42 66 1045.77 1045.87 0.0975362
14 63 1165.23 1165.33 0.0975394
59 64 1051.9 1051.99 0.0975433
4 63 1051.62 1051.72 0.0975376
59 64 1111.9 1111.99 0.0975433
39 66 1066.54 1066.63 0.097537
50 68 1068.59 1068.69 0.097537
51 64 1119.66 1119.76 0.0975393
20 63 1063.35 1063.45 0.097539
14 63 1099.51 1099.7 0.184835
19 62 1082.48 1082.57 0.0975366
26 63 1079.51 1079.61 0.102658
55 65 1074.22 1074.32 0.10266
40 67 1152.76 1152.86 0.102659
48 63 1094.31 1094.64 0.328711
51 64 1089.66 1089.76 0.0975393
40 67 1092.76 1092.86 0.102659
42 66 1075.77 1075.87 0.0975362
49 0 1150.18 0 -1150.18
49 68 1090.18 1090.28 0.0975374
59 64 1081.9 1081.99 0.0975433
4 63 1081.62 1081.72 0.0975376
13 63 1099.97 1100.07 0.0975369
53 61 1145.99 1146.32 0.32871
34 62 1141.06 1143.36 2.30195
30 0 1147.11 0 -1147.11
42 66 1105.77 1105.87 0.0975362
35 0 1147.22 0 -1147.22
14 63 1117.81 1117.91 0.102659
27 63 1116.46 1116.56 0.0975367
31 0 1142.34 0 -1142.34
29 0 1146.67 0 -1146.67
51 64 1179.66 1179.76 0.0975393
55 65 1104.22 1104.31 0.0975404
50 68 1098.59 1098.69 0.097537
39 66 1156.54 1156.63 0.097537
28 62 1146.15 1148.45 2.30196
39 66 1096.54 1096.63 0.097537
3 63 1153.45 1155.75 2.30196
10 0 1153.62 0 -1153.62
21 62 1159.68 1161.98 2.30195
17 0 1158.79 0 -1158.79
11 63 1154.43 1156.74 2.30196
41 67 1155.2 1157.5 2.30196
39 66 1126.54 1126.63 0.097537
0 62 1156.47 1158.78 2.30196
5 0 1160.17 0 -1160.17
32 62 1160.23 1162.53 2.30195
26 63 1139.51 1139.61 0.102658
45 66 1159.76 1159.86 0.102659
15 0 1159.92 0 -1159.92
36 62 1156.09 1156.2 0.102659
41 66 1383.1 1385.4 2.30196
14 63 1135.23 1135.33 0.0975394
13 63 1129.97 1130.07 0.0975369
38 66 1166.2 1166.31 0.102659
44 65 1159.42 1159.52 0.102659
55 65 1134.22 1134.31 0.0975404
42 66 1135.77 1135.87 0.0975362
6 70 1166.99 1169.29 2.30196
7 0 1158.16 0 -1158.16
1 0 1158.65 0 -1158.65
50 68 1128.59 1128.69 0.097537
56 62 1157.81 1160.11 2.30196
28 0 1374.04 0 -1374.04
13 63 1159.97 1160.07 0.0975369
48 63 1159.39 1159.72 0.328711
23 62 1164.81 1164.91 0.102658
35 0 1375.11 0 -1375.11
20 63 1183.35 1183.45 0.097539
1 70 1386.54 1388.84 2.30196
13 63 1189.97 1190.07 0.0975369
0 70 1384.37 1386.67 2.30196
32 0 1388.12 0 -1388.12
17 70 1386.68 1388.98 2.30196
7 0 1386.06 0 -1386.06
5 63 1388.06 1390.36 2.30195
15 63 1387.82 1390.12 2.30196
26 63 1199.51 1199.61 0.0975378
42 66 1195.77 1195.87 0.0975362
50 68 1188.59 1188.69 0.097537
56 0 1385.7 0 -1385.7
21 0 1387.57 0 -1387.57
45 66 1190.29 1190.39 0.0975392
14 63 1195.23 1195.33 0.102659
48 63 1224.48 1224.81 0.328711
55 65 1194.22 1194.31 0.0975404
6 63 1394.89 1397.19 2.30196
38 66 1196.74 1196.83 0.0975387
23 62 1195.34 1195.44 0.102658
