16 20 0.671476 2.97344 2.30197
0 20 1.57772 3.87969 2.30197
3 0 1.97779 0 -1.97779
13 20 2.71075 5.01272 2.30196
5 20 2.79237 5.09434 2.30197
10 20 6.19668 8.49864 2.30196
14 20 6.58 8.88197 2.30197
18 20 9.08997 11.3919 2.30196
11 0 11.072 0 -11.072
9 20 13.2028 15.5048 2.30195
17 0 13.6969 0 -13.6969
6 0 13.7758 0 -13.7758
8 20 16.1251 18.4271 2.30196
12 0 16.7623 0 -16.7623
19 0 19.0219 0 -19.0219
1 0 20.026 0 -20.026
7 20 21.7463 24.0482 2.30197
4 20 25.2778 27.5798 2.30197
2 20 25.9743 28.2763 2.30197
15 20 27.348 29.65 2.30197
7 20 249.64 251.941 2.30197
4 0 708.958 0 -708.958
7 20 477.533 479.835 2.30197
1 0 247.919 0 -247.919
12 20 472.549 474.851 2.30196
15 20 711.028 713.33 2.30197
2 0 709.654 0 -709.654
1 0 475.812 0 -475.812
4 20 253.171 255.473 2.30197
9 20 468.989 471.291 2.30195
19 0 246.915 0 -246.915
2 20 253.868 256.17 2.30197
15 20 255.241 257.543 2.30197
18 20 464.876 467.178 2.30196
16 0 228.565 0 -228.565
0 0 229.471 0 -229.471
3 0 229.871 0 -229.871
13 20 230.604 232.906 2.30196
5 20 230.686 232.988 2.30197
10 20 234.09 236.392 2.30196
14 0 234.473 0 -234.473
18 20 236.983 239.285 2.30196
11 20 238.965 241.267 2.30197
9 20 241.096 243.398 2.30195
17 0 241.59 0 -241.59
6 20 241.669 243.971 2.30196
8 20 244.018 246.32 2.30196
12 20 244.656 246.958 2.30196
17 20 469.483 471.785 2.30196
15 20 483.135 485.437 2.30197
17 0 925.27 0 -925.27
6 20 469.562 471.864 2.30196
19 0 474.808 0 -474.808
2 0 937.547 0 -937.547
2 20 481.761 484.063 2.30197
1 0 931.599 0 -931.599
14 20 462.366 464.668 2.30197
7 20 933.319 935.621 2.30197
4 20 481.064 483.366 2.30197
19 0 930.595 0 -930.595
11 0 466.858 0 -466.858
8 20 471.912 474.214 2.30196
16 20 456.458 458.76 2.30197
0 0 457.364 0 -457.364
3 0 457.764 0 -457.764
13 0 458.497 0 -458.497
5 0 458.579 0 -458.579
10 20 461.983 464.285 2.30196
0 0 1368.94 0 -1368.94
15 20 938.921 940.236 1.31483
16 20 684.351 686.653 2.30197
0 0 685.257 0 -685.257
3 0 685.658 0 -685.658
13 20 686.39 688.692 2.30196
5 0 686.472 0 -686.472
10 20 689.876 692.178 2.30196
14 0 690.26 0 -690.26
18 0 692.77 0 -692.77
11 20 694.752 697.054 2.30197
9 20 696.883 699.185 2.30195
17 0 697.377 0 -697.377
6 20 697.456 699.757 2.30196
8 0 699.805 0 -699.805
12 0 700.442 0 -700.442
19 0 702.702 0 -702.702
1 0 703.706 0 -703.706
7 20 705.426 707.728 2.30197
8 20 1383.48 1385.79 2.30196
16 20 1270.3 1270.92 0.616461
3 0 1369.34 0 -1369.34
9 20 973.203 973.3 0.0975381
18 20 1376.45 1376.55 0.102662
6 0 925.349 0 -925.349
12 20 928.335 930.637 2.30196
12 0 1384.12 0 -1384.12
9 20 1003.2 1003.3 0.0975381
9 0 1153.2 0 -1153.2
9 20 943.203 943.3 0.0975381
9 20 924.776 924.878 0.102658
6 20 1381.14 1383.44 2.30196
9 20 1033.2 1033.3 0.0975381
15 20 1069.09 1070.4 1.31483
8 20 927.698 930 2.30196
4 0 936.851 0 -936.851
15 20 1199.25 1200.57 1.31483
16 20 912.244 914.546 2.30197
0 0 913.151 0 -913.151
3 0 913.551 0 -913.551
13 0 914.284 0 -914.284
5 0 914.365 0 -914.365
10 20 917.77 920.072 2.30196
14 20 918.153 920.455 2.30197
18 0 920.663 0 -920.663
11 0 922.645 0 -922.645
10 20 1206.69 1207.31 0.61646
9 20 1183.2 1183.3 0.0975381
9 20 1063.2 1063.3 0.0975381
2 20 1393.33 1395.64 2.30197
13 20 1370.07 1372.37 2.30196
11 0 1378.43 0 -1378.43
9 20 1093.2 1093.3 0.0975381
14 0 1373.94 0 -1373.94
4 20 1392.64 1393.95 1.31483
11 0 1150.54 0 -1150.54
3 0 1141.44 0 -1141.44
5 0 1142.26 0 -1142.26
0 0 1141.04 0 -1141.04
14 20 1146.05 1148.35 2.30197
13 0 1142.18 0 -1142.18
18 20 1148.56 1150.86 2.30196
10 20 1145.66 1146.28 0.61646
9 20 1123.2 1123.3 0.0975381
6 0 1153.24 0 -1153.24
17 0 1153.16 0 -1153.16
8 20 1155.59 1157.89 2.30196
16 20 1140.14 1141.45 1.31483
5 0 1370.15 0 -1370.15
19 20 1158.49 1160.79 2.30197
7 20 1161.21 1162.53 1.31483
12 0 1156.23 0 -1156.23
1 20 1159.49 1161.79 2.30197
7 20 1291.38 1292.69 1.31483
17 20 1381.06 1383.36 2.30196
19 20 1386.38 1388.68 2.30197
1 20 1387.39 1389.69 2.30197
4 20 1164.74 1167.05 2.30197
2 20 1165.44 1167.74 2.30197
