15 35 2.14457 4.44653 2.30195
16 31 3.99388 6.29583 2.30195
18 37 11.9145 14.2164 2.30195
4 24 13.7045 16.0064 2.30196
14 37 1161.51 1161.6 0.0975366
0 24 4.748 7.04996 2.30196
9 25 5.48947 7.79142 2.30195
7 28 6.41488 8.71683 2.30195
10 25 8.1331 10.4351 2.30195
2 28 16.1161 18.4181 2.30195
1 28 19.8689 22.1708 2.30196
3 29 18.3632 20.6652 2.30196
8 25 19.1424 21.4443 2.30196
11 25 20.434 22.7359 2.30196
12 34 19.6726 21.9745 2.30196
5 24 997.597 997.925 0.32871
9 25 965.489 965.587 0.0975375
0 24 994.748 994.846 0.0975406
12 34 979.673 979.775 0.102659
14 37 21.5055 23.8074 2.30195
13 34 23.3242 25.6262 2.30195
6 28 22.6836 24.9856 2.30195
5 24 24.9952 27.2972 2.30196
19 20 29.5679 31.8698 2.30196
17 37 26.0531 28.3551 2.30196
16 31 980.65 980.835 0.184835
14 37 249.399 251.701 2.30195
10 25 952.248 952.433 0.184835
3 28 948.363 948.538 0.174597
11 25 248.327 250.629 2.30196
14 37 951.505 951.608 0.102657
1 28 475.655 477.957 2.30196
15 35 230.038 232.34 2.30195
16 31 231.887 234.189 2.30195
0 24 232.641 234.943 2.30196
9 25 233.383 235.685 2.30195
7 28 234.308 236.61 2.30195
10 25 236.026 238.328 2.30195
18 37 239.808 242.11 2.30195
4 24 241.598 243.9 2.30196
2 28 244.009 246.311 2.30195
3 29 246.256 248.558 2.30196
8 0 247.036 0 -247.036
12 34 247.566 249.868 2.30196
1 28 247.762 250.064 2.30196
1 28 949.869 949.972 0.102659
19 20 1002.17 1002.79 0.616451
13 34 251.217 253.519 2.30195
6 28 250.577 252.879 2.30195
5 24 252.888 255.19 2.30196
17 37 253.946 256.248 2.30196
19 20 257.461 259.763 2.30196
16 31 998.949 999.123 0.174595
9 25 995.489 995.587 0.0975375
12 34 475.459 477.761 2.30196
2 28 471.903 474.205 2.30195
19 20 485.354 487.656 2.30196
18 37 467.701 470.003 2.30195
0 24 964.748 964.846 0.0975406
10 25 463.92 466.222 2.30195
12 34 949.673 949.775 0.102659
4 24 469.491 471.793 2.30196
14 37 477.292 479.594 2.30195
15 35 457.931 460.233 2.30195
16 31 459.78 462.082 2.30195
0 24 460.535 462.836 2.30196
9 25 461.276 463.578 2.30195
7 28 462.201 464.503 2.30195
18 37 974.328 974.43 0.102656
8 0 474.929 0 -474.929
3 29 474.15 476.452 2.30196
11 0 476.22 0 -476.22
9 25 1175.49 1175.59 0.0975375
6 28 478.47 480.772 2.30195
13 34 479.111 481.413 2.30195
5 24 480.782 483.084 2.30196
17 37 481.84 484.142 2.30196
3 28 978.363 978.538 0.174597
17 37 709.733 712.035 2.30196
18 37 956.029 956.214 0.184832
15 35 685.824 688.126 2.30195
16 31 687.674 689.976 2.30195
0 24 688.428 690.73 2.30196
9 25 689.169 691.471 2.30195
7 28 690.095 692.397 2.30195
10 36 691.813 694.115 2.30196
18 37 695.594 697.896 2.30195
4 24 697.384 699.686 2.30196
2 28 699.796 702.098 2.30195
3 29 702.043 704.345 2.30196
8 25 702.822 705.124 2.30196
12 34 703.352 705.654 2.30196
1 28 703.549 705.851 2.30196
11 25 704.114 706.416 2.30196
14 37 705.185 707.487 2.30195
6 24 706.363 708.665 2.30196
13 37 707.004 709.306 2.30196
5 24 708.675 710.977 2.30196
1 28 979.869 979.972 0.102659
1 28 931.442 931.545 0.102659
19 20 713.248 715.55 2.30196
5 24 1165 1165.1 0.102662
13 34 1193.32 1193.5 0.174594
19 20 941.141 941.757 0.616451
6 28 1192.68 1192.79 0.102657
7 28 996.415 996.512 0.0975386
7 28 966.415 966.518 0.102659
8 0 930.715 0 -930.715
10 25 998.133 998.236 0.102659
14 37 981.505 981.608 0.102657
4 24 986.306 986.922 0.616452
16 31 948.109 948.437 0.328707
3 28 929.936 930.121 0.184837
10 25 970.546 970.721 0.174595
1 28 1189.87 1189.97 0.0975393
15 35 1198.48 1198.81 0.328706
11 25 932.007 934.309 2.30196
9 20 935.489 935.592 0.102662
15 35 913.718 915.032 1.31482
16 31 915.567 915.896 0.328707
0 24 916.321 916.506 0.184837
9 25 917.062 917.247 0.184833
7 28 917.988 918.317 0.328707
10 25 919.706 920.035 0.328707
18 37 923.487 923.816 0.328704
4 24 925.277 925.894 0.616452
12 34 931.246 931.348 0.102659
15 35 1104.91 1105.53 0.61645
0 24 934.748 934.851 0.102661
6 28 934.257 936.559 2.30195
17 37 937.626 939.928 2.30196
7 28 950.53 950.632 0.102659
2 28 927.689 929.004 1.31482
14 37 933.078 933.181 0.102657
13 34 934.897 937.199 2.30195
5 24 936.568 937.185 0.616454
14 37 1071.51 1071.6 0.0975366
16 31 1023.99 1024.17 0.174595
5 24 1030.14 1030.47 0.32871
1 28 1009.87 1009.97 0.0975393
10 25 1028.13 1028.23 0.0975388
18 37 1001.91 1002.02 0.102656
0 24 1024.75 1024.85 0.0975406
14 37 1011.51 1011.6 0.0975366
12 34 1009.67 1009.77 0.0975392
15 35 1043.88 1044.5 0.61645
3 28 1008.36 1008.47 0.102661
19 20 1189.31 1189.49 0.184835
6 28 1172.31 1172.42 0.102657
9 25 1025.49 1025.59 0.0975375
7 28 1026.41 1026.52 0.102659
1 28 1039.87 1039.97 0.0975393
12 34 1039.67 1039.78 0.102659
2 28 1057.86 1058.47 0.61645
14 37 1041.51 1041.6 0.0975366
18 37 1031.91 1032.02 0.102656
4 24 1047.33 1047.95 0.616452
3 28 1038.36 1038.46 0.097541
5 24 1062.68 1062.86 0.184838
5 24 1080.98 1081.15 0.174598
0 24 1054.75 1054.85 0.0975406
7 28 1056.41 1056.52 0.102659
10 25 1058.13 1058.23 0.0975388
9 25 1085.49 1085.59 0.0975375
9 25 1055.49 1055.59 0.0975375
1 28 1069.87 1069.97 0.0975393
19 20 1063.2 1063.81 0.616451
16 31 1053.99 1054.1 0.102659
18 37 1061.91 1062.02 0.102656
10 25 1088.13 1088.23 0.0975388
12 34 1069.67 1069.78 0.102659
14 37 1101.51 1101.6 0.0975366
0 24 1084.75 1084.85 0.0975406
5 24 1105 1105.17 0.174598
19 20 1124.23 1124.55 0.328707
1 28 1099.87 1099.97 0.0975393
9 25 1115.49 1115.59 0.0975375
0 24 1114.75 1114.85 0.0975406
3 28 1068.36 1068.46 0.097541
7 28 1116.41 1116.51 0.0975386
12 34 1129.67 1129.77 0.0975392
7 28 1086.41 1086.52 0.102659
16 31 1083.99 1084.1 0.102659
11 25 1170.06 1170.17 0.102659
12 34 1099.67 1099.77 0.0975392
8 25 1158.61 1160.91 2.30196
7 28 1146.41 1146.51 0.0975386
3 28 1098.36 1098.46 0.097541
4 24 1108.36 1108.98 0.616452
18 37 1091.91 1092.02 0.102656
2 28 1118.88 1119.5 0.61645
0 24 1144.75 1144.85 0.0975406
14 37 1131.51 1131.6 0.0975366
1 28 1129.87 1129.97 0.0975393
10 25 1118.13 1118.23 0.0975388
3 28 1128.36 1128.46 0.097541
16 31 1113.99 1114.1 0.102659
11 25 1159.9 1160 0.102659
10 25 1148.13 1148.23 0.0975388
5 24 1135 1135.17 0.174598
13 34 1162.79 1162.98 0.184834
18 37 1121.91 1122.01 0.0975362
6 28 1162.15 1162.25 0.102657
12 34 1159.67 1159.77 0.0975392
17 37 1165.52 1166.14 0.616452
1 28 1159.87 1159.97 0.0975393
9 25 1145.49 1145.59 0.0975375
16 31 1173.99 1174.1 0.102659
12 34 1189.67 1189.77 0.0975392
16 31 1143.99 1144.1 0.102659
15 35 1165.94 1166.27 0.328706
19 20 1156.77 1157.1 0.328707
19 20 1207.61 1207.78 0.174595
4 24 1169.39 1170.01 0.616452
11 25 1190.43 1190.54 0.102659
0 24 1174.75 1174.85 0.0975406
2 28 1179.91 1180.24 0.328706
7 28 1176.41 1176.51 0.0975386
8 25 1386.5 1388.8 2.30196
18 37 1151.91 1152.01 0.0975362
3 28 1158.36 1158.46 0.097541
10 25 1178.13 1178.23 0.0975388
14 37 1191.51 1191.6 0.0975366
18 37 1181.91 1182.01 0.0975362
17 37 1226.55 1226.88 0.328708
3 28 1188.36 1188.46 0.097541
4 24 1230.42 1231.04 0.616452
2 28 1212.45 1212.78 0.328706
5 24 1195 1195.09 0.0975418
