4 0 5.32866 0 -5.32866
3 0 5.46079 0 -5.46079
15 26 10.8734 13.1754 2.30196
0 22 8.76156 11.0635 2.30195
9 24 6.26826 8.57022 2.30196
8 22 6.86178 9.16374 2.30196
12 0 7.44063 0 -7.44063
0 22 1088.76 1088.86 0.097538
16 0 7.93818 0 -7.93818
11 0 7.9966 0 -7.9966
3 0 1144.93 0 -1144.93
2 22 1127.87 1127.97 0.0975413
1 22 9.03123 11.3332 2.30195
6 22 10.4528 12.7548 2.30196
10 24 9.98027 12.2822 2.30196
19 24 16.5923 18.8942 2.30196
5 22 14.903 17.205 2.30196
1 22 1148.5 1150.8 2.30195
2 22 17.8699 20.1718 2.30196
17 23 17.7093 20.0113 2.30196
4 0 1144.79 0 -1144.79
7 0 18.8382 0 -18.8382
7 0 1158.3 0 -1158.3
13 23 19.4091 21.711 2.30196
5 22 1154.37 1156.67 2.30196
18 20 21.5397 23.8417 2.30196
14 0 20.1758 0 -20.1758
17 23 1067.71 1067.81 0.0975407
9 24 1145.73 1145.92 0.184837
2 22 1007.87 1007.97 0.0975413
0 22 968.762 968.859 0.097538
0 22 998.762 998.859 0.097538
2 22 1037.87 1037.97 0.102661
0 22 1028.76 1028.86 0.097538
4 22 233.222 235.524 2.30196
3 22 233.354 235.656 2.30196
9 24 234.162 236.463 2.30196
8 0 234.755 0 -234.755
12 0 235.334 0 -235.334
16 25 235.831 238.133 2.30196
11 0 235.89 0 -235.89
0 22 236.655 238.957 2.30195
1 22 236.924 239.226 2.30195
10 24 237.874 240.175 2.30196
6 22 238.346 240.648 2.30196
15 26 238.767 241.069 2.30196
5 22 242.796 245.098 2.30196
19 24 244.486 246.787 2.30196
17 23 245.603 247.905 2.30196
2 22 245.763 248.065 2.30196
7 22 246.731 249.033 2.30196
13 23 247.302 249.604 2.30196
14 22 248.069 250.371 2.30196
18 20 249.433 251.735 2.30196
17 23 977.709 977.807 0.0975407
13 23 1069.41 1069.51 0.0975408
18 20 1091.77 1092.09 0.328711
0 22 1058.76 1058.86 0.097538
2 22 1097.87 1097.97 0.0975413
13 23 1009.41 1009.58 0.174597
0 22 1118.76 1118.86 0.097538
8 22 1146.33 1148.63 2.30196
18 20 1189.39 1189.72 0.328711
2 22 977.87 977.973 0.102661
7 0 474.625 0 -474.625
13 23 475.196 477.498 2.30196
18 20 477.326 479.628 2.30196
17 23 473.496 475.798 2.30196
10 24 969.98 970.083 0.10266
19 24 472.379 474.681 2.30196
5 22 470.69 472.991 2.30196
14 0 475.962 0 -475.962
18 20 994.141 994.47 0.328711
2 22 473.656 475.958 2.30196
17 23 1037.71 1037.81 0.0975407
2 22 929.443 929.546 0.102661
4 22 461.115 463.417 2.30196
3 0 461.247 0 -461.247
9 24 462.055 464.357 2.30196
8 22 462.648 464.95 2.30196
12 23 463.227 465.529 2.30196
16 25 463.725 466.027 2.30196
11 23 463.783 466.085 2.30196
0 22 464.548 466.85 2.30195
1 22 464.818 467.12 2.30195
10 24 465.767 468.069 2.30196
6 22 466.239 468.541 2.30196
15 26 466.66 468.962 2.30196
10 24 1059.98 1060.08 0.0975397
3 26 1372.82 1375.12 2.30197
4 22 1372.69 1374.99 2.30196
6 0 1149.92 0 -1149.92
15 26 1150.34 1152.64 2.30196
2 22 1067.87 1067.97 0.102661
7 21 930.411 932.713 2.30197
17 23 1007.71 1007.81 0.0975407
2 22 1187.87 1187.97 0.0975413
4 0 689.008 0 -689.008
3 22 689.141 691.442 2.30196
9 24 689.948 692.25 2.30196
8 0 690.542 0 -690.542
12 23 691.12 693.422 2.30196
16 0 691.618 0 -691.618
11 23 691.676 693.978 2.30196
0 22 692.441 694.743 2.30195
1 22 692.711 695.013 2.30195
10 25 693.66 695.962 2.30196
6 0 694.133 0 -694.133
15 0 694.553 0 -694.553
5 22 698.583 700.885 2.30196
19 0 700.272 0 -700.272
17 23 701.389 703.691 2.30196
2 22 701.55 703.852 2.30196
7 22 702.518 704.82 2.30196
13 25 703.089 705.391 2.30196
14 0 703.856 0 -703.856
18 20 705.219 707.521 2.30196
13 23 979.409 979.584 0.174597
18 20 1156.85 1157.18 0.328711
13 23 1129.41 1129.51 0.0975408
13 23 1099.41 1099.51 0.0975408
10 24 1119.98 1120.08 0.0975397
10 24 1029.98 1030.08 0.0975397
11 23 1147.46 1149.76 2.30196
10 24 1089.98 1090.08 0.0975397
19 24 1156.06 1158.36 2.30196
12 23 1146.91 1149.21 2.30196
16 0 1147.4 0 -1147.4
17 23 1127.71 1127.81 0.0975407
17 23 1097.71 1097.81 0.0975407
18 20 1124.31 1124.64 0.328711
14 26 1159.64 1161.94 2.30196
2 22 1157.87 1157.97 0.0975413
14 26 1387.54 1389.84 2.30196
13 23 949.409 949.584 0.174597
2 22 947.87 947.973 0.102661
13 23 1039.41 1039.51 0.102661
13 23 930.982 931.167 0.184837
17 23 929.282 929.467 0.184837
10 24 939.98 940.083 0.10266
14 22 931.749 934.051 2.30196
18 20 933.113 933.729 0.616455
17 23 947.709 947.812 0.102661
0 22 938.762 938.864 0.102658
4 0 916.902 0 -916.902
3 22 917.034 919.336 2.30196
9 24 917.841 920.143 2.30196
8 0 918.435 0 -918.435
12 23 919.014 921.316 2.30196
16 0 919.511 0 -919.511
11 23 919.57 921.872 2.30196
0 22 920.335 920.437 0.102658
1 0 920.604 0 -920.604
10 25 921.553 921.656 0.102664
6 0 922.026 0 -922.026
15 26 922.446 924.748 2.30196
5 22 926.476 928.778 2.30196
19 24 928.165 930.467 2.30196
18 20 1059.22 1059.55 0.328711
10 24 999.98 1000.08 0.0975397
18 20 1026.68 1027.01 0.328711
10 24 1149.98 1150.08 0.0975397
16 24 1375.3 1377.6 2.30196
0 22 1148.76 1148.86 0.097538
17 23 1187.71 1187.81 0.0975407
9 24 1176.27 1176.44 0.174597
17 23 1157.71 1157.81 0.0975407
11 23 1375.36 1375.46 0.10266
0 22 1178.76 1178.86 0.097538
15 26 1378.23 1379.55 1.31483
6 21 1377.81 1380.11 2.30197
10 24 1179.98 1180.08 0.0975397
1 22 1376.39 1376.49 0.102658
12 23 1374.8 1374.9 0.102659
8 22 1374.22 1376.52 2.30196
13 23 1159.41 1159.51 0.0975408
5 22 1382.26 1383.58 1.31482
19 24 1383.95 1385.27 1.31483
7 0 1386.2 0 -1386.2
13 23 1189.41 1189.51 0.0975408
