37 56 0.172451 2.47441 2.30196
11 42 12.5657 14.8677 2.30195
10 41 12.5034 14.8054 2.30195
17 65 5.49433 7.79628 2.30196
30 55 7.49069 9.79264 2.30195
14 65 8.35763 10.6596 2.30195
4 41 6.95031 9.25226 2.30195
9 41 9.64158 11.9435 2.30195
1 41 4.06754 6.36949 2.30195
1 41 687.747 690.049 2.30195
37 56 683.852 686.154 2.30196
27 54 8.75271 11.0547 2.30195
7 0 9.63281 0 -9.63281
2 41 981.702 981.8 0.0975367
38 40 702.903 705.205 2.30195
27 54 1088.75 1088.85 0.0975385
19 66 1009.7 1009.8 0.102658
11 42 696.245 698.547 2.30195
3 0 702.871 0 -702.871
4 42 690.63 692.932 2.30196
0 41 10.1626 12.4645 2.30195
23 45 12.8815 15.1834 2.30195
36 62 10.1164 12.4183 2.30195
2 41 1011.7 1011.8 0.102657
3 48 930.764 933.066 2.30196
12 65 13.7434 16.0453 2.30196
31 55 14.1735 16.4755 2.30195
13 66 15.022 17.3239 2.30195
21 44 13.0436 15.3456 2.30195
28 54 14.2938 16.5958 2.30196
16 65 16.4119 18.7138 2.30195
24 45 15.4595 17.7615 2.30195
36 62 1000.12 1000.22 0.102657
19 66 1099.7 1099.8 0.0975384
36 62 693.796 696.098 2.30195
33 52 701.805 704.107 2.30195
31 55 1004.17 1004.27 0.0975388
36 62 1090.12 1090.21 0.0975369
26 45 16.0687 18.3707 2.30195
39 42 16.3555 18.6574 2.30195
15 67 702.616 704.918 2.30196
39 48 700.035 702.337 2.30196
25 45 989.716 989.819 0.102658
11 42 1002.57 1002.66 0.0975378
29 54 17.4761 19.778 2.30196
22 44 16.4841 18.7861 2.30196
26 0 699.748 0 -699.748
8 41 16.926 19.228 2.30195
14 65 1178.36 1178.46 0.0975366
27 54 998.753 998.85 0.0975385
3 48 19.1909 21.4928 2.30196
33 52 18.1257 20.4277 2.30195
38 40 19.2229 21.5248 2.30195
15 65 18.9366 21.2386 2.30195
22 44 946.484 946.587 0.10266
23 45 696.561 698.863 2.30195
19 66 19.6997 22.0017 2.30195
6 42 20.2519 22.5538 2.30195
5 42 22.6547 24.9567 2.30195
35 50 25.9541 28.2561 2.30195
2 41 21.7023 24.0042 2.30195
20 65 25.4362 27.7381 2.30195
34 51 27.6552 29.9572 2.30196
18 65 27.0088 29.3107 2.30196
7 41 693.313 695.615 2.30195
20 65 1165.44 1165.54 0.102658
21 44 1003.04 1003.14 0.0975377
13 66 1095.02 1095.12 0.0975384
22 44 1006.48 1006.59 0.10266
19 66 247.593 249.895 2.30195
32 52 29.2102 31.5121 2.30195
29 54 701.156 703.458 2.30196
25 45 29.7159 32.0179 2.30195
35 50 253.847 256.149 2.30195
23 45 468.668 470.97 2.30195
38 40 247.116 249.418 2.30195
18 65 989.422 989.524 0.102659
17 65 689.174 691.476 2.30196
25 45 257.609 259.911 2.30195
3 42 247.084 249.386 2.30196
16 65 1006.41 1006.51 0.0975387
36 62 465.903 468.205 2.30195
15 65 246.83 249.132 2.30195
30 55 1016.69 1016.87 0.184835
33 52 246.019 248.321 2.30195
27 54 1028.75 1028.85 0.0975385
37 56 228.066 230.368 2.30196
1 41 231.961 234.263 2.30195
17 65 233.388 235.69 2.30196
4 41 234.844 237.146 2.30195
30 55 235.384 237.686 2.30195
14 65 236.251 238.553 2.30195
27 54 236.646 238.948 2.30195
7 0 237.526 0 -237.526
9 41 237.535 239.837 2.30195
36 62 238.01 240.312 2.30195
0 41 238.056 240.358 2.30195
10 41 240.397 242.699 2.30195
11 42 240.459 242.761 2.30195
23 45 240.775 243.077 2.30195
21 44 240.937 243.239 2.30195
12 65 241.637 243.939 2.30196
31 55 242.067 244.369 2.30195
28 54 242.187 244.489 2.30196
13 66 242.915 245.217 2.30195
24 45 243.353 245.655 2.30195
26 45 243.962 246.264 2.30195
39 42 244.249 246.551 2.30195
16 65 244.305 246.607 2.30195
22 44 244.377 246.679 2.30196
8 41 244.819 247.121 2.30195
29 54 245.369 247.671 2.30196
14 65 998.358 998.455 0.0975366
35 50 1165.95 1166.05 0.0975388
6 42 248.145 250.447 2.30195
2 41 249.596 251.897 2.30195
5 42 250.548 252.85 2.30195
20 65 253.329 255.631 2.30195
8 40 700.606 702.908 2.30196
22 50 700.164 702.466 2.30196
34 51 255.548 257.85 2.30196
33 52 1098.13 1098.22 0.0975373
18 65 254.902 257.204 2.30196
32 52 257.103 259.405 2.30195
0 41 1000.16 1000.26 0.0975379
34 50 711.335 713.637 2.30195
17 65 1039.12 1039.45 0.328707
20 65 1015.44 1015.54 0.102658
14 64 692.037 694.339 2.30196
31 55 1094.17 1094.27 0.0975388
9 41 693.321 695.623 2.30195
18 65 1017.01 1017.11 0.0975392
37 56 1192.46 1192.78 0.328707
0 41 1060.16 1060.26 0.0975379
21 44 696.723 699.025 2.30195
24 0 699.139 0 -699.139
25 45 713.396 715.698 2.30195
37 56 1094.83 1095.16 0.328707
5 42 1162.65 1162.76 0.102658
30 55 691.17 693.472 2.30195
32 52 1001.81 1002.14 0.328707
31 55 697.853 700.155 2.30195
10 41 696.183 698.485 2.30195
0 41 693.842 696.144 2.30195
6 42 476.038 478.34 2.30195
37 56 455.959 458.261 2.30196
1 41 459.854 462.156 2.30195
17 65 461.281 463.583 2.30196
27 54 692.432 694.734 2.30195
5 42 706.334 708.636 2.30195
26 45 471.855 474.157 2.30195
5 42 478.441 480.743 2.30195
20 65 481.223 483.525 2.30195
16 65 472.198 474.5 2.30195
35 50 481.741 484.043 2.30195
32 52 484.997 487.299 2.30195
18 65 482.795 485.097 2.30196
30 55 463.277 465.579 2.30195
4 41 462.737 465.039 2.30195
39 42 472.142 474.444 2.30195
29 54 1007.48 1007.58 0.102659
10 41 1002.5 1002.6 0.0975367
32 52 712.89 715.192 2.30195
15 65 474.723 477.025 2.30195
2 41 477.489 479.791 2.30195
0 41 465.949 468.251 2.30195
7 41 465.419 467.721 2.30195
9 41 465.428 467.73 2.30195
28 54 470.08 472.382 2.30196
22 44 472.271 474.573 2.30196
13 66 698.702 701.004 2.30195
27 54 464.539 466.841 2.30195
14 65 464.144 466.446 2.30195
31 55 469.96 472.262 2.30195
10 41 468.29 470.592 2.30195
29 54 473.263 475.565 2.30196
12 65 469.53 471.832 2.30196
13 66 470.808 473.11 2.30195
11 42 468.352 470.654 2.30195
21 44 468.83 471.132 2.30195
24 45 471.246 473.548 2.30195
2 41 705.382 707.684 2.30195
18 65 1167.01 1167.11 0.0975392
28 54 697.974 700.276 2.30196
6 42 703.932 706.234 2.30195
8 41 472.713 475.014 2.30195
16 64 700.092 702.394 2.30196
19 66 703.379 705.681 2.30195
34 50 483.442 485.744 2.30195
33 52 473.912 476.214 2.30195
33 52 1008.13 1008.22 0.0975373
3 42 474.977 477.279 2.30196
38 40 475.009 477.311 2.30195
19 66 475.486 477.788 2.30195
25 45 1079.72 1079.82 0.102658
12 65 697.423 699.725 2.30196
10 41 1092.5 1092.6 0.0975367
29 54 947.476 947.579 0.102659
25 45 485.502 487.804 2.30195
18 65 710.689 712.99 2.30196
6 43 931.825 934.127 2.30196
35 50 709.634 711.936 2.30195
20 65 709.116 711.418 2.30195
34 50 939.228 941.53 2.30195
12 65 1003.74 1003.85 0.10266
26 0 927.642 0 -927.642
29 54 1097.48 1097.57 0.0975391
13 66 1005.02 1005.12 0.102658
35 50 1015.95 1016.13 0.174595
38 40 1009.22 1009.32 0.097538
15 65 1098.94 1099.04 0.102659
35 50 985.954 986.129 0.174595
0 41 1090.16 1090.26 0.0975379
5 42 995.256 995.873 0.61645
18 65 938.582 938.91 0.328707
12 65 1093.74 1093.85 0.10266
31 55 944.174 944.276 0.102659
20 65 937.009 937.338 0.328706
37 56 911.745 912.362 0.616451
1 41 915.641 916.257 0.61645
17 65 917.067 917.684 0.616451
4 41 918.523 920.825 2.30195
30 55 919.064 919.392 0.328707
14 65 919.931 920.115 0.184833
27 54 920.326 920.428 0.102659
7 0 921.206 0 -921.206
9 47 921.215 923.517 2.30196
36 62 921.689 921.792 0.102657
0 42 921.736 921.838 0.10266
33 52 929.699 929.801 0.102657
8 41 928.499 930.801 2.30195
21 44 924.617 924.719 0.102658
23 45 924.454 926.756 2.30195
11 42 924.139 924.241 0.102658
10 41 924.076 924.179 0.102657
22 44 928.057 928.16 0.10266
11 42 942.566 942.668 0.102658
16 65 927.985 928.088 0.102659
35 50 937.527 937.712 0.184835
39 42 927.928 930.23 2.30195
25 45 941.289 941.618 0.328706
19 66 931.273 931.375 0.102658
22 44 976.484 976.587 0.10266
29 54 929.049 929.152 0.102659
2 42 933.275 933.378 0.102662
31 55 925.747 925.931 0.184835
38 40 930.796 930.899 0.102658
30 55 951.605 951.934 0.328707
5 42 934.228 934.844 0.61645
15 65 930.51 930.612 0.102659
13 66 926.595 926.698 0.102658
12 65 925.316 925.419 0.10266
24 44 927.033 929.334 2.30196
28 54 925.867 928.169 2.30196
32 52 940.783 941.4 0.616451
19 65 979.7 979.797 0.0975407
15 65 978.937 979.034 0.0975387
12 65 943.743 943.846 0.10266
16 65 946.412 946.515 0.102659
36 62 940.116 940.219 0.102657
0 41 940.163 940.265 0.102658
38 40 979.223 979.32 0.097538
13 66 945.022 945.125 0.102658
10 41 942.503 942.606 0.102657
33 52 948.126 948.228 0.102657
14 64 938.358 938.46 0.102661
27 54 938.753 938.85 0.0975385
21 44 943.044 943.146 0.102658
38 40 1099.22 1099.32 0.097538
38 40 949.223 949.326 0.102658
20 65 987.849 988.024 0.174594
15 66 948.937 949.039 0.102662
19 66 949.7 949.802 0.102658
21 44 1093.04 1093.14 0.0975377
18 65 1107.01 1107.11 0.102659
30 55 984.147 984.476 0.328707
27 54 968.753 968.85 0.0975385
17 65 978.096 978.712 0.616451
37 56 972.774 973.39 0.616451
25 45 973.831 973.933 0.102658
2 41 951.702 951.8 0.0975367
36 62 970.116 970.219 0.102657
18 65 971.123 971.308 0.184835
14 65 968.358 968.455 0.0975366
31 55 974.174 974.271 0.0975388
21 44 973.044 973.141 0.0975377
12 65 973.743 973.841 0.09754
1 41 976.669 977.285 0.61645
20 65 969.551 969.736 0.184834
35 50 955.954 956.129 0.174595
10 41 972.503 972.601 0.0975367
0 41 970.163 970.26 0.0975379
11 42 972.566 972.663 0.0975378
29 54 977.476 977.579 0.102659
33 52 978.126 978.223 0.0975373
16 65 976.412 976.515 0.102659
15 65 1008.94 1009.03 0.0975387
11 42 1062.57 1062.66 0.0975378
13 66 975.022 975.125 0.102658
11 42 1032.57 1032.66 0.0975378
30 55 1034.99 1035.16 0.174595
12 65 1033.74 1033.85 0.10266
31 55 1034.17 1034.27 0.0975388
25 45 1019.72 1019.82 0.102658
32 52 1034.35 1034.68 0.328707
21 44 1033.04 1033.14 0.0975377
10 41 1032.5 1032.6 0.0975367
14 65 1028.36 1028.46 0.102657
1 41 1037.7 1038.03 0.328706
36 62 1030.12 1030.22 0.102657
0 41 1030.16 1030.26 0.0975379
36 62 1150.12 1150.21 0.0975369
37 56 1033.8 1034.42 0.616451
25 45 1169.72 1169.81 0.0975379
11 42 1092.57 1092.66 0.0975378
2 41 1161.7 1161.8 0.0975367
32 52 1099.44 1099.62 0.184835
13 66 1035.02 1035.12 0.0975384
20 65 1045.44 1045.53 0.0975383
29 54 1037.48 1037.57 0.0975391
14 65 1058.36 1058.46 0.102657
33 52 1038.13 1038.22 0.0975373
22 44 1036.48 1036.58 0.0975399
15 65 1038.94 1039.03 0.0975387
19 66 1039.7 1039.8 0.102658
30 55 1057.49 1057.67 0.174595
5 42 1056.28 1056.61 0.328706
35 50 1045.95 1046.06 0.102659
1 41 1070.24 1070.42 0.184834
18 65 1047.01 1047.11 0.0975392
12 65 1063.74 1063.85 0.10266
16 65 1036.41 1036.51 0.0975387
2 41 1041.7 1041.8 0.0975367
14 65 1148.36 1148.46 0.0975366
19 66 1069.7 1069.8 0.102658
29 54 1127.48 1127.57 0.0975391
17 65 1071.67 1071.85 0.184835
29 54 1067.48 1067.57 0.0975391
21 44 1063.04 1063.14 0.0975377
38 40 1039.22 1039.32 0.097538
31 55 1064.17 1064.27 0.0975388
25 45 1049.72 1049.82 0.102658
1 41 1088.54 1088.71 0.174594
32 52 1066.89 1067.22 0.328707
10 41 1062.5 1062.6 0.0975367
13 66 1065.02 1065.12 0.0975384
38 40 1069.22 1069.32 0.097538
30 55 1087.49 1087.67 0.174595
33 52 1068.13 1068.22 0.0975373
13 66 1155.02 1155.12 0.0975384
36 62 1060.12 1060.22 0.102657
14 65 1088.36 1088.46 0.102657
15 65 1068.94 1069.03 0.0975387
18 65 1077.01 1077.11 0.102659
5 42 1088.83 1089.15 0.328706
22 44 1066.48 1066.58 0.0975399
16 65 1066.41 1066.51 0.0975387
27 54 1058.75 1058.85 0.0975385
17 65 1089.96 1090.14 0.174595
35 50 1075.95 1076.05 0.0975388
2 41 1071.7 1071.8 0.102657
20 65 1075.44 1075.53 0.0975383
20 65 1105.44 1105.53 0.0975383
35 50 1105.95 1106.05 0.0975388
21 44 1123.04 1123.14 0.0975377
25 45 1139.72 1139.81 0.0975379
14 65 1118.36 1118.46 0.102657
1 41 1114.07 1114.17 0.102658
31 55 1124.17 1124.27 0.0975388
2 41 1101.7 1101.8 0.102657
8 41 1156.39 1158.69 2.30195
33 52 1128.13 1128.22 0.0975373
5 42 1121.37 1121.55 0.184834
16 65 1096.41 1096.51 0.0975387
37 56 1127.37 1127.7 0.328707
22 44 1096.48 1096.59 0.10266
25 45 1109.72 1109.82 0.102658
32 52 1117.73 1117.91 0.174595
23 45 1152.35 1154.65 2.30195
10 41 1122.5 1122.6 0.0975367
20 65 1135.44 1135.54 0.102658
22 44 1126.48 1126.59 0.10266
12 65 1123.74 1123.84 0.09754
7 42 1149.1 1151.4 2.30196
28 54 1172.06 1172.16 0.10266
28 54 1153.76 1153.94 0.184836
30 55 1117.49 1117.67 0.174595
17 65 1115.49 1115.6 0.102659
13 66 1125.02 1125.12 0.0975384
36 62 1120.12 1120.21 0.0975369
4 41 1146.42 1146.75 0.328707
12 65 1153.74 1153.84 0.09754
19 66 1129.7 1129.8 0.102658
5 42 1139.67 1139.84 0.174594
0 41 1120.16 1120.26 0.0975379
9 41 1149.11 1149.29 0.184835
39 42 1155.82 1156.01 0.184833
6 42 1159.72 1159.82 0.102658
34 50 1167.12 1167.45 0.328707
35 50 1135.95 1136.05 0.0975388
38 40 1129.22 1129.32 0.097538
11 42 1122.57 1122.66 0.0975378
27 54 1118.75 1118.85 0.0975385
19 66 1159.7 1159.8 0.0975384
37 56 1159.91 1160.24 0.328707
21 44 1153.04 1153.14 0.0975377
26 51 1155.53 1157.84 2.30196
16 65 1126.41 1126.51 0.0975387
24 45 1154.93 1155.03 0.102658
38 40 1159.22 1159.32 0.097538
2 41 1131.7 1131.8 0.0975367
22 44 1156.48 1156.58 0.0975399
18 65 1137.01 1137.11 0.0975392
9 41 1167.41 1167.51 0.102659
32 52 1139.21 1139.38 0.174595
10 41 1152.5 1152.6 0.0975367
11 42 1152.57 1152.66 0.0975378
1 41 1144.07 1144.17 0.0975377
3 42 1158.66 1158.76 0.10266
15 65 1128.94 1129.04 0.102659
31 55 1154.17 1154.27 0.0975388
17 65 1145.49 1145.59 0.0975394
30 55 1147.49 1147.67 0.174595
0 41 1150.16 1150.26 0.0975379
33 52 1158.13 1158.22 0.0975373
29 54 1157.48 1157.57 0.0975391
15 65 1158.94 1159.03 0.0975387
6 42 1169.88 1169.98 0.102658
16 65 1156.41 1156.51 0.0975387
27 54 1148.75 1148.85 0.0975385
7 41 1376.99 1379.29 2.30195
32 52 1169.21 1169.31 0.102659
1 41 1174.07 1174.17 0.102658
31 55 1184.17 1184.27 0.0975388
19 66 1189.7 1189.8 0.0975384
9 41 1179.64 1179.74 0.0975388
11 42 1182.57 1182.66 0.0975378
23 45 1380.24 1380.34 0.102657
17 65 1175.49 1175.59 0.0975394
35 50 1195.95 1196.05 0.0975388
30 55 1177.49 1177.67 0.174595
4 41 1178.96 1179.14 0.184835
21 44 1183.04 1183.14 0.0975377
10 41 1182.5 1182.6 0.0975367
28 54 1184.29 1184.39 0.0975396
12 65 1183.74 1183.84 0.09754
15 65 1188.94 1189.03 0.0975387
2 41 1191.7 1191.8 0.0975367
0 41 1180.16 1180.26 0.0975379
8 41 1384.29 1384.47 0.184834
29 54 1187.48 1187.57 0.0975391
36 62 1180.12 1180.21 0.0975369
27 54 1178.75 1178.85 0.0975385
38 40 1189.22 1189.32 0.097538
13 66 1185.02 1185.12 0.0975384
5 42 1192.65 1192.75 0.0975376
39 42 1186.36 1186.53 0.174593
16 65 1186.41 1186.51 0.0975387
24 45 1185.46 1185.56 0.0975383
33 52 1188.13 1188.22 0.0975373
3 42 1189.19 1189.29 0.0975396
6 42 1190.25 1190.35 0.102658
32 52 1199.21 1199.31 0.0975389
22 50 1186.48 1186.58 0.0975401
26 45 1383.43 1383.53 0.102657
20 65 1195.44 1195.54 0.102658
18 65 1197.01 1197.11 0.0975392
34 50 1199.66 1199.99 0.328707
25 45 1199.72 1199.81 0.0975379
